0	0.9148737673843919	0.9714282844756825	0.8888888888888888	0.9629629629629629	0.1111111111111111	0.	0.	0.037037037037037035
1	0.2778263920540007	0.2408376642843654	0.2222222222222222	0.2222222222222222	0.1111111111111111	0.	0.	0.037037037037037035
2	0.6168876774781694	0.5893920752343071	0.5555555555555556	0.5555555555555556	0.1111111111111111	0.	0.	0.037037037037037035
3	0.08118325323436022	0.8691918261796766	0.07407407407407407	0.7777777777777778	0.037037037037037035	0.	0.	0.1111111111111111
4	0.4227778610507785	0.13723117691554682	0.3333333333333333	0.1111111111111111	0.1111111111111111	0.	0.	0.037037037037037035
5	0.7249590293781976	0.4782218078989279	0.6666666666666666	0.4444444444444444	0.1111111111111111	0.	0.	0.037037037037037035
6	0.499049716839662	0.7492631010540076	0.4444444444444444	0.7407407407407407	0.1111111111111111	0.	0.	0.037037037037037035
7	0.7820018754867661	0.060871451914012394	0.7777777777777778	0.	0.037037037037037035	0.	0.	0.1111111111111111
8	0.1898973761641536	0.4211491827767875	0.1111111111111111	0.4074074074074074	0.1111111111111111	0.	0.	0.037037037037037035
9	0.3132343455726043	0.6929109136507233	0.2222222222222222	0.6666666666666666	0.1111111111111111	0.	0.	0.037037037037037035
10	0.6623946313794469	0.10636460857563651	0.6296296296296297	0.	0.037037037037037035	0.	0.	0.1111111111111111
11	0.9592749064268857	0.36709232226486604	0.9259259259259259	0.3333333333333333	0.037037037037037035	0.	0.	0.1111111111111111
12	0.3412207960603413	0.9142084007505001	0.3333333333333333	0.8888888888888888	0.037037037037037035	0.	0.	0.1111111111111111
13	0.7420043849737299	0.2668555594470207	0.6666666666666666	0.25925925925925924	0.1111111111111111	0.	0.	0.037037037037037035
14	0.009032187935384768	0.598453667912919	0.	0.5555555555555556	0.037037037037037035	0.	0.	0.1111111111111111
15	0.8229222813940197	0.7994535329458703	0.7777777777777778	0.7777777777777778	0.1111111111111111	0.	0.	0.037037037037037035
16	0.13878434808335602	0.1528407987735517	0.1111111111111111	0.14814814814814814	0.1111111111111111	0.	0.	0.037037037037037035
17	0.5255707113621448	0.5066146428478302	0.4444444444444444	0.48148148148148145	0.1111111111111111	0.	0.	0.037037037037037035
18	0.5662664561174857	0.8166003252691506	0.5555555555555556	0.8148148148148148	0.1111111111111111	0.	0.	0.037037037037037035
19	0.9883556330616957	0.21803118850192424	0.9629629629629629	0.1111111111111111	0.037037037037037035	0.	0.	0.1111111111111111
20	0.2580694977131165	0.5437650450817192	0.2222222222222222	0.5185185185185185	0.1111111111111111	0.	0.	0.037037037037037035
21	0.6778600094465664	0.7065687535178349	0.6666666666666666	0.7037037037037037	0.1111111111111111	0.	0.	0.037037037037037035
22	0.04636643864577162	0.011012599456676302	0.	0.	0.1111111111111111	0.	0.	0.037037037037037035
23	0.3874412193689288	0.39029447837661135	0.3333333333333333	0.37037037037037035	0.1111111111111111	0.	0.	0.037037037037037035
24	0.166166378636383	0.948047160028579	0.14814814814814814	0.8888888888888888	0.037037037037037035	0.	0.	0.1111111111111111
25	0.47699065377343364	0.3043469856339995	0.4444444444444444	0.2962962962962963	0.1111111111111111	0.	0.	0.037037037037037035
26	0.8866811748134811	0.6392974069061175	0.7777777777777778	0.6296296296296297	0.1111111111111111	0.	0.	0.037037037037037035
27	0.11681907200318462	0.649485817462793	0.1111111111111111	0.6296296296296297	0.1111111111111111	0.	0.	0.037037037037037035
28	0.5384946845183503	0.9614402496576961	0.4444444444444444	0.9259259259259259	0.1111111111111111	0.	0.	0.037037037037037035
29	0.8371507837315234	0.3148289712679599	0.8148148148148148	0.2222222222222222	0.037037037037037035	0.	0.	0.1111111111111111
30	0.6337796011609496	0.5298577295086391	0.6296296296296297	0.4444444444444444	0.037037037037037035	0.	0.	0.1111111111111111
31	0.9375541407327754	0.8303362792289836	0.9259259259259259	0.7777777777777778	0.037037037037037035	0.	0.	0.1111111111111111
32	0.3310546352303704	0.1928210978020835	0.2962962962962963	0.1111111111111111	0.037037037037037035	0.	0.	0.1111111111111111
33	0.7638775019287464	0.39793708053817817	0.7407407407407407	0.3333333333333333	0.037037037037037035	0.	0.	0.1111111111111111
34	0.02376008822806478	0.7247934934764555	0.	0.7037037037037037	0.1111111111111111	0.	0.	0.037037037037037035
35	0.3534153051294438	0.023834195477118063	0.3333333333333333	0.	0.037037037037037035	0.	0.	0.1111111111111111
36	0.4476559429806856	0.44187892017588504	0.4444444444444444	0.3333333333333333	0.037037037037037035	0.	0.	0.1111111111111111
37	0.8533608969762052	0.7560185173032155	0.8518518518518519	0.6666666666666666	0.037037037037037035	0.	0.	0.1111111111111111
38	0.18265318005247091	0.069951472459854	0.14814814814814814	0.	0.037037037037037035	0.	0.	0.1111111111111111
39	0.9713287844894198	0.555684223677356	0.9629629629629629	0.5555555555555556	0.037037037037037035	0.	0.	0.1111111111111111
40	0.2331866543761104	0.9866433686044245	0.2222222222222222	0.9629629629629629	0.1111111111111111	0.	0.	0.037037037037037035
41	0.5734697887906492	0.24846180502343024	0.5555555555555556	0.2222222222222222	0.037037037037037035	0.	0.	0.1111111111111111
42	0.052713297084639565	0.45334670464473037	0.	0.4444444444444444	0.1111111111111111	0.	0.	0.037037037037037035
43	0.3997230487208436	0.8778593199287402	0.3333333333333333	0.8518518518518519	0.1111111111111111	0.	0.	0.037037037037037035
44	0.6900434719479521	0.11750347308038221	0.6666666666666666	0.1111111111111111	0.037037037037037035	0.	0.	0.1111111111111111
45	0.7946282082153895	0.48280765897575784	0.7777777777777778	0.4444444444444444	0.037037037037037035	0.	0.	0.1111111111111111
46	0.19957520797684672	0.8141132807597415	0.1111111111111111	0.7777777777777778	0.1111111111111111	0.	0.	0.037037037037037035
47	0.5101031762932909	0.16508190407038592	0.48148148148148145	0.1111111111111111	0.037037037037037035	0.	0.	0.1111111111111111
48	0.2858818651689844	0.34563123996263406	0.25925925925925924	0.3333333333333333	0.037037037037037035	0.	0.	0.1111111111111111
49	0.628410022819762	0.6777057696261044	0.5925925925925926	0.6666666666666666	0.037037037037037035	0.	0.	0.1111111111111111
50	0.8910800335429171	0.07650323229721254	0.8888888888888888	0.07407407407407407	0.1111111111111111	0.	0.	0.037037037037037035
51	0.4321134867323276	0.6086963958515197	0.3333333333333333	0.5925925925925926	0.1111111111111111	0.	0.	0.037037037037037035
52	0.7356052396771061	0.8907968287655535	0.6666666666666666	0.8888888888888888	0.1111111111111111	0.	0.	0.037037037037037035
53	0.09785509735048284	0.2799669577275937	0.	0.25925925925925924	0.1111111111111111	0.	0.	0.037037037037037035
54	0.3726028344704643	0.2906860234057815	0.37037037037037035	0.2222222222222222	0.037037037037037035	0.	0.	0.1111111111111111
55	0.6948907211771136	0.6245592825800874	0.6666666666666666	0.5555555555555556	0.037037037037037035	0.	0.	0.1111111111111111
56	0.06439094655109993	0.9076118162317086	0.	0.8888888888888888	0.1111111111111111	0.	0.	0.037037037037037035
57	0.8732751973786291	0.1833414916094779	0.7777777777777778	0.14814814814814814	0.1111111111111111	0.	0.	0.037037037037037035
58	0.15249484477661002	0.5001024919980419	0.14814814814814814	0.4444444444444444	0.037037037037037035	0.	0.	0.1111111111111111
59	0.45975492449153016	0.7778334743674333	0.4444444444444444	0.7777777777777778	0.037037037037037035	0.	0.	0.1111111111111111
60	0.23856528403690083	0.09226624390878134	0.2222222222222222	0.07407407407407407	0.1111111111111111	0.	0.	0.037037037037037035
61	0.5902921016308631	0.35524251016058167	0.5555555555555556	0.3333333333333333	0.1111111111111111	0.	0.	0.037037037037037035
62	0.9848308108798379	0.6876259944011376	0.8888888888888888	0.6666666666666666	0.1111111111111111	0.	0.	0.037037037037037035
63	0.7143940718805575	0.030032066786225133	0.6666666666666666	0.	0.1111111111111111	0.	0.	0.037037037037037035
64	0.10129651145012111	0.3745045115566926	0.07407407407407407	0.3333333333333333	0.037037037037037035	0.	0.	0.1111111111111111
65	0.4104585091609167	0.7398374491580731	0.4074074074074074	0.6666666666666666	0.037037037037037035	0.	0.	0.1111111111111111
66	0.2132929259367763	0.32757319571362853	0.18518518518518517	0.2222222222222222	0.037037037037037035	0.	0.	0.1111111111111111
67	0.48363696806615375	0.661238665154852	0.48148148148148145	0.5555555555555556	0.037037037037037035	0.	0.	0.1111111111111111
68	0.8145145760046092	0.9312788875241961	0.7777777777777778	0.8888888888888888	0.037037037037037035	0.	0.	0.1111111111111111
69	0.6020441508795199	0.20277127108783352	0.5555555555555556	0.18518518518518517	0.1111111111111111	0.	0.	0.037037037037037035
70	0.9123093340923778	0.5412439910132546	0.8888888888888888	0.5185185185185185	0.1111111111111111	0.	0.	0.037037037037037035
71	0.2605666260120452	0.8483763154818588	0.25925925925925924	0.7777777777777778	0.037037037037037035	0.	0.	0.1111111111111111
72	0.026653437182220553	0.12430418464522662	0.	0.1111111111111111	0.037037037037037035	0.	0.	0.1111111111111111
73	0.3605385654586103	0.4631858297681998	0.3333333333333333	0.4444444444444444	0.037037037037037035	0.	0.	0.1111111111111111
74	0.7733680178868048	0.8538691070621203	0.7407407407407407	0.7777777777777778	0.037037037037037035	0.	0.	0.1111111111111111
75	0.5456905498528415	0.04343955076676392	0.4444444444444444	0.037037037037037035	0.1111111111111111	0.	0.	0.037037037037037035
76	0.8472389689918198	0.4163413799211843	0.7777777777777778	0.4074074074074074	0.1111111111111111	0.	0.	0.037037037037037035
77	0.1292989213415952	0.7736272366672207	0.1111111111111111	0.6666666666666666	0.037037037037037035	0.	0.	0.1111111111111111
78	0.943949558813	0.22512288966730412	0.8888888888888888	0.2222222222222222	0.1111111111111111	0.	0.	0.037037037037037035
79	0.3068842598048552	0.5751828861069865	0.2962962962962963	0.5555555555555556	0.037037037037037035	0.	0.	0.1111111111111111
80	0.6512071745384638	0.9945337661271705	0.6296296296296297	0.8888888888888888	0.037037037037037035	0.	0.	0.1111111111111111
81	0.645710553355203	0.4023449690774271	0.5555555555555556	0.37037037037037035	0.1111111111111111	0.	0.	0.037037037037037035
82	0.9501303134916717	0.7197587055512354	0.8888888888888888	0.7037037037037037	0.1111111111111111	0.	0.	0.037037037037037035
83	0.29958100211198	0.013158025482402061	0.2222222222222222	0.	0.1111111111111111	0.	0.	0.037037037037037035
84	0.7758882081221058	0.653493881166414	0.7407407407407407	0.5555555555555556	0.037037037037037035	0.	0.	0.1111111111111111
85	0.03138412916170437	0.9513448723840383	0.	0.9259259259259259	0.1111111111111111	0.	0.	0.037037037037037035
86	0.3640481914040777	0.3200194780267976	0.3333333333333333	0.2222222222222222	0.037037037037037035	0.	0.	0.1111111111111111
87	0.1350762667932447	0.5200798823351167	0.1111111111111111	0.4444444444444444	0.037037037037037035	0.	0.	0.1111111111111111
88	0.549656222922858	0.8319792047274335	0.5185185185185185	0.7777777777777778	0.037037037037037035	0.	0.	0.1111111111111111
89	0.8510868725203983	0.19376494136151212	0.7777777777777778	0.18518518518518517	0.1111111111111111	0.	0.	0.037037037037037035
90	0.9793471609602972	0.4461356456550238	0.8888888888888888	0.4444444444444444	0.1111111111111111	0.	0.	0.037037037037037035
91	0.2425688926328313	0.8846095505977917	0.2222222222222222	0.7777777777777778	0.037037037037037035	0.	0.	0.1111111111111111
92	0.5831835539980094	0.12182368255352301	0.5555555555555556	0.1111111111111111	0.1111111111111111	0.	0.	0.037037037037037035
93	0.06793058123469561	0.4355015711795941	0.037037037037037035	0.3333333333333333	0.037037037037037035	0.	0.	0.1111111111111111
94	0.37564310045219806	0.7598690708379133	0.37037037037037035	0.6666666666666666	0.037037037037037035	0.	0.	0.1111111111111111
95	0.6978516702386727	0.07241223544753378	0.6666666666666666	0.037037037037037035	0.1111111111111111	0.	0.	0.037037037037037035
96	0.4625003824548199	0.5622025805317351	0.4444444444444444	0.5555555555555556	0.037037037037037035	0.	0.	0.1111111111111111
97	0.8668447398506073	0.9767161152904333	0.8518518518518519	0.8888888888888888	0.037037037037037035	0.	0.	0.1111111111111111
98	0.157490182886705	0.2545938210992931	0.14814814814814814	0.2222222222222222	0.037037037037037035	0.	0.	0.1111111111111111
99	0.2649409678829179	0.609653602152845	0.25925925925925924	0.5555555555555556	0.037037037037037035	0.	0.	0.1111111111111111
100	0.5946863589860371	0.8970174152732192	0.5925925925925926	0.8888888888888888	0.037037037037037035	0.	0.	0.1111111111111111
101	0.9032938497994618	0.2720614577511414	0.8888888888888888	0.25925925925925924	0.1111111111111111	0.	0.	0.037037037037037035
102	0.4151193132517402	0.48768607244896306	0.4074074074074074	0.4444444444444444	0.037037037037037035	0.	0.	0.1111111111111111
103	0.7069756430288677	0.8046366833565515	0.7037037037037037	0.7777777777777778	0.037037037037037035	0.	0.	0.1111111111111111
104	0.1067603732233171	0.1700663805969574	0.07407407407407407	0.1111111111111111	0.037037037037037035	0.	0.	0.1111111111111111
105	0.8034343859048372	0.33506643905626443	0.7777777777777778	0.3333333333333333	0.1111111111111111	0.	0.	0.037037037037037035
106	0.2171132478919221	0.670203670272758	0.18518518518518517	0.6666666666666666	0.037037037037037035	0.	0.	0.1111111111111111
107	0.48814344801813864	0.08020749602980687	0.4444444444444444	0.07407407407407407	0.1111111111111111	0.	0.	0.037037037037037035
108	0.8778577230419359	0.09551660289190333	0.8518518518518519	0.	0.037037037037037035	0.	0.	0.1111111111111111
109	0.170961067403261	0.3468723057993284	0.1111111111111111	0.3333333333333333	0.1111111111111111	0.	0.	0.037037037037037035
110	0.47751305687913687	0.681338533096185	0.4444444444444444	0.6666666666666666	0.1111111111111111	0.	0.	0.037037037037037035
111	0.24730683943426301	0.2935033808532861	0.2222222222222222	0.25925925925925924	0.1111111111111111	0.	0.	0.037037037037037035
112	0.5582403128916603	0.6275431989349433	0.5555555555555556	0.5925925925925926	0.1111111111111111	0.	0.	0.037037037037037035
113	0.9920511887709342	0.9101478617633636	0.8888888888888888	0.8888888888888888	0.1111111111111111	0.	0.	0.037037037037037035
114	0.39320692544305097	0.17396369727535674	0.3333333333333333	0.14814814814814814	0.1111111111111111	0.	0.	0.037037037037037035
115	0.6674725145989893	0.5053841658505228	0.6666666666666666	0.48148148148148145	0.1111111111111111	0.	0.	0.037037037037037035
116	0.03832056836140469	0.7849813238280574	0.037037037037037035	0.7777777777777778	0.037037037037037035	0.	0.	0.1111111111111111