0	0.8462820560840292	0.8885680342356218	0	0	1	0	0	1
1	0.1479888888031078	0.1425469566909423	0.	0.	1.	0.	0.	1.
2	0.3377410713040528	0.5718926505545073	0.	0.	1.	0.	0.	1.
3	0.2501698062403371	0.4181695451493446	0.	0.3333333333333333	1.	0.	0.	0.3333333333333333
4	0.4749236808347188	0.93649492554329	0.	0.6666666666666666	1.	0.	0.	0.3333333333333333
5	0.9883706520574169	0.2844780106609178	0.	0.	1.	0.	0.	0.3333333333333333
6	0.640103790862405	0.06081945070626694	0.	0.	1.	0.	0.	0.3333333333333333
7	0.7103911481563382	0.4539908454179183	0.	0.3333333333333333	1.	0.	0.	0.3333333333333333
8	0.02577138006417277	0.7194820810488076	0.	0.6666666666666666	1.	0.	0.	0.3333333333333333
9	0.2721934039649273	0.8514336086133019	0.	0.6666666666666666	0.3333333333333333	0.	0.	0.3333333333333333
10	0.5046845693973265	0.205492814466678	0.3333333333333333	0.	0.3333333333333333	0.	0.	0.3333333333333333
11	0.8929845395967171	0.6403029990496967	0.6666666666666666	0.3333333333333333	0.3333333333333333	0.	0.	0.3333333333333333
12	0.5786599737630294	0.3880163154372216	0.3333333333333333	0.3333333333333333	0.3333333333333333	0.	0.	0.3333333333333333
13	0.7529470982625289	0.8918328598430597	0.6666666666666666	0.6666666666666666	0.3333333333333333	0.	0.	0.3333333333333333
14	0.04515428024596121	0.242454167156864	0.	0.	0.3333333333333333	0.	0.	0.3333333333333333
15	0.8539627030412427	0.009526592177730693	0.6666666666666666	0.	0.3333333333333333	0.	0.	0.3333333333333333
16	0.1758675709413328	0.5187083862946306	0.	0.3333333333333333	0.3333333333333333	0.	0.	0.3333333333333333
17	0.3955243549341553	0.6935754138702768	0.3333333333333333	0.6666666666666666	0.3333333333333333	0.	0.	0.3333333333333333
18	0.6130904398295776	0.7802608197454765	0.3333333333333333	0.6666666666666666	0.3333333333333333	0.	0.	0.3333333333333333
19	0.668602980537425	0.1792926229739663	0.6666666666666666	0.	0.3333333333333333	0.	0.	0.3333333333333333
20	0.0957843601985301	0.6123733301054194	0.	0.3333333333333333	0.3333333333333333	0.	0.	0.3333333333333333
21	0.7872315963134309	0.3428590745837743	0.6666666666666666	0.3333333333333333	0.3333333333333333	0.	0.	0.3333333333333333
22	0.216277496189246	0.9681882837469996	0.	0.6666666666666666	0.3333333333333333	0.	0.	0.3333333333333333
23	0.4278588494235953	0.3284547125057533	0.3333333333333333	0.	0.3333333333333333	0.	0.	0.3333333333333333
24	0.3229146381052655	0.09765070186225144	0.	0.	0.3333333333333333	0.	0.	0.3333333333333333
25	0.5320031340245749	0.5029824369115043	0.3333333333333333	0.3333333333333333	0.3333333333333333	0.	0.	0.3333333333333333
26	0.9588921096013587	0.7634738311426786	0.6666666666666666	0.6666666666666666	0.3333333333333333	0.	0.	0.3333333333333333
27	0.6435782715319083	0.4617649971527448	0.3333333333333333	0.4444444444444444	0.3333333333333333	0.	0.	0.1111111111111111
28	0.7183119088985508	0.740331791452224	0.6666666666666666	0.6666666666666666	0.3333333333333333	0.	0.	0.1111111111111111
29	0.0003479466638809252	0.0646844940958539	0.	0.	0.3333333333333333	0.	0.	0.1111111111111111
30	0.8199246710465021	0.1185393905861976	0.6666666666666666	0.1111111111111111	0.3333333333333333	0.	0.	0.1111111111111111
31	0.1192173817459957	0.5833579570955526	0.1111111111111111	0.3333333333333333	0.1111111111111111	0.	0.	0.3333333333333333
32	0.3525081305994979	0.8602013603536252	0.3333333333333333	0.6666666666666666	0.1111111111111111	0.	0.	0.3333333333333333
33	0.2298010848534825	0.948678081745267	0.	0.8888888888888888	0.3333333333333333	0.	0.	0.1111111111111111
34	0.4513897112619324	0.260595155737018	0.4444444444444444	0.	0.1111111111111111	0.	0.	0.3333333333333333
35	0.9632840619674436	0.4254764973637382	0.8888888888888888	0.3333333333333333	0.1111111111111111	0.	0.	0.3333333333333333
36	0.8680741129654951	0.5367579901020672	0.7777777777777778	0.3333333333333333	0.1111111111111111	0.	0.	0.3333333333333333
37	0.1600108188048533	0.6761376698036914	0.	0.6666666666666666	0.3333333333333333	0.	0.	0.1111111111111111
38	0.3816793067613589	0.02381384807623498	0.3333333333333333	0.	0.1111111111111111	0.	0.	0.3333333333333333
39	0.2861170600952221	0.2112959811305523	0.	0.1111111111111111	0.3333333333333333	0.	0.	0.1111111111111111
40	0.5130522751813814	0.6497230059163615	0.3333333333333333	0.5555555555555556	0.3333333333333333	0.	0.	0.1111111111111111
41	0.9086291329315833	0.8203309273093194	0.6666666666666666	0.7777777777777778	0.3333333333333333	0.	0.	0.1111111111111111
42	0.5917112599242697	0.9091877705690126	0.5555555555555556	0.6666666666666666	0.1111111111111111	0.	0.	0.3333333333333333
43	0.764396595107975	0.2529264587586986	0.6666666666666666	0.2222222222222222	0.3333333333333333	0.	0.	0.1111111111111111
44	0.05623994415707494	0.4028845860378162	0.	0.3333333333333333	0.1111111111111111	0.	0.	0.3333333333333333
45	0.3036949869043538	0.5120963104251308	0.2222222222222222	0.3333333333333333	0.1111111111111111	0.	0.	0.3333333333333333
46	0.5554949142953907	0.7768932659625031	0.4444444444444444	0.6666666666666666	0.1111111111111111	0.	0.	0.3333333333333333
47	0.9298199232135431	0.1063611179669265	0.6666666666666666	0.	0.3333333333333333	0.	0.	0.1111111111111111
48	0.6295370953737383	0.1533891745204007	0.5555555555555556	0.	0.1111111111111111	0.	0.	0.3333333333333333
49	0.6793845528047606	0.6250409779781506	0.6666666666666666	0.3333333333333333	0.1111111111111111	0.	0.	0.3333333333333333
50	0.1031926433125052	0.7914358792039348	0.	0.7777777777777778	0.3333333333333333	0.	0.	0.1111111111111111
51	0.799103446488087	0.9778447907539551	0.6666666666666666	0.8888888888888888	0.3333333333333333	0.	0.	0.1111111111111111
52	0.1876325544568708	0.3047060743690645	0.	0.2222222222222222	0.3333333333333333	0.	0.	0.1111111111111111
53	0.4368643497324169	0.3574288538294972	0.3333333333333333	0.3333333333333333	0.3333333333333333	0.	0.	0.1111111111111111
54	0.2452788327705955	0.2811639233325801	0.	0.2222222222222222	0.3333333333333333	0.	0.	0.1111111111111111
55	0.468201929127536	0.4332712141785218	0.3333333333333333	0.3333333333333333	0.3333333333333333	0.	0.	0.1111111111111111
56	0.9806066142258161	0.959613529887419	0.6666666666666666	0.8888888888888888	0.3333333333333333	0.	0.	0.1111111111111111
57	0.6662172299307588	0.708322048329595	0.5555555555555556	0.6666666666666666	0.1111111111111111	0.	0.	0.3333333333333333
58	0.7340841163755109	0.04462705894731345	0.6666666666666666	0.	0.3333333333333333	0.	0.	0.1111111111111111
59	0.02349869265690798	0.4696321537776663	0.	0.3333333333333333	0.1111111111111111	0.	0.	0.3333333333333333
60	0.829716462586641	0.562539002250171	0.7777777777777778	0.3333333333333333	0.1111111111111111	0.	0.	0.3333333333333333
61	0.1307044622171923	0.8643829237436124	0.	0.7777777777777778	0.3333333333333333	0.	0.	0.1111111111111111
62	0.3682005608467789	0.1327484377489046	0.3333333333333333	0.	0.1111111111111111	0.	0.	0.3333333333333333
63	0.5612767165755139	0.2279668254716389	0.5555555555555556	0.	0.1111111111111111	0.	0.	0.3333333333333333
64	0.773436314911402	0.3754760124040144	0.6666666666666666	0.3333333333333333	0.1111111111111111	0.	0.	0.3333333333333333
65	0.06461110269260953	0.9138168511612542	0.	0.8888888888888888	0.3333333333333333	0.	0.	0.1111111111111111
66	0.8867414934267971	0.6830569373078941	0.6666666666666666	0.6666666666666666	0.3333333333333333	0.	0.	0.1111111111111111
67	0.1665017472355039	0.03544280368024968	0.	0.	0.3333333333333333	0.	0.	0.1111111111111111
68	0.3875516962311889	0.5552625999602205	0.3333333333333333	0.4444444444444444	0.3333333333333333	0.	0.	0.1111111111111111
69	0.2708139123053281	0.6652352004714616	0.2222222222222222	0.3333333333333333	0.1111111111111111	0.	0.	0.3333333333333333
70	0.4834989535104324	0.8341366392386818	0.4444444444444444	0.6666666666666666	0.1111111111111111	0.	0.	0.3333333333333333
71	0.9164680687121154	0.1862951600373412	0.6666666666666666	0.1111111111111111	0.3333333333333333	0.	0.	0.1111111111111111
72	0.8143317625792028	0.3153573979752355	0.6666666666666666	0.2222222222222222	0.3333333333333333	0.	0.	0.1111111111111111
73	0.2087056947918243	0.3662323952790908	0.1111111111111111	0.3333333333333333	0.1111111111111111	0.	0.	0.3333333333333333
74	0.4195462792538746	0.993070447374644	0.3333333333333333	0.6666666666666666	0.1111111111111111	0.	0.	0.3333333333333333
75	0.3165048936445555	0.7485826044338783	0.	0.6666666666666666	0.3333333333333333	0.	0.	0.1111111111111111
76	0.5304157373394192	0.08321715013890243	0.4444444444444444	0.	0.1111111111111111	0.	0.	0.3333333333333333
77	0.9487495639395571	0.4923290259953185	0.8888888888888888	0.3333333333333333	0.1111111111111111	0.	0.	0.3333333333333333
78	0.59572367032624	0.6003687129033936	0.3333333333333333	0.5555555555555556	0.3333333333333333	0.	0.	0.1111111111111111
79	0.7011711849172059	0.8119736770039542	0.6666666666666666	0.7777777777777778	0.3333333333333333	0.	0.	0.1111111111111111
80	0.07523976272371766	0.1727893341576298	0.	0.1111111111111111	0.3333333333333333	0.	0.	0.1111111111111111
81	0.6736079946114225	0.6734130014825657	0.6666666666666666	0.6666666666666666	0.1111111111111111	0.	0.	0.1111111111111111
82	0.09010364790834109	0.01963794176099964	0.	0.	0.1111111111111111	0.	0.	0.1111111111111111
83	0.6149303347763829	0.5308658942230939	0.5555555555555556	0.4444444444444444	0.1111111111111111	0.	0.	0.1111111111111111
84	0.2193989504428783	0.6436133264667545	0.1111111111111111	0.5555555555555556	0.1111111111111111	0.	0.	0.1111111111111111
85	0.428707865783526	0.8177327227867222	0.3333333333333333	0.7777777777777778	0.1111111111111111	0.	0.	0.1111111111111111
86	0.7800921666449775	0.2220616731501777	0.7777777777777778	0.1111111111111111	0.1111111111111111	0.	0.	0.1111111111111111
87	0.5383463461238537	0.2488878391078933	0.4444444444444444	0.2222222222222222	0.1111111111111111	0.	0.	0.1111111111111111
88	0.9515692805808214	0.3982707868607331	0.8888888888888888	0.3333333333333333	0.1111111111111111	0.	0.	0.1111111111111111
89	0.3255599215352805	0.9052008372226281	0.2222222222222222	0.8888888888888888	0.1111111111111111	0.	0.	0.1111111111111111
90	0.1394513012793532	0.772859960950594	0.1111111111111111	0.6666666666666666	0.1111111111111111	0.	0.	0.1111111111111111
91	0.3439806122386057	0.1002576548466095	0.3333333333333333	0.	0.1111111111111111	0.	0.	0.1111111111111111
92	0.8483652844011906	0.5092740521870884	0.7777777777777778	0.4444444444444444	0.1111111111111111	0.	0.	0.1111111111111111
93	0.4814162440094041	0.6208179058559463	0.4444444444444444	0.5555555555555556	0.1111111111111111	0.	0.	0.1111111111111111
94	0.9952978669988033	0.8002265362893598	0.8888888888888888	0.7777777777777778	0.1111111111111111	0.	0.	0.1111111111111111
95	0.2541266861082301	0.1513847477488471	0.2222222222222222	0.1111111111111111	0.1111111111111111	0.	0.	0.1111111111111111
96	0.7130945845940189	0.3039263513672006	0.6666666666666666	0.2222222222222222	0.1111111111111111	0.	0.	0.1111111111111111
97	0.03112522270343838	0.3512682013401034	0.	0.3333333333333333	0.1111111111111111	0.	0.	0.1111111111111111
98	0.6311321684727246	0.9844936208317057	0.5555555555555556	0.8888888888888888	0.1111111111111111	0.	0.	0.1111111111111111
99	0.4949469377874505	0.7336436552447454	0.4444444444444444	0.6666666666666666	0.1111111111111111	0.	0.	0.1111111111111111
100	0.8946303181537033	0.07255928583580927	0.8888888888888888	0.	0.1111111111111111	0.	0.	0.1111111111111111
101	0.2781138626529034	0.4572145270991764	0.2222222222222222	0.4444444444444444	0.1111111111111111	0.	0.	0.1111111111111111
102	0.7442346473317264	0.5900889907072864	0.6666666666666666	0.5555555555555556	0.1111111111111111	0.	0.	0.1111111111111111
103	0.04539400771513318	0.8596723201871408	0.	0.7777777777777778	0.1111111111111111	0.	0.	0.1111111111111111
104	0.5700834182434442	0.1144930953819533	0.5555555555555556	0.1111111111111111	0.1111111111111111	0.	0.	0.1111111111111111
105	0.1784983524709763	0.2677297087058983	0.1111111111111111	0.2222222222222222	0.1111111111111111	0.	0.	0.1111111111111111
106	0.4017718097506195	0.4200101241074699	0.3333333333333333	0.3333333333333333	0.1111111111111111	0.	0.	0.1111111111111111
107	0.8563588592238858	0.945442680670063	0.7777777777777778	0.8888888888888888	0.1111111111111111	0.	0.	0.1111111111111111
108	0.5461550219319109	0.373242972701942	0.4444444444444444	0.3333333333333333	0.1111111111111111	0.	0.	0.1111111111111111
109	0.93302352249453	0.9226760126256514	0.8888888888888888	0.8888888888888888	0.1111111111111111	0.	0.	0.1111111111111111
110	0.3077986874359657	0.2223978703064067	0.2222222222222222	0.2222222222222222	0.1111111111111111	0.	0.	0.1111111111111111
111	0.6860516343694633	0.03243040148039254	0.6666666666666666	0.	0.1111111111111111	0.	0.	0.1111111111111111
112	0.1084704204514422	0.5486140641363962	0.	0.4444444444444444	0.1111111111111111	0.	0.	0.1111111111111111
113	0.6201668922746796	0.6877944169166885	0.5555555555555556	0.6666666666666666	0.1111111111111111	0.	0.	0.1111111111111111
114	0.1914486415645749	0.8278742437221314	0.1111111111111111	0.7777777777777778	0.1111111111111111	0.	0.	0.1111111111111111
115	0.4431268725869237	0.1949452893631894	0.3333333333333333	0.1111111111111111	0.1111111111111111	0.	0.	0.1111111111111111
116	0.7936506527923979	0.6609112147396005	0.7777777777777778	0.5555555555555556	0.1111111111111111	0.	0.	0.1111111111111111
117	0.7213609491537931	0.3582131274425189	0.6666666666666666	0.3333333333333333	0.1111111111111111	0.	0.	0.1111111111111111
118	0.005048070650698084	0.9902190141179308	0.	0.8888888888888888	0.1111111111111111	0.	0.	0.1111111111111111
119	0.6476807374015782	0.3113290780722407	0.5555555555555556	0.2222222222222222	0.1111111111111111	0.	0.	0.1111111111111111
120	0.1220110827265342	0.07961566104298974	0.1111111111111111	0.	0.1111111111111111	0.	0.	0.1111111111111111
121	0.3575503118697129	0.4861163722981793	0.3333333333333333	0.4444444444444444	0.1111111111111111	0.	0.	0.1111111111111111
122	0.8246871321253224	0.743948780502761	0.7777777777777778	0.6666666666666666	0.1111111111111111	0.	0.	0.1111111111111111
123	0.4540490035879337	0.8088945402506406	0.4444444444444444	0.7777777777777778	0.1111111111111111	0.	0.	0.1111111111111111
124	0.9682143613559203	0.1652076133054835	0.8888888888888888	0.1111111111111111	0.1111111111111111	0.	0.	0.1111111111111111
125	0.2341921845714945	0.5945024072625475	0.2222222222222222	0.5555555555555556	0.1111111111111111	0.	0.	0.1111111111111111
126	0.1502628280801466	0.4437990793340136	0.1111111111111111	0.3333333333333333	0.1111111111111111	0.	0.	0.1111111111111111
127	0.373162413376301	0.9563629119264263	0.3333333333333333	0.8888888888888888	0.1111111111111111	0.	0.	0.1111111111111111
128	0.87014517448508	0.2784956166838146	0.7777777777777778	0.2222222222222222	0.1111111111111111	0.	0.	0.1111111111111111
129	0.5180286958614279	0.04019165336400161	0.4444444444444444	0.	0.1111111111111111	0.	0.	0.1111111111111111
130	0.9108073966630092	0.4779931209747316	0.8888888888888888	0.4444444444444444	0.1111111111111111	0.	0.	0.1111111111111111
131	0.2890487919789222	0.704625830979218	0.2222222222222222	0.6666666666666666	0.1111111111111111	0.	0.	0.1111111111111111
132	0.7545546935008214	0.8743688050014309	0.6666666666666666	0.7777777777777778	0.1111111111111111	0.	0.	0.1111111111111111
133	0.06031017975751234	0.1291392223364487	0.	0.1111111111111111	0.1111111111111111	0.	0.	0.1111111111111111
134	0.58123956887577	0.5562610319249275	0.5555555555555556	0.5555555555555556	0.1111111111111111	0.	0.	0.1111111111111111
135	0.1999548144703312	0.1997123044947338	0.1111111111111111	0.1111111111111111	0.1111111111111111	0.	0.	0.1111111111111111
136	0.4088091462125363	0.6351676089765781	0.3333333333333333	0.5555555555555556	0.1111111111111111	0.	0.	0.1111111111111111
137	0.8055822029588116	0.8449410067209946	0.7777777777777778	0.7777777777777778	0.1111111111111111	0.	0.	0.1111111111111111
138	0.520588147486094	0.8989742107659497	0.4444444444444444	0.8888888888888888	0.1111111111111111	0.	0.	0.1111111111111111
139	0.9392084010301273	0.236312673007166	0.8888888888888888	0.2222222222222222	0.1111111111111111	0.	0.	0.1111111111111111
140	0.3186248271276467	0.3847518486130798	0.2222222222222222	0.3333333333333333	0.1111111111111111	0.	0.	0.1111111111111111
141	0.6918467993914832	0.5271810796425551	0.6666666666666666	0.4444444444444444	0.1111111111111111	0.	0.	0.1111111111111111
142	0.08065929712182397	0.7020776427409513	0.	0.6666666666666666	0.1111111111111111	0.	0.	0.1111111111111111
143	0.6008092686772347	0.005978980803637018	0.5555555555555556	0.	0.1111111111111111	0.	0.	0.1111111111111111
144	0.459174729742632	0.1765342212794877	0.4444444444444444	0.1111111111111111	0.1111111111111111	0.	0.	0.1111111111111111
145	0.986687234809618	0.606009735329202	0.8888888888888888	0.5555555555555556	0.1111111111111111	0.	0.	0.1111111111111111
146	0.2382044814017739	0.7876381175768602	0.2222222222222222	0.7777777777777778	0.1111111111111111	0.	0.	0.1111111111111111
147	0.737172972112307	0.9669190271796217	0.6666666666666666	0.8888888888888888	0.1111111111111111	0.	0.	0.1111111111111111
148	0.01447030076925023	0.3230892347909182	0.	0.2222222222222222	0.1111111111111111	0.	0.	0.1111111111111111
149	0.6565797504839761	0.3408063394052106	0.5555555555555556	0.3333333333333333	0.1111111111111111	0.	0.	0.1111111111111111
150	0.134161914016203	0.4979524164161247	0.1111111111111111	0.4444444444444444	0.1111111111111111	0.	0.	0.1111111111111111
151	0.3613110904243718	0.758435979362981	0.3333333333333333	0.6666666666666666	0.1111111111111111	0.	0.	0.1111111111111111
152	0.834213510925937	0.09275508744023431	0.7777777777777778	0.	0.1111111111111111	0.	0.	0.1111111111111111
153	0.7767067915708505	0.1394985952846702	0.6666666666666666	0.1111111111111111	0.1111111111111111	0.	0.	0.1111111111111111
154	0.06690326162211141	0.5782438926885631	0.	0.5555555555555556	0.1111111111111111	0.	0.	0.1111111111111111
155	0.5673441439145638	0.8812609460793558	0.5555555555555556	0.7777777777777778	0.1111111111111111	0.	0.	0.1111111111111111
156	0.1695043960362148	0.9327568415377915	0.1111111111111111	0.8888888888888888	0.1111111111111111	0.	0.	0.1111111111111111
157	0.3939811875394472	0.2939838088945265	0.3333333333333333	0.2222222222222222	0.1111111111111111	0.	0.	0.1111111111111111
158	0.8773144881348802	0.4127734770716613	0.7777777777777778	0.3333333333333333	0.1111111111111111	0.	0.	0.1111111111111111
159	0.4886529168569606	0.4501469547557495	0.4444444444444444	0.4444444444444444	0.1111111111111111	0.	0.	0.1111111111111111
160	0.9204423319318389	0.7257160191132793	0.8888888888888888	0.6666666666666666	0.1111111111111111	0.	0.	0.1111111111111111
161	0.2595067577853375	0.05573085991329695	0.2222222222222222	0.	0.1111111111111111	0.	0.	0.1111111111111111
162	0.8979692475686282	0.9999320643398737	0.8888888888888888	0.8888888888888888	0.1111111111111111	0.	0.	0.1111111111111111
163	0.2811239598636716	0.3182547778640243	0.2222222222222222	0.2222222222222222	0.1111111111111111	0.	0.	0.1111111111111111
164	0.5012846149875844	0.3693492361129787	0.4444444444444444	0.3333333333333333	0.1111111111111111	0.	0.	0.1111111111111111
165	0.04074590300428501	0.4819316521314218	0.	0.4444444444444444	0.1111111111111111	0.	0.	0.1111111111111111
166	0.5745510411901146	0.7506431166920894	0.5555555555555556	0.6666666666666666	0.1111111111111111	0.	0.	0.1111111111111111
167	0.7480120693014423	0.07625568817037966	0.6666666666666666	0.	0.1111111111111111	0.	0.	0.1111111111111111
168	0.4064590364673941	0.1608025218993172	0.3333333333333333	0.1111111111111111	0.1111111111111111	0.	0.	0.1111111111111111
169	0.861742862030201	0.6009941960847954	0.7777777777777778	0.5555555555555556	0.1111111111111111	0.	0.	0.1111111111111111
170	0.1821636327206914	0.8029196600733559	0.1111111111111111	0.7777777777777778	0.1111111111111111	0.	0.	0.1111111111111111
171	0.09450466794146932	0.9523953150207981	0.	0.8888888888888888	0.1111111111111111	0.	0.	0.1111111111111111
172	0.6081556405930474	0.2755597867549368	0.5555555555555556	0.2222222222222222	0.1111111111111111	0.	0.	0.1111111111111111
173	0.6763372324723211	0.4373788208879852	0.6666666666666666	0.3333333333333333	0.1111111111111111	0.	0.	0.1111111111111111
174	0.4214171577624882	0.4762556935048076	0.3333333333333333	0.4444444444444444	0.1111111111111111	0.	0.	0.1111111111111111
175	0.7859791698660866	0.7157670357491083	0.7777777777777778	0.6666666666666666	0.1111111111111111	0.	0.	0.1111111111111111
176	0.2118977235266116	0.04789402520904532	0.1111111111111111	0.	0.1111111111111111	0.	0.	0.1111111111111111
177	0.9588115623212001	0.1237280853603314	0.8888888888888888	0.1111111111111111	0.1111111111111111	0.	0.	0.1111111111111111
178	0.3301284013057623	0.5642956938879572	0.2222222222222222	0.5555555555555556	0.1111111111111111	0.	0.	0.1111111111111111
179	0.5396927755155458	0.8690997969736529	0.4444444444444444	0.7777777777777778	0.1111111111111111	0.	0.	0.1111111111111111
180	0.3346679486880038	0.9178074764479824	0.3333333333333333	0.8888888888888888	0.1111111111111111	0.	0.	0.1111111111111111
181	0.8395083444678976	0.2306344248785114	0.7777777777777778	0.2222222222222222	0.1111111111111111	0.	0.	0.1111111111111111
182	0.140665879100335	0.3802526363889168	0.1111111111111111	0.3333333333333333	0.1111111111111111	0.	0.	0.1111111111111111
183	0.9994465754752584	0.5434482308273927	0.8888888888888888	0.4444444444444444	0.1111111111111111	0.	0.	0.1111111111111111
184	0.2558165425267428	0.6848231457371373	0.2222222222222222	0.6666666666666666	0.1111111111111111	0.	0.	0.1111111111111111
185	0.4712954602322715	0.02673942471844849	0.4444444444444444	0.	0.1111111111111111	0.	0.	0.1111111111111111
186	0.03297386353082976	0.1919241197729564	0.	0.1111111111111111	0.1111111111111111	0.	0.	0.1111111111111111
187	0.634131919474536	0.6582582634996709	0.5555555555555556	0.5555555555555556	0.1111111111111111	0.	0.	0.1111111111111111
188	0.7057435158004769	0.8364572822924018	0.6666666666666666	0.7777777777777778	0.1111111111111111	0.	0.	0.1111111111111111
189	0.3751348034667314	0.6142189036367666	0.3333333333333333	0.5555555555555556	0.1111111111111111	0.	0.	0.1111111111111111
190	0.8731551555429825	0.7847687313890791	0.7777777777777778	0.7777777777777778	0.1111111111111111	0.	0.	0.1111111111111111
191	0.1551637554202767	0.1820214693566882	0.1111111111111111	0.1111111111111111	0.1111111111111111	0.	0.	0.1111111111111111
192	0.9013615204021902	0.3307733835419324	0.8888888888888888	0.2222222222222222	0.1111111111111111	0.	0.	0.1111111111111111
193	0.2947797692066135	0.3369705949306844	0.2222222222222222	0.3333333333333333	0.1111111111111111	0.	0.	0.1111111111111111
194	0.5083207606675306	0.9753014697509541	0.4444444444444444	0.8888888888888888	0.1111111111111111	0.	0.	0.1111111111111111
195	0.05208049971426954	0.7554598246007238	0.	0.6666666666666666	0.1111111111111111	0.	0.	0.1111111111111111
196	0.5884325562003683	0.09004781537681314	0.5555555555555556	0.	0.1111111111111111	0.	0.	0.1111111111111111
197	0.760304379083403	0.4960303454678671	0.6666666666666666	0.4444444444444444	0.1111111111111111	0.	0.	0.1111111111111111
198	0.9368645471922885	0.5749593176524023	0.8888888888888888	0.5555555555555556	0.1111111111111111	0.	0.	0.1111111111111111
199	0.2987500169787527	0.8795872297468157	0.2222222222222222	0.7777777777777778	0.1111111111111111	0.	0.	0.1111111111111111
200	0.5490061230774675	0.1480970512119714	0.4444444444444444	0.1111111111111111	0.1111111111111111	0.	0.	0.1111111111111111
201	0.09925593704639268	0.2904115490219552	0.	0.2222222222222222	0.1111111111111111	0.	0.	0.1111111111111111
202	0.6221184342163174	0.4081747227020476	0.5555555555555556	0.3333333333333333	0.1111111111111111	0.	0.	0.1111111111111111
203	0.6912503724947117	0.9271458132234544	0.6666666666666666	0.8888888888888888	0.1111111111111111	0.	0.	0.1111111111111111
204	0.4351238093656941	0.7209976100842376	0.3333333333333333	0.6666666666666666	0.1111111111111111	0.	0.	0.1111111111111111
205	0.7945174362388114	0.05206872095330336	0.7777777777777778	0.	0.1111111111111111	0.	0.	0.1111111111111111
206	0.1960384960435069	0.4446664650545453	0.1111111111111111	0.4444444444444444	0.1111111111111111	0.	0.	0.1111111111111111
207	0.01159096845460506	0.6300443874218192	0.	0.5555555555555556	0.1111111111111111	0.	0.	0.1111111111111111
208	0.6504043594865216	0.8425381506689836	0.5555555555555556	0.7777777777777778	0.1111111111111111	0.	0.	0.1111111111111111
209	0.7281652244606334	0.2088782850442722	0.6666666666666666	0.1111111111111111	0.1111111111111111	0.	0.	0.1111111111111111
210	0.3471573277237453	0.244952567974965	0.3333333333333333	0.2222222222222222	0.1111111111111111	0.	0.	0.1111111111111111
211	0.8163633450303485	0.3909789947462828	0.7777777777777778	0.3333333333333333	0.1111111111111111	0.	0.	0.1111111111111111
212	0.1125153527953964	0.8938747222530092	0.1111111111111111	0.8888888888888888	0.1111111111111111	0.	0.	0.1111111111111111
213	0.9735019004979195	0.698998898326206	0.8888888888888888	0.6666666666666666	0.1111111111111111	0.	0.	0.1111111111111111
214	0.2230923035496281	0.002926972197384223	0.2222222222222222	0.	0.1111111111111111	0.	0.	0.1111111111111111
215	0.4465695850174821	0.5265312542620842	0.4444444444444444	0.4444444444444444	0.1111111111111111	0.	0.	0.1111111111111111
216	0.07083098970190672	0.1076549395747971	0.	0.	0.1111111111111111	0.	0.	0.1111111111111111
217	0.5588910752385805	0.514633897778528	0.5555555555555556	0.4444444444444444	0.1111111111111111	0.	0.	0.1111111111111111
218	0.7674584311070514	0.7672214190337603	0.6666666666666666	0.6666666666666666	0.1111111111111111	0.	0.	0.1111111111111111
219	0.3834002405243639	0.7969933730927001	0.3333333333333333	0.7777777777777778	0.1111111111111111	0.	0.	0.1111111111111111
220	0.8822600620553825	0.156798248220682	0.7777777777777778	0.1111111111111111	0.1111111111111111	0.	0.	0.1111111111111111
221	0.1626617877025428	0.625623577521563	0.1111111111111111	0.5555555555555556	0.1111111111111111	0.	0.	0.1111111111111111
222	0.9251745227134851	0.3493094045765177	0.8888888888888888	0.3333333333333333	0.1111111111111111	0.	0.	0.1111111111111111
223	0.2649770509857228	0.9831107314856891	0.2222222222222222	0.8888888888888888	0.1111111111111111	0.	0.	0.1111111111111111
224	0.4903352792646614	0.2980221480576711	0.4444444444444444	0.2222222222222222	0.1111111111111111	0.	0.	0.1111111111111111
225	0.4117737648442577	0.069251450112817	0.3333333333333333	0.	0.1111111111111111	0.	0.	0.1111111111111111
226	0.8068571381107311	0.4652411813976106	0.7777777777777778	0.4444444444444444	0.1111111111111111	0.	0.	0.1111111111111111
227	0.2036503632964372	0.7289379172027562	0.1111111111111111	0.6666666666666666	0.1111111111111111	0.	0.	0.1111111111111111
228	0.9458763619150423	0.8548752679245453	0.8888888888888888	0.7777777777777778	0.1111111111111111	0.	0.	0.1111111111111111
229	0.3115870923044203	0.119918371173188	0.2222222222222222	0.1111111111111111	0.1111111111111111	0.	0.	0.1111111111111111
230	0.525684727875436	0.5878802742756678	0.4444444444444444	0.5555555555555556	0.1111111111111111	0.	0.	0.1111111111111111
231	0.08558417604323795	0.431026261494394	0.	0.3333333333333333	0.1111111111111111	0.	0.	0.1111111111111111
232	0.6041008386970812	0.941017281441027	0.5555555555555556	0.8888888888888888	0.1111111111111111	0.	0.	0.1111111111111111
233	0.6994953683687769	0.2658402328329104	0.6666666666666666	0.2222222222222222	0.1111111111111111	0.	0.	0.1111111111111111
234	0.977223631900721	0.01386777025448784	0.8888888888888888	0.	0.1111111111111111	0.	0.	0.1111111111111111
235	0.2402945369262595	0.5429208537978658	0.2222222222222222	0.4444444444444444	0.1111111111111111	0.	0.	0.1111111111111111
236	0.4649972251037382	0.6683085889485141	0.4444444444444444	0.6666666666666666	0.1111111111111111	0.	0.	0.1111111111111111
237	0.01965841391866431	0.8247552975100051	0.	0.7777777777777778	0.1111111111111111	0.	0.	0.1111111111111111
238	0.6586793701214565	0.2160102413513121	0.5555555555555556	0.1111111111111111	0.1111111111111111	0.	0.	0.1111111111111111
239	0.7293098102855715	0.6512018728054416	0.6666666666666666	0.5555555555555556	0.1111111111111111	0.	0.	0.1111111111111111
240	0.3653199723604018	0.406581611295903	0.3333333333333333	0.3333333333333333	0.1111111111111111	0.	0.	0.1111111111111111
241	0.8361525677251073	0.9131835616468906	0.7777777777777778	0.8888888888888888	0.1111111111111111	0.	0.	0.1111111111111111
242	0.127373262560377	0.258909292395908	0.1111111111111111	0.2222222222222222	0.1111111111111111	0.	0.	0.1111111111111111
243	0.6008395105814861	0.2059107221525051	0.5555555555555556	0.18518518518518517	0.1111111111111111	0.	0.	0.037037037037037035
244	0.6966715467992023	0.6319023299427684	0.6666666666666666	0.5555555555555556	0.037037037037037035	0.	0.	0.1111111111111111
245	0.08282732391402596	0.840011181408288	0.07407407407407407	0.7777777777777778	0.037037037037037035	0.	0.	0.1111111111111111
246	0.8087308326810425	0.8952862213404172	0.7777777777777778	0.8888888888888888	0.037037037037037035	0.	0.	0.1111111111111111
247	0.2054536614866541	0.2455435055733462	0.18518518518518517	0.2222222222222222	0.037037037037037035	0.	0.	0.1111111111111111
248	0.4132274480712867	0.3933823343383714	0.3333333333333333	0.37037037037037035	0.1111111111111111	0.	0.	0.037037037037037035
249	0.3098928203562306	0.5233194649134831	0.2222222222222222	0.5185185185185185	0.1111111111111111	0.	0.	0.037037037037037035
250	0.5230990532356692	0.6967990301617734	0.4444444444444444	0.6666666666666666	0.1111111111111111	0.	0.	0.037037037037037035
251	0.9430855621749697	0.001050292068230461	0.8888888888888888	0.	0.1111111111111111	0.	0.	0.037037037037037035
252	0.8379201261087665	0.1835769085167477	0.7777777777777778	0.14814814814814814	0.1111111111111111	0.	0.	0.037037037037037035
253	0.1248088688463764	0.6149862215125815	0.1111111111111111	0.5925925925925926	0.1111111111111111	0.	0.	0.037037037037037035
254	0.3626235403707142	0.7832064452326888	0.3333333333333333	0.7777777777777778	0.1111111111111111	0.	0.	0.037037037037037035
255	0.2427713660062345	0.971900180013453	0.2222222222222222	0.9629629629629629	0.1111111111111111	0.	0.	0.037037037037037035
256	0.460983438935604	0.3328742146107817	0.4444444444444444	0.2962962962962963	0.1111111111111111	0.	0.	0.037037037037037035
257	0.979373904512314	0.3335793201513752	0.9629629629629629	0.3333333333333333	0.037037037037037035	0.	0.	0.1111111111111111
258	0.6608910204884216	0.4977498311918139	0.6296296296296297	0.4444444444444444	0.037037037037037035	0.	0.	0.1111111111111111
259	0.7303481566768659	0.7562586655038784	0.6666666666666666	0.7407407407407407	0.1111111111111111	0.	0.	0.037037037037037035
260	0.01764768133709452	0.0867610910824423	0.	0.07407407407407407	0.1111111111111111	0.	0.	0.037037037037037035
261	0.267158157450986	0.1450117291034652	0.25925925925925924	0.1111111111111111	0.037037037037037035	0.	0.	0.1111111111111111
262	0.4915138626031728	0.5728308447827084	0.48148148148148145	0.5555555555555556	0.037037037037037035	0.	0.	0.1111111111111111
263	0.9222755158241859	0.8769840538815695	0.8888888888888888	0.7777777777777778	0.037037037037037035	0.	0.	0.1111111111111111
264	0.5561663045308548	0.9277547493536581	0.5555555555555556	0.8888888888888888	0.037037037037037035	0.	0.	0.1111111111111111
265	0.7686853383396216	0.2917804759331318	0.6666666666666666	0.25925925925925924	0.1111111111111111	0.	0.	0.037037037037037035
266	0.07267693062046597	0.4089328154591569	0.037037037037037035	0.3333333333333333	0.037037037037037035	0.	0.	0.1111111111111111
267	0.8837418886915572	0.4458843510812184	0.8518518518518519	0.4444444444444444	0.037037037037037035	0.	0.	0.1111111111111111
268	0.1633433658349099	0.7220262177030429	0.14814814814814814	0.6666666666666666	0.037037037037037035	0.	0.	0.1111111111111111
269	0.3852284840481595	0.05218593554216144	0.37037037037037035	0.	0.037037037037037035	0.	0.	0.1111111111111111
270	0.331013487862624	0.670159516696771	0.2222222222222222	0.6666666666666666	0.1111111111111111	0.	0.	0.037037037037037035
271	0.5413342693223778	0.01577887981379666	0.4444444444444444	0.	0.1111111111111111	0.	0.	0.037037037037037035
272	0.9551458501549033	0.5403707683961272	0.8888888888888888	0.5185185185185185	0.1111111111111111	0.	0.	0.037037037037037035
273	0.6057740947201169	0.6523724020182112	0.5555555555555556	0.6296296296296297	0.1111111111111111	0.	0.	0.037037037037037035
274	0.6787115071758634	0.8267188238462009	0.6666666666666666	0.7777777777777778	0.037037037037037035	0.	0.	0.1111111111111111
275	0.09174935763399958	0.2168909140992799	0.07407407407407407	0.1111111111111111	0.037037037037037035	0.	0.	0.1111111111111111
276	0.7822002792079142	0.2557370225541513	0.7777777777777778	0.2222222222222222	0.037037037037037035	0.	0.	0.1111111111111111
277	0.2129983029025258	0.4040144703515324	0.1111111111111111	0.37037037037037035	0.1111111111111111	0.	0.	0.037037037037037035
278	0.4225176640051167	0.9104276645523516	0.4074074074074074	0.8888888888888888	0.037037037037037035	0.	0.	0.1111111111111111
279	0.6357365807774819	0.7691099484759912	0.6296296296296297	0.6666666666666666	0.037037037037037035	0.	0.	0.1111111111111111
280	0.7066173062760585	0.1092389781515487	0.6666666666666666	0.07407407407407407	0.1111111111111111	0.	0.	0.037037037037037035
281	0.03431629296198632	0.5161089841069298	0.	0.48148148148148145	0.1111111111111111	0.	0.	0.037037037037037035
282	0.8410191912522554	0.6275851963695877	0.7777777777777778	0.5925925925925926	0.1111111111111111	0.	0.	0.037037037037037035
283	0.1416617264486839	0.7944700114539718	0.1111111111111111	0.7777777777777778	0.1111111111111111	0.	0.	0.037037037037037035
284	0.3355081460340628	0.1583445612070696	0.3333333333333333	0.14814814814814814	0.1111111111111111	0.	0.	0.037037037037037035
285	0.2573744183158057	0.2996298844001855	0.2222222222222222	0.2962962962962963	0.1111111111111111	0.	0.	0.037037037037037035
286	0.4720596015423094	0.3461420682201796	0.4444444444444444	0.3333333333333333	0.037037037037037035	0.	0.	0.1111111111111111
287	0.997011724040921	0.9798198368732464	0.8888888888888888	0.9629629629629629	0.1111111111111111	0.	0.	0.037037037037037035
288	0.8629873307156625	0.7305796605231515	0.8518518518518519	0.6666666666666666	0.037037037037037035	0.	0.	0.1111111111111111
289	0.183550281977988	0.06707870923505373	0.14814814814814814	0.	0.037037037037037035	0.	0.	0.1111111111111111
290	0.4034663363747221	0.4677410939237479	0.37037037037037035	0.4444444444444444	0.037037037037037035	0.	0.	0.1111111111111111
291	0.2818567390395986	0.585114005160424	0.25925925925925924	0.5555555555555556	0.037037037037037035	0.	0.	0.1111111111111111
292	0.49907770537832	0.8524878421354393	0.48148148148148145	0.7777777777777778	0.037037037037037035	0.	0.	0.1111111111111111
293	0.8989447569804015	0.1207189982492984	0.8888888888888888	0.1111111111111111	0.037037037037037035	0.	0.	0.1111111111111111
294	0.5753009946427141	0.2665720931106116	0.5555555555555556	0.2222222222222222	0.037037037037037035	0.	0.	0.1111111111111111
295	0.7452552507275026	0.4288528443488353	0.7407407407407407	0.3333333333333333	0.037037037037037035	0.	0.	0.1111111111111111
296	0.03837405202387218	0.9389964220503578	0.	0.9259259259259259	0.1111111111111111	0.	0.	0.037037037037037035
297	0.7957173177109209	0.3815206729210098	0.7777777777777778	0.37037037037037035	0.1111111111111111	0.	0.	0.037037037037037035
298	0.1971723106260392	0.9202993400107276	0.18518518518518517	0.8888888888888888	0.037037037037037035	0.	0.	0.1111111111111111
299	0.4328274061244431	0.2322550455851945	0.4074074074074074	0.2222222222222222	0.037037037037037035	0.	0.	0.1111111111111111
300	0.2997770819154241	0.02794926178172953	0.2222222222222222	0.	0.1111111111111111	0.	0.	0.037037037037037035
301	0.5501530414240258	0.5458035958444108	0.4444444444444444	0.5185185185185185	0.1111111111111111	0.	0.	0.037037037037037035
302	0.9371911466802504	0.6867565514842969	0.8888888888888888	0.6666666666666666	0.1111111111111111	0.	0.	0.037037037037037035
303	0.624115255986543	0.8372593814985351	0.5555555555555556	0.8148148148148148	0.1111111111111111	0.	0.	0.037037037037037035
304	0.6879550692357247	0.1931266297413954	0.6666666666666666	0.1111111111111111	0.037037037037037035	0.	0.	0.1111111111111111
305	0.1007480754758602	0.6550250770724382	0.07407407407407407	0.5555555555555556	0.037037037037037035	0.	0.	0.1111111111111111
306	0.2247398381658643	0.3674610628728691	0.2222222222222222	0.3333333333333333	0.037037037037037035	0.	0.	0.1111111111111111
307	0.4484507942480038	0.9967797839760957	0.4444444444444444	0.9629629629629629	0.1111111111111111	0.	0.	0.037037037037037035
308	0.9752642827657299	0.3198731839227361	0.8888888888888888	0.2962962962962963	0.1111111111111111	0.	0.	0.037037037037037035
309	0.6527966310011033	0.07759937635444297	0.6296296296296297	0.	0.037037037037037035	0.	0.	0.1111111111111111
310	0.7254628876034139	0.4833312614673476	0.6666666666666666	0.48148148148148145	0.1111111111111111	0.	0.	0.037037037037037035
311	0.00936218769093891	0.7521627859318853	0.	0.7407407407407407	0.1111111111111111	0.	0.	0.037037037037037035
312	0.8181257204150261	0.8043524478300544	0.7777777777777778	0.7777777777777778	0.1111111111111111	0.	0.	0.037037037037037035
313	0.1144943739238668	0.1632191665870654	0.1111111111111111	0.14814814814814814	0.1111111111111111	0.	0.	0.037037037037037035
314	0.3490128620086138	0.602446606792652	0.3333333333333333	0.5925925925925926	0.1111111111111111	0.	0.	0.037037037037037035
315	0.5847923434598387	0.4389152875529341	0.5555555555555556	0.4074074074074074	0.1111111111111111	0.	0.	0.037037037037037035
316	0.7578287046489515	0.9534263085055026	0.6666666666666666	0.9259259259259259	0.1111111111111111	0.	0.	0.037037037037037035
317	0.05246230881024296	0.2727038846242676	0.	0.25925925925925924	0.1111111111111111	0.	0.	0.037037037037037035
318	0.8745028247589662	0.04926409385987155	0.8518518518518519	0.	0.037037037037037035	0.	0.	0.1111111111111111
319	0.152983564411673	0.4742952387666139	0.14814814814814814	0.4444444444444444	0.037037037037037035	0.	0.	0.1111111111111111
320	0.377178449468462	0.7128864119866757	0.37037037037037035	0.6666666666666666	0.037037037037037035	0.	0.	0.1111111111111111
321	0.2962875581592347	0.8705373100010034	0.25925925925925924	0.7777777777777778	0.037037037037037035	0.	0.	0.1111111111111111
322	0.5097989228958926	0.1260692952147918	0.48148148148148145	0.1111111111111111	0.037037037037037035	0.	0.	0.1111111111111111
323	0.9039067893317675	0.5654476360610516	0.8888888888888888	0.5555555555555556	0.037037037037037035	0.	0.	0.1111111111111111
324	0.4845502660030972	0.1039376581173365	0.4444444444444444	0.07407407407407407	0.1111111111111111	0.	0.	0.037037037037037035
325	0.9138805020712263	0.5138446872385214	0.8888888888888888	0.48148148148148145	0.1111111111111111	0.	0.	0.037037037037037035
326	0.2679982369233962	0.7739360441173432	0.2222222222222222	0.7407407407407407	0.1111111111111111	0.	0.	0.037037037037037035
327	0.7698988690640296	0.7921582751740663	0.7407407407407407	0.7777777777777778	0.037037037037037035	0.	0.	0.1111111111111111
328	0.06230723383346925	0.1549092885826525	0.037037037037037035	0.1111111111111111	0.037037037037037035	0.	0.	0.1111111111111111
329	0.5635995957869951	0.621761422466568	0.5555555555555556	0.5925925925925926	0.1111111111111111	0.	0.	0.037037037037037035
330	0.1685937102481605	0.3552038613700337	0.1111111111111111	0.3333333333333333	0.1111111111111111	0.	0.	0.037037037037037035
331	0.3891731842126019	0.9782304707517245	0.37037037037037035	0.8888888888888888	0.037037037037037035	0.	0.	0.1111111111111111
332	0.8885449275588864	0.3067833272665831	0.8518518518518519	0.2222222222222222	0.037037037037037035	0.	0.	0.1111111111111111
333	0.7026101735161456	0.06234952294086508	0.6666666666666666	0.037037037037037035	0.1111111111111111	0.	0.	0.037037037037037035
334	0.07561875489760171	0.4629893619281452	0.	0.4444444444444444	0.1111111111111111	0.	0.	0.037037037037037035
335	0.5933086276876458	0.7371191468743754	0.5925925925925926	0.6666666666666666	0.037037037037037035	0.	0.	0.1111111111111111
336	0.2068467817491535	0.861545190502302	0.1111111111111111	0.8518518518518519	0.1111111111111111	0.	0.	0.037037037037037035
337	0.4159895124527948	0.1159278878510734	0.3333333333333333	0.1111111111111111	0.1111111111111111	0.	0.	0.037037037037037035
338	0.8110840226281029	0.5808028289386625	0.7777777777777778	0.5555555555555556	0.1111111111111111	0.	0.	0.037037037037037035
339	0.5270423914002133	0.426654261609449	0.5185185185185185	0.3333333333333333	0.037037037037037035	0.	0.	0.1111111111111111
340	0.9497625442657818	0.9506018657331948	0.8888888888888888	0.9259259259259259	0.1111111111111111	0.	0.	0.037037037037037035
341	0.3133296528706135	0.2610354972733515	0.2222222222222222	0.25925925925925924	0.1111111111111111	0.	0.	0.037037037037037035
342	0.1279325325856303	0.02167734086980619	0.1111111111111111	0.	0.037037037037037035	0.	0.	0.1111111111111111
343	0.3695088464977907	0.538924303854599	0.3333333333333333	0.4444444444444444	0.037037037037037035	0.	0.	0.1111111111111111
344	0.8310904726913741	0.6771753253005333	0.8148148148148148	0.6666666666666666	0.037037037037037035	0.	0.	0.1111111111111111
345	0.4654263084160218	0.8223072665971812	0.4444444444444444	0.7777777777777778	0.037037037037037035	0.	0.	0.1111111111111111
346	0.9809671871363864	0.2136381692502587	0.9629629629629629	0.1111111111111111	0.037037037037037035	0.	0.	0.1111111111111111
347	0.2468359101162561	0.6469334528837133	0.2222222222222222	0.5555555555555556	0.037037037037037035	0.	0.	0.1111111111111111
348	0.7358909292654026	0.4002817853033064	0.7037037037037037	0.3333333333333333	0.037037037037037035	0.	0.	0.1111111111111111
349	0.02115947719016998	0.9062183759035349	0.	0.8888888888888888	0.1111111111111111	0.	0.	0.037037037037037035
350	0.6625878916796267	0.2549406045137346	0.6296296296296297	0.2222222222222222	0.037037037037037035	0.	0.	0.1111111111111111
351	0.1731480348560846	0.9933747979962929	0.14814814814814814	0.8888888888888888	0.037037037037037035	0.	0.	0.1111111111111111
352	0.3969440251605623	0.3158538120923525	0.37037037037037035	0.2222222222222222	0.037037037037037035	0.	0.	0.1111111111111111
353	0.85544804867905	0.3634575790337201	0.7777777777777778	0.3333333333333333	0.1111111111111111	0.	0.	0.037037037037037035
354	0.5054585819801596	0.4930471036600235	0.4444444444444444	0.48148148148148145	0.1111111111111111	0.	0.	0.037037037037037035
355	0.8893521159813174	0.7462101830138365	0.8888888888888888	0.7407407407407407	0.1111111111111111	0.	0.	0.037037037037037035
356	0.2732029642345529	0.0844319964020626	0.2222222222222222	0.07407407407407407	0.1111111111111111	0.	0.	0.037037037037037035
357	0.7500793537019154	0.1696163536324138	0.7407407407407407	0.1111111111111111	0.037037037037037035	0.	0.	0.1111111111111111
358	0.04174420332907759	0.5975425674161148	0.037037037037037035	0.5555555555555556	0.037037037037037035	0.	0.	0.1111111111111111
359	0.5799614657619894	0.8126492943433355	0.5555555555555556	0.7777777777777778	0.1111111111111111	0.	0.	0.037037037037037035
360	0.5330774034858371	0.9606271365787264	0.4444444444444444	0.9259259259259259	0.1111111111111111	0.	0.	0.037037037037037035
361	0.9605923062060872	0.2820906167063009	0.8888888888888888	0.25925925925925924	0.1111111111111111	0.	0.	0.037037037037037035
362	0.3243491664341652	0.434190167469434	0.2962962962962963	0.3333333333333333	0.037037037037037035	0.	0.	0.1111111111111111
363	0.6704999710706231	0.4717220174348256	0.6666666666666666	0.4444444444444444	0.1111111111111111	0.	0.	0.037037037037037035
364	0.09710748760459423	0.7104145525285662	0.	0.7037037037037037	0.1111111111111111	0.	0.	0.037037037037037035
365	0.6100896752864646	0.04226230877875262	0.5925925925925926	0.	0.037037037037037035	0.	0.	0.1111111111111111
366	0.2173590196120646	0.1338756531278861	0.1111111111111111	0.1111111111111111	0.1111111111111111	0.	0.	0.037037037037037035
367	0.4239040301935778	0.5608827905846766	0.3333333333333333	0.5555555555555556	0.1111111111111111	0.	0.	0.037037037037037035
368	0.788408938967259	0.8661802430726201	0.7777777777777778	0.8518518518518519	0.1111111111111111	0.	0.	0.037037037037037035
369	0.7115686190085144	0.9152324878718534	0.6666666666666666	0.8888888888888888	0.1111111111111111	0.	0.	0.037037037037037035
370	0.02705056641097437	0.2298718425980477	0.	0.2222222222222222	0.1111111111111111	0.	0.	0.037037037037037035
371	0.6418887394810276	0.376238518109626	0.5555555555555556	0.37037037037037035	0.1111111111111111	0.	0.	0.037037037037037035
372	0.1442788613072036	0.5516026919956385	0.1111111111111111	0.4444444444444444	0.037037037037037035	0.	0.	0.1111111111111111
373	0.339604700153068	0.6795400771898773	0.3333333333333333	0.6666666666666666	0.037037037037037035	0.	0.	0.1111111111111111
374	0.8474820967285841	0.03595246696757262	0.8148148148148148	0.	0.037037037037037035	0.	0.	0.1111111111111111
375	0.4770006609881011	0.1873852254279372	0.4444444444444444	0.1111111111111111	0.037037037037037035	0.	0.	0.1111111111111111
376	0.9892160186361921	0.6657912904893715	0.9629629629629629	0.5555555555555556	0.037037037037037035	0.	0.	0.1111111111111111
377	0.2476418449481299	0.8319780397572106	0.2222222222222222	0.7777777777777778	0.037037037037037035	0.	0.	0.1111111111111111
378	0.7622219794369213	0.609834188024406	0.7407407407407407	0.5555555555555556	0.037037037037037035	0.	0.	0.1111111111111111
379	0.05651021982990682	0.7805281425543465	0.037037037037037035	0.7777777777777778	0.037037037037037035	0.	0.	0.1111111111111111
380	0.5893889588959418	0.1797016161424544	0.5555555555555556	0.14814814814814814	0.1111111111111111	0.	0.	0.037037037037037035
381	0.1573540198937009	0.3258902525415996	0.14814814814814814	0.2222222222222222	0.037037037037037035	0.	0.	0.1111111111111111
382	0.3795912619720361	0.3430985499582083	0.3333333333333333	0.3333333333333333	0.1111111111111111	0.	0.	0.037037037037037035
383	0.8646655228052914	0.96959514618409	0.8518518518518519	0.8888888888888888	0.037037037037037035	0.	0.	0.1111111111111111
384	0.51098160341919	0.7642766040354326	0.4444444444444444	0.7407407407407407	0.1111111111111111	0.	0.	0.037037037037037035
385	0.9063860645050534	0.09497035661425744	0.8888888888888888	0.07407407407407407	0.1111111111111111	0.	0.	0.037037037037037035
386	0.2872950858999785	0.5042900187621896	0.2222222222222222	0.48148148148148145	0.1111111111111111	0.	0.	0.037037037037037035
387	0.1880233933626572	0.5679437559810283	0.1111111111111111	0.5555555555555556	0.1111111111111111	0.	0.	0.037037037037037035
388	0.4379149670286712	0.8854466178392199	0.3333333333333333	0.8518518518518519	0.1111111111111111	0.	0.	0.037037037037037035
389	0.8002236462339847	0.1427407986158419	0.7777777777777778	0.1111111111111111	0.1111111111111111	0.	0.	0.037037037037037035
390	0.5524864785007968	0.285907915245374	0.4444444444444444	0.25925925925925924	0.1111111111111111	0.	0.	0.037037037037037035
391	0.926480778700719	0.4185640372778529	0.9259259259259259	0.3333333333333333	0.037037037037037035	0.	0.	0.1111111111111111
392	0.3007149380097275	0.9374496934948288	0.2222222222222222	0.9259259259259259	0.1111111111111111	0.	0.	0.037037037037037035
393	0.6808855111084914	0.7163510747276628	0.6666666666666666	0.7037037037037037	0.1111111111111111	0.	0.	0.037037037037037035
394	0.1047567139210682	0.0585554696015746	0.	0.037037037037037035	0.1111111111111111	0.	0.	0.037037037037037035
395	0.6263659302747925	0.4542327152621674	0.5925925925925926	0.4444444444444444	0.037037037037037035	0.	0.	0.1111111111111111
396	0.4486663352489857	0.6415896011116748	0.4444444444444444	0.5555555555555556	0.037037037037037035	0.	0.	0.1111111111111111
397	0.9650687972089502	0.8481780872805964	0.9629629629629629	0.7777777777777778	0.037037037037037035	0.	0.	0.1111111111111111
398	0.2268481727098331	0.2016571577520947	0.2222222222222222	0.1111111111111111	0.037037037037037035	0.	0.	0.1111111111111111
399	0.7188665001142983	0.2392086366913857	0.6666666666666666	0.2222222222222222	0.1111111111111111	0.	0.	0.037037037037037035
400	0.001530706343205302	0.3887408752922203	0.	0.3333333333333333	0.037037037037037035	0.	0.	0.1111111111111111
401	0.6450191684794107	0.8890551113831257	0.6296296296296297	0.8888888888888888	0.037037037037037035	0.	0.	0.1111111111111111
402	0.1162521006127445	0.6943449644622866	0.1111111111111111	0.6666666666666666	0.037037037037037035	0.	0.	0.1111111111111111
403	0.3529809269672708	0.0107702064943361	0.3333333333333333	0.	0.037037037037037035	0.	0.	0.1111111111111111
404	0.8206515883744772	0.5210043163205031	0.8148148148148148	0.4444444444444444	0.037037037037037035	0.	0.	0.1111111111111111
405	0.3580926812228216	0.2767314714736215	0.3333333333333333	0.2222222222222222	0.037037037037037035	0.	0.	0.1111111111111111
406	0.8317523263463745	0.4414913989400975	0.7777777777777778	0.4074074074074074	0.1111111111111111	0.	0.	0.037037037037037035
407	0.1356630082618062	0.9587873199275564	0.1111111111111111	0.8888888888888888	0.037037037037037035	0.	0.	0.1111111111111111
408	0.9836165884005857	0.705708583901629	0.8888888888888888	0.7037037037037037	0.1111111111111111	0.	0.	0.037037037037037035
409	0.2359321476154556	0.03833620511829289	0.2222222222222222	0.037037037037037035	0.1111111111111111	0.	0.	0.037037037037037035
410	0.4608621125353027	0.4799483393696644	0.4444444444444444	0.4444444444444444	0.1111111111111111	0.	0.	0.037037037037037035
411	0.01536272990800271	0.5579214491845491	0.	0.5555555555555556	0.037037037037037035	0.	0.	0.1111111111111111
412	0.6572723829275844	0.8759739739354191	0.5555555555555556	0.8518518518518519	0.1111111111111111	0.	0.	0.037037037037037035
413	0.7389746708345447	0.130585697202676	0.7037037037037037	0.1111111111111111	0.037037037037037035	0.	0.	0.1111111111111111
414	0.9187187051431346	0.2247081034821918	0.8888888888888888	0.2222222222222222	0.1111111111111111	0.	0.	0.037037037037037035
415	0.2609171125519212	0.3706247399837441	0.25925925925925924	0.3333333333333333	0.037037037037037035	0.	0.	0.1111111111111111
416	0.4863502198511757	0.9244397448478777	0.4444444444444444	0.8888888888888888	0.1111111111111111	0.	0.	0.037037037037037035
417	0.06741284833458219	0.6899140475419375	0.	0.6666666666666666	0.1111111111111111	0.	0.	0.037037037037037035
418	0.564784531396669	0.02929310311549716	0.5555555555555556	0.	0.037037037037037035	0.	0.	0.1111111111111111
419	0.7738177419935062	0.5493478129736534	0.6666666666666666	0.5185185185185185	0.1111111111111111	0.	0.	0.037037037037037035
420	0.3913342065568108	0.6620886288059311	0.3333333333333333	0.6296296296296297	0.1111111111111111	0.	0.	0.037037037037037035
421	0.8782971852580569	0.8287114228144673	0.7777777777777778	0.8148148148148148	0.1111111111111111	0.	0.	0.037037037037037035
422	0.1714019191518117	0.1969911723830727	0.1111111111111111	0.18518518518518517	0.1111111111111111	0.	0.	0.037037037037037035
423	0.08112259734753816	0.3118707160924918	0.	0.2962962962962963	0.1111111111111111	0.	0.	0.037037037037037035
424	0.5976564677765404	0.3606476218143435	0.5555555555555556	0.3333333333333333	0.1111111111111111	0.	0.	0.037037037037037035
425	0.6932543122846212	0.9912343501963488	0.6666666666666666	0.9629629629629629	0.1111111111111111	0.	0.	0.037037037037037035
426	0.4103740780730882	0.7420808634620251	0.4074074074074074	0.6666666666666666	0.037037037037037035	0.	0.	0.1111111111111111
427	0.8030475056607895	0.08150148455364734	0.7777777777777778	0.	0.037037037037037035	0.	0.	0.1111111111111111
428	0.2014311070677524	0.4875236632102852	0.18518518518518517	0.4444444444444444	0.037037037037037035	0.	0.	0.1111111111111111
429	0.9410081871018443	0.5963372491295025	0.9259259259259259	0.5555555555555556	0.037037037037037035	0.	0.	0.1111111111111111
430	0.3208267438844722	0.8106305300062056	0.2962962962962963	0.7777777777777778	0.037037037037037035	0.	0.	0.1111111111111111
431	0.5221439591957151	0.1662843770419862	0.5185185185185185	0.1111111111111111	0.037037037037037035	0.	0.	0.1111111111111111
432	0.0317673639265544	0.8823360845361313	0.	0.7777777777777778	0.037037037037037035	0.	0.	0.1111111111111111
433	0.6336537792145526	0.1360940962865114	0.5555555555555556	0.1111111111111111	0.1111111111111111	0.	0.	0.037037037037037035
434	0.7134810733598896	0.5792680168067552	0.7037037037037037	0.5555555555555556	0.037037037037037035	0.	0.	0.1111111111111111
435	0.3455361968048451	0.4130007021905339	0.3333333333333333	0.4074074074074074	0.1111111111111111	0.	0.	0.037037037037037035
436	0.8503515810010073	0.9333915988802199	0.8148148148148148	0.8888888888888888	0.037037037037037035	0.	0.	0.1111111111111111
437	0.136297502324406	0.2953085220023043	0.1111111111111111	0.2222222222222222	0.037037037037037035	0.	0.	0.1111111111111111
438	0.9919477352852825	0.05730077086002199	0.8888888888888888	0.037037037037037035	0.1111111111111111	0.	0.	0.037037037037037035
439	0.2520220753390941	0.452273266321751	0.2222222222222222	0.4444444444444444	0.1111111111111111	0.	0.	0.037037037037037035
440	0.4777964586861762	0.7275511251204545	0.4444444444444444	0.7037037037037037	0.1111111111111111	0.	0.	0.037037037037037035
441	0.4031705337435918	0.8454940285824687	0.3333333333333333	0.8148148148148148	0.1111111111111111	0.	0.	0.037037037037037035
442	0.8584999058563816	0.2012352733363051	0.7777777777777778	0.18518518518518517	0.1111111111111111	0.	0.	0.037037037037037035
443	0.1799921712452332	0.636883507727956	0.1111111111111111	0.6296296296296297	0.1111111111111111	0.	0.	0.037037037037037035
444	0.8967877113661551	0.3865450432247703	0.8888888888888888	0.3333333333333333	0.037037037037037035	0.	0.	0.1111111111111111
445	0.2795237244151019	0.9000370852008983	0.2222222222222222	0.8888888888888888	0.1111111111111111	0.	0.	0.037037037037037035
446	0.495563511613863	0.238455880943354	0.4444444444444444	0.2222222222222222	0.1111111111111111	0.	0.	0.037037037037037035
447	0.04752833468925457	0.007150805766152101	0.	0.	0.1111111111111111	0.	0.	0.037037037037037035
448	0.5708837829001174	0.5290405940989524	0.5555555555555556	0.4444444444444444	0.037037037037037035	0.	0.	0.1111111111111111
449	0.7416750451385308	0.7025441341590997	0.6666666666666666	0.6666666666666666	0.1111111111111111	0.	0.	0.037037037037037035
450	0.9527539270989185	0.789703214861893	0.9259259259259259	0.7777777777777778	0.037037037037037035	0.	0.	0.1111111111111111
451	0.3276792630689528	0.1731433655108864	0.2962962962962963	0.1111111111111111	0.037037037037037035	0.	0.	0.1111111111111111
452	0.5363167855929616	0.6073021381513287	0.5185185185185185	0.5555555555555556	0.037037037037037035	0.	0.	0.1111111111111111
453	0.08741615968930681	0.3387795622411355	0.07407407407407407	0.3333333333333333	0.037037037037037035	0.	0.	0.1111111111111111
454	0.6171279891532359	0.9630814965321396	0.5925925925925926	0.8888888888888888	0.037037037037037035	0.	0.	0.1111111111111111
455	0.6714574613011756	0.3244322742397172	0.6666666666666666	0.2962962962962963	0.1111111111111111	0.	0.	0.037037037037037035
456	0.4297776861598389	0.09393345654123798	0.4074074074074074	0.	0.037037037037037035	0.	0.	0.1111111111111111
457	0.7805934970396812	0.5006396198455403	0.7777777777777778	0.4444444444444444	0.037037037037037035	0.	0.	0.1111111111111111
458	0.2200162435566661	0.7598238830712264	0.18518518518518517	0.6666666666666666	0.037037037037037035	0.	0.	0.1111111111111111
459	0.9686219615504125	0.4592752587572448	0.8888888888888888	0.4444444444444444	0.1111111111111111	0.	0.	0.037037037037037035
460	0.2311150809235251	0.7352160475608368	0.2222222222222222	0.7037037037037037	0.1111111111111111	0.	0.	0.037037037037037035
461	0.4567409460542668	0.07357188672933954	0.4444444444444444	0.037037037037037035	0.1111111111111111	0.	0.	0.037037037037037035
462	0.006172514708344882	0.111356598041635	0.	0.1111111111111111	0.037037037037037035	0.	0.	0.1111111111111111
463	0.6493330704217521	0.5919898555838469	0.5555555555555556	0.5555555555555556	0.1111111111111111	0.	0.	0.037037037037037035
464	0.7220609852670957	0.8569606067822947	0.7037037037037037	0.7777777777777778	0.037037037037037035	0.	0.	0.1111111111111111
465	0.3544847013326993	0.9430119126542461	0.3333333333333333	0.8888888888888888	0.037037037037037035	0.	0.	0.1111111111111111
466	0.8258141866110752	0.270174902907626	0.8148148148148148	0.2222222222222222	0.037037037037037035	0.	0.	0.1111111111111111
467	0.1231794514960032	0.4224927952463901	0.1111111111111111	0.4074074074074074	0.1111111111111111	0.	0.	0.037037037037037035
468	0.06039973705847722	0.5332945000748269	0.	0.5185185185185185	0.1111111111111111	0.	0.	0.037037037037037035
469	0.581839069091327	0.6742929549431582	0.5555555555555556	0.6666666666666666	0.037037037037037035	0.	0.	0.1111111111111111
470	0.7565271610264956	0.0174711418872153	0.6666666666666666	0.	0.1111111111111111	0.	0.	0.037037037037037035
471	0.3712853873697251	0.2183135759072704	0.3333333333333333	0.18518518518518517	0.1111111111111111	0.	0.	0.037037037037037035
472	0.8722523044808127	0.6450504970582492	0.7777777777777778	0.6296296296296297	0.1111111111111111	0.	0.	0.037037037037037035
473	0.1509454989098421	0.8160373607223786	0.1111111111111111	0.8148148148148148	0.1111111111111111	0.	0.	0.037037037037037035
474	0.912190742876964	0.9015435749622077	0.8888888888888888	0.8888888888888888	0.1111111111111111	0.	0.	0.037037037037037035
475	0.2907449739964579	0.2500191396261784	0.2222222222222222	0.2222222222222222	0.1111111111111111	0.	0.	0.037037037037037035
476	0.5155620658634466	0.3962215939143752	0.48148148148148145	0.3333333333333333	0.037037037037037035	0.	0.	0.1111111111111111
477	0.4405364984882528	0.5071627828473815	0.4074074074074074	0.4444444444444444	0.037037037037037035	0.	0.	0.1111111111111111
478	0.7913832430271905	0.7702081067099509	0.7777777777777778	0.6666666666666666	0.037037037037037035	0.	0.	0.1111111111111111
479	0.1925680394255039	0.1015141199721112	0.18518518518518517	0.	0.037037037037037035	0.	0.	0.1111111111111111
480	0.9301611347320009	0.148221083543846	0.9259259259259259	0.1111111111111111	0.037037037037037035	0.	0.	0.1111111111111111
481	0.3057046345321194	0.6178172815566637	0.2962962962962963	0.5555555555555556	0.037037037037037035	0.	0.	0.1111111111111111
482	0.543637380176521	0.8020438812327932	0.5185185185185185	0.7777777777777778	0.037037037037037035	0.	0.	0.1111111111111111
483	0.1103085326668582	0.9853713785729421	0.	0.9629629629629629	0.1111111111111111	0.	0.	0.037037037037037035
484	0.6174745153105897	0.3006575103121783	0.5925925925925926	0.2222222222222222	0.037037037037037035	0.	0.	0.1111111111111111
485	0.6838050830777478	0.3536648591310478	0.6666666666666666	0.3333333333333333	0.037037037037037035	0.	0.	0.1111111111111111
486	0.2919882708285639	0.6084810854354857	0.25925925925925924	0.5555555555555556	0.037037037037037035	0.	0.	0.1111111111111111
487	0.5162931862043741	0.7860838631760301	0.48148148148148145	0.7777777777777778	0.037037037037037035	0.	0.	0.1111111111111111
488	0.9125114960040226	0.1748445773776995	0.8888888888888888	0.1111111111111111	0.037037037037037035	0.	0.	0.1111111111111111
489	0.5841838383858251	0.3216502341464961	0.5555555555555556	0.2222222222222222	0.037037037037037035	0.	0.	0.1111111111111111
490	0.7541780424524734	0.3395246226467216	0.7407407407407407	0.3333333333333333	0.037037037037037035	0.	0.	0.1111111111111111
491	0.05783129003966196	0.9650605202417848	0.	0.9629629629629629	0.1111111111111111	0.	0.	0.037037037037037035
492	0.8690015385324652	0.7606192789664256	0.8518518518518519	0.6666666666666666	0.037037037037037035	0.	0.	0.1111111111111111
493	0.1484635926590518	0.09101215604526275	0.14814814814814814	0.	0.037037037037037035	0.	0.	0.1111111111111111
494	0.3719960200659392	0.502006130777112	0.37037037037037035	0.4444444444444444	0.037037037037037035	0.	0.	0.1111111111111111
495	0.6193819544393447	0.5773312116523949	0.5555555555555556	0.5555555555555556	0.1111111111111111	0.	0.	0.037037037037037035
496	0.6856405229168627	0.8842441397052699	0.6666666666666666	0.7777777777777778	0.037037037037037035	0.	0.	0.1111111111111111
497	0.107864900936271	0.1373851457126557	0.07407407407407407	0.1111111111111111	0.037037037037037035	0.	0.	0.1111111111111111
498	0.7924739786628408	0.2929412517467552	0.7777777777777778	0.2222222222222222	0.037037037037037035	0.	0.	0.1111111111111111
499	0.1894641311377141	0.4148900231930343	0.1111111111111111	0.4074074074074074	0.1111111111111111	0.	0.	0.037037037037037035
500	0.4419021352619616	0.9309134155438709	0.4074074074074074	0.8888888888888888	0.037037037037037035	0.	0.	0.1111111111111111
501	0.3061002417281378	0.7249454016356889	0.2222222222222222	0.7037037037037037	0.1111111111111111	0.	0.	0.037037037037037035
502	0.5449984198779257	0.05372717479930013	0.4444444444444444	0.037037037037037035	0.1111111111111111	0.	0.	0.037037037037037035
503	0.9317698106221395	0.4486577141251815	0.8888888888888888	0.4444444444444444	0.1111111111111111	0.	0.	0.037037037037037035
504	0.8232798248657761	0.6346896623047041	0.7777777777777778	0.6296296296296297	0.1111111111111111	0.	0.	0.037037037037037035
505	0.1202537320287845	0.8471187017335747	0.1111111111111111	0.8148148148148148	0.1111111111111111	0.	0.	0.037037037037037035
506	0.3555159907921132	0.198044254701253	0.3333333333333333	0.18518518518518517	0.1111111111111111	0.	0.	0.037037037037037035
507	0.2318719613888739	0.2347566659886523	0.2222222222222222	0.2222222222222222	0.1111111111111111	0.	0.	0.037037037037037035
508	0.4540188821385059	0.383260721143739	0.4444444444444444	0.3333333333333333	0.037037037037037035	0.	0.	0.1111111111111111
509	0.9699260467696466	0.8971989372508381	0.8888888888888888	0.8888888888888888	0.1111111111111111	0.	0.	0.037037037037037035
510	0.6465512273582068	0.7008859117584426	0.6296296296296297	0.6666666666666666	0.037037037037037035	0.	0.	0.1111111111111111
511	0.7232437285989797	0.005297967088157798	0.6666666666666666	0.	0.1111111111111111	0.	0.	0.037037037037037035
512	0.007126572836815901	0.5307992173158744	0.	0.5185185185185185	0.1111111111111111	0.	0.	0.037037037037037035
513	0.8804302345506564	0.09939754029546606	0.8518518518518519	0.	0.037037037037037035	0.	0.	0.1111111111111111
514	0.17185917770773	0.5078780771452694	0.14814814814814814	0.4444444444444444	0.037037037037037035	0.	0.	0.1111111111111111
515	0.3929490712437084	0.7712503016328597	0.37037037037037035	0.6666666666666666	0.037037037037037035	0.	0.	0.1111111111111111
516	0.2625462072554454	0.7988056262386611	0.25925925925925924	0.7777777777777778	0.037037037037037035	0.	0.	0.1111111111111111
517	0.4879465181477964	0.1502936498883345	0.48148148148148145	0.1111111111111111	0.037037037037037035	0.	0.	0.1111111111111111
518	0.9198638657096596	0.619115923078262	0.8888888888888888	0.5555555555555556	0.037037037037037035	0.	0.	0.1111111111111111
519	0.566292132783922	0.3506520241542173	0.5555555555555556	0.3333333333333333	0.1111111111111111	0.	0.	0.037037037037037035
520	0.7761681958952873	0.9869006403186555	0.6666666666666666	0.9629629629629629	0.1111111111111111	0.	0.	0.037037037037037035
521	0.069518572450445	0.3019122632584015	0.	0.2962962962962963	0.1111111111111111	0.	0.	0.037037037037037035
522	0.3180299480753585	0.07120578746675424	0.2222222222222222	0.037037037037037035	0.1111111111111111	0.	0.	0.037037037037037035
523	0.5196063176376474	0.4597109180425062	0.4444444444444444	0.4444444444444444	0.1111111111111111	0.	0.	0.037037037037037035
524	0.941498590523263	0.7354847022558996	0.8888888888888888	0.7037037037037037	0.1111111111111111	0.	0.	0.037037037037037035
525	0.5991578115357067	0.8576426090877192	0.5555555555555556	0.8518518518518519	0.1111111111111111	0.	0.	0.037037037037037035
526	0.6952262902474766	0.113006188133397	0.6666666666666666	0.1111111111111111	0.037037037037037035	0.	0.	0.1111111111111111
527	0.07903370077053411	0.5893100661488246	0.07407407407407407	0.5555555555555556	0.037037037037037035	0.	0.	0.1111111111111111
528	0.8049599806615632	0.4226887950334157	0.7777777777777778	0.4074074074074074	0.1111111111111111	0.	0.	0.037037037037037035
529	0.1980959797232958	0.9440403344284665	0.18518518518518517	0.8888888888888888	0.037037037037037035	0.	0.	0.1111111111111111
530	0.4077880971339128	0.2705496387242786	0.4074074074074074	0.2222222222222222	0.037037037037037035	0.	0.	0.1111111111111111
531	0.6546553719654546	0.01884967421018355	0.6296296296296297	0.	0.037037037037037035	0.	0.	0.1111111111111111
532	0.7397200736759864	0.5343707071379662	0.6666666666666666	0.5185185185185185	0.1111111111111111	0.	0.	0.037037037037037035
533	0.01307293963656803	0.6720346481210497	0.	0.6666666666666666	0.1111111111111111	0.	0.	0.037037037037037035
534	0.8331112950852048	0.8172209721893843	0.7777777777777778	0.8148148148148148	0.1111111111111111	0.	0.	0.037037037037037035
535	0.1318807990732433	0.2206917937855028	0.1111111111111111	0.18518518518518517	0.1111111111111111	0.	0.	0.037037037037037035
536	0.3602354047585404	0.6425995812523999	0.3333333333333333	0.6296296296296297	0.1111111111111111	0.	0.	0.037037037037037035
537	0.2362916080396908	0.396726805535574	0.2222222222222222	0.3333333333333333	0.037037037037037035	0.	0.	0.1111111111111111
538	0.458008249532719	0.9033607994508176	0.4444444444444444	0.8888888888888888	0.1111111111111111	0.	0.	0.037037037037037035
539	0.9857255734006021	0.2482412900986246	0.8888888888888888	0.2222222222222222	0.1111111111111111	0.	0.	0.037037037037037035
540	0.5689189220965544	0.9889697487493148	0.5555555555555556	0.8888888888888888	0.037037037037037035	0.	0.	0.1111111111111111
541	0.7426792176359746	0.3091522864708376	0.6666666666666666	0.2962962962962963	0.1111111111111111	0.	0.	0.037037037037037035
542	0.04824961559187611	0.3614461245836003	0.037037037037037035	0.3333333333333333	0.037037037037037035	0.	0.	0.1111111111111111
543	0.8590030508169639	0.4887321374132762	0.8518518518518519	0.4444444444444444	0.037037037037037035	0.	0.	0.1111111111111111
544	0.177544123984969	0.7433145032588437	0.14814814814814814	0.6666666666666666	0.037037037037037035	0.	0.	0.1111111111111111
545	0.3999622720005395	0.0787417810866821	0.37037037037037035	0.	0.037037037037037035	0.	0.	0.1111111111111111
546	0.2757714430878573	0.168215917460163	0.25925925925925924	0.1111111111111111	0.037037037037037035	0.	0.	0.1111111111111111
547	0.4965827564513072	0.5930816357348961	0.48148148148148145	0.5555555555555556	0.037037037037037035	0.	0.	0.1111111111111111
548	0.8942686413607137	0.8077611094027606	0.8888888888888888	0.7777777777777778	0.037037037037037035	0.	0.	0.1111111111111111
549	0.777872625626674	0.9559298080042088	0.7777777777777778	0.8888888888888888	0.037037037037037035	0.	0.	0.1111111111111111
550	0.221455977254729	0.2772859379325874	0.18518518518518517	0.2222222222222222	0.037037037037037035	0.	0.	0.1111111111111111
551	0.4314738974306889	0.4420345116715463	0.3333333333333333	0.4074074074074074	0.1111111111111111	0.	0.	0.037037037037037035
552	0.3278494726178511	0.4812535628869816	0.2222222222222222	0.4444444444444444	0.1111111111111111	0.	0.	0.037037037037037035
553	0.5373512197836634	0.7066276481830572	0.4444444444444444	0.7037037037037037	0.1111111111111111	0.	0.	0.037037037037037035
554	0.9533810734172778	0.03870997987753129	0.8888888888888888	0.037037037037037035	0.1111111111111111	0.	0.	0.037037037037037035
555	0.6132526468762299	0.1277347440444741	0.5555555555555556	0.1111111111111111	0.1111111111111111	0.	0.	0.037037037037037035
556	0.6727322071669438	0.5588223746903243	0.6666666666666666	0.5555555555555556	0.037037037037037035	0.	0.	0.1111111111111111
557	0.08832199114796946	0.8730550507014271	0.07407407407407407	0.7777777777777778	0.037037037037037035	0.	0.	0.1111111111111111
558	0.2536305868944376	0.9256207407244277	0.2222222222222222	0.8888888888888888	0.1111111111111111	0.	0.	0.037037037037037035
559	0.4792662260737239	0.2250657493405483	0.4444444444444444	0.2222222222222222	0.1111111111111111	0.	0.	0.037037037037037035
560	0.9933603623460744	0.3724451702914452	0.9629629629629629	0.3333333333333333	0.037037037037037035	0.	0.	0.1111111111111111
561	0.629647617836753	0.5513452482030878	0.6296296296296297	0.4444444444444444	0.037037037037037035	0.	0.	0.1111111111111111
562	0.7157108332491935	0.6902929252837391	0.6666666666666666	0.6666666666666666	0.1111111111111111	0.	0.	0.037037037037037035
563	0.02891954087298327	0.03070558132854283	0.	0.	0.1111111111111111	0.	0.	0.037037037037037035
564	0.8504818606362694	0.1936095985190224	0.7777777777777778	0.18518518518518517	0.1111111111111111	0.	0.	0.037037037037037035
565	0.1375826615096756	0.6588575434549789	0.1111111111111111	0.6296296296296297	0.1111111111111111	0.	0.	0.037037037037037035
566	0.3424112450593701	0.8310301213831776	0.3333333333333333	0.8148148148148148	0.1111111111111111	0.	0.	0.037037037037037035
567	0.1111905467653261	0.4687615261015962	0.1111111111111111	0.4444444444444444	0.037037037037037035	0.	0.	0.1111111111111111
568	0.3464815589554429	0.7321089059214246	0.3333333333333333	0.6666666666666666	0.037037037037037035	0.	0.	0.1111111111111111
569	0.8161646074772605	0.06846342863399772	0.8148148148148148	0.	0.037037037037037035	0.	0.	0.1111111111111111
570	0.444552151706153	0.1223754688926635	0.4444444444444444	0.1111111111111111	0.037037037037037035	0.	0.	0.1111111111111111
571	0.9715382571484665	0.5869709143510649	0.9629629629629629	0.5555555555555556	0.037037037037037035	0.	0.	0.1111111111111111
572	0.2258624151737451	0.8540536541765951	0.2222222222222222	0.7777777777777778	0.037037037037037035	0.	0.	0.1111111111111111
573	0.7263438709527483	0.9400689801927332	0.6666666666666666	0.9259259259259259	0.1111111111111111	0.	0.	0.037037037037037035
574	0.01032512592108502	0.2635124339022761	0.	0.25925925925925924	0.1111111111111111	0.	0.	0.037037037037037035
575	0.6541206841885261	0.4299593896800848	0.5555555555555556	0.4074074074074074	0.1111111111111111	0.	0.	0.037037037037037035
576	0.5063431488604965	0.5407196778382054	0.4444444444444444	0.5185185185185185	0.1111111111111111	0.	0.	0.037037037037037035
577	0.9052659654249726	0.6676197602961572	0.8888888888888888	0.6666666666666666	0.1111111111111111	0.	0.	0.037037037037037035
578	0.2922210661226369	0.01366417837200827	0.2222222222222222	0.	0.1111111111111111	0.	0.	0.037037037037037035
579	0.7596344360266054	0.2149156838561869	0.7407407407407407	0.1111111111111111	0.037037037037037035	0.	0.	0.1111111111111111
580	0.04978422381097489	0.6537431202646934	0.037037037037037035	0.5555555555555556	0.037037037037037035	0.	0.	0.1111111111111111
581	0.5866241481444553	0.8236985920828088	0.5555555555555556	0.8148148148148148	0.1111111111111111	0.	0.	0.037037037037037035
582	0.1543388205607611	0.9113781787278336	0.14814814814814814	0.8888888888888888	0.037037037037037035	0.	0.	0.1111111111111111
583	0.3775097363698456	0.257569946608236	0.37037037037037035	0.2222222222222222	0.037037037037037035	0.	0.	0.1111111111111111
584	0.8757714119416814	0.405933505838235	0.7777777777777778	0.37037037037037035	0.1111111111111111	0.	0.	0.037037037037037035
585	0.6894270211575378	0.5181160746508685	0.6666666666666666	0.48148148148148145	0.1111111111111111	0.	0.	0.037037037037037035
586	0.1021837214534447	0.7666635221934962	0.	0.7407407407407407	0.1111111111111111	0.	0.	0.037037037037037035
587	0.6251155627445404	0.1104140992742729	0.5925925925925926	0.	0.037037037037037035	0.	0.	0.1111111111111111
588	0.1939577654431522	0.1596817869898461	0.1111111111111111	0.14814814814814814	0.1111111111111111	0.	0.	0.037037037037037035
589	0.4339335384677259	0.6291764020083443	0.3333333333333333	0.5925925925925926	0.1111111111111111	0.	0.	0.037037037037037035
590	0.7975947687509458	0.7962110930070092	0.7777777777777778	0.7777777777777778	0.1111111111111111	0.	0.	0.037037037037037035
591	0.5475805101262985	0.9808541213558102	0.4444444444444444	0.9629629629629629	0.1111111111111111	0.	0.	0.037037037037037035
592	0.9342934630732277	0.2970821581922065	0.8888888888888888	0.2962962962962963	0.1111111111111111	0.	0.	0.037037037037037035
593	0.2967483795967573	0.3471309937181287	0.2962962962962963	0.3333333333333333	0.037037037037037035	0.	0.	0.1111111111111111
594	0.7320582546680953	0.273923754713964	0.6666666666666666	0.25925925925925924	0.1111111111111111	0.	0.	0.037037037037037035
595	0.01819799640660375	0.4398548007614538	0.	0.3333333333333333	0.037037037037037035	0.	0.	0.1111111111111111
596	0.6615673459300875	0.9508868067808016	0.6296296296296297	0.8888888888888888	0.037037037037037035	0.	0.	0.1111111111111111
597	0.1252857770255925	0.7141242668419291	0.1111111111111111	0.6666666666666666	0.037037037037037035	0.	0.	0.1111111111111111
598	0.3642153241926242	0.04533389817697536	0.3333333333333333	0.	0.037037037037037035	0.	0.	0.1111111111111111
599	0.8383463236676331	0.4746264559762782	0.8148148148148148	0.4444444444444444	0.037037037037037035	0.	0.	0.1111111111111111
600	0.4632231518349046	0.5676800580019573	0.4444444444444444	0.5555555555555556	0.037037037037037035	0.	0.	0.1111111111111111
601	0.9754693734503718	0.871195657560245	0.9629629629629629	0.7777777777777778	0.037037037037037035	0.	0.	0.1111111111111111
602	0.2394859030459452	0.1274694130421516	0.2222222222222222	0.1111111111111111	0.037037037037037035	0.	0.	0.1111111111111111
603	0.1605932290621143	0.2336243200945765	0.14814814814814814	0.2222222222222222	0.037037037037037035	0.	0.	0.1111111111111111
604	0.3866394230206378	0.3787813719199898	0.3333333333333333	0.37037037037037035	0.1111111111111111	0.	0.	0.037037037037037035
605	0.8808192021047189	0.9211947185718754	0.8518518518518519	0.8888888888888888	0.037037037037037035	0.	0.	0.1111111111111111
606	0.4924817446434366	0.6844491438345173	0.4444444444444444	0.6666666666666666	0.1111111111111111	0.	0.	0.037037037037037035
607	0.9243777054513672	0.02597607324789681	0.8888888888888888	0.	0.1111111111111111	0.	0.	0.037037037037037035
608	0.2646420041730593	0.5471800959224263	0.2222222222222222	0.5185185185185185	0.1111111111111111	0.	0.	0.037037037037037035
609	0.7660435068006948	0.655854738923389	0.7407407407407407	0.5555555555555556	0.037037037037037035	0.	0.	0.1111111111111111
610	0.07333108377067103	0.8384366269281127	0.037037037037037035	0.7777777777777778	0.037037037037037035	0.	0.	0.1111111111111111
611	0.5574087375297971	0.1902865398875002	0.5555555555555556	0.18518518518518517	0.1111111111111111	0.	0.	0.037037037037037035
612	0.5251857902297642	0.3173986589714585	0.4444444444444444	0.2962962962962963	0.1111111111111111	0.	0.	0.037037037037037035
613	0.9449617295107315	0.3684611751823654	0.9259259259259259	0.3333333333333333	0.037037037037037035	0.	0.	0.1111111111111111
614	0.3112252365499785	0.9981557463093629	0.2222222222222222	0.9629629629629629	0.1111111111111111	0.	0.	0.037037037037037035
615	0.6971524101985909	0.7501235434143495	0.6666666666666666	0.7407407407407407	0.1111111111111111	0.	0.	0.037037037037037035
616	0.08400286576824112	0.07420572173197582	0.	0.07407407407407407	0.1111111111111111	0.	0.	0.037037037037037035
617	0.6034642943213052	0.4842298492891531	0.5925925925925926	0.4444444444444444	0.037037037037037035	0.	0.	0.1111111111111111
618	0.2020175138439826	0.6049354710302892	0.1111111111111111	0.5925925925925926	0.1111111111111111	0.	0.	0.037037037037037035
619	0.4150255589605639	0.8064594952281938	0.3333333333333333	0.7777777777777778	0.1111111111111111	0.	0.	0.037037037037037035
620	0.8093763440580449	0.1639228077411604	0.7777777777777778	0.14814814814814814	0.1111111111111111	0.	0.	0.037037037037037035
621	0.470268412503432	0.8792484720651932	0.4444444444444444	0.7777777777777778	0.037037037037037035	0.	0.	0.1111111111111111
622	0.9978444463047832	0.1460774875710475	0.9629629629629629	0.1111111111111111	0.037037037037037035	0.	0.	0.1111111111111111
623	0.2579039067463122	0.5739391255238095	0.2222222222222222	0.5555555555555556	0.037037037037037035	0.	0.	0.1111111111111111
624	0.7048055960371953	0.4101894139453562	0.7037037037037037	0.3333333333333333	0.037037037037037035	0.	0.	0.1111111111111111
625	0.03674116385379573	0.9296625274767024	0.	0.9259259259259259	0.1111111111111111	0.	0.	0.037037037037037035
626	0.6366339339373452	0.2884365278540203	0.6296296296296297	0.2222222222222222	0.037037037037037035	0.	0.	0.1111111111111111
627	0.1433482170152682	0.04946453412793044	0.1111111111111111	0.	0.037037037037037035	0.	0.	0.1111111111111111
628	0.3363436361776933	0.4476095265747978	0.3333333333333333	0.4444444444444444	0.037037037037037035	0.	0.	0.1111111111111111
629	0.8430477804010343	0.7242615202350161	0.8148148148148148	0.6666666666666666	0.037037037037037035	0.	0.	0.1111111111111111
630	0.7464925600944835	0.8420720163133482	0.7407407407407407	0.7777777777777778	0.037037037037037035	0.	0.	0.1111111111111111
631	0.03930008547723797	0.2074571134345281	0.037037037037037035	0.1111111111111111	0.037037037037037035	0.	0.	0.1111111111111111
632	0.5722986228880975	0.632785203572442	0.5555555555555556	0.6296296296296297	0.1111111111111111	0.	0.	0.037037037037037035
633	0.1839795339270247	0.3947381006996767	0.1111111111111111	0.37037037037037035	0.1111111111111111	0.	0.	0.037037037037037035
634	0.405380927938825	0.8965063486872012	0.37037037037037035	0.8888888888888888	0.037037037037037035	0.	0.	0.1111111111111111
635	0.8602028385063892	0.2428981472892622	0.8518518518518519	0.2222222222222222	0.037037037037037035	0.	0.	0.1111111111111111
636	0.5001256769704128	0.001508260447216564	0.4444444444444444	0.	0.1111111111111111	0.	0.	0.037037037037037035
637	0.900975239851086	0.5250750604123745	0.8888888888888888	0.5185185185185185	0.1111111111111111	0.	0.	0.037037037037037035
638	0.2836846366859722	0.6976392223454828	0.2222222222222222	0.6666666666666666	0.1111111111111111	0.	0.	0.037037037037037035
639	0.2099722325217549	0.7842980636301178	0.1111111111111111	0.7777777777777778	0.1111111111111111	0.	0.	0.037037037037037035
640	0.4203929708357095	0.1838606243667201	0.3333333333333333	0.14814814814814814	0.1111111111111111	0.	0.	0.037037037037037035
641	0.78366358677535	0.6169674598701981	0.7777777777777778	0.5925925925925926	0.1111111111111111	0.	0.	0.037037037037037035
642	0.5419609140324361	0.3349935656087616	0.5185185185185185	0.3333333333333333	0.037037037037037035	0.	0.	0.1111111111111111
643	0.9562200955252008	0.9732351722196431	0.8888888888888888	0.9629629629629629	0.1111111111111111	0.	0.	0.037037037037037035
644	0.3332093293943815	0.3297776170703937	0.2222222222222222	0.2962962962962963	0.1111111111111111	0.	0.	0.037037037037037035
645	0.6758116089208694	0.08903194585560496	0.6666666666666666	0.07407407407407407	0.1111111111111111	0.	0.	0.037037037037037035
646	0.09268619072269389	0.4947409436916315	0.	0.48148148148148145	0.1111111111111111	0.	0.	0.037037037037037035
647	0.6069216669642891	0.7536603112731431	0.5925925925925926	0.6666666666666666	0.037037037037037035	0.	0.	0.1111111111111111
648	0.1061805432804562	0.3783064125277415	0.07407407407407407	0.3333333333333333	0.037037037037037035	0.	0.	0.1111111111111111
649	0.6282127341661238	0.9176139322185753	0.5925925925925926	0.8888888888888888	0.037037037037037035	0.	0.	0.1111111111111111
650	0.6825302055720651	0.2270745615280731	0.6666666666666666	0.2222222222222222	0.1111111111111111	0.	0.	0.037037037037037035
651	0.4396618579457732	0.03403583369420953	0.4074074074074074	0.	0.037037037037037035	0.	0.	0.1111111111111111
652	0.8023758667721538	0.5528967760229463	0.7777777777777778	0.4444444444444444	0.037037037037037035	0.	0.	0.1111111111111111
653	0.1863373527808782	0.6804974073875926	0.18518518518518517	0.6666666666666666	0.037037037037037035	0.	0.	0.1111111111111111
654	0.9281307095075535	0.8335376784886563	0.9259259259259259	0.7777777777777778	0.037037037037037035	0.	0.	0.1111111111111111
655	0.3024404645430786	0.1884595120970314	0.2962962962962963	0.1111111111111111	0.037037037037037035	0.	0.	0.1111111111111111
656	0.553702448435383	0.6633207448492311	0.5185185185185185	0.5555555555555556	0.037037037037037035	0.	0.	0.1111111111111111
657	0.3498993002406747	0.3646076859915378	0.3333333333333333	0.3333333333333333	0.1111111111111111	0.	0.	0.037037037037037035
658	0.8224427352541663	0.9952423760427395	0.8148148148148148	0.8888888888888888	0.037037037037037035	0.	0.	0.1111111111111111
659	0.1178621471066975	0.3133935567357151	0.1111111111111111	0.2222222222222222	0.037037037037037035	0.	0.	0.1111111111111111
660	0.965735915600134	0.08567806455550332	0.8888888888888888	0.07407407407407407	0.1111111111111111	0.	0.	0.037037037037037035
661	0.2285134821560767	0.4907821055724633	0.2222222222222222	0.48148148148148145	0.1111111111111111	0.	0.	0.037037037037037035
662	0.4507210897666282	0.7469351937140319	0.4444444444444444	0.7407407407407407	0.1111111111111111	0.	0.	0.037037037037037035
663	0.00321903556663296	0.8136645667527752	0.	0.7777777777777778	0.037037037037037035	0.	0.	0.1111111111111111
664	0.6424135232902805	0.1705714691821578	0.5555555555555556	0.14814814814814814	0.1111111111111111	0.	0.	0.037037037037037035
665	0.7173729480614365	0.5986766865772726	0.7037037037037037	0.5555555555555556	0.037037037037037035	0.	0.	0.1111111111111111
666	0.9071114047352307	0.4350130821294792	0.8888888888888888	0.3333333333333333	0.037037037037037035	0.	0.	0.1111111111111111
667	0.2852583204498511	0.9619154800732975	0.2222222222222222	0.9259259259259259	0.1111111111111111	0.	0.	0.037037037037037035
668	0.5118328765862802	0.283501594396401	0.4444444444444444	0.25925925925925924	0.1111111111111111	0.	0.	0.037037037037037035
669	0.05397135737616258	0.04376160050395958	0.	0.037037037037037035	0.1111111111111111	0.	0.	0.037037037037037035
670	0.5902999957237677	0.4719506604790504	0.5555555555555556	0.4444444444444444	0.037037037037037035	0.	0.	0.1111111111111111
671	0.7630393548958635	0.7115598326895234	0.6666666666666666	0.7037037037037037	0.1111111111111111	0.	0.	0.037037037037037035
672	0.381120345616689	0.8669458152138843	0.3333333333333333	0.8518518518518519	0.1111111111111111	0.	0.	0.037037037037037035
673	0.865745373626845	0.1346842603360608	0.7777777777777778	0.1111111111111111	0.1111111111111111	0.	0.	0.037037037037037035
674	0.1579828818329052	0.5614522054872529	0.1111111111111111	0.5555555555555556	0.1111111111111111	0.	0.	0.037037037037037035
675	0.9473563498943737	0.2039521998538389	0.9259259259259259	0.1111111111111111	0.037037037037037035	0.	0.	0.1111111111111111
676	0.3153626825004257	0.6378864412614997	0.2962962962962963	0.5555555555555556	0.037037037037037035	0.	0.	0.1111111111111111
677	0.5288911294518551	0.8498763548873638	0.5185185185185185	0.7777777777777778	0.037037037037037035	0.	0.	0.1111111111111111
678	0.07766080745409415	0.8904490868748727	0.	0.8888888888888888	0.1111111111111111	0.	0.	0.037037037037037035
679	0.5947110436209617	0.2404505904522085	0.5925925925925926	0.2222222222222222	0.037037037037037035	0.	0.	0.1111111111111111
680	0.7006580146737326	0.3896414368523499	0.6666666666666666	0.3333333333333333	0.037037037037037035	0.	0.	0.1111111111111111
681	0.4170842575132881	0.5223575058089748	0.4074074074074074	0.4444444444444444	0.037037037037037035	0.	0.	0.1111111111111111
682	0.812897666166885	0.6914119308060998	0.7777777777777778	0.6666666666666666	0.037037037037037035	0.	0.	0.1111111111111111
683	0.208337512577968	0.01103292190620306	0.18518518518518517	0.	0.037037037037037035	0.	0.	0.1111111111111111
684	0.02208735790429504	0.1773415757574969	0.	0.1111111111111111	0.037037037037037035	0.	0.	0.1111111111111111
685	0.6643622136016318	0.6107551073101178	0.5555555555555556	0.5925925925925926	0.1111111111111111	0.	0.	0.037037037037037035
686	0.7334262540771301	0.7786059537324401	0.7037037037037037	0.7777777777777778	0.037037037037037035	0.	0.	0.1111111111111111
687	0.3663033913521285	0.971135090551875	0.3333333333333333	0.8888888888888888	0.037037037037037035	0.	0.	0.1111111111111111
688	0.8281601415251943	0.3273408951447239	0.8148148148148148	0.2222222222222222	0.037037037037037035	0.	0.	0.1111111111111111
689	0.1297143115216088	0.3448058972775013	0.1111111111111111	0.3333333333333333	0.1111111111111111	0.	0.	0.037037037037037035
690	0.9824676472733824	0.5049679169996952	0.8888888888888888	0.48148148148148145	0.1111111111111111	0.	0.	0.037037037037037035
691	0.24328033581793	0.7615394772439789	0.2222222222222222	0.7407407407407407	0.1111111111111111	0.	0.	0.037037037037037035
692	0.466913466038533	0.09635525669543685	0.4444444444444444	0.07407407407407407	0.1111111111111111	0.	0.	0.037037037037037035
693	0.3896154177500578	0.1410429044190278	0.3333333333333333	0.1111111111111111	0.1111111111111111	0.	0.	0.037037037037037035
694	0.8857502078746967	0.5693317009880704	0.7777777777777778	0.5555555555555556	0.1111111111111111	0.	0.	0.037037037037037035
695	0.1646549992696265	0.886826878688907	0.1111111111111111	0.8518518518518519	0.1111111111111111	0.	0.	0.037037037037037035
696	0.9155329237117348	0.9342879944242357	0.8888888888888888	0.9259259259259259	0.1111111111111111	0.	0.	0.037037037037037035
697	0.2697304659072897	0.2871687399750989	0.2222222222222222	0.25925925925925924	0.1111111111111111	0.	0.	0.037037037037037035
698	0.4828186487576293	0.4164589550141216	0.48148148148148145	0.3333333333333333	0.037037037037037035	0.	0.	0.1111111111111111
699	0.06427544672269514	0.4566378177966387	0.	0.4444444444444444	0.1111111111111111	0.	0.	0.037037037037037035
700	0.5597188373448846	0.7185691806127821	0.5555555555555556	0.6666666666666666	0.037037037037037035	0.	0.	0.1111111111111111
701	0.7717178995146021	0.06012043759857351	0.6666666666666666	0.037037037037037035	0.1111111111111111	0.	0.	0.037037037037037035
702	0.4257172082605058	0.6776763838114922	0.4074074074074074	0.6666666666666666	0.037037037037037035	0.	0.	0.1111111111111111
703	0.7897375341619236	0.02322025961134268	0.7777777777777778	0.	0.037037037037037035	0.	0.	0.1111111111111111
704	0.2142510812500334	0.5353146788957428	0.18518518518518517	0.4444444444444444	0.037037037037037035	0.	0.	0.1111111111111111
705	0.9616905857552619	0.647516289034815	0.9259259259259259	0.5555555555555556	0.037037037037037035	0.	0.	0.1111111111111111
706	0.3222299290078762	0.8191764624680619	0.2962962962962963	0.7777777777777778	0.037037037037037035	0.	0.	0.1111111111111111
707	0.5347337579763367	0.2108506278131649	0.5185185185185185	0.1111111111111111	0.037037037037037035	0.	0.	0.1111111111111111
708	0.09800857228281491	0.2520870349046855	0.	0.2222222222222222	0.1111111111111111	0.	0.	0.037037037037037035
709	0.6114029408840412	0.4011789853134656	0.5555555555555556	0.37037037037037035	0.1111111111111111	0.	0.	0.037037037037037035
710	0.6678408663099902	0.9068791738580455	0.6666666666666666	0.8888888888888888	0.1111111111111111	0.	0.	0.037037037037037035
711	0.9907884625757795	0.77568182254811	0.8888888888888888	0.7407407407407407	0.1111111111111111	0.	0.	0.037037037037037035
712	0.2485464262578018	0.104284569730126	0.2222222222222222	0.07407407407407407	0.1111111111111111	0.	0.	0.037037037037037035
713	0.4739054977205056	0.5109794524401969	0.4444444444444444	0.48148148148148145	0.1111111111111111	0.	0.	0.037037037037037035
714	0.02776887552101906	0.6237753471009635	0.	0.5555555555555556	0.037037037037037035	0.	0.	0.1111111111111111
715	0.6379123192595698	0.7939608299859433	0.5555555555555556	0.7777777777777778	0.1111111111111111	0.	0.	0.037037037037037035
716	0.7087532989683121	0.1554497943275616	0.7037037037037037	0.1111111111111111	0.037037037037037035	0.	0.	0.1111111111111111
717	0.3402839354391158	0.307565598748358	0.3333333333333333	0.2222222222222222	0.037037037037037035	0.	0.	0.1111111111111111
718	0.8447559072351144	0.3557292861710264	0.7777777777777778	0.3333333333333333	0.1111111111111111	0.	0.	0.037037037037037035
719	0.1459401940234847	0.9760379942115038	0.1111111111111111	0.8888888888888888	0.037037037037037035	0.	0.	0.1111111111111111
720	0.04362109511456427	0.7382157366144532	0.	0.7037037037037037	0.1111111111111111	0.	0.	0.037037037037037035
721	0.576681258073576	0.06368070361227936	0.5555555555555556	0.	0.037037037037037035	0.	0.	0.1111111111111111
722	0.7506154920990769	0.4638675429820474	0.6666666666666666	0.4444444444444444	0.1111111111111111	0.	0.	0.037037037037037035
723	0.3988964619094612	0.5826486657498385	0.3333333333333333	0.5555555555555556	0.1111111111111111	0.	0.	0.037037037037037035
724	0.8523733119683645	0.8636116179527442	0.7777777777777778	0.8518518518518519	0.1111111111111111	0.	0.	0.037037037037037035
725	0.1750739939139701	0.1177001732261679	0.1111111111111111	0.1111111111111111	0.1111111111111111	0.	0.	0.037037037037037035
726	0.8907938053494808	0.2629931385310221	0.8888888888888888	0.25925925925925924	0.1111111111111111	0.	0.	0.037037037037037035
727	0.2751798627769529	0.4244469192232113	0.25925925925925924	0.3333333333333333	0.037037037037037035	0.	0.	0.1111111111111111
728	0.5027606726980995	0.9468347805081281	0.4444444444444444	0.9259259259259259	0.1111111111111111	0.	0.	0.037037037037037035