0	0.45377700196955767	0.06365172390250119	0.4111111111111111	0.003703703703703709	0.10370370370370374	0.	0.	0.10370370370370369
1	0.6918686197827807	0.5314095154459767	0.6333333333333334	0.4851851851851853	0.10370370370370363	0.	0.	0.10370370370370363
2	0.005473897380786176	0.7632944997220664	0.	0.7074074074074075	0.07037037037037036	0.	0.	0.10370370370370363
3	0.8149604558816539	0.1888961728781119	0.7814814814814816	0.15185185185185185	0.10370370370370363	0.	0.	0.10370370370370369
4	0.14189901384728607	0.5683924725691694	0.07777777777777778	0.5222222222222223	0.10370370370370369	0.	0.	0.10370370370370363
5	0.6579567659365584	0.8692643511685826	0.5962962962962963	0.8185185185185185	0.10370370370370363	0.	0.	0.10370370370370363
6	0.2525196595887834	0.2890472639234455	0.18888888888888888	0.22592592592592595	0.10370370370370369	0.	0.	0.10370370370370366
7	0.44303841400602834	0.37498030552879025	0.3740740740740741	0.337037037037037	0.10370370370370363	0.	0.	0.10370370370370374
8	0.9983057082628034	0.9880833096568623	0.9296296296296297	0.9296296296296297	0.0703703703703703	0.	0.	0.0703703703703703
9	0.516564687935232	0.47322323299564395	0.4481481481481482	0.4111111111111111	0.10370370370370363	0.	0.	0.10370370370370374
10	0.7108982001551635	0.6702495325864571	0.6703703703703704	0.6333333333333334	0.10370370370370363	0.	0.	0.10370370370370363
11	0.047450511408892816	0.09683390802802894	0.003703703703703709	0.040740740740740744	0.10370370370370369	0.	0.	0.10370370370370369
12	0.8698750390560784	0.5963867500392663	0.8185185185185185	0.5592592592592593	0.10370370370370363	0.	0.	0.10370370370370363
13	0.15635031028693647	0.804258961120665	0.11481481481481481	0.7444444444444445	0.10370370370370369	0.	0.	0.10370370370370363
14	0.5825467764561104	0.1241166597154339	0.5222222222222223	0.07777777777777778	0.10370370370370363	0.	0.	0.10370370370370369
15	0.2877050573337127	0.4163490503122736	0.22592592592592595	0.3740740740740741	0.10370370370370366	0.	0.	0.10370370370370363
16	0.34585764340753106	0.9015559861109979	0.30000000000000004	0.8555555555555556	0.10370370370370363	0.	0.	0.10370370370370363
17	0.9153450322551215	0.3214879384795091	0.8555555555555556	0.26296296296296295	0.10370370370370363	0.	0.	0.10370370370370374
18	0.521966810588585	0.7144124687736895	0.4851851851851853	0.6703703703703704	0.10370370370370363	0.	0.	0.10370370370370363
19	0.7724870612096097	0.025437138578044246	0.7074074074074075	0.	0.10370370370370363	0.	0.	0.07037037037037036
20	0.1026797415112102	0.49058915329247504	0.040740740740740744	0.4481481481481482	0.10370370370370369	0.	0.	0.10370370370370363
21	0.7889346124214234	0.8365329236196729	0.7444444444444445	0.7814814814814816	0.10370370370370363	0.	0.	0.10370370370370363
22	0.19342103853813816	0.1527315909888975	0.15185185185185185	0.11481481481481481	0.10370370370370369	0.	0.	0.10370370370370369
23	0.6253063640455353	0.6557910036950402	0.5592592592592593	0.5962962962962963	0.10370370370370363	0.	0.	0.10370370370370363
24	0.31829534704861717	0.9599978091676681	0.26296296296296295	0.8925925925925926	0.10370370370370374	0.	0.	0.10370370370370363
25	0.38393089220430976	0.25138816634278033	0.337037037037037	0.18888888888888888	0.10370370370370374	0.	0.	0.10370370370370369
26	0.9403598820333255	0.34934073659692266	0.8925925925925926	0.30000000000000004	0.10370370370370363	0.	0.	0.10370370370370363
27	0.19791653301020948	0.6791609774670435	0.15185185185185185	0.6333333333333334	0.10370370370370369	0.	0.	0.10370370370370363
28	0.601911573998693	0.1101245258783065	0.5592592592592593	0.040740740740740744	0.10370370370370363	0.	0.	0.10370370370370369
29	0.7935664213154198	0.45052688991882406	0.7444444444444445	0.4111111111111111	0.10370370370370363	0.	0.	0.10370370370370374
30	0.4000163527747754	0.7799906404365033	0.337037037037037	0.7444444444444445	0.10370370370370374	0.	0.	0.10370370370370363
31	0.9587414860067798	0.13947948340612068	0.8925925925925926	0.07777777777777778	0.10370370370370363	0.	0.	0.10370370370370369
32	0.32332986481087567	0.6069470192630932	0.26296296296296295	0.5592592592592593	0.10370370370370374	0.	0.	0.10370370370370363
33	0.7417329899314299	0.9211235822550072	0.7074074074074075	0.8555555555555556	0.10370370370370363	0.	0.	0.10370370370370363
34	0.08589098824524655	0.29630537686921343	0.040740740740740744	0.26296296296296295	0.10370370370370369	0.	0.	0.10370370370370374
35	0.5426626270489616	0.4266204594047682	0.4851851851851853	0.3740740740740741	0.10370370370370363	0.	0.	0.10370370370370363
36	0.1118923699119761	0.009417690692485117	0.07777777777777778	0.	0.10370370370370369	0.	0.	0.07037037037037036
37	0.6344990279196788	0.5034805047012714	0.5962962962962963	0.4481481481481482	0.10370370370370363	0.	0.	0.10370370370370363
38	0.8321186122571506	0.7226113777718486	0.7814814814814816	0.6703703703703704	0.10370370370370363	0.	0.	0.10370370370370363
39	0.40899563781202075	0.16728550633435046	0.3740740740740741	0.11481481481481481	0.10370370370370363	0.	0.	0.10370370370370369
40	0.971282363781574	0.6330281945069421	0.9296296296296297	0.5962962962962963	0.0703703703703703	0.	0.	0.10370370370370363
41	0.2275055101693395	0.8497284759419801	0.18888888888888888	0.7814814814814816	0.10370370370370369	0.	0.	0.10370370370370363
42	0.6737626353743688	0.2230099485867237	0.6333333333333334	0.18888888888888888	0.10370370370370363	0.	0.	0.10370370370370369
43	0.023918947491012366	0.36525897059615753	0.	0.30000000000000004	0.07037037037037036	0.	0.	0.10370370370370363
44	0.4571585250705038	0.9356577197788146	0.4111111111111111	0.8925925925925926	0.10370370370370374	0.	0.	0.10370370370370363
45	0.1696405753766592	0.5482301049218212	0.11481481481481481	0.4851851851851853	0.10370370370370369	0.	0.	0.10370370370370363
46	0.5675332631499862	0.7704285115046319	0.5222222222222223	0.7074074074074075	0.10370370370370363	0.	0.	0.10370370370370363
47	0.8806376698024009	0.04355013861954006	0.8185185185185185	0.003703703703703709	0.10370370370370363	0.	0.	0.10370370370370369
48	0.3645923959724631	0.592239945609416	0.30000000000000004	0.5222222222222223	0.10370370370370363	0.	0.	0.10370370370370363
49	0.8962701651710182	0.8795304490637476	0.8555555555555556	0.8185185185185185	0.10370370370370363	0.	0.	0.10370370370370363
50	0.2698192548785582	0.1975436539186238	0.22592592592592595	0.15185185185185185	0.10370370370370366	0.	0.	0.10370370370370369
51	0.7265250126372811	0.38452881015971935	0.6703703703703704	0.337037037037037	0.10370370370370363	0.	0.	0.10370370370370374
52	0.05685852613747539	0.9638945726142705	0.003703703703703709	0.9296296296296297	0.10370370370370369	0.	0.	0.0703703703703703
53	0.4896350831185217	0.2690871915484401	0.4481481481481482	0.22592592592592595	0.10370370370370363	0.	0.	0.10370370370370366
54	0.9057099902977338	0.5114868184819551	0.8555555555555556	0.4481481481481482	0.10370370370370363	0.	0.	0.10370370370370363
55	0.27316116985232547	0.7326393588509116	0.22592592592592595	0.6703703703703704	0.10370370370370366	0.	0.	0.10370370370370363
56	0.3449334090329951	0.01597467826918846	0.30000000000000004	0.	0.10370370370370363	0.	0.	0.07037037037037036
57	0.06793149927252987	0.6469575791244914	0.003703703703703709	0.5962962962962963	0.10370370370370369	0.	0.	0.10370370370370363
58	0.4983320891597622	0.8196263044484119	0.4481481481481482	0.7814814814814816	0.10370370370370363	0.	0.	0.10370370370370363
59	0.731565047230461	0.1826805671774026	0.6703703703703704	0.11481481481481481	0.10370370370370363	0.	0.	0.10370370370370369
60	0.5762126836473708	0.3385662556771316	0.5222222222222223	0.30000000000000004	0.10370370370370363	0.	0.	0.10370370370370363
61	0.8618773446784156	0.9401047070934169	0.8185185185185185	0.8925925925925926	0.10370370370370363	0.	0.	0.10370370370370363
62	0.1793916454428924	0.23978037809284097	0.11481481481481481	0.18888888888888888	0.10370370370370369	0.	0.	0.10370370370370369
63	0.9338575689010603	0.7411856148200083	0.8925925925925926	0.7074074074074075	0.10370370370370363	0.	0.	0.10370370370370363
64	0.30256709697835993	0.05560394871113799	0.26296296296296295	0.003703703703703709	0.10370370370370374	0.	0.	0.10370370370370369
65	0.3742043734123038	0.5242517869690331	0.337037037037037	0.4851851851851853	0.10370370370370374	0.	0.	0.10370370370370363
66	0.09557924456253182	0.8566470241588073	0.040740740740740744	0.8185185185185185	0.10370370370370369	0.	0.	0.10370370370370363
67	0.5510441937416479	0.21833070028123028	0.4851851851851853	0.15185185185185185	0.10370370370370363	0.	0.	0.10370370370370369
68	0.7599409419292054	0.5576326217480975	0.7074074074074075	0.5222222222222223	0.10370370370370363	0.	0.	0.10370370370370363
69	0.6097972643190106	0.9849740153176737	0.5592592592592593	0.9296296296296297	0.10370370370370363	0.	0.	0.0703703703703703
70	0.805132186318967	0.27271805441348246	0.7444444444444445	0.22592592592592595	0.10370370370370363	0.	0.	0.10370370370370366
71	0.2122547714128081	0.3961529363856988	0.15185185185185185	0.337037037037037	0.10370370370370369	0.	0.	0.10370370370370374
72	0.9832461674477933	0.08084852992893724	0.9296296296296297	0.040740740740740744	0.0703703703703703	0.	0.	0.10370370370370369
73	0.24369963131540348	0.4576753760692299	0.18888888888888888	0.4111111111111111	0.10370370370370369	0.	0.	0.10370370370370374
74	0.4251242074430744	0.699115489131156	0.3740740740740741	0.6333333333333334	0.10370370370370363	0.	0.	0.10370370370370363
75	0.03134292758928744	0.11211579640194679	0.	0.07777777777777778	0.07037037037037036	0.	0.	0.10370370370370369
76	0.4751317699840771	0.6183110155539553	0.4111111111111111	0.5592592592592593	0.10370370370370374	0.	0.	0.10370370370370363
77	0.6812834026442003	0.8001886231336274	0.6333333333333334	0.7444444444444445	0.10370370370370363	0.	0.	0.10370370370370363
78	0.6422510159669605	0.31122084511126613	0.5962962962962963	0.26296296296296295	0.10370370370370363	0.	0.	0.10370370370370374
79	0.8396604427736741	0.44383192220206336	0.7814814814814816	0.3740740740740741	0.10370370370370363	0.	0.	0.10370370370370363
80	0.128163572680845	0.8918696484669744	0.07777777777777778	0.8555555555555556	0.10370370370370369	0.	0.	0.10370370370370363
81	0.0755255013543351	0.9157371522839962	0.040740740740740744	0.8555555555555556	0.10370370370370369	0.	0.	0.10370370370370363
82	0.5310845730722311	0.3067006315886062	0.4851851851851853	0.26296296296296295	0.10370370370370363	0.	0.	0.10370370370370374
83	0.7484763082143889	0.4210982037142593	0.7074074074074075	0.3740740740740741	0.10370370370370363	0.	0.	0.10370370370370363
84	0.5951617726650487	0.6907575918113097	0.5592592592592593	0.6333333333333334	0.10370370370370363	0.	0.	0.10370370370370363
85	0.795011855968206	0.10695867197669039	0.7444444444444445	0.040740740740740744	0.10370370370370363	0.	0.	0.10370370370370369
86	0.2019059460051772	0.4473852104399156	0.15185185185185185	0.4111111111111111	0.10370370370370369	0.	0.	0.10370370370370374
87	0.9622568232316696	0.7893462857097369	0.8925925925925926	0.7444444444444445	0.10370370370370363	0.	0.	0.10370370370370363
88	0.3277721647120561	0.145570765102204	0.26296296296296295	0.07777777777777778	0.10370370370370374	0.	0.	0.10370370370370369
89	0.4034001825855936	0.6169628395673208	0.337037037037037	0.5592592592592593	0.10370370370370374	0.	0.	0.10370370370370363
90	0.014882751851567658	0.2330471814566317	0.	0.18888888888888888	0.07037037037037036	0.	0.	0.10370370370370369
91	0.46125499315034924	0.3612215279610573	0.4111111111111111	0.30000000000000004	0.10370370370370374	0.	0.	0.10370370370370363
92	0.6757213366344873	0.9307349169823247	0.6333333333333334	0.8925925925925926	0.10370370370370363	0.	0.	0.10370370370370363
93	0.6383423808370995	0.004525011926597752	0.5962962962962963	0.	0.10370370370370363	0.	0.	0.07037037037037036
94	0.8392679605199369	0.49813612206761726	0.7814814814814816	0.4481481481481482	0.10370370370370363	0.	0.	0.10370370370370363
95	0.11687442959855089	0.7197805130366589	0.07777777777777778	0.6703703703703704	0.10370370370370369	0.	0.	0.10370370370370363
96	0.96547787211464	0.16068251706050918	0.9296296296296297	0.11481481481481481	0.0703703703703703	0.	0.	0.10370370370370369
97	0.23243393562491727	0.6411417543794385	0.18888888888888888	0.5962962962962963	0.10370370370370369	0.	0.	0.10370370370370363
98	0.41259321814890726	0.8475336496723074	0.3740740740740741	0.7814814814814816	0.10370370370370363	0.	0.	0.10370370370370363
99	0.060971533524994674	0.3926779988482574	0.003703703703703709	0.337037037037037	0.10370370370370369	0.	0.	0.10370370370370374
100	0.49018786234956546	0.9739270260088558	0.4481481481481482	0.9296296296296297	0.10370370370370363	0.	0.	0.0703703703703703
101	0.7164671587619621	0.2640076099158848	0.6703703703703704	0.22592592592592595	0.10370370370370363	0.	0.	0.10370370370370366
102	0.5574070838571471	0.5435408442393109	0.5222222222222223	0.4851851851851853	0.10370370370370363	0.	0.	0.10370370370370363
103	0.8828721265694339	0.7667979669844806	0.8185185185185185	0.7074074074074075	0.10370370370370363	0.	0.	0.10370370370370363
104	0.1607090171217042	0.04058514657786551	0.11481481481481481	0.003703703703703709	0.10370370370370369	0.	0.	0.10370370370370369
105	0.9004155447923835	0.5854639685822087	0.8555555555555556	0.5222222222222223	0.10370370370370363	0.	0.	0.10370370370370363
106	0.2613240717546734	0.8870454276189129	0.22592592592592595	0.8185185185185185	0.10370370370370366	0.	0.	0.10370370370370363
107	0.3697489267275175	0.2068264954360738	0.30000000000000004	0.15185185185185185	0.10370370370370363	0.	0.	0.10370370370370369
108	0.8525764693530874	0.3352836208240224	0.8185185185185185	0.30000000000000004	0.10370370370370363	0.	0.	0.10370370370370363
109	0.1836689239565059	0.9484767131146746	0.11481481481481481	0.8925925925925926	0.10370370370370369	0.	0.	0.10370370370370363
110	0.5717437658113463	0.2367940896383516	0.5222222222222223	0.18888888888888888	0.10370370370370363	0.	0.	0.10370370370370369
111	0.2765498307619623	0.5073459817282232	0.22592592592592595	0.4481481481481482	0.10370370370370366	0.	0.	0.10370370370370363
112	0.3371543427413652	0.7284436411587581	0.30000000000000004	0.6703703703703704	0.10370370370370363	0.	0.	0.10370370370370363
113	0.9114607092106236	0.022452804072872177	0.8555555555555556	0.	0.10370370370370363	0.	0.	0.07037037037037036
114	0.5021211754583618	0.6430657190496016	0.4481481481481482	0.5962962962962963	0.10370370370370363	0.	0.	0.10370370370370363
115	0.7327858164293766	0.8187984279100256	0.6703703703703704	0.7814814814814816	0.10370370370370363	0.	0.	0.10370370370370363
116	0.07144776227877818	0.17729716578481386	0.003703703703703709	0.11481481481481481	0.10370370370370369	0.	0.	0.10370370370370369
117	0.8068917499439048	0.9811663462813569	0.7444444444444445	0.9296296296296297	0.10370370370370363	0.	0.	0.0703703703703703
118	0.21770566536385047	0.2823886658198915	0.15185185185185185	0.22592592592592595	0.10370370370370369	0.	0.	0.10370370370370366
119	0.6144504591065479	0.4069463519433704	0.5592592592592593	0.337037037037037	0.10370370370370363	0.	0.	0.10370370370370374
120	0.3056042844789588	0.7512280651045621	0.26296296296296295	0.7074074074074075	0.10370370370370374	0.	0.	0.10370370370370363
121	0.37704982694741607	0.05331986541716778	0.337037037037037	0.003703703703703709	0.10370370370370374	0.	0.	0.10370370370370369
122	0.938007897494893	0.5189181187919396	0.8925925925925926	0.4851851851851853	0.10370370370370363	0.	0.	0.10370370370370363
123	0.5554059257132714	0.851979198412159	0.4851851851851853	0.8185185185185185	0.10370370370370363	0.	0.	0.10370370370370363
124	0.7629720215098553	0.2158863647503166	0.7074074074074075	0.15185185185185185	0.10370370370370363	0.	0.	0.10370370370370369
125	0.08656455096949367	0.5678850144655101	0.040740740740740744	0.5222222222222223	0.10370370370370369	0.	0.	0.10370370370370363
126	0.8466438963514221	0.32051515478831577	0.7814814814814816	0.26296296296296295	0.10370370370370363	0.	0.	0.10370370370370374
127	0.13523681758607248	0.43813637245878	0.07777777777777778	0.3740740740740741	0.10370370370370369	0.	0.	0.10370370370370363
128	0.6472021712477541	0.9006326388001986	0.5962962962962963	0.8555555555555556	0.10370370370370363	0.	0.	0.10370370370370363
129	0.23740539098505617	0.07816621352379394	0.18888888888888888	0.040740740740740744	0.10370370370370369	0.	0.	0.10370370370370369
130	0.4283474399999187	0.46553148354525975	0.3740740740740741	0.4111111111111111	0.10370370370370363	0.	0.	0.10370370370370374
131	0.9836525940681469	0.6949256986767159	0.9296296296296297	0.6333333333333334	0.0703703703703703	0.	0.	0.10370370370370363
132	0.48071327568153815	0.12097642483401709	0.4111111111111111	0.07777777777777778	0.10370370370370374	0.	0.	0.10370370370370369
133	0.6839528002695111	0.627563782083124	0.6333333333333334	0.5592592592592593	0.10370370370370363	0.	0.	0.10370370370370363
134	0.034040337844221065	0.7954338789070429	0.	0.7444444444444445	0.07037037037037036	0.	0.	0.10370370370370363
135	0.43580083000377057	0.2870041823386028	0.3740740740740741	0.22592592592592595	0.10370370370370363	0.	0.	0.10370370370370366
136	0.9896574580322037	0.37390522041629376	0.9296296296296297	0.337037037037037	0.0703703703703703	0.	0.	0.10370370370370374
137	0.25847256020232495	0.9974359547445961	0.18888888888888888	0.9296296296296297	0.10370370370370369	0.	0.	0.0703703703703703
138	0.6979727824014663	0.07040555531038696	0.6333333333333334	0.003703703703703709	0.10370370370370363	0.	0.	0.10370370370370369
139	0.01112612038440744	0.5403039211313713	0.	0.4851851851851853	0.07037037037037036	0.	0.	0.10370370370370363
140	0.44616959068470946	0.7592961283297883	0.4111111111111111	0.7074074074074075	0.10370370370370374	0.	0.	0.10370370370370363
141	0.1479839312267246	0.1955601613350225	0.07777777777777778	0.15185185185185185	0.10370370370370369	0.	0.	0.10370370370370369
142	0.6613941938419267	0.5798046636953508	0.5962962962962963	0.5222222222222223	0.10370370370370363	0.	0.	0.10370370370370363
143	0.8193778973488072	0.8676796199765952	0.7814814814814816	0.8185185185185185	0.10370370370370363	0.	0.	0.10370370370370363
144	0.3529719591056528	0.4129959158320785	0.30000000000000004	0.3740740740740741	0.10370370370370363	0.	0.	0.10370370370370363
145	0.9187516323295607	0.910929860501002	0.8555555555555556	0.8555555555555556	0.10370370370370363	0.	0.	0.10370370370370363
146	0.28927960665153835	0.3305691059273498	0.22592592592592595	0.26296296296296295	0.10370370370370366	0.	0.	0.10370370370370374
147	0.7149965963725784	0.4803502575380484	0.6703703703703704	0.4111111111111111	0.10370370370370363	0.	0.	0.10370370370370374
148	0.03974645921905969	0.6775010730008139	0.003703703703703709	0.6333333333333334	0.10370370370370369	0.	0.	0.10370370370370363
149	0.5073795628122635	0.09144192164808299	0.4481481481481482	0.040740740740740744	0.10370370370370363	0.	0.	0.10370370370370369
150	0.1582587939310905	0.6009484946643249	0.11481481481481481	0.5592592592592593	0.10370370370370369	0.	0.	0.10370370370370363
151	0.585270130959267	0.8110915355675298	0.5222222222222223	0.7444444444444445	0.10370370370370363	0.	0.	0.10370370370370363
152	0.8728335187937535	0.1350498312614196	0.8185185185185185	0.07777777777777778	0.10370370370370363	0.	0.	0.10370370370370369
153	0.39030082118346604	0.9551531901556193	0.337037037037037	0.8925925925925926	0.10370370370370374	0.	0.	0.10370370370370363
154	0.9438210249122885	0.24975593379110106	0.8925925925925926	0.18888888888888888	0.10370370370370363	0.	0.	0.10370370370370369
155	0.3111834266807023	0.3562391473484167	0.26296296296296295	0.30000000000000004	0.10370370370370374	0.	0.	0.10370370370370363
156	0.7747306647997133	0.7093825463629518	0.7074074074074075	0.6703703703703704	0.10370370370370363	0.	0.	0.10370370370370363
157	0.103380323973177	0.03629051740730211	0.040740740740740744	0.	0.10370370370370369	0.	0.	0.07037037037037036
158	0.5226825677771524	0.4856100800251342	0.4851851851851853	0.4481481481481482	0.10370370370370363	0.	0.	0.10370370370370363
159	0.18613541887300647	0.8332557815065204	0.15185185185185185	0.7814814814814816	0.10370370370370369	0.	0.	0.10370370370370363
160	0.6263916903992136	0.1502051353819854	0.5592592592592593	0.11481481481481481	0.10370370370370363	0.	0.	0.10370370370370369
161	0.7781867193227701	0.6642658419992168	0.7444444444444445	0.5962962962962963	0.10370370370370363	0.	0.	0.10370370370370363
162	0.7394423220605659	0.6511906627633213	0.6703703703703704	0.5962962962962963	0.10370370370370363	0.	0.	0.10370370370370363
163	0.06529218179785014	0.8271587394886936	0.003703703703703709	0.7814814814814816	0.10370370370370369	0.	0.	0.10370370370370363
164	0.49598281055290283	0.17502295634481357	0.4481481481481482	0.11481481481481481	0.10370370370370363	0.	0.	0.10370370370370369
165	0.1736383797708747	0.3443812286345031	0.11481481481481481	0.30000000000000004	0.10370370370370369	0.	0.	0.10370370370370363
166	0.5759405744800451	0.9441947953695689	0.5222222222222223	0.8925925925925926	0.10370370370370363	0.	0.	0.10370370370370363
167	0.8568949649261666	0.24631906083831306	0.8185185185185185	0.18888888888888888	0.10370370370370363	0.	0.	0.10370370370370369
168	0.33957928504567714	0.5159004466935494	0.30000000000000004	0.4481481481481482	0.10370370370370363	0.	0.	0.10370370370370363
169	0.9046131209303869	0.7392663986510704	0.8555555555555556	0.6703703703703704	0.10370370370370363	0.	0.	0.10370370370370363
170	0.2810783651317591	0.017340305578589746	0.22592592592592595	0.	0.10370370370370366	0.	0.	0.07037037037037036
171	0.7563610934027463	0.861942513319165	0.7074074074074075	0.8185185185185185	0.10370370370370363	0.	0.	0.10370370370370363
172	0.09392169842967013	0.21200961487265757	0.040740740740740744	0.15185185185185185	0.10370370370370369	0.	0.	0.10370370370370369
173	0.546810954371939	0.5599628074050225	0.4851851851851853	0.5222222222222223	0.10370370370370363	0.	0.	0.10370370370370363
174	0.21962149072950377	0.9773376897128088	0.15185185185185185	0.9296296296296297	0.10370370370370369	0.	0.	0.0703703703703703
175	0.6069605618268338	0.2781984219390799	0.5592592592592593	0.22592592592592595	0.10370370370370363	0.	0.	0.10370370370370366
176	0.8138496180567258	0.4032008505019121	0.7444444444444445	0.337037037037037	0.10370370370370363	0.	0.	0.10370370370370374
177	0.3818533958159692	0.7461616543465773	0.337037037037037	0.7074074074074075	0.10370370370370374	0.	0.	0.10370370370370363
178	0.9297450837712405	0.05961561057241864	0.8925925925925926	0.003703703703703709	0.10370370370370363	0.	0.	0.10370370370370369
179	0.2983283622875195	0.5270598754178606	0.26296296296296295	0.4851851851851853	0.10370370370370374	0.	0.	0.10370370370370363
180	0.6884542417683025	0.1170723463380551	0.6333333333333334	0.07777777777777778	0.10370370370370363	0.	0.	0.10370370370370369
181	0.026512225411323906	0.6221651311098657	0.	0.5592592592592593	0.07037037037037036	0.	0.	0.10370370370370363
182	0.4692464849649877	0.7907536101771151	0.4111111111111111	0.7444444444444445	0.10370370370370374	0.	0.	0.10370370370370363
183	0.1270762381731786	0.31320550782743967	0.07777777777777778	0.26296296296296295	0.10370370370370369	0.	0.	0.10370370370370374
184	0.6536449796971545	0.43312553439406076	0.5962962962962963	0.3740740740740741	0.10370370370370363	0.	0.	0.10370370370370363
185	0.8514150611516401	0.8967817660602182	0.7814814814814816	0.8555555555555556	0.10370370370370363	0.	0.	0.10370370370370363
186	0.42288332699237624	0.08387140137374959	0.3740740740740741	0.040740740740740744	0.10370370370370363	0.	0.	0.10370370370370369
187	0.9760711167068227	0.46113534795522904	0.9296296296296297	0.4111111111111111	0.0703703703703703	0.	0.	0.10370370370370374
188	0.23930164588343866	0.699651485563704	0.18888888888888888	0.6333333333333334	0.10370370370370369	0.	0.	0.10370370370370363
189	0.6627618740456789	0.19188829564802218	0.5962962962962963	0.15185185185185185	0.10370370370370363	0.	0.	0.10370370370370369
190	0.8265092049205826	0.5744781513951714	0.7814814814814816	0.5222222222222223	0.10370370370370363	0.	0.	0.10370370370370363
191	0.1386787831967245	0.8731217749301844	0.07777777777777778	0.8185185185185185	0.10370370370370369	0.	0.	0.10370370370370363
192	0.994860147936058	0.2928859535184091	0.9296296296296297	0.22592592592592595	0.0703703703703703	0.	0.	0.10370370370370366
193	0.2497256961888077	0.38265868793531976	0.18888888888888888	0.337037037037037	0.10370370370370369	0.	0.	0.10370370370370374
194	0.43889552091637907	0.994704218306499	0.3740740740740741	0.9296296296296297	0.10370370370370363	0.	0.	0.0703703703703703
195	0.003018613366797611	0.06863971943070535	0.	0.003703703703703709	0.07037037037037036	0.	0.	0.10370370370370369
196	0.45171955356582427	0.5375449963188016	0.4111111111111111	0.4851851851851853	0.10370370370370374	0.	0.	0.10370370370370363
197	0.7028192813691551	0.7543764203618737	0.6333333333333334	0.7074074074074075	0.10370370370370363	0.	0.	0.10370370370370363
198	0.5921994435353676	0.5973704116614234	0.5222222222222223	0.5592592592592593	0.10370370370370363	0.	0.	0.10370370370370363
199	0.8665168841909132	0.8067893616230504	0.8185185185185185	0.7444444444444445	0.10370370370370363	0.	0.	0.10370370370370363
200	0.1507447841768637	0.127961844406565	0.11481481481481481	0.07777777777777778	0.10370370370370369	0.	0.	0.10370370370370369
201	0.9229426626082923	0.407687617161621	0.8555555555555556	0.3740740740740741	0.10370370370370363	0.	0.	0.10370370370370363
202	0.2940906445795471	0.9070894922820322	0.22592592592592595	0.8555555555555556	0.10370370370370366	0.	0.	0.10370370370370363
203	0.35723976040582267	0.32892540693685407	0.30000000000000004	0.26296296296296295	0.10370370370370363	0.	0.	0.10370370370370374
204	0.042884381367863066	0.4736060384250869	0.003703703703703709	0.4111111111111111	0.10370370370370369	0.	0.	0.10370370370370374
205	0.5132748851597263	0.6747225347013935	0.4481481481481482	0.6333333333333334	0.10370370370370363	0.	0.	0.10370370370370363
206	0.7072713682247542	0.08948231611639584	0.6703703703703704	0.040740740740740744	0.10370370370370363	0.	0.	0.10370370370370369
207	0.6207174981565485	0.8281913333017689	0.5592592592592593	0.7814814814814816	0.10370370370370363	0.	0.	0.10370370370370363
208	0.7845265543850297	0.1594489744879411	0.7444444444444445	0.11481481481481481	0.10370370370370363	0.	0.	0.10370370370370369
209	0.18966988776545227	0.6589233152302381	0.15185185185185185	0.5962962962962963	0.10370370370370369	0.	0.	0.10370370370370363
210	0.950045130421587	0.9536227161181451	0.8925925925925926	0.8925925925925926	0.10370370370370363	0.	0.	0.10370370370370363
211	0.31340519869441735	0.2587676220362901	0.26296296296296295	0.18888888888888888	0.10370370370370374	0.	0.	0.10370370370370369
212	0.39371306886834956	0.3522812737282289	0.337037037037037	0.30000000000000004	0.10370370370370374	0.	0.	0.10370370370370363
213	0.10964403158691309	0.705063655009738	0.040740740740740744	0.6703703703703704	0.10370370370370369	0.	0.	0.10370370370370363
214	0.5306929589536155	0.03037834687158221	0.4851851851851853	0.	0.10370370370370363	0.	0.	0.07037037037037036
215	0.7661987550001087	0.4841951651830853	0.7074074074074075	0.4481481481481482	0.10370370370370363	0.	0.	0.10370370370370363
216	0.33225117752269073	0.7830776996756444	0.26296296296296295	0.7444444444444445	0.10370370370370374	0.	0.	0.10370370370370363
217	0.3978979697173424	0.1409859206835427	0.337037037037037	0.07777777777777778	0.10370370370370374	0.	0.	0.10370370370370369
218	0.9535202778945779	0.6127460328167277	0.8925925925925926	0.5592592592592593	0.10370370370370363	0.	0.	0.10370370370370363
219	0.5357450622597298	0.9254582256575834	0.4851851851851853	0.8555555555555556	0.10370370370370363	0.	0.	0.10370370370370363
220	0.7496447716269337	0.3043124228431467	0.7074074074074075	0.26296296296296295	0.10370370370370363	0.	0.	0.10370370370370374
221	0.08217795454110155	0.4307938697239801	0.040740740740740744	0.3740740740740741	0.10370370370370369	0.	0.	0.10370370370370363
222	0.8020734193367178	0.6856608169734668	0.7444444444444445	0.6333333333333334	0.10370370370370363	0.	0.	0.10370370370370363
223	0.2074876186186081	0.10236435550693519	0.15185185185185185	0.040740740740740744	0.10370370370370369	0.	0.	0.10370370370370369
224	0.5993102660436045	0.45468481146850237	0.5592592592592593	0.4111111111111111	0.10370370370370363	0.	0.	0.10370370370370374
225	0.2260619391247529	0.1725343708740539	0.18888888888888888	0.11481481481481481	0.10370370370370369	0.	0.	0.10370370370370369
226	0.4179878097946096	0.636649691149057	0.3740740740740741	0.5962962962962963	0.10370370370370363	0.	0.	0.10370370370370363
227	0.9693391968917437	0.8434281070422855	0.9296296296296297	0.7814814814814816	0.0703703703703703	0.	0.	0.10370370370370363
228	0.46667545246942266	0.2290798073924273	0.4111111111111111	0.18888888888888888	0.10370370370370374	0.	0.	0.10370370370370369
229	0.6674603314539722	0.3676136472998979	0.6333333333333334	0.30000000000000004	0.10370370370370363	0.	0.	0.10370370370370363
230	0.018629980959353268	0.9277793642968635	0.	0.8925925925925926	0.07037037037037036	0.	0.	0.10370370370370363
231	0.8302202347726977	0.0026063894278618455	0.7814814814814816	0.	0.10370370370370363	0.	0.	0.07037037037037036
232	0.11998209091448779	0.497785234585257	0.07777777777777778	0.4481481481481482	0.10370370370370369	0.	0.	0.10370370370370363
233	0.6333576169397346	0.7262795300087154	0.5962962962962963	0.6703703703703704	0.10370370370370363	0.	0.	0.10370370370370363
234	0.2655584924420453	0.5836668092860381	0.22592592592592595	0.5222222222222223	0.10370370370370366	0.	0.	0.10370370370370363
235	0.3589719196979969	0.8812024738664075	0.30000000000000004	0.8185185185185185	0.10370370370370363	0.	0.	0.10370370370370363
236	0.8926029774331321	0.2053993191533726	0.8555555555555556	0.15185185185185185	0.10370370370370363	0.	0.	0.10370370370370369
237	0.483793272826449	0.3883631005724463	0.4481481481481482	0.337037037037037	0.10370370370370363	0.	0.	0.10370370370370374
238	0.7228892180076034	0.9675451711417703	0.6703703703703704	0.9296296296296297	0.10370370370370363	0.	0.	0.0703703703703703
239	0.053246659858508405	0.2620663771863651	0.003703703703703709	0.22592592592592595	0.10370370370370369	0.	0.	0.10370370370370366
240	0.8862829219133012	0.5544884161594594	0.8185185185185185	0.4851851851851853	0.10370370370370363	0.	0.	0.10370370370370363
241	0.1663360925997214	0.7761708355767076	0.11481481481481481	0.7074074074074075	0.10370370370370369	0.	0.	0.10370370370370363
242	0.5632428980801787	0.04842864415464614	0.5222222222222223	0.003703703703703709	0.10370370370370363	0.	0.	0.10370370370370369
243	0.7236275742418636	0.5897269947090141	0.6703703703703704	0.5222222222222223	0.10370370370370363	0.	0.	0.10370370370370363
244	0.05026030171229964	0.8766960773724076	0.003703703703703709	0.8185185185185185	0.10370370370370369	0.	0.	0.10370370370370363
245	0.4848623308958068	0.199427549291712	0.4481481481481482	0.15185185185185185	0.10370370370370363	0.	0.	0.10370370370370369
246	0.16840349659462636	0.3861115366392853	0.11481481481481481	0.337037037037037	0.10370370370370369	0.	0.	0.10370370370370374
247	0.5603200273695386	0.9646349783013153	0.5222222222222223	0.9296296296296297	0.10370370370370363	0.	0.	0.0703703703703703
248	0.8887051686107391	0.2708679948003473	0.8185185185185185	0.22592592592592595	0.10370370370370363	0.	0.	0.10370370370370366
249	0.36063159013771207	0.5492048287960664	0.30000000000000004	0.4851851851851853	0.10370370370370363	0.	0.	0.10370370370370363
250	0.8893908576941576	0.7717833933833753	0.8555555555555556	0.7074074074074075	0.10370370370370363	0.	0.	0.10370370370370363
251	0.26674083311066177	0.04496439612240883	0.22592592592592595	0.003703703703703709	0.10370370370370366	0.	0.	0.10370370370370369
252	0.7505988116871812	0.7812591880412052	0.7074074074074075	0.7444444444444445	0.10370370370370363	0.	0.	0.10370370370370363
253	0.07941855909432813	0.1366702626819512	0.040740740740740744	0.07777777777777778	0.10370370370370369	0.	0.	0.10370370370370369
254	0.5366443917390922	0.609005112100133	0.4851851851851853	0.5592592592592593	0.10370370370370363	0.	0.	0.10370370370370363
255	0.2093686695370759	0.9190240176825891	0.15185185185185185	0.8555555555555556	0.10370370370370369	0.	0.	0.10370370370370363
256	0.6005970186741121	0.2987132025430901	0.5592592592592593	0.26296296296296295	0.10370370370370363	0.	0.	0.10370370370370374
257	0.7986257570733006	0.42451343437681044	0.7444444444444445	0.3740740740740741	0.10370370370370363	0.	0.	0.10370370370370363
258	0.39564473490369956	0.6813330248691793	0.337037037037037	0.6333333333333334	0.10370370370370374	0.	0.	0.10370370370370363
259	0.9517192606024855	0.10784210830246858	0.8925925925925926	0.040740740740740744	0.10370370370370363	0.	0.	0.10370370370370369
260	0.3300958320422405	0.45159281444198474	0.26296296296296295	0.4111111111111111	0.10370370370370374	0.	0.	0.10370370370370374
261	0.6689770151349258	0.16747378324639917	0.6333333333333334	0.11481481481481481	0.10370370370370363	0.	0.	0.10370370370370369
262	0.01986879515123769	0.6300475984032601	0.	0.5962962962962963	0.07037037037037036	0.	0.	0.10370370370370363
263	0.468152821416732	0.8508858377217456	0.4111111111111111	0.7814814814814816	0.10370370370370374	0.	0.	0.10370370370370363
264	0.1219133775171435	0.22443714896038966	0.07777777777777778	0.18888888888888888	0.10370370370370369	0.	0.	0.10370370370370369
265	0.6301659581733342	0.3633232220026787	0.5962962962962963	0.30000000000000004	0.10370370370370363	0.	0.	0.10370370370370363
266	0.8278518847256939	0.9375092609862802	0.7814814814814816	0.8925925925925926	0.10370370370370363	0.	0.	0.10370370370370363
267	0.4195735812000381	0.01075343143936475	0.3740740740740741	0.	0.10370370370370363	0.	0.	0.07037037037037036
268	0.9703228327021529	0.5059522798410041	0.9296296296296297	0.4481481481481482	0.0703703703703703	0.	0.	0.10370370370370363
269	0.2232673132232474	0.7236898433629306	0.18888888888888888	0.6703703703703704	0.10370370370370369	0.	0.	0.10370370370370363
270	0.6502751441556652	0.11267546650929279	0.5962962962962963	0.07777777777777778	0.10370370370370363	0.	0.	0.10370370370370369
271	0.8481146919069286	0.6197413709836085	0.7814814814814816	0.5592592592592593	0.10370370370370363	0.	0.	0.10370370370370363
272	0.1242719741650009	0.8013877293929078	0.07777777777777778	0.7444444444444445	0.10370370370370369	0.	0.	0.10370370370370363
273	0.9768209540065564	0.311863187666016	0.9296296296296297	0.26296296296296295	0.0703703703703703	0.	0.	0.10370370370370374
274	0.24122303626194289	0.4405427397688992	0.18888888888888888	0.3740740740740741	0.10370370370370369	0.	0.	0.10370370370370363
275	0.42094073570452456	0.8894798781107659	0.3740740740740741	0.8555555555555556	0.10370370370370363	0.	0.	0.10370370370370363
276	0.02846343007945561	0.08229869329394192	0.	0.040740740740740744	0.07037037037037036	0.	0.	0.10370370370370369
277	0.47139901524413175	0.4583279951412172	0.4111111111111111	0.4111111111111111	0.10370370370370374	0.	0.	0.10370370370370374
278	0.6890946097243366	0.6965443852230885	0.6333333333333334	0.6333333333333334	0.10370370370370363	0.	0.	0.10370370370370363
279	0.5720943710852628	0.6480459366377669	0.5222222222222223	0.5962962962962963	0.10370370370370363	0.	0.	0.10370370370370363
280	0.8580086437641486	0.8214345404260054	0.8185185185185185	0.7814814814814816	0.10370370370370363	0.	0.	0.10370370370370363
281	0.1745689087703361	0.18475191950934738	0.11481481481481481	0.11481481481481481	0.10370370370370369	0.	0.	0.10370370370370369
282	0.9013035721677245	0.33983466561917763	0.8555555555555556	0.30000000000000004	0.10370370370370363	0.	0.	0.10370370370370363
283	0.28164663657390265	0.9417277059224746	0.22592592592592595	0.8925925925925926	0.10370370370370366	0.	0.	0.10370370370370363
284	0.3407814095586806	0.2402232225083308	0.30000000000000004	0.18888888888888888	0.10370370370370363	0.	0.	0.10370370370370369
285	0.06214629844559752	0.511685789201166	0.003703703703703709	0.4481481481481482	0.10370370370370369	0.	0.	0.10370370370370363
286	0.497547816407132	0.7349465376365265	0.4481481481481482	0.6703703703703704	0.10370370370370363	0.	0.	0.10370370370370363
287	0.7366893821319468	0.013383225239454658	0.6703703703703704	0.	0.10370370370370363	0.	0.	0.07037037037037036
288	0.6079347625829877	0.8575117590128281	0.5592592592592593	0.8185185185185185	0.10370370370370363	0.	0.	0.10370370370370363
289	0.8107111667670903	0.22080881994860108	0.7444444444444445	0.15185185185185185	0.10370370370370363	0.	0.	0.10370370370370369
290	0.2218020947260742	0.5595705075543039	0.15185185185185185	0.5222222222222223	0.10370370370370369	0.	0.	0.10370370370370363
291	0.925928608626926	0.987093882550612	0.8925925925925926	0.9296296296296297	0.10370370370370363	0.	0.	0.0703703703703703
292	0.2991841456273625	0.2741588670426084	0.26296296296296295	0.22592592592592595	0.10370370370370374	0.	0.	0.10370370370370366
293	0.3796638067499488	0.3966340794123565	0.337037037037037	0.337037037037037	0.10370370370370374	0.	0.	0.10370370370370374
294	0.09055685401983647	0.7434356575808255	0.040740740740740744	0.7074074074074075	0.10370370370370369	0.	0.	0.10370370370370363
295	0.5445261741607751	0.05637699593459893	0.4851851851851853	0.003703703703703709	0.10370370370370363	0.	0.	0.10370370370370369
296	0.7532249668912063	0.5265084487224079	0.7074074074074075	0.4851851851851853	0.10370370370370363	0.	0.	0.10370370370370363
297	0.3152526375547474	0.8375272386105871	0.26296296296296295	0.7814814814814816	0.10370370370370374	0.	0.	0.10370370370370363
298	0.39193223722351966	0.15379787687652896	0.337037037037037	0.11481481481481481	0.10370370370370374	0.	0.	0.10370370370370369
299	0.9476271443833386	0.6573299001058597	0.8925925925925926	0.5962962962962963	0.10370370370370363	0.	0.	0.10370370370370363
300	0.5272274986296177	0.960996568081182	0.4851851851851853	0.8925925925925926	0.10370370370370363	0.	0.	0.10370370370370363
301	0.7680530959218317	0.25319151443571	0.7074074074074075	0.18888888888888888	0.10370370370370363	0.	0.	0.10370370370370369
302	0.1109554938037019	0.34582378957935456	0.040740740740740744	0.30000000000000004	0.10370370370370369	0.	0.	0.10370370370370363
303	0.7847160014296507	0.7153874920642104	0.7444444444444445	0.6703703703703704	0.10370370370370363	0.	0.	0.10370370370370363
304	0.19190337056919737	0.026440239887949406	0.15185185185185185	0.	0.10370370370370369	0.	0.	0.07037037037037036
305	0.6181893088605681	0.49115878501373383	0.5592592592592593	0.4481481481481482	0.10370370370370363	0.	0.	0.10370370370370363
306	0.247755148196787	0.18642416027029826	0.18888888888888888	0.15185185185185185	0.10370370370370369	0.	0.	0.10370370370370369
307	0.4392387939331039	0.5697657900586667	0.3740740740740741	0.5222222222222223	0.10370370370370363	0.	0.	0.10370370370370363
308	0.9923213517324668	0.8703043718819251	0.9296296296296297	0.8185185185185185	0.0703703703703703	0.	0.	0.10370370370370363
309	0.44878729254129174	0.2905571634166548	0.4111111111111111	0.22592592592592595	0.10370370370370374	0.	0.	0.10370370370370366
310	0.7009460755012709	0.37683826955952926	0.6333333333333334	0.337037037037037	0.10370370370370363	0.	0.	0.10370370370370374
311	0.0003973047486396622	0.9903791054616455	0.	0.9296296296296297	0.07037037037037036	0.	0.	0.0703703703703703
312	0.8232955468014324	0.06461076197753703	0.7814814814814816	0.003703703703703709	0.10370370370370363	0.	0.	0.10370370370370369
313	0.1370852450363478	0.5327365051499207	0.07777777777777778	0.4851851851851853	0.10370370370370369	0.	0.	0.10370370370370363
314	0.6650275337743775	0.76419178835256	0.5962962962962963	0.7074074074074075	0.10370370370370363	0.	0.	0.10370370370370363
315	0.295475898281673	0.5938290200581862	0.22592592592592595	0.5592592592592593	0.10370370370370366	0.	0.	0.10370370370370363
316	0.35413076548291006	0.8055066614369655	0.30000000000000004	0.7444444444444445	0.10370370370370363	0.	0.	0.10370370370370363
317	0.923388598410791	0.12498002912798968	0.8555555555555556	0.07777777777777778	0.10370370370370363	0.	0.	0.10370370370370369
318	0.5112654259577204	0.4180876960966993	0.4481481481481482	0.3740740740740741	0.10370370370370363	0.	0.	0.10370370370370363
319	0.7046132701222899	0.902862935573859	0.6703703703703704	0.8555555555555556	0.10370370370370363	0.	0.	0.10370370370370363
320	0.04477669567273023	0.32256848019551526	0.003703703703703709	0.26296296296296295	0.10370370370370369	0.	0.	0.10370370370370374
321	0.867840144957675	0.46972276763951243	0.8185185185185185	0.4111111111111111	0.10370370370370363	0.	0.	0.10370370370370374
322	0.1515565068630121	0.6674198939092936	0.11481481481481481	0.6333333333333334	0.10370370370370369	0.	0.	0.10370370370370363
323	0.5885336780247915	0.09857187840505083	0.5222222222222223	0.040740740740740744	0.10370370370370363	0.	0.	0.10370370370370369
324	0.47619777796522267	0.07415490184189338	0.4111111111111111	0.040740740740740744	0.10370370370370374	0.	0.	0.10370370370370369
325	0.6822079553636272	0.4673958161946016	0.6333333333333334	0.4111111111111111	0.10370370370370363	0.	0.	0.10370370370370374
326	0.03285342935661481	0.6921372951272416	0.	0.6333333333333334	0.07037037037037036	0.	0.	0.10370370370370363
327	0.8417093767421612	0.12317423580214068	0.7814814814814816	0.07777777777777778	0.10370370370370363	0.	0.	0.10370370370370369
328	0.13014562582930397	0.6290200645531683	0.07777777777777778	0.5592592592592593	0.10370370370370369	0.	0.	0.10370370370370363
329	0.6446475231893753	0.7956811261987747	0.5962962962962963	0.7444444444444445	0.10370370370370363	0.	0.	0.10370370370370363
330	0.2447519315376219	0.31692309730509194	0.18888888888888888	0.26296296296296295	0.10370370370370369	0.	0.	0.10370370370370374
331	0.42638600355491263	0.44028577951642617	0.3740740740740741	0.3740740740740741	0.10370370370370363	0.	0.	0.10370370370370363
332	0.979543855943733	0.8980076898651926	0.9296296296296297	0.8555555555555556	0.0703703703703703	0.	0.	0.10370370370370363
333	0.5002212346423768	0.5087137901303236	0.4481481481481482	0.4481481481481482	0.10370370370370363	0.	0.	0.10370370370370363
334	0.7291094835892034	0.7305471970877959	0.6703703703703704	0.6703703703703704	0.10370370370370363	0.	0.	0.10370370370370363
335	0.0691425563710958	0.02338829667145801	0.003703703703703709	0.	0.10370370370370369	0.	0.	0.07037037037037036
336	0.8637977516293243	0.6441539302963057	0.8185185185185185	0.5962962962962963	0.10370370370370363	0.	0.	0.10370370370370363
337	0.18031137824859156	0.8155204512170237	0.11481481481481481	0.7814814814814816	0.10370370370370369	0.	0.	0.10370370370370363
338	0.5780819712919208	0.1790547659961268	0.5222222222222223	0.11481481481481481	0.10370370370370363	0.	0.	0.10370370370370369
339	0.2749310031113679	0.3364611321146036	0.22592592592592595	0.30000000000000004	0.10370370370370366	0.	0.	0.10370370370370363
340	0.3422180871457902	0.9493651663838563	0.30000000000000004	0.8925925925925926	0.10370370370370363	0.	0.	0.10370370370370363
341	0.907141174284495	0.23749526232895407	0.8555555555555556	0.18888888888888888	0.10370370370370363	0.	0.	0.10370370370370369
342	0.5477382895977915	0.7522763756909442	0.4851851851851853	0.7074074074074075	0.10370370370370363	0.	0.	0.10370370370370363
343	0.7605903973412895	0.04943252842090478	0.7074074074074075	0.003703703703703709	0.10370370370370363	0.	0.	0.10370370370370369
344	0.09648413991513666	0.5206300244659148	0.040740740740740744	0.4851851851851853	0.10370370370370369	0.	0.	0.10370370370370363
345	0.8061238022614406	0.853708260294583	0.7444444444444445	0.8185185185185185	0.10370370370370363	0.	0.	0.10370370370370363
346	0.21318806054851336	0.2172220220392113	0.15185185185185185	0.15185185185185185	0.10370370370370369	0.	0.	0.10370370370370369
347	0.6113231206347822	0.5646476843923449	0.5592592592592593	0.5222222222222223	0.10370370370370363	0.	0.	0.10370370370370363
348	0.30357057255861	0.9835070751769145	0.26296296296296295	0.9296296296296297	0.10370370370370374	0.	0.	0.0703703703703703
349	0.370891768538688	0.2832849727435728	0.337037037037037	0.22592592592592595	0.10370370370370374	0.	0.	0.10370370370370366
350	0.9311407404681686	0.40409782767064756	0.8925925925925926	0.337037037037037	0.10370370370370363	0.	0.	0.10370370370370374
351	0.19499297312589986	0.7106324811162307	0.15185185185185185	0.6703703703703704	0.10370370370370369	0.	0.	0.10370370370370363
352	0.622711509027426	0.03401498296424207	0.5592592592592593	0.	0.10370370370370363	0.	0.	0.07037037037037036
353	0.786105161309628	0.48706208462815703	0.7444444444444445	0.4481481481481482	0.10370370370370363	0.	0.	0.10370370370370363
354	0.3850596278952436	0.834567334064427	0.337037037037037	0.7814814814814816	0.10370370370370374	0.	0.	0.10370370370370363
355	0.9423688327438976	0.1520960997324365	0.8925925925925926	0.11481481481481481	0.10370370370370363	0.	0.	0.10370370370370369
356	0.3201485427891244	0.6653296663064886	0.26296296296296295	0.5962962962962963	0.10370370370370374	0.	0.	0.10370370370370363
357	0.7709061389712234	0.9562040380368214	0.7074074074074075	0.8925925925925926	0.10370370370370363	0.	0.	0.10370370370370363
358	0.0988239370065944	0.24824162995330548	0.040740740740740744	0.18888888888888888	0.10370370370370369	0.	0.	0.10370370370370369
359	0.5185264083094652	0.3577545593705895	0.4851851851851853	0.30000000000000004	0.10370370370370363	0.	0.	0.10370370370370363
360	0.143794936634512	0.07238689175264554	0.07777777777777778	0.003703703703703709	0.10370370370370369	0.	0.	0.10370370370370369
361	0.6549016754076042	0.5407801797149314	0.5962962962962963	0.4851851851851853	0.10370370370370363	0.	0.	0.10370370370370363
362	0.8173064125165563	0.7606721319618521	0.7814814814814816	0.7074074074074075	0.10370370370370363	0.	0.	0.10370370370370363
363	0.4433194617816578	0.19727946379555916	0.3740740740740741	0.15185185185185185	0.10370370370370363	0.	0.	0.10370370370370369
364	0.999645125462978	0.5773011934499589	0.9296296296296297	0.5222222222222223	0.0703703703703703	0.	0.	0.10370370370370363
365	0.25394672918292654	0.8648730699079434	0.18888888888888888	0.8185185185185185	0.10370370370370369	0.	0.	0.10370370370370363
366	0.6928823159548143	0.28420212093291397	0.6333333333333334	0.22592592592592595	0.10370370370370363	0.	0.	0.10370370370370366
367	0.006540696922201241	0.371700847241458	0.	0.337037037037037	0.07037037037037036	0.	0.	0.10370370370370374
368	0.4546444272681027	0.9995373923895214	0.4111111111111111	0.9296296296296297	0.10370370370370374	0.	0.	0.0703703703703703
369	0.1531909523418795	0.47742527284525377	0.11481481481481481	0.4111111111111111	0.10370370370370369	0.	0.	0.10370370370370374
370	0.5832750273910612	0.6787531862656166	0.5222222222222223	0.6333333333333334	0.10370370370370363	0.	0.	0.10370370370370363
371	0.8724030924101865	0.09204713830541196	0.8185185185185185	0.040740740740740744	0.10370370370370363	0.	0.	0.10370370370370369
372	0.34822087326413953	0.6026324057769008	0.30000000000000004	0.5592592592592593	0.10370370370370363	0.	0.	0.10370370370370363
373	0.9173889553029464	0.8125352941774846	0.8555555555555556	0.7444444444444445	0.10370370370370363	0.	0.	0.10370370370370363
374	0.2850698611347837	0.1326356189007168	0.22592592592592595	0.07777777777777778	0.10370370370370366	0.	0.	0.10370370370370369
375	0.7088451156576112	0.41489893857076476	0.6703703703703704	0.3740740740740741	0.10370370370370363	0.	0.	0.10370370370370363
376	0.049344093070582705	0.91245274674498	0.003703703703703709	0.8555555555555556	0.10370370370370369	0.	0.	0.10370370370370363
377	0.5172164311285733	0.3310283390819839	0.4481481481481482	0.26296296296296295	0.10370370370370363	0.	0.	0.10370370370370374
378	0.8940233239273344	0.5454596611865478	0.8555555555555556	0.4851851851851853	0.10370370370370363	0.	0.	0.10370370370370363
379	0.2714712351381774	0.7675631786216656	0.22592592592592595	0.7074074074074075	0.10370370370370366	0.	0.	0.10370370370370363
380	0.366009197653285	0.03839400536540372	0.30000000000000004	0.003703703703703709	0.10370370370370363	0.	0.	0.10370370370370369
381	0.05384405899778488	0.5858757236077241	0.003703703703703709	0.5222222222222223	0.10370370370370369	0.	0.	0.10370370370370363
382	0.4859059549291588	0.8886284819076773	0.4481481481481482	0.8185185185185185	0.10370370370370363	0.	0.	0.10370370370370363
383	0.7271730045232584	0.20747678972996528	0.6703703703703704	0.15185185185185185	0.10370370370370363	0.	0.	0.10370370370370369
384	0.5645787713273643	0.39395789759930155	0.5222222222222223	0.337037037037037	0.10370370370370363	0.	0.	0.10370370370370374
385	0.8775917759992297	0.9752193410710397	0.8185185185185185	0.9296296296296297	0.10370370370370363	0.	0.	0.0703703703703703
386	0.17017761890578098	0.2652465540269004	0.11481481481481481	0.22592592592592595	0.10370370370370369	0.	0.	0.10370370370370366
387	0.9558106704401307	0.6882619571521938	0.8925925925925926	0.6333333333333334	0.10370370370370363	0.	0.	0.10370370370370363
388	0.3241814933196955	0.1030289899475778	0.26296296296296295	0.040740740740740744	0.10370370370370374	0.	0.	0.10370370370370369
389	0.40162521795106537	0.4449614563363994	0.337037037037037	0.4111111111111111	0.10370370370370374	0.	0.	0.10370370370370374
390	0.08297959171694712	0.7872812589768151	0.040740740740740744	0.7444444444444445	0.10370370370370369	0.	0.	0.10370370370370363
391	0.5391009147169809	0.1475041192258678	0.4851851851851853	0.07777777777777778	0.10370370370370363	0.	0.	0.10370370370370369
392	0.7431181859873187	0.6138539212192604	0.7074074074074075	0.5592592592592593	0.10370370370370363	0.	0.	0.10370370370370363
393	0.6024859215262963	0.9175344595675217	0.5592592592592593	0.8555555555555556	0.10370370370370363	0.	0.	0.10370370370370363
394	0.7905321944223073	0.3081036756077882	0.7444444444444445	0.26296296296296295	0.10370370370370363	0.	0.	0.10370370370370374
395	0.19950994899497948	0.42126016899087293	0.15185185185185185	0.3740740740740741	0.10370370370370369	0.	0.	0.10370370370370363
396	0.9726024832586142	0.00570213690135182	0.9296296296296297	0.	0.0703703703703703	0.	0.	0.07037037037037036
397	0.2287639223610259	0.5001695500587391	0.18888888888888888	0.4481481481481482	0.10370370370370369	0.	0.	0.10370370370370363
398	0.41051222340833227	0.71733568450136	0.3740740740740741	0.6703703703703704	0.10370370370370363	0.	0.	0.10370370370370363
399	0.020671362410399855	0.1629619542398544	0.	0.11481481481481481	0.07037037037037036	0.	0.	0.10370370370370369
400	0.45896978876612793	0.638160445871514	0.4111111111111111	0.5962962962962963	0.10370370370370374	0.	0.	0.10370370370370363
401	0.6716405982338223	0.8441064148261916	0.6333333333333334	0.7814814814814816	0.10370370370370363	0.	0.	0.10370370370370363
402	0.6355023580937489	0.2342222776279995	0.5962962962962963	0.18888888888888888	0.10370370370370363	0.	0.	0.10370370370370369
403	0.8338616580842045	0.35846721140588234	0.7814814814814816	0.30000000000000004	0.10370370370370363	0.	0.	0.10370370370370363
404	0.11250321611152579	0.9319002907286437	0.07777777777777778	0.8925925925925926	0.10370370370370369	0.	0.	0.10370370370370363
405	0.10483561010975169	0.9517762907991167	0.040740740740740744	0.8925925925925926	0.10370370370370369	0.	0.	0.10370370370370363
406	0.5248820659731981	0.2556827791659035	0.4851851851851853	0.18888888888888888	0.10370370370370363	0.	0.	0.10370370370370369
407	0.77570596599672	0.3529585473214351	0.7074074074074075	0.30000000000000004	0.10370370370370363	0.	0.	0.10370370370370363
408	0.6270360970334053	0.7059610116111678	0.5592592592592593	0.6703703703703704	0.10370370370370363	0.	0.	0.10370370370370363
409	0.7800693705696086	0.03268599801218395	0.7444444444444445	0.	0.10370370370370363	0.	0.	0.07037037037037036
410	0.18778977209265077	0.48503784992125176	0.15185185185185185	0.4481481481481482	0.10370370370370369	0.	0.	0.10370370370370363
411	0.945421294776522	0.8286911046668984	0.8925925925925926	0.7814814814814816	0.10370370370370363	0.	0.	0.10370370370370363
412	0.31203894157836687	0.1573702924799795	0.26296296296296295	0.11481481481481481	0.10370370370370374	0.	0.	0.10370370370370369
413	0.388111323318955	0.6607510304735931	0.337037037037037	0.5962962962962963	0.10370370370370374	0.	0.	0.10370370370370363
414	0.009304158579663211	0.29446133655569257	0.	0.22592592592592595	0.07037037037037036	0.	0.	0.10370370370370366
415	0.4480439176428448	0.3791820494036907	0.4111111111111111	0.337037037037037	0.10370370370370374	0.	0.	0.10370370370370374
416	0.6994785881514558	0.9923375141886209	0.6333333333333334	0.9296296296296297	0.10370370370370363	0.	0.	0.0703703703703703
417	0.6594007327612796	0.06655854142672012	0.5962962962962963	0.003703703703703709	0.10370370370370363	0.	0.	0.10370370370370369
418	0.8214646584338668	0.5387120822443991	0.7814814814814816	0.4851851851851853	0.10370370370370363	0.	0.	0.10370370370370363
419	0.14431167664272226	0.7555952528193037	0.07777777777777778	0.7074074074074075	0.10370370370370369	0.	0.	0.10370370370370363
420	0.9907837820454904	0.1921907009242697	0.9296296296296297	0.15185185185185185	0.0703703703703703	0.	0.	0.10370370370370369
421	0.2552841227420645	0.574761240880061	0.18888888888888888	0.5222222222222223	0.10370370370370369	0.	0.	0.10370370370370363
422	0.43333308579867075	0.8738245513907241	0.3740740740740741	0.8185185185185185	0.10370370370370363	0.	0.	0.10370370370370363
423	0.040026640580350575	0.40928200969085377	0.003703703703703709	0.3740740740740741	0.10370370370370369	0.	0.	0.10370370370370363
424	0.5081309281674741	0.9087379518192356	0.4481481481481482	0.8555555555555556	0.10370370370370363	0.	0.	0.10370370370370363
425	0.7125577983219845	0.325632592790758	0.6703703703703704	0.26296296296296295	0.10370370370370363	0.	0.	0.10370370370370374
426	0.5859463824072556	0.4755128683965912	0.5222222222222223	0.4111111111111111	0.10370370370370363	0.	0.	0.10370370370370374
427	0.8740953501816472	0.6713884966126988	0.8185185185185185	0.6333333333333334	0.10370370370370363	0.	0.	0.10370370370370363
428	0.15948810251660867	0.08741591361731	0.11481481481481481	0.040740740740740744	0.10370370370370369	0.	0.	0.10370370370370369
429	0.9201106853867677	0.5988917225283868	0.8555555555555556	0.5592592592592593	0.10370370370370363	0.	0.	0.10370370370370363
430	0.2898477688239491	0.8079781380208142	0.22592592592592595	0.7444444444444445	0.10370370370370366	0.	0.	0.10370370370370363
431	0.350202637321022	0.1299523543440333	0.30000000000000004	0.07777777777777778	0.10370370370370363	0.	0.	0.10370370370370369
432	0.8842422993276434	0.3906429034182202	0.8185185185185185	0.337037037037037	0.10370370370370363	0.	0.	0.10370370370370374
433	0.1630424576400415	0.9695391665255989	0.11481481481481481	0.9296296296296297	0.10370370370370369	0.	0.	0.0703703703703703
434	0.5585339232450006	0.2605123938088881	0.5222222222222223	0.22592592592592595	0.10370370370370363	0.	0.	0.10370370370370366
435	0.26266734781116163	0.5515156083205157	0.22592592592592595	0.4851851851851853	0.10370370370370366	0.	0.	0.10370370370370363
436	0.36709617165687203	0.7769926360296343	0.30000000000000004	0.7074074074074075	0.10370370370370363	0.	0.	0.10370370370370363
437	0.8981693892808027	0.04543499246886759	0.8555555555555556	0.003703703703703709	0.10370370370370363	0.	0.	0.10370370370370369
438	0.4912537051355244	0.5809131242582956	0.4481481481481482	0.5222222222222223	0.10370370370370363	0.	0.	0.10370370370370363
439	0.7182911459285263	0.8823136085264367	0.6703703703703704	0.8185185185185185	0.10370370370370363	0.	0.	0.10370370370370363
440	0.05818798602569519	0.2028360628770634	0.003703703703703709	0.15185185185185185	0.10370370370370369	0.	0.	0.10370370370370369
441	0.79588169380479	0.9226404122025323	0.7444444444444445	0.8555555555555556	0.10370370370370363	0.	0.	0.10370370370370363
442	0.204348392976535	0.30139295326049037	0.15185185185185185	0.26296296296296295	0.10370370370370369	0.	0.	0.10370370370370374
443	0.5954822633726701	0.42855499828766147	0.5592592592592593	0.3740740740740741	0.10370370370370363	0.	0.	0.10370370370370363
444	0.3279916179136308	0.6868473907687417	0.26296296296296295	0.6333333333333334	0.10370370370370374	0.	0.	0.10370370370370363
445	0.4057407970490688	0.09886236295571862	0.337037037037037	0.040740740740740744	0.10370370370370374	0.	0.	0.10370370370370369
446	0.9599412969267783	0.45644274809292973	0.8925925925925926	0.4111111111111111	0.10370370370370363	0.	0.	0.10370370370370374
447	0.5328473373539105	0.7841514959215283	0.4851851851851853	0.7444444444444445	0.10370370370370363	0.	0.	0.10370370370370363
448	0.7460558881283121	0.1426597643540393	0.7074074074074075	0.07777777777777778	0.10370370370370363	0.	0.	0.10370370370370369
449	0.07746814512607429	0.6101849249382368	0.040740740740740744	0.5592592592592593	0.10370370370370369	0.	0.	0.10370370370370363
450	0.8357718702550774	0.23001708272240257	0.7814814814814816	0.18888888888888888	0.10370370370370363	0.	0.	0.10370370370370369
451	0.1186793066073488	0.3679467659749921	0.07777777777777778	0.30000000000000004	0.10370370370370369	0.	0.	0.10370370370370363
452	0.6394912342043598	0.9291690860125538	0.5962962962962963	0.8925925925925926	0.10370370370370363	0.	0.	0.10370370370370363
453	0.2342311448238006	0.0038704810644815085	0.18888888888888888	0.	0.10370370370370369	0.	0.	0.07037037037037036
454	0.4131163706556916	0.4946194305863536	0.3740740740740741	0.4481481481481482	0.10370370370370363	0.	0.	0.10370370370370363
455	0.9661486798649928	0.7275987546784943	0.9296296296296297	0.6703703703703704	0.0703703703703703	0.	0.	0.10370370370370363
456	0.4628720647416938	0.16902277463182896	0.4111111111111111	0.11481481481481481	0.10370370370370374	0.	0.	0.10370370370370369
457	0.6768796345203104	0.6345645484605917	0.6333333333333334	0.5962962962962963	0.10370370370370363	0.	0.	0.10370370370370363
458	0.01573605812400214	0.8408089451011629	0.	0.7814814814814816	0.07037037037037036	0.	0.	0.10370370370370363
459	0.43036351733409056	0.3153987896941954	0.3740740740740741	0.26296296296296295	0.10370370370370363	0.	0.	0.10370370370370374
460	0.9851798218481246	0.43382102763972985	0.9296296296296297	0.3740740740740741	0.0703703703703703	0.	0.	0.10370370370370363
461	0.23476112711908398	0.8941565968649634	0.18888888888888888	0.8555555555555556	0.10370370370370369	0.	0.	0.10370370370370363
462	0.6849452370255684	0.08523750275892095	0.6333333333333334	0.040740740740740744	0.10370370370370363	0.	0.	0.10370370370370369
463	0.0351000477588749	0.46242092959277287	0.	0.4111111111111111	0.07037037037037036	0.	0.	0.10370370370370374
464	0.47819111859104585	0.7013505326852585	0.4111111111111111	0.6333333333333334	0.10370370370370374	0.	0.	0.10370370370370363
465	0.1326712477167584	0.11838706427664779	0.07777777777777778	0.07777777777777778	0.10370370370370369	0.	0.	0.10370370370370369
466	0.648366238059237	0.6232617260122931	0.5962962962962963	0.5592592592592593	0.10370370370370363	0.	0.	0.10370370370370363
467	0.8437656851270282	0.7926962900853014	0.7814814814814816	0.7444444444444445	0.10370370370370363	0.	0.	0.10370370370370363
468	0.334001101320173	0.3428650956041718	0.30000000000000004	0.30000000000000004	0.10370370370370363	0.	0.	0.10370370370370363
469	0.9124525428321714	0.9457839360684921	0.8555555555555556	0.8925925925925926	0.10370370370370363	0.	0.	0.10370370370370363
470	0.2778371426470082	0.2436712125809467	0.22592592592592595	0.18888888888888888	0.10370370370370366	0.	0.	0.10370370370370369
471	0.734505475952426	0.5172279156356132	0.6703703703703704	0.4481481481481482	0.10370370370370363	0.	0.	0.10370370370370363
472	0.0727061082203115	0.7405744674833996	0.003703703703703709	0.6703703703703704	0.10370370370370369	0.	0.	0.10370370370370363
473	0.5038003793685092	0.01830640402707251	0.4481481481481482	0.	0.10370370370370363	0.	0.	0.07037037037037036
474	0.1838557373424478	0.6527803859473558	0.11481481481481481	0.5962962962962963	0.10370370370370369	0.	0.	0.10370370370370363
475	0.5692625969161549	0.823522017356874	0.5222222222222223	0.7814814814814816	0.10370370370370363	0.	0.	0.10370370370370363
476	0.8540542478467971	0.17640233873467986	0.8185185185185185	0.11481481481481481	0.10370370370370363	0.	0.	0.10370370370370369
477	0.37753056386923983	0.9780592278725179	0.337037037037037	0.9296296296296297	0.10370370370370374	0.	0.	0.0703703703703703
478	0.9348150143912496	0.2784764290908046	0.8925925925925926	0.22592592592592595	0.10370370370370363	0.	0.	0.10370370370370366
479	0.30647417135786353	0.39976540235760905	0.26296296296296295	0.337037037037037	0.10370370370370374	0.	0.	0.10370370370370374
480	0.7641242037322054	0.7462558104406295	0.7074074074074075	0.7074074074074075	0.10370370370370363	0.	0.	0.10370370370370363
481	0.08879437882973368	0.06107832705082702	0.040740740740740744	0.003703703703703709	0.10370370370370369	0.	0.	0.10370370370370369
482	0.552338578045623	0.5291107426862667	0.4851851851851853	0.4851851851851853	0.10370370370370363	0.	0.	0.10370370370370363
483	0.21496864526095488	0.8631895769456839	0.15185185185185185	0.8185185185185185	0.10370370370370369	0.	0.	0.10370370370370363
484	0.6153168278442116	0.2131162901230382	0.5592592592592593	0.15185185185185185	0.10370370370370363	0.	0.	0.10370370370370369
485	0.8090246787816807	0.5613510449452077	0.7444444444444445	0.5222222222222223	0.10370370370370363	0.	0.	0.10370370370370363
486	0.09004206882133518	0.9844854187186092	0.040740740740740744	0.9296296296296297	0.10370370370370369	0.	0.	0.0703703703703703
487	0.5535902783224594	0.2756531478471531	0.4851851851851853	0.22592592592592595	0.10370370370370363	0.	0.	0.10370370370370366
488	0.7623139793896306	0.3989661691158862	0.7074074074074075	0.337037037037037	0.10370370370370363	0.	0.	0.10370370370370374
489	0.6162668085769034	0.7447989291380336	0.5592592592592593	0.7074074074074075	0.10370370370370363	0.	0.	0.10370370370370363
490	0.8099877073529445	0.054811899739252046	0.7444444444444445	0.003703703703703709	0.10370370370370363	0.	0.	0.10370370370370369
491	0.216016103199264	0.5230346150673857	0.15185185185185185	0.4851851851851853	0.10370370370370369	0.	0.	0.10370370370370363
492	0.9358964930737053	0.8597245382135688	0.8925925925925926	0.8185185185185185	0.10370370370370363	0.	0.	0.10370370370370363
493	0.3084253149381919	0.22109286360777197	0.26296296296296295	0.15185185185185185	0.10370370370370374	0.	0.	0.10370370370370369
494	0.3756262901211712	0.555584382976021	0.337037037037037	0.5222222222222223	0.10370370370370374	0.	0.	0.10370370370370363
495	0.0362451076595831	0.30930495521624307	0.	0.26296296296296295	0.07037037037037036	0.	0.	0.10370370370370374
496	0.47887399333354996	0.4423437372719851	0.4111111111111111	0.3740740740740741	0.10370370370370374	0.	0.	0.10370370370370363
497	0.6870419674680653	0.8915833023998894	0.6333333333333334	0.8555555555555556	0.10370370370370363	0.	0.	0.10370370370370363
498	0.6500957069068865	0.07893910845794219	0.5962962962962963	0.040740740740740744	0.10370370370370363	0.	0.	0.10370370370370369
499	0.8453980140425665	0.4604723439566633	0.7814814814814816	0.4111111111111111	0.10370370370370363	0.	0.	0.10370370370370374
500	0.13339872343888	0.6970732464281206	0.07777777777777778	0.6333333333333334	0.10370370370370369	0.	0.	0.10370370370370363
501	0.9863132501148297	0.11490716055890719	0.9296296296296297	0.07777777777777778	0.0703703703703703	0.	0.	0.10370370370370369
502	0.2369887343086115	0.620522519654349	0.18888888888888888	0.5592592592592593	0.10370370370370369	0.	0.	0.10370370370370363
503	0.43095718409461814	0.7987683368668368	0.3740740740740741	0.7444444444444445	0.10370370370370363	0.	0.	0.10370370370370363
504	0.07065551541682487	0.340839917908076	0.003703703703703709	0.30000000000000004	0.10370370370370369	0.	0.	0.10370370370370363
505	0.5056186346062524	0.9383131506673275	0.4481481481481482	0.8925925925925926	0.10370370370370363	0.	0.	0.10370370370370363
506	0.7352638775901189	0.24146608656346338	0.6703703703703704	0.18888888888888888	0.10370370370370363	0.	0.	0.10370370370370369
507	0.5704350405002285	0.5141874397183297	0.5222222222222223	0.4481481481481482	0.10370370370370363	0.	0.	0.10370370370370363
508	0.8549329821324962	0.7359920029078965	0.8185185185185185	0.6703703703703704	0.10370370370370363	0.	0.	0.10370370370370363
509	0.1822067934047752	0.01439511630991721	0.11481481481481481	0.	0.10370370370370369	0.	0.	0.07037037037037036
510	0.9095559949420571	0.6496310438208822	0.8555555555555556	0.5962962962962963	0.10370370370370363	0.	0.	0.10370370370370363
511	0.27855307191389483	0.821985474117073	0.22592592592592595	0.7814814814814816	0.10370370370370366	0.	0.	0.10370370370370363
512	0.33509638584619783	0.1810721752164911	0.30000000000000004	0.11481481481481481	0.10370370370370363	0.	0.	0.10370370370370369
513	0.8755214501144604	0.41901828532357244	0.8185185185185185	0.3740740740740741	0.10370370370370363	0.	0.	0.10370370370370363
514	0.1570089564020623	0.9042552539513898	0.11481481481481481	0.8555555555555556	0.10370370370370369	0.	0.	0.10370370370370363
515	0.58743690846287	0.3246018815144975	0.5222222222222223	0.26296296296296295	0.10370370370370363	0.	0.	0.10370370370370374
516	0.2916327415335365	0.4715588123339204	0.22592592592592595	0.4111111111111111	0.10370370370370366	0.	0.	0.10370370370370374
517	0.3520383490438817	0.6689827384598306	0.30000000000000004	0.6333333333333334	0.10370370370370363	0.	0.	0.10370370370370363
518	0.9212389375376238	0.09505861902586846	0.8555555555555556	0.040740740740740744	0.10370370370370363	0.	0.	0.10370370370370369
519	0.5090335727356604	0.5948130120707168	0.4481481481481482	0.5592592592592593	0.10370370370370363	0.	0.	0.10370370370370363
520	0.7134734003876255	0.8031044885358829	0.6703703703703704	0.7444444444444445	0.10370370370370363	0.	0.	0.10370370370370363
521	0.03805661140446292	0.1269443805797272	0.003703703703703709	0.07777777777777778	0.10370370370370369	0.	0.	0.10370370370370369
522	0.780609170793408	0.9629626669882534	0.7444444444444445	0.8925925925925926	0.10370370370370363	0.	0.	0.10370370370370363
523	0.18842885204246387	0.25392092259735893	0.15185185185185185	0.18888888888888888	0.10370370370370369	0.	0.	0.10370370370370369
524	0.6295792382145626	0.3477981869633814	0.5592592592592593	0.30000000000000004	0.10370370370370363	0.	0.	0.10370370370370363
525	0.3096284220183994	0.7129171236647389	0.26296296296296295	0.6703703703703704	0.10370370370370374	0.	0.	0.10370370370370363
526	0.3882096480102958	0.02810572227290402	0.337037037037037	0.	0.10370370370370374	0.	0.	0.07037037037037036
527	0.9436550897888452	0.49282388882638567	0.8925925925925926	0.4481481481481482	0.10370370370370363	0.	0.	0.10370370370370363
528	0.5264459395520853	0.8392009558035187	0.4851851851851853	0.7814814814814816	0.10370370370370363	0.	0.	0.10370370370370363
529	0.7775570727064292	0.15626354151513827	0.7074074074074075	0.11481481481481481	0.10370370370370363	0.	0.	0.10370370370370369
530	0.10580742327922328	0.655659547044073	0.040740740740740744	0.5962962962962963	0.10370370370370369	0.	0.	0.10370370370370363
531	0.8223050364621611	0.2911031584599543	0.7814814814814816	0.22592592592592595	0.10370370370370363	0.	0.	0.10370370370370366
532	0.14578566425105438	0.3774086145454222	0.07777777777777778	0.337037037037037	0.10370370370370369	0.	0.	0.10370370370370374
533	0.6606023840589046	0.9907417364289165	0.5962962962962963	0.9296296296296297	0.10370370370370363	0.	0.	0.0703703703703703
534	0.2568280490021614	0.06286672325857981	0.18888888888888888	0.003703703703703709	0.10370370370370369	0.	0.	0.10370370370370369
535	0.43371526228185625	0.5336598997822577	0.3740740740740741	0.4851851851851853	0.10370370370370363	0.	0.	0.10370370370370363
536	0.9883858680828141	0.76268807249376	0.9296296296296297	0.7074074074074075	0.0703703703703703	0.	0.	0.10370370370370363
537	0.4447326739087359	0.1878391800801222	0.4111111111111111	0.15185185185185185	0.10370370370370374	0.	0.	0.10370370370370369
538	0.6959779412526974	0.5713371998075542	0.6333333333333334	0.5222222222222223	0.10370370370370363	0.	0.	0.10370370370370363
539	0.0105341339686692	0.8721399123868571	0.	0.8185185185185185	0.07037037037037036	0.	0.	0.10370370370370363
540	0.41501969625222024	0.2254732884472372	0.3740740740740741	0.18888888888888888	0.10370370370370363	0.	0.	0.10370370370370369
541	0.9634775881286272	0.3648665244788675	0.9296296296296297	0.30000000000000004	0.0703703703703703	0.	0.	0.10370370370370363
542	0.2313451539385845	0.9344750685088316	0.18888888888888888	0.8925925925925926	0.10370370370370369	0.	0.	0.10370370370370363
543	0.6784834689869315	0.011905446745745039	0.6333333333333334	0.	0.10370370370370363	0.	0.	0.07037037037037036
544	0.01296615987700124	0.5029624422711761	0.	0.4481481481481482	0.07037037037037036	0.	0.	0.10370370370370363
545	0.4649062971989589	0.7210217845069451	0.4111111111111111	0.6703703703703704	0.10370370370370374	0.	0.	0.10370370370370363
546	0.11659763818015309	0.1646262071252165	0.07777777777777778	0.11481481481481481	0.10370370370370369	0.	0.	0.10370370370370369
547	0.6419052934153585	0.632057734733453	0.5962962962962963	0.5962962962962963	0.10370370370370363	0.	0.	0.10370370370370363
548	0.8370194389314637	0.8485176064087823	0.7814814814814816	0.7814814814814816	0.10370370370370363	0.	0.	0.10370370370370363
549	0.3682729653808612	0.3830536446752906	0.30000000000000004	0.337037037037037	0.10370370370370363	0.	0.	0.10370370370370374
550	0.8988007928167853	0.9660930624313642	0.8555555555555556	0.9296296296296297	0.10370370370370363	0.	0.	0.0703703703703703
551	0.2601206239593934	0.2681753889720926	0.22592592592592595	0.22592592592592595	0.10370370370370366	0.	0.	0.10370370370370366
552	0.7193883938681759	0.5509966166674954	0.6703703703703704	0.4851851851851853	0.10370370370370363	0.	0.	0.10370370370370363
553	0.05970577703063436	0.7730400469346368	0.003703703703703709	0.7074074074074075	0.10370370370370369	0.	0.	0.10370370370370363
554	0.49334720824913997	0.0423131475974502	0.4481481481481482	0.003703703703703709	0.10370370370370363	0.	0.	0.10370370370370369
555	0.1635889224571531	0.5909581660423403	0.11481481481481481	0.5222222222222223	0.10370370370370369	0.	0.	0.10370370370370363
556	0.5559556780866761	0.8780704049616401	0.5222222222222223	0.8185185185185185	0.10370370370370363	0.	0.	0.10370370370370363
557	0.8820014997537554	0.201385260241102	0.8185185185185185	0.15185185185185185	0.10370370370370363	0.	0.	0.10370370370370369
558	0.40710735702296147	0.9192141091605164	0.337037037037037	0.8555555555555556	0.10370370370370374	0.	0.	0.10370370370370363
559	0.9603983283393149	0.30018086025044133	0.8925925925925926	0.26296296296296295	0.10370370370370363	0.	0.	0.10370370370370374
560	0.3261234031774021	0.4264365317722436	0.26296296296296295	0.3740740740740741	0.10370370370370374	0.	0.	0.10370370370370363
561	0.7468024258262705	0.6823246545779186	0.7074074074074075	0.6333333333333334	0.10370370370370363	0.	0.	0.10370370370370363
562	0.07525554918874378	0.1090443334812888	0.040740740740740744	0.040740740740740744	0.10370370370370369	0.	0.	0.10370370370370369
563	0.5341881303202491	0.44919711512727967	0.4851851851851853	0.4111111111111111	0.10370370370370363	0.	0.	0.10370370370370374
564	0.20449275378067747	0.7782860739028528	0.15185185185185185	0.7444444444444445	0.10370370370370369	0.	0.	0.10370370370370363
565	0.5928912637693081	0.1380157258538797	0.5592592592592593	0.07777777777777778	0.10370370370370363	0.	0.	0.10370370370370369
566	0.7975439686498701	0.6058220778991031	0.7444444444444445	0.5592592592592593	0.10370370370370363	0.	0.	0.10370370370370363
567	0.705988288605975	0.604628435986857	0.6703703703703704	0.5592592592592593	0.10370370370370363	0.	0.	0.10370370370370363
568	0.04125738257826971	0.8145339528837704	0.003703703703703709	0.7444444444444445	0.10370370370370369	0.	0.	0.10370370370370363
569	0.5118071792704454	0.133394621952136	0.4481481481481482	0.07777777777777778	0.10370370370370363	0.	0.	0.10370370370370369
570	0.1491277057023865	0.41234595623051823	0.11481481481481481	0.3740740740740741	0.10370370370370369	0.	0.	0.10370370370370363
571	0.5909978911827762	0.9105977992471809	0.5222222222222223	0.8555555555555556	0.10370370370370363	0.	0.	0.10370370370370363
572	0.8647551145219201	0.3326714521458019	0.8185185185185185	0.26296296296296295	0.10370370370370363	0.	0.	0.10370370370370374
573	0.356652352994165	0.4791395205051567	0.30000000000000004	0.4111111111111111	0.10370370370370363	0.	0.	0.10370370370370374
574	0.9247982278672584	0.6757181488836194	0.8555555555555556	0.6333333333333334	0.10370370370370363	0.	0.	0.10370370370370363
575	0.2935363415949847	0.09410657937608458	0.22592592592592595	0.040740740740740744	0.10370370370370366	0.	0.	0.10370370370370369
576	0.7682721490413138	0.832334173907531	0.7074074074074075	0.7814814814814816	0.10370370370370363	0.	0.	0.10370370370370363
577	0.1078258873396858	0.14831486364677007	0.040740740740740744	0.11481481481481481	0.10370370370370369	0.	0.	0.10370370370370369
578	0.5292209648726142	0.6634342434067807	0.4851851851851853	0.5962962962962963	0.10370370370370363	0.	0.	0.10370370370370363
579	0.1928571619762733	0.9583679211830911	0.15185185185185185	0.8925925925925926	0.10370370370370369	0.	0.	0.10370370370370363
580	0.6187110649517902	0.24949855366752857	0.5592592592592593	0.18888888888888888	0.10370370370370363	0.	0.	0.10370370370370369
581	0.7831232565503267	0.35440147135154043	0.7444444444444445	0.30000000000000004	0.10370370370370363	0.	0.	0.10370370370370363
582	0.3935386752351138	0.7091253847788451	0.337037037037037	0.6703703703703704	0.10370370370370374	0.	0.	0.10370370370370363
583	0.9487221948828489	0.03475874934086582	0.8925925925925926	0.	0.10370370370370363	0.	0.	0.07037037037037036
584	0.31551303507165135	0.48888061347042827	0.26296296296296295	0.4481481481481482	0.10370370370370374	0.	0.	0.10370370370370363
585	0.7012535157891455	0.19387038579331986	0.6333333333333334	0.15185185185185185	0.10370370370370363	0.	0.	0.10370370370370369
586	0.0021730170634659774	0.5783223053371689	0.	0.5222222222222223	0.07037037037037036	0.	0.	0.10370370370370363
587	0.4501987055895401	0.8659414646153799	0.4111111111111111	0.8185185185185185	0.10370370370370374	0.	0.	0.10370370370370363
588	0.137737789254266	0.2865364880930015	0.07777777777777778	0.22592592592592595	0.10370370370370369	0.	0.	0.10370370370370366
589	0.6660096122759956	0.37189624647514874	0.5962962962962963	0.337037037037037	0.10370370370370363	0.	0.	0.10370370370370374
590	0.8247446733945625	0.9967294028857278	0.7814814814814816	0.9296296296296297	0.10370370370370363	0.	0.	0.0703703703703703
591	0.43733468021787214	0.07328578587385964	0.3740740740740741	0.003703703703703709	0.10370370370370363	0.	0.	0.10370370370370369
592	0.9933516465791944	0.5422627290800479	0.9296296296296297	0.4851851851851853	0.0703703703703703	0.	0.	0.10370370370370363
593	0.2487675813139558	0.7579594678242911	0.18888888888888888	0.7074074074074075	0.10370370370370369	0.	0.	0.10370370370370363
594	0.6320153311939748	0.16452068783933968	0.5962962962962963	0.11481481481481481	0.10370370370370363	0.	0.	0.10370370370370369
595	0.8296258685138014	0.6392485968908062	0.7814814814814816	0.5962962962962963	0.10370370370370363	0.	0.	0.10370370370370363
596	0.12282257224655968	0.8453674813259554	0.07777777777777778	0.7814814814814816	0.10370370370370369	0.	0.	0.10370370370370363
597	0.9675575143196242	0.2306248246290695	0.9296296296296297	0.18888888888888888	0.0703703703703703	0.	0.	0.10370370370370369
598	0.2239836236436117	0.3598895600313315	0.18888888888888888	0.30000000000000004	0.10370370370370369	0.	0.	0.10370370370370363
599	0.41569987280667536	0.9339020021043164	0.3740740740740741	0.8925925925925926	0.10370370370370363	0.	0.	0.10370370370370363
600	0.017550359862356167	0.008077035388802061	0.	0.	0.07037037037037036	0.	0.	0.07037037037037036
601	0.4652189351124724	0.5007612611491661	0.4111111111111111	0.4481481481481482	0.10370370370370374	0.	0.	0.10370370370370363
602	0.6707469043194219	0.7178184812006676	0.6333333333333334	0.6703703703703704	0.10370370370370363	0.	0.	0.10370370370370363
603	0.5620084951160133	0.5879716977660071	0.5222222222222223	0.5222222222222223	0.10370370370370363	0.	0.	0.10370370370370363
604	0.8849781303125658	0.8850701595185896	0.8185185185185185	0.8185185185185185	0.10370370370370363	0.	0.	0.10370370370370363
605	0.1650150129256586	0.2087235616837326	0.11481481481481481	0.15185185185185185	0.10370370370370369	0.	0.	0.10370370370370369
606	0.8907528326412287	0.3921084480038088	0.8555555555555556	0.337037037037037	0.10370370370370363	0.	0.	0.10370370370370374
607	0.2639831894211803	0.9712064763823061	0.22592592592592595	0.9296296296296297	0.10370370370370366	0.	0.	0.0703703703703703
608	0.36098604050167643	0.2674399563484797	0.30000000000000004	0.22592592592592595	0.10370370370370363	0.	0.	0.10370370370370366
609	0.052095337167363906	0.5467347305595566	0.003703703703703709	0.4851851851851853	0.10370370370370369	0.	0.	0.10370370370370363
610	0.4824729365307264	0.7688486346420362	0.4481481481481482	0.7074074074074075	0.10370370370370363	0.	0.	0.10370370370370363
611	0.7202960114997944	0.0391052153843796	0.6703703703703704	0.003703703703703709	0.10370370370370363	0.	0.	0.10370370370370369
612	0.5968860292604022	0.7879171072957889	0.5592592592592593	0.7444444444444445	0.10370370370370363	0.	0.	0.10370370370370363
613	0.7999017814809823	0.1441018245509812	0.7444444444444445	0.07777777777777778	0.10370370370370363	0.	0.	0.10370370370370369
614	0.2070069006253995	0.6154943877185253	0.15185185185185185	0.5592592592592593	0.10370370370370369	0.	0.	0.10370370370370363
615	0.9532774065545098	0.914439683476145	0.8925925925925926	0.8555555555555556	0.10370370370370363	0.	0.	0.10370370370370363
616	0.3312454864340779	0.30563704044745726	0.26296296296296295	0.26296296296296295	0.10370370370370374	0.	0.	0.10370370370370374
617	0.39703360741288346	0.42255357502960217	0.337037037037037	0.3740740740740741	0.10370370370370374	0.	0.	0.10370370370370363
618	0.08087231029229329	0.6898578510647638	0.040740740740740744	0.6333333333333334	0.10370370370370369	0.	0.	0.10370370370370363
619	0.5386784701862615	0.1048178869032402	0.4851851851851853	0.040740740740740744	0.10370370370370363	0.	0.	0.10370370370370369
620	0.7518969782726179	0.4464320127030418	0.7074074074074075	0.4111111111111111	0.10370370370370363	0.	0.	0.10370370370370374
621	0.29715143864439925	0.8558283890865668	0.26296296296296295	0.8185185185185185	0.10370370370370374	0.	0.	0.10370370370370363
622	0.3806375936577445	0.2149418363191765	0.337037037037037	0.15185185185185185	0.10370370370370374	0.	0.	0.10370370370370369
623	0.9280945825247771	0.5654099569318338	0.8925925925925926	0.5222222222222223	0.10370370370370363	0.	0.	0.10370370370370363
624	0.5454476905582553	0.9801881343795767	0.4851851851851853	0.9296296296296297	0.10370370370370363	0.	0.	0.0703703703703703
625	0.7546274963962131	0.2805916639753833	0.7074074074074075	0.22592592592592595	0.10370370370370363	0.	0.	0.10370370370370366
626	0.09306250879949374	0.4057108235869958	0.040740740740740744	0.337037037037037	0.10370370370370369	0.	0.	0.10370370370370374
627	0.8122843902214647	0.7492110138071023	0.7444444444444445	0.7074074074074075	0.10370370370370363	0.	0.	0.10370370370370363
628	0.21817749207029327	0.0518649673172035	0.15185185185185185	0.003703703703703709	0.10370370370370369	0.	0.	0.10370370370370369
629	0.6062843800705646	0.5225419247251014	0.5592592592592593	0.4851851851851853	0.10370370370370363	0.	0.	0.10370370370370363
630	0.24246266524466986	0.12057875872090659	0.18888888888888888	0.07777777777777778	0.10370370370370369	0.	0.	0.10370370370370369
631	0.4216313221369146	0.6257579724098347	0.3740740740740741	0.5592592592592593	0.10370370370370363	0.	0.	0.10370370370370363
632	0.9780625661919151	0.7973633526646031	0.9296296296296297	0.7444444444444445	0.0703703703703703	0.	0.	0.10370370370370363
633	0.4728944945741714	0.3189629696292771	0.4111111111111111	0.26296296296296295	0.10370370370370374	0.	0.	0.10370370370370374
634	0.6907668866217347	0.436696555302732	0.6333333333333334	0.3740740740740741	0.10370370370370363	0.	0.	0.10370370370370363
635	0.025100604148309075	0.8992467208757597	0.	0.8555555555555556	0.07037037037037036	0.	0.	0.10370370370370363
636	0.8491990064400887	0.07589959962081406	0.7814814814814816	0.040740740740740744	0.10370370370370363	0.	0.	0.10370370370370369
637	0.12584102816169498	0.4689550686102201	0.07777777777777778	0.4111111111111111	0.10370370370370369	0.	0.	0.10370370370370374
638	0.6522574296098556	0.6934200994207098	0.5962962962962963	0.6333333333333334	0.10370370370370363	0.	0.	0.10370370370370363
639	0.28334021504646506	0.6449150275408726	0.22592592592592595	0.5962962962962963	0.10370370370370366	0.	0.	0.10370370370370363
640	0.3379134524813426	0.8166064693255464	0.30000000000000004	0.7814814814814816	0.10370370370370363	0.	0.	0.10370370370370363
641	0.9026203559065423	0.1801663102025562	0.8555555555555556	0.11481481481481481	0.10370370370370363	0.	0.	0.10370370370370369
642	0.49483809739000834	0.3343511430375933	0.4481481481481482	0.30000000000000004	0.10370370370370363	0.	0.	0.10370370370370363
643	0.7382881858888986	0.9470765668943922	0.6703703703703704	0.8925925925925926	0.10370370370370363	0.	0.	0.10370370370370363
644	0.06362133487128675	0.2353098625096207	0.003703703703703709	0.18888888888888888	0.10370370370370369	0.	0.	0.10370370370370369
645	0.8600703227133657	0.5099608236431364	0.8185185185185185	0.4481481481481482	0.10370370370370363	0.	0.	0.10370370370370363
646	0.17571218852082957	0.7323954163233047	0.11481481481481481	0.6703703703703704	0.10370370370370369	0.	0.	0.10370370370370363
647	0.5746017148136255	0.021137917497526398	0.5222222222222223	0.	0.10370370370370363	0.	0.	0.07037037037037036
648	0.46055047611760835	0.0006298978506873274	0.4111111111111111	0.	0.10370370370370374	0.	0.	0.07037037037037036
649	0.6729523719123692	0.49568896617304786	0.6333333333333334	0.4481481481481482	0.10370370370370363	0.	0.	0.10370370370370363
650	0.021948692892526215	0.7250243451459102	0.	0.6703703703703704	0.07037037037037036	0.	0.	0.10370370370370363
651	0.8350380672131498	0.17029494878711318	0.7814814814814816	0.11481481481481481	0.10370370370370363	0.	0.	0.10370370370370369
652	0.11431642773372609	0.6357036940294605	0.07777777777777778	0.5962962962962963	0.10370370370370369	0.	0.	0.10370370370370363
653	0.6365966557506116	0.8417907637645187	0.5962962962962963	0.7814814814814816	0.10370370370370363	0.	0.	0.10370370370370363
654	0.2292179845621605	0.2265644680449515	0.18888888888888888	0.18888888888888888	0.10370370370370369	0.	0.	0.10370370370370369
655	0.4080039831519253	0.3692625370328999	0.3740740740740741	0.30000000000000004	0.10370370370370363	0.	0.	0.10370370370370363
656	0.9751180962106178	0.9269390877947776	0.9296296296296297	0.8925925925925926	0.0703703703703703	0.	0.	0.10370370370370363
657	0.48709869515101106	0.5539387085264179	0.4481481481481482	0.4851851851851853	0.10370370370370363	0.	0.	0.10370370370370363
658	0.7243862795977903	0.774587956807829	0.6703703703703704	0.7074074074074075	0.10370370370370363	0.	0.	0.10370370370370363
659	0.056226635619848864	0.0479061825423143	0.003703703703703709	0.003703703703703709	0.10370370370370369	0.	0.	0.10370370370370369
660	0.87851409514207	0.5820029134631888	0.8185185185185185	0.5222222222222223	0.10370370370370363	0.	0.	0.10370370370370363
661	0.17248679982264267	0.8842570369753125	0.11481481481481481	0.8185185185185185	0.10370370370370369	0.	0.	0.10370370370370363
662	0.5663553070369493	0.2040751506734758	0.5222222222222223	0.15185185185185185	0.10370370370370363	0.	0.	0.10370370370370369
663	0.2686077047756071	0.38818699562032366	0.22592592592592595	0.337037037037037	0.10370370370370366	0.	0.	0.10370370370370374
664	0.36340737690480446	0.9710132642640557	0.30000000000000004	0.9296296296296297	0.10370370370370363	0.	0.	0.0703703703703703
665	0.8946399407733269	0.261690217421619	0.8555555555555556	0.22592592592592595	0.10370370370370363	0.	0.	0.10370370370370366
666	0.541544661740042	0.6837984460169666	0.4851851851851853	0.6333333333333334	0.10370370370370363	0.	0.	0.10370370370370363
667	0.743562444026203	0.1010831919802431	0.7074074074074075	0.040740740740740744	0.10370370370370363	0.	0.	0.10370370370370369
668	0.08449541500630339	0.4528049392865228	0.040740740740740744	0.4111111111111111	0.10370370370370369	0.	0.	0.10370370370370374
669	0.7924512832532887	0.7859293617965224	0.7444444444444445	0.7444444444444445	0.10370370370370363	0.	0.	0.10370370370370363
670	0.20082318103728367	0.1434852240524292	0.15185185185185185	0.07777777777777778	0.10370370370370369	0.	0.	0.10370370370370369
671	0.6037136796861562	0.6116604862028002	0.5592592592592593	0.5592592592592593	0.10370370370370363	0.	0.	0.10370370370370363
672	0.3218146386332879	0.9233021996073797	0.26296296296296295	0.8555555555555556	0.10370370370370374	0.	0.	0.10370370370370363
673	0.4023764654326271	0.3025000260117889	0.337037037037037	0.26296296296296295	0.10370370370370374	0.	0.	0.10370370370370374
674	0.9571149182733767	0.4304499316245507	0.8925925925925926	0.3740740740740741	0.10370370370370363	0.	0.	0.10370370370370363
675	0.21062428803724587	0.7480521764557474	0.15185185185185185	0.7074074074074075	0.10370370370370369	0.	0.	0.10370370370370363
676	0.6127346171410155	0.05856109914379532	0.5592592592592593	0.003703703703703709	0.10370370370370363	0.	0.	0.10370370370370369
677	0.8034638190409868	0.5300479552076556	0.7444444444444445	0.4851851851851853	0.10370370370370363	0.	0.	0.10370370370370363
678	0.3724786782421997	0.8601649967631595	0.337037037037037	0.8185185185185185	0.10370370370370374	0.	0.	0.10370370370370363
679	0.9314902246518337	0.21062196756110818	0.8925925925925926	0.15185185185185185	0.10370370370370363	0.	0.	0.10370370370370369
680	0.3005736445016292	0.5625331791198409	0.26296296296296295	0.5222222222222223	0.10370370370370374	0.	0.	0.10370370370370363
681	0.7580789555677492	0.9756659281899775	0.7074074074074075	0.9296296296296297	0.10370370370370363	0.	0.	0.0703703703703703
682	0.09867326523008613	0.2770221539143567	0.040740740740740744	0.22592592592592595	0.10370370370370369	0.	0.	0.10370370370370366
683	0.5492937855436965	0.40130186041864185	0.4851851851851853	0.337037037037037	0.10370370370370363	0.	0.	0.10370370370370374
684	0.13055777405377916	0.08234780530670385	0.07777777777777778	0.040740740740740744	0.10370370370370369	0.	0.	0.10370370370370369
685	0.6457589262915829	0.46400881584074744	0.5962962962962963	0.4111111111111111	0.10370370370370363	0.	0.	0.10370370370370374
686	0.8422639249383289	0.7026889492500056	0.7814814814814816	0.6333333333333334	0.10370370370370363	0.	0.	0.10370370370370363
687	0.4276015097384279	0.11590843267627658	0.3740740740740741	0.07777777777777778	0.10370370370370363	0.	0.	0.10370370370370369
688	0.9809459612756826	0.625388124477846	0.9296296296296297	0.5592592592592593	0.0703703703703703	0.	0.	0.10370370370370363
689	0.24609369674646536	0.7942133575009072	0.18888888888888888	0.7444444444444445	0.10370370370370369	0.	0.	0.10370370370370363
690	0.6800868457252227	0.3167789653651144	0.6333333333333334	0.26296296296296295	0.10370370370370363	0.	0.	0.10370370370370374
691	0.028950396236443406	0.43617255703100744	0.	0.3740740740740741	0.07037037037037036	0.	0.	0.10370370370370363
692	0.47375575000457276	0.8955114107727705	0.4111111111111111	0.8555555555555556	0.10370370370370374	0.	0.	0.10370370370370363
693	0.17728530442625437	0.5154974186200049	0.11481481481481481	0.4481481481481482	0.10370370370370369	0.	0.	0.10370370370370363
694	0.5796196906870354	0.7377530541499059	0.5222222222222223	0.6703703703703704	0.10370370370370363	0.	0.	0.10370370370370363
695	0.8613394235498646	0.01986208323638763	0.8185185185185185	0.	0.10370370370370363	0.	0.	0.07037037037037036
696	0.3436383639482732	0.653197590693248	0.30000000000000004	0.5962962962962963	0.10370370370370363	0.	0.	0.10370370370370363
697	0.908546916491726	0.8256093987842753	0.8555555555555556	0.7814814814814816	0.10370370370370363	0.	0.	0.10370370370370363
698	0.2720197106904517	0.17348285968771598	0.22592592592592595	0.11481481481481481	0.10370370370370366	0.	0.	0.10370370370370369
699	0.7310110040841611	0.34344007465920745	0.6703703703703704	0.30000000000000004	0.10370370370370363	0.	0.	0.10370370370370363
700	0.06683880968756231	0.9430596884788576	0.003703703703703709	0.8925925925925926	0.10370370370370369	0.	0.	0.10370370370370363
701	0.5015349966859048	0.24518759942679919	0.4481481481481482	0.18888888888888888	0.10370370370370363	0.	0.	0.10370370370370369
702	0.9148198208312449	0.4763262430346062	0.8555555555555556	0.4111111111111111	0.10370370370370363	0.	0.	0.10370370370370374
703	0.2854808719215673	0.6721982188883837	0.22592592592592595	0.6333333333333334	0.10370370370370366	0.	0.	0.10370370370370363
704	0.3487676125461707	0.0888279444267251	0.30000000000000004	0.040740740740740744	0.10370370370370363	0.	0.	0.10370370370370369
705	0.04556317016745767	0.6006708110198409	0.003703703703703709	0.5592592592592593	0.10370370370370369	0.	0.	0.10370370370370363
706	0.5150021445217542	0.8093392431119804	0.4481481481481482	0.7444444444444445	0.10370370370370363	0.	0.	0.10370370370370363
707	0.7100885312237577	0.1315517784433268	0.6703703703703704	0.07777777777777778	0.10370370370370363	0.	0.	0.10370370370370369
708	0.5807408162142916	0.41096089869767655	0.5222222222222223	0.3740740740740741	0.10370370370370363	0.	0.	0.10370370370370363
709	0.8685841419192467	0.9055574755624244	0.8185185185185185	0.8555555555555556	0.10370370370370363	0.	0.	0.10370370370370363
710	0.15489188458142347	0.32660523451733775	0.11481481481481481	0.26296296296296295	0.10370370370370369	0.	0.	0.10370370370370374
711	0.9386723787858313	0.7071868493769826	0.8925925925925926	0.6703703703703704	0.10370370370370363	0.	0.	0.10370370370370363
712	0.3181613522424382	0.0301435881638843	0.26296296296296295	0.	0.10370370370370374	0.	0.	0.07037037037037036
713	0.3855678018447118	0.4816121276435639	0.337037037037037	0.4481481481481482	0.10370370370370374	0.	0.	0.10370370370370363
714	0.1002529725955373	0.8311781147606435	0.040740740740740744	0.7814814814814816	0.10370370370370369	0.	0.	0.10370370370370363
715	0.5201922408737999	0.15888866769081317	0.4851851851851853	0.11481481481481481	0.10370370370370363	0.	0.	0.10370370370370369
716	0.771750824980245	0.6623896359458332	0.7074074074074075	0.5962962962962963	0.10370370370370363	0.	0.	0.10370370370370363
717	0.6239497235263672	0.9530121297568579	0.5592592592592593	0.8925925925925926	0.10370370370370363	0.	0.	0.10370370370370363
718	0.7877144756103317	0.2567607104538036	0.7444444444444445	0.18888888888888888	0.10370370370370363	0.	0.	0.10370370370370369
719	0.19726237899961277	0.3507636100612462	0.15185185185185185	0.30000000000000004	0.10370370370370369	0.	0.	0.10370370370370363
720	0.9970105349797336	0.0678851112595648	0.9296296296296297	0.003703703703703709	0.0703703703703703	0.	0.	0.10370370370370369
721	0.25140029356234345	0.535084858835813	0.18888888888888888	0.4851851851851853	0.10370370370370369	0.	0.	0.10370370370370363
722	0.4410985682277635	0.7571924459231856	0.3740740740740741	0.7074074074074075	0.10370370370370363	0.	0.	0.10370370370370363
723	0.007142973621442446	0.19051436297853278	0.	0.15185185185185185	0.07037037037037036	0.	0.	0.10370370370370369
724	0.4560204541307399	0.5727402627553513	0.4111111111111111	0.5222222222222223	0.10370370370370374	0.	0.	0.10370370370370363
725	0.6954572597905804	0.8753008310822714	0.6333333333333334	0.8185185185185185	0.10370370370370363	0.	0.	0.10370370370370363
726	0.656088145095496	0.2949558406034638	0.5962962962962963	0.22592592592592595	0.10370370370370363	0.	0.	0.10370370370370366
727	0.8181522961906815	0.38046144568604195	0.7814814814814816	0.337037037037037	0.10370370370370363	0.	0.	0.10370370370370374
728	0.1404531584630087	0.9942818899286454	0.07777777777777778	0.9296296296296297	0.10370370370370369	0.	0.	0.0703703703703703