0	0.0217436	0.00871767	0	0	0.111111	0 	0 	0.111111	
192	0.0323978	0.0451356	0	0	0.111111	0 	0 	0.111111	
141	0.0118947	0.0687002	0	0	0.111111	0 	0 	0.111111	
131	0.111236	0.0414368	0.111111	0.111111	0.111111	0 	0 	-0.111111	
80	0.177756	0.0915265	0.111111	0.111111	0.111111	0 	0 	-0.111111	
182	0.220089	0.0287025	0.111111	0.111111	0.111111	0 	0 	-0.111111	
91	0.250329	0.0725485	0.222222	0	0.111111	0 	0 	0.111111	
40	0.289995	0.0521486	0.222222	0	0.111111	0 	0 	0.111111	
200	0.30767	0.145126	0.333333	0.111111	-0.111111	0 	0 	0.111111	
17	0.307632	0.201588	0.333333	0.111111	-0.111111	0 	0 	0.111111	
149	0.222647	0.156876	0.333333	0.111111	-0.111111	0 	0 	0.111111	
105	0.220561	0.206977	0.222222	0.222222	-0.111111	0 	0 	-0.111111	
45	0.126075	0.126204	0.222222	0.222222	-0.111111	0 	0 	-0.111111	
58	0.104541	0.202577	0.111111	0.111111	-0.111111	0 	0 	0.111111	
109	0.0940766	0.179921	0.111111	0.111111	-0.111111	0 	0 	0.111111	
169	0.0850149	0.124014	0.111111	0.111111	-0.111111	0 	0 	0.111111	
218	0.00257708	0.26822	0	0.222222	0.111111	0 	0 	0.111111	
86	0.0320679	0.226737	0	0.222222	0.111111	0 	0 	0.111111	
35	0.0268653	0.306161	0	0.222222	0.111111	0 	0 	0.111111	
214	0.126754	0.296882	0.111111	0.333333	0.111111	0 	0 	-0.111111	
154	0.152263	0.230453	0.111111	0.333333	0.111111	0 	0 	-0.111111	
22	0.18098	0.249965	0.111111	0.333333	0.111111	0 	0 	-0.111111	
63	0.238335	0.283828	0.222222	0.222222	0.111111	0 	0 	0.111111	
174	0.292181	0.288066	0.222222	0.222222	0.111111	0 	0 	0.111111	
123	0.323912	0.328329	0.222222	0.222222	0.111111	0 	0 	0.111111	
97	0.396277	0.251098	0.333333	0.333333	0.111111	0 	0 	-0.111111	
37	0.347903	0.24609	0.333333	0.333333	0.111111	0 	0 	-0.111111	
120	0.442211	0.174053	0.444444	0.222222	-0.111111	0 	0 	-0.111111	
171	0.402102	0.178005	0.444444	0.222222	-0.111111	0 	0 	-0.111111	
69	0.355001	0.138595	0.444444	0.222222	-0.111111	0 	0 	-0.111111	
146	0.352939	0.0968109	0.333333	0.111111	0.111111	0 	0 	-0.111111	
14	0.337382	0.0256503	0.333333	0.111111	0.111111	0 	0 	-0.111111	
206	0.42907	0.0141261	0.333333	0.111111	0.111111	0 	0 	-0.111111	
115	0.510312	0.0343271	0.444444	0	0.111111	0 	0 	0.111111	
55	0.472375	0.0673797	0.444444	0	0.111111	0 	0 	0.111111	
166	0.462856	0.106573	0.444444	0	0.111111	0 	0 	0.111111	
224	0.543363	0.132946	0.555556	0.111111	-0.111111	0 	0 	0.111111	
32	0.485249	0.2085	0.555556	0.111111	-0.111111	0 	0 	0.111111	
83	0.53144	0.206651	0.555556	0.111111	-0.111111	0 	0 	0.111111	
6	0.460254	0.289568	0.444444	0.222222	0.111111	0 	0 	0.111111	
189	0.468404	0.249404	0.444444	0.222222	0.111111	0 	0 	0.111111	
138	0.52523	0.291655	0.444444	0.222222	0.111111	0 	0 	0.111111	
128	0.585549	0.258816	0.555556	0.333333	0.111111	0 	0 	-0.111111	
77	0.577748	0.319723	0.555556	0.333333	0.111111	0 	0 	-0.111111	
188	0.662556	0.252433	0.555556	0.333333	0.111111	0 	0 	-0.111111	
211	0.597259	0.184789	0.666667	0.222222	-0.111111	0 	0 	-0.111111	
19	0.66573	0.153513	0.666667	0.222222	-0.111111	0 	0 	-0.111111	
160	0.650217	0.194478	0.666667	0.222222	-0.111111	0 	0 	-0.111111	
51	0.575836	0.0377921	0.555556	0.111111	0.111111	0 	0 	-0.111111	
102	0.584075	0.0562516	0.555556	0.111111	0.111111	0 	0 	-0.111111	
157	0.674517	0.0776054	0.666667	0	0.111111	0 	0 	0.111111	
25	0.694621	0.029843	0.666667	0	0.111111	0 	0 	0.111111	
208	0.674548	0.0567959	0.666667	0	0.111111	0 	0 	0.111111	
66	0.779645	0.0421191	0.777778	0.111111	0.111111	0 	0 	-0.111111	
177	0.830368	0.0424141	0.777778	0.111111	0.111111	0 	0 	-0.111111	
117	0.778344	0.0826946	0.777778	0.111111	0.111111	0 	0 	-0.111111	
221	0.930543	0.0536016	0.888889	0	0.111111	0 	0 	0.111111	
89	0.895027	0.0435409	0.888889	0	0.111111	0 	0 	0.111111	
29	0.902529	0.090296	0.888889	0	0.111111	0 	0 	0.111111	
135	0.967078	0.193416	1	0.111111	-0.111111	0 	0 	0.111111	
195	0.937259	0.156398	1	0.111111	-0.111111	0 	0 	0.111111	
3	0.994963	0.136946	1	0.111111	-0.111111	0 	0 	0.111111	
226	0.797936	0.203203	0.888889	0.222222	-0.111111	0 	0 	-0.111111	
43	0.874792	0.174868	0.888889	0.222222	-0.111111	0 	0 	-0.111111	
94	0.829564	0.135776	0.888889	0.222222	-0.111111	0 	0 	-0.111111	
185	0.744863	0.140439	0.777778	0.111111	-0.111111	0 	0 	0.111111	
74	0.733574	0.217504	0.777778	0.111111	-0.111111	0 	0 	0.111111	
134	0.693293	0.181304	0.777778	0.111111	-0.111111	0 	0 	0.111111	
48	0.673189	0.295819	0.666667	0.222222	0.111111	0 	0 	0.111111	
99	0.750687	0.314224	0.666667	0.222222	0.111111	0 	0 	0.111111	
152	0.785981	0.262876	0.777778	0.333333	0.111111	0 	0 	-0.111111	
11	0.79358	0.320914	0.777778	0.333333	0.111111	0 	0 	-0.111111	
203	0.851412	0.224835	0.777778	0.333333	0.111111	0 	0 	-0.111111	
112	0.902723	0.270731	0.888889	0.222222	0.111111	0 	0 	0.111111	
61	0.985137	0.291205	0.888889	0.222222	0.111111	0 	0 	0.111111	
163	0.9173	0.317651	0.888889	0.222222	0.111111	0 	0 	0.111111	
104	0.982132	0.371601	1	0.333333	-0.111111	0 	0 	0.111111	
53	0.957552	0.338298	1	0.333333	-0.111111	0 	0 	0.111111	
159	0.928271	0.461218	0.888889	0.444444	0.111111	0 	0 	0.111111	
18	0.906681	0.453935	0.888889	0.444444	0.111111	0 	0 	0.111111	
210	0.917326	0.527683	0.888889	0.444444	0.111111	0 	0 	0.111111	
187	0.94262	0.575405	1	0.555556	-0.111111	0 	0 	0.111111	
76	0.969236	0.631658	1	0.555556	-0.111111	0 	0 	0.111111	
127	0.983516	0.665829	1	0.555556	-0.111111	0 	0 	0.111111	
140	0.883685	0.568898	0.888889	0.666667	-0.111111	0 	0 	-0.111111	
191	0.823965	0.598594	0.888889	0.666667	-0.111111	0 	0 	-0.111111	
8	0.873192	0.631938	0.888889	0.666667	-0.111111	0 	0 	-0.111111	
82	0.813104	0.525466	0.777778	0.555556	0.111111	0 	0 	-0.111111	
31	0.796386	0.487432	0.777778	0.555556	0.111111	0 	0 	-0.111111	
223	0.873489	0.468031	0.777778	0.555556	0.111111	0 	0 	-0.111111	
165	0.814894	0.430922	0.888889	0.444444	-0.111111	0 	0 	-0.111111	
54	0.884699	0.4017	0.888889	0.444444	-0.111111	0 	0 	-0.111111	
114	0.857569	0.363265	0.888889	0.444444	-0.111111	0 	0 	-0.111111	
205	0.762305	0.374486	0.777778	0.333333	-0.111111	0 	0 	0.111111	
13	0.768233	0.430705	0.777778	0.333333	-0.111111	0 	0 	0.111111	
145	0.681855	0.379715	0.777778	0.333333	-0.111111	0 	0 	0.111111	
71	0.696822	0.525711	0.666667	0.444444	0.111111	0 	0 	0.111111	
173	0.683378	0.49069	0.666667	0.444444	0.111111	0 	0 	0.111111	
122	0.764606	0.547961	0.666667	0.444444	0.111111	0 	0 	0.111111	
36	0.763903	0.62909	0.777778	0.555556	-0.111111	0 	0 	0.111111	
96	0.775462	0.626111	0.777778	0.555556	-0.111111	0 	0 	0.111111	
125	0.666249	0.624377	0.666667	0.666667	-0.111111	0 	0 	-0.111111	
176	0.606775	0.61696	0.666667	0.666667	-0.111111	0 	0 	-0.111111	
65	0.636908	0.571706	0.666667	0.666667	-0.111111	0 	0 	-0.111111	
21	0.531281	0.605446	0.555556	0.555556	-0.111111	0 	0 	0.111111	
153	0.551935	0.597671	0.555556	0.555556	-0.111111	0 	0 	0.111111	
213	0.461132	0.629476	0.555556	0.555556	-0.111111	0 	0 	0.111111	
34	0.382716	0.641975	0.444444	0.666667	-0.111111	0 	0 	-0.111111	
85	0.425576	0.630132	0.444444	0.666667	-0.111111	0 	0 	-0.111111	
217	0.433169	0.568532	0.444444	0.666667	-0.111111	0 	0 	-0.111111	
168	0.34772	0.513154	0.333333	0.555556	0.111111	0 	0 	-0.111111	
108	0.394723	0.476786	0.333333	0.555556	0.111111	0 	0 	-0.111111	
57	0.431323	0.505051	0.333333	0.555556	0.111111	0 	0 	-0.111111	
47	0.474995	0.503662	0.444444	0.444444	0.111111	0 	0 	0.111111	
107	0.53751	0.548372	0.444444	0.444444	0.111111	0 	0 	0.111111	
148	0.55911	0.487764	0.555556	0.555556	0.111111	0 	0 	-0.111111	
16	0.574402	0.493359	0.555556	0.555556	0.111111	0 	0 	-0.111111	
199	0.617767	0.446562	0.555556	0.555556	0.111111	0 	0 	-0.111111	
39	0.637567	0.381152	0.666667	0.444444	-0.111111	0 	0 	-0.111111	
90	0.659401	0.443699	0.666667	0.444444	-0.111111	0 	0 	-0.111111	
181	0.543697	0.381869	0.555556	0.333333	-0.111111	0 	0 	0.111111	
79	0.54442	0.424121	0.555556	0.333333	-0.111111	0 	0 	0.111111	
130	0.467615	0.407187	0.555556	0.333333	-0.111111	0 	0 	0.111111	
143	0.441032	0.387009	0.444444	0.444444	-0.111111	0 	0 	-0.111111	
194	0.365673	0.35908	0.444444	0.444444	-0.111111	0 	0 	-0.111111	
2	0.441456	0.360115	0.444444	0.444444	-0.111111	0 	0 	-0.111111	
220	0.331997	0.364018	0.333333	0.333333	-0.111111	0 	0 	0.111111	
28	0.271025	0.418458	0.333333	0.333333	-0.111111	0 	0 	0.111111	
88	0.321831	0.423768	0.333333	0.333333	-0.111111	0 	0 	0.111111	
5	0.222323	0.498179	0.222222	0.444444	0.111111	0 	0 	0.111111	
197	0.26749	0.485597	0.222222	0.444444	0.111111	0 	0 	0.111111	
137	0.300412	0.526749	0.222222	0.444444	0.111111	0 	0 	0.111111	
60	0.330633	0.625419	0.333333	0.555556	-0.111111	0 	0 	0.111111	
111	0.298309	0.583078	0.333333	0.555556	-0.111111	0 	0 	0.111111	
162	0.258495	0.662109	0.333333	0.555556	-0.111111	0 	0 	0.111111	
10	0.193765	0.622246	0.222222	0.666667	-0.111111	0 	0 	-0.111111	
151	0.115226	0.600823	0.222222	0.666667	-0.111111	0 	0 	-0.111111	
202	0.195758	0.565083	0.222222	0.666667	-0.111111	0 	0 	-0.111111	
225	0.126256	0.549686	0.111111	0.555556	0.111111	0 	0 	-0.111111	
93	0.152168	0.450534	0.111111	0.555556	0.111111	0 	0 	-0.111111	
42	0.133479	0.504639	0.111111	0.555556	0.111111	0 	0 	-0.111111	
119	0.210828	0.357841	0.222222	0.444444	-0.111111	0 	0 	-0.111111	
179	0.19226	0.369998	0.222222	0.444444	-0.111111	0 	0 	-0.111111	
68	0.141856	0.354617	0.222222	0.444444	-0.111111	0 	0 	-0.111111	
24	0.108056	0.410102	0.111111	0.333333	-0.111111	0 	0 	0.111111	
156	0.0969711	0.368267	0.111111	0.333333	-0.111111	0 	0 	0.111111	
207	0.0192445	0.409797	0.111111	0.333333	-0.111111	0 	0 	0.111111	
184	0.106957	0.475255	0	0.444444	0.111111	0 	0 	0.111111	
133	0.0139649	0.51563	0	0.444444	0.111111	0 	0 	0.111111	
73	0.0211376	0.47629	0	0.444444	0.111111	0 	0 	0.111111	
101	0.0967563	0.608489	0.111111	0.555556	-0.111111	0 	0 	0.111111	
50	0.012394	0.565116	0.111111	0.555556	-0.111111	0 	0 	0.111111	
204	0.0823045	0.670782	0	0.666667	0.111111	0 	0 	0.111111	
144	0.026277	0.707738	0	0.666667	0.111111	0 	0 	0.111111	
12	0.0168542	0.6888	0	0.666667	0.111111	0 	0 	0.111111	
167	0.111453	0.765647	0.111111	0.777778	0.111111	0 	0 	-0.111111	
116	0.115994	0.689549	0.111111	0.777778	0.111111	0 	0 	-0.111111	
56	0.196023	0.752438	0.111111	0.777778	0.111111	0 	0 	-0.111111	
52	0.222738	0.668092	0.222222	0.666667	0.111111	0 	0 	0.111111	
103	0.231368	0.700882	0.222222	0.666667	0.111111	0 	0 	0.111111	
20	0.326545	0.841205	0.333333	0.777778	-0.111111	0 	0 	0.111111	
161	0.26423	0.797907	0.333333	0.777778	-0.111111	0 	0 	0.111111	
212	0.230207	0.854326	0.333333	0.777778	-0.111111	0 	0 	0.111111	
30	0.209013	0.880885	0.222222	0.888889	-0.111111	0 	0 	-0.111111	
81	0.127195	0.83785	0.222222	0.888889	-0.111111	0 	0 	-0.111111	
222	0.200108	0.786957	0.222222	0.888889	-0.111111	0 	0 	-0.111111	
121	0.11099	0.804749	0.111111	0.777778	-0.111111	0 	0 	0.111111	
172	0.0861769	0.88805	0.111111	0.777778	-0.111111	0 	0 	0.111111	
70	0.0293681	0.788293	0.111111	0.777778	-0.111111	0 	0 	0.111111	
98	0.0502154	0.905693	0	0.888889	0.111111	0 	0 	0.111111	
38	0.027996	0.940604	0	0.888889	0.111111	0 	0 	0.111111	
7	0.126854	0.910634	0.111111	1	0.111111	0 	0 	-0.111111	
190	0.12152	0.985894	0.111111	1	0.111111	0 	0 	-0.111111	
139	0.117626	0.930553	0.111111	1	0.111111	0 	0 	-0.111111	
186	0.304504	0.916056	0.222222	0.888889	0.111111	0 	0 	0.111111	
126	0.229367	0.951661	0.222222	0.888889	0.111111	0 	0 	0.111111	
75	0.296703	0.977968	0.222222	0.888889	0.111111	0 	0 	0.111111	
49	0.362902	0.903791	0.333333	1	0.111111	0 	0 	-0.111111	
100	0.349898	0.965601	0.333333	1	0.111111	0 	0 	-0.111111	
72	0.407473	0.778491	0.444444	0.888889	-0.111111	0 	0 	-0.111111	
132	0.373344	0.850437	0.444444	0.888889	-0.111111	0 	0 	-0.111111	
183	0.444364	0.884331	0.444444	0.888889	-0.111111	0 	0 	-0.111111	
209	0.350584	0.740604	0.333333	0.777778	0.111111	0 	0 	-0.111111	
158	0.348557	0.771328	0.333333	0.777778	0.111111	0 	0 	-0.111111	
26	0.347607	0.710225	0.333333	0.777778	0.111111	0 	0 	-0.111111	
67	0.478793	0.67455	0.444444	0.666667	0.111111	0 	0 	0.111111	
178	0.451778	0.761743	0.444444	0.666667	0.111111	0 	0 	0.111111	
118	0.483545	0.714841	0.444444	0.666667	0.111111	0 	0 	0.111111	
44	0.541439	0.87752	0.555556	0.777778	-0.111111	0 	0 	0.111111	
95	0.500346	0.788559	0.555556	0.777778	-0.111111	0 	0 	0.111111	
227	0.460907	0.869685	0.555556	0.777778	-0.111111	0 	0 	0.111111	
201	0.524318	0.907542	0.444444	0.888889	0.111111	0 	0 	0.111111	
150	0.446402	0.956815	0.444444	0.888889	0.111111	0 	0 	0.111111	
9	0.481481	0.962963	0.444444	0.888889	0.111111	0 	0 	0.111111	
164	0.570228	0.934905	0.555556	1	0.111111	0 	0 	-0.111111	
113	0.634257	0.924837	0.555556	1	0.111111	0 	0 	-0.111111	
62	0.556284	0.984409	0.555556	1	0.111111	0 	0 	-0.111111	
136	0.665521	0.819714	0.666667	0.888889	-0.111111	0 	0 	-0.111111	
196	0.602714	0.826155	0.666667	0.888889	-0.111111	0 	0 	-0.111111	
4	0.570639	0.784856	0.666667	0.888889	-0.111111	0 	0 	-0.111111	
87	0.559604	0.714454	0.555556	0.777778	0.111111	0 	0 	-0.111111	
27	0.581878	0.736994	0.555556	0.777778	0.111111	0 	0 	-0.111111	
219	0.64975	0.683505	0.555556	0.777778	0.111111	0 	0 	-0.111111	
1	0.681934	0.701074	0.666667	0.666667	0.111111	0 	0 	0.111111	
193	0.680572	0.768289	0.666667	0.666667	0.111111	0 	0 	0.111111	
142	0.724559	0.725676	0.666667	0.666667	0.111111	0 	0 	0.111111	
129	0.798989	0.683318	0.777778	0.777778	0.111111	0 	0 	-0.111111	
78	0.853086	0.775339	0.777778	0.777778	0.111111	0 	0 	-0.111111	
180	0.860174	0.683131	0.777778	0.777778	0.111111	0 	0 	-0.111111	
92	0.896202	0.730186	0.888889	0.666667	0.111111	0 	0 	0.111111	
41	0.968525	0.715408	0.888889	0.666667	0.111111	0 	0 	0.111111	
198	0.98036	0.78595	1	0.777778	-0.111111	0 	0 	0.111111	
15	0.975674	0.849735	1	0.777778	-0.111111	0 	0 	0.111111	
147	0.896298	0.821582	1	0.777778	-0.111111	0 	0 	0.111111	
106	0.873052	0.840755	0.888889	0.888889	-0.111111	0 	0 	-0.111111	
46	0.790123	0.790123	0.888889	0.888889	-0.111111	0 	0 	-0.111111	
59	0.772165	0.806197	0.777778	0.777778	-0.111111	0 	0 	0.111111	
110	0.764412	0.853129	0.777778	0.777778	-0.111111	0 	0 	0.111111	
170	0.6976	0.877208	0.777778	0.777778	-0.111111	0 	0 	0.111111	
216	0.759396	0.907181	0.666667	0.888889	0.111111	0 	0 	0.111111	
84	0.682873	0.906486	0.666667	0.888889	0.111111	0 	0 	0.111111	
33	0.716402	0.963533	0.666667	0.888889	0.111111	0 	0 	0.111111	
215	0.800731	0.988928	0.777778	1	0.111111	0 	0 	-0.111111	
155	0.781688	0.966213	0.777778	1	0.111111	0 	0 	-0.111111	
23	0.844458	0.942387	0.777778	1	0.111111	0 	0 	-0.111111	
64	0.947081	0.88914	0.888889	0.888889	0.111111	0 	0 	0.111111	
175	0.93781	0.965614	0.888889	0.888889	0.111111	0 	0 	0.111111	
124	0.917653	0.963206	0.888889	0.888889	0.111111	0 	0 	0.111111	
