0	0	0	0	0	0.111111	0 	0 	0.037037	
366	0.00421459	0.0271681	0	0	0.111111	0 	0 	0.037037	
192	0.0830571	0.0592465	0.111111	0.037037	-0.111111	0 	0 	0.037037	
306	0.0137174	0.0685871	0.111111	0.037037	-0.111111	0 	0 	0.037037	
531	0.000981761	0.0828643	0	0.0740741	0.111111	0 	0 	0.037037	
417	0.0589849	0.109739	0	0.0740741	0.111111	0 	0 	0.037037	
141	0.0781893	0.0823045	0	0.0740741	0.111111	0 	0 	0.037037	
329	0.139994	0.104889	0.111111	0.111111	0.037037	0 	0 	-0.111111	
131	0.132489	0.0710246	0.111111	0.111111	0.037037	0 	0 	-0.111111	
278	0.148677	0.010962	0.148148	0	0.037037	0 	0 	0.111111	
503	0.170407	0.00796755	0.148148	0	0.037037	0 	0 	0.111111	
80	0.17284	0.0987654	0.148148	0	0.037037	0 	0 	0.111111	
461	0.190305	0.0603248	0.185185	0.111111	0.037037	0 	0 	-0.111111	
182	0.198844	0.0936675	0.185185	0.111111	0.037037	0 	0 	-0.111111	
457	0.254293	0.000895357	0.222222	0	0.111111	0 	0 	0.037037	
91	0.226369	0.0337838	0.222222	0	0.111111	0 	0 	0.037037	
544	0.227601	0.0123648	0.222222	0	0.111111	0 	0 	0.037037	
40	0.31741	0.0375154	0.333333	0.037037	-0.111111	0 	0 	0.037037	
397	0.281567	0.0370642	0.333333	0.037037	-0.111111	0 	0 	0.037037	
232	0.270269	0.0962148	0.222222	0.0740741	0.111111	0 	0 	0.037037	
265	0.331561	0.0899146	0.222222	0.0740741	0.111111	0 	0 	0.037037	
200	0.299058	0.118401	0.333333	0.111111	-0.037037	0 	0 	0.111111	
425	0.323363	0.18518	0.333333	0.111111	-0.037037	0 	0 	0.111111	
17	0.295528	0.201112	0.296296	0.222222	-0.037037	0 	0 	-0.111111	
521	0.294573	0.211576	0.296296	0.222222	-0.037037	0 	0 	-0.111111	
323	0.272977	0.142661	0.296296	0.222222	-0.037037	0 	0 	-0.111111	
149	0.248611	0.115404	0.259259	0.111111	-0.037037	0 	0 	0.111111	
374	0.245413	0.211634	0.259259	0.111111	-0.037037	0 	0 	0.111111	
105	0.211166	0.219834	0.222222	0.222222	-0.111111	0 	0 	-0.037037	
435	0.176177	0.199028	0.222222	0.222222	-0.111111	0 	0 	-0.037037	
549	0.113855	0.219479	0.222222	0.222222	-0.111111	0 	0 	-0.037037	
243	0.114276	0.159483	0.111111	0.185185	0.111111	0 	0 	-0.037037	
237	0.166177	0.153671	0.111111	0.185185	0.111111	0 	0 	-0.037037	
384	0.194175	0.136697	0.222222	0.148148	-0.111111	0 	0 	-0.037037	
45	0.222029	0.141502	0.222222	0.148148	-0.111111	0 	0 	-0.037037	
508	0.097582	0.116839	0.111111	0.111111	-0.037037	0 	0 	0.111111	
58	0.109848	0.160865	0.111111	0.111111	-0.037037	0 	0 	0.111111	
283	0.0787612	0.198254	0.111111	0.111111	-0.037037	0 	0 	0.111111	
334	0.042524	0.163237	0.0740741	0.222222	-0.037037	0 	0 	-0.111111	
109	0.0729606	0.172485	0.0740741	0.222222	-0.037037	0 	0 	-0.111111	
475	0.029116	0.128865	0.037037	0.111111	-0.037037	0 	0 	0.111111	
169	0.0342459	0.214688	0.037037	0.111111	-0.037037	0 	0 	0.111111	
260	0.00326469	0.223579	0	0.222222	0.111111	0 	0 	0.037037	
218	0.0846486	0.240162	0	0.222222	0.111111	0 	0 	0.037037	
443	0.0921465	0.271313	0.111111	0.259259	-0.111111	0 	0 	0.037037	
86	0.028714	0.275821	0.111111	0.259259	-0.111111	0 	0 	0.037037	
392	0.00603002	0.318652	0	0.296296	0.111111	0 	0 	0.037037	
35	0.0468451	0.311694	0	0.296296	0.111111	0 	0 	0.037037	
214	0.114469	0.306309	0.111111	0.333333	0.037037	0 	0 	-0.111111	
412	0.123301	0.313755	0.111111	0.333333	0.037037	0 	0 	-0.111111	
154	0.155477	0.255502	0.148148	0.222222	0.037037	0 	0 	0.111111	
352	0.157431	0.251354	0.148148	0.222222	0.037037	0 	0 	0.111111	
301	0.198903	0.327846	0.185185	0.333333	0.037037	0 	0 	-0.111111	
22	0.185185	0.259259	0.185185	0.333333	0.037037	0 	0 	-0.111111	
526	0.201079	0.320242	0.185185	0.333333	0.037037	0 	0 	-0.111111	
63	0.245925	0.243274	0.222222	0.222222	0.111111	0 	0 	0.037037	
348	0.301783	0.237311	0.222222	0.222222	0.111111	0 	0 	0.037037	
174	0.292181	0.288066	0.333333	0.259259	-0.111111	0 	0 	0.037037	
288	0.222338	0.283442	0.333333	0.259259	-0.111111	0 	0 	0.037037	
486	0.23542	0.303	0.222222	0.296296	0.111111	0 	0 	0.037037	
480	0.242146	0.330547	0.222222	0.296296	0.111111	0 	0 	0.037037	
123	0.32303	0.332204	0.222222	0.296296	0.111111	0 	0 	0.037037	
229	0.341737	0.298221	0.333333	0.333333	0.037037	0 	0 	-0.111111	
454	0.368185	0.234125	0.333333	0.333333	0.037037	0 	0 	-0.111111	
97	0.378334	0.266261	0.37037	0.222222	0.037037	0 	0 	0.111111	
403	0.397978	0.265151	0.37037	0.222222	0.037037	0 	0 	0.111111	
262	0.438881	0.306642	0.407407	0.333333	0.037037	0 	0 	-0.111111	
37	0.418432	0.272322	0.407407	0.333333	0.037037	0 	0 	-0.111111	
541	0.407939	0.332377	0.407407	0.333333	0.037037	0 	0 	-0.111111	
120	0.439212	0.214981	0.444444	0.222222	-0.111111	0 	0 	-0.037037	
477	0.378595	0.207258	0.444444	0.222222	-0.111111	0 	0 	-0.037037	
492	0.427605	0.221847	0.444444	0.222222	-0.111111	0 	0 	-0.037037	
294	0.352414	0.171892	0.333333	0.185185	0.111111	0 	0 	-0.037037	
171	0.402097	0.175104	0.333333	0.185185	0.111111	0 	0 	-0.037037	
345	0.426192	0.147058	0.444444	0.148148	-0.111111	0 	0 	-0.037037	
69	0.357755	0.130087	0.444444	0.148148	-0.111111	0 	0 	-0.037037	
371	0.350088	0.102223	0.333333	0.111111	0.037037	0 	0 	-0.111111	
146	0.337449	0.0452675	0.333333	0.111111	0.037037	0 	0 	-0.111111	
320	0.371104	0.0173961	0.37037	0	0.037037	0 	0 	0.111111	
518	0.397805	0.0589849	0.37037	0	0.037037	0 	0 	0.111111	
14	0.371438	0.0691447	0.37037	0	0.037037	0 	0 	0.111111	
431	0.414716	0.11064	0.407407	0.111111	0.037037	0 	0 	-0.111111	
206	0.41196	0.066584	0.407407	0.111111	0.037037	0 	0 	-0.111111	
472	0.458148	0.0353821	0.444444	0	0.111111	0 	0 	0.037037	
115	0.512283	0.0321414	0.444444	0	0.111111	0 	0 	0.037037	
505	0.445026	0.00452128	0.444444	0	0.111111	0 	0 	0.037037	
55	0.548167	0.0621114	0.555556	0.037037	-0.111111	0 	0 	0.037037	
340	0.486968	0.0521262	0.555556	0.037037	-0.111111	0 	0 	0.037037	
166	0.470893	0.0809416	0.444444	0.0740741	0.111111	0 	0 	0.037037	
280	0.459231	0.0911494	0.444444	0.0740741	0.111111	0 	0 	0.037037	
224	0.550626	0.130752	0.555556	0.111111	-0.037037	0 	0 	0.111111	
449	0.552812	0.159122	0.555556	0.111111	-0.037037	0 	0 	0.111111	
32	0.505217	0.203687	0.518519	0.222222	-0.037037	0 	0 	-0.111111	
257	0.507545	0.11797	0.518519	0.222222	-0.037037	0 	0 	-0.111111	
83	0.474991	0.151571	0.481481	0.111111	-0.037037	0 	0 	0.111111	
389	0.478513	0.182221	0.481481	0.111111	-0.037037	0 	0 	0.111111	
6	0.467708	0.234814	0.444444	0.222222	0.111111	0 	0 	0.037037	
363	0.536351	0.249657	0.444444	0.222222	0.111111	0 	0 	0.037037	
189	0.537403	0.259573	0.555556	0.259259	-0.111111	0 	0 	0.037037	
312	0.543042	0.259519	0.555556	0.259259	-0.111111	0 	0 	0.037037	
537	0.455892	0.296871	0.444444	0.296296	0.111111	0 	0 	0.037037	
414	0.501823	0.333197	0.444444	0.296296	0.111111	0 	0 	0.037037	
138	0.522556	0.30355	0.444444	0.296296	0.111111	0 	0 	0.037037	
326	0.558759	0.308606	0.555556	0.333333	0.037037	0 	0 	-0.111111	
128	0.584362	0.292181	0.555556	0.333333	0.037037	0 	0 	-0.111111	
275	0.60196	0.238014	0.592593	0.222222	0.037037	0 	0 	0.111111	
500	0.600948	0.244589	0.592593	0.222222	0.037037	0 	0 	0.111111	
77	0.614933	0.316396	0.592593	0.222222	0.037037	0 	0 	0.111111	
467	0.634403	0.284791	0.62963	0.333333	0.037037	0 	0 	-0.111111	
188	0.662551	0.251029	0.62963	0.333333	0.037037	0 	0 	-0.111111	
298	0.652	0.207537	0.666667	0.222222	-0.111111	0 	0 	-0.037037	
211	0.563786	0.1893	0.666667	0.222222	-0.111111	0 	0 	-0.037037	
358	0.60743	0.170395	0.555556	0.185185	0.111111	0 	0 	-0.037037	
19	0.63381	0.154321	0.555556	0.185185	0.111111	0 	0 	-0.037037	
523	0.648966	0.140604	0.666667	0.148148	-0.111111	0 	0 	-0.037037	
160	0.596708	0.119342	0.666667	0.148148	-0.111111	0 	0 	-0.037037	
409	0.577503	0.146776	0.666667	0.148148	-0.111111	0 	0 	-0.037037	
249	0.557314	0.0379526	0.555556	0.111111	0.037037	0 	0 	-0.111111	
51	0.563995	0.0116477	0.555556	0.111111	0.037037	0 	0 	-0.111111	
234	0.611184	0.0574146	0.592593	0	0.037037	0 	0 	0.111111	
432	0.599525	0.009615	0.592593	0	0.037037	0 	0 	0.111111	
102	0.630125	0.0743448	0.62963	0.111111	0.037037	0 	0 	-0.111111	
381	0.643087	0.0795657	0.62963	0.111111	0.037037	0 	0 	-0.111111	
406	0.681051	0.0319723	0.666667	0	0.111111	0 	0 	0.037037	
157	0.691063	0.00603917	0.666667	0	0.111111	0 	0 	0.037037	
529	0.670189	0.0367974	0.666667	0	0.111111	0 	0 	0.037037	
25	0.766955	0.0618676	0.777778	0.037037	-0.111111	0 	0 	0.037037	
355	0.722237	0.0736978	0.777778	0.037037	-0.111111	0 	0 	0.037037	
208	0.674897	0.0781893	0.666667	0.0740741	0.111111	0 	0 	0.037037	
304	0.754458	0.105624	0.666667	0.0740741	0.111111	0 	0 	0.037037	
489	0.781333	0.0823768	0.777778	0.111111	0.037037	0 	0 	-0.111111	
291	0.799955	0.0636419	0.777778	0.111111	0.037037	0 	0 	-0.111111	
66	0.777896	0.000274225	0.777778	0.111111	0.037037	0 	0 	-0.111111	
177	0.847737	0.0658436	0.814815	0	0.037037	0 	0 	0.111111	
483	0.814826	0.0100367	0.814815	0	0.037037	0 	0 	0.111111	
117	0.861502	0.0863783	0.851852	0.111111	0.037037	0 	0 	-0.111111	
342	0.85478	0.00597392	0.851852	0.111111	0.037037	0 	0 	-0.111111	
254	0.95398	0.00990049	0.888889	0	0.111111	0 	0 	0.037037	
221	0.891828	0.0048231	0.888889	0	0.111111	0 	0 	0.037037	
446	0.992948	0.0424623	1	0.037037	-0.111111	0 	0 	0.037037	
89	0.90542	0.0640057	1	0.037037	-0.111111	0 	0 	0.037037	
395	0.913607	0.0763261	0.888889	0.0740741	0.111111	0 	0 	0.037037	
29	0.958526	0.0832174	0.888889	0.0740741	0.111111	0 	0 	0.037037	
360	0.99589	0.111402	1	0.111111	-0.037037	0 	0 	0.111111	
135	0.967078	0.193416	1	0.111111	-0.037037	0 	0 	0.111111	
420	0.942529	0.214316	0.962963	0.222222	-0.037037	0 	0 	-0.111111	
195	0.95623	0.141631	0.962963	0.222222	-0.037037	0 	0 	-0.111111	
3	0.91772	0.115102	0.925926	0.111111	-0.037037	0 	0 	0.111111	
309	0.920149	0.14486	0.925926	0.111111	-0.037037	0 	0 	0.111111	
534	0.901425	0.180194	0.925926	0.111111	-0.037037	0 	0 	0.111111	
268	0.872823	0.208894	0.888889	0.222222	-0.111111	0 	0 	-0.037037	
226	0.797935	0.209326	0.888889	0.222222	-0.111111	0 	0 	-0.037037	
400	0.844398	0.15658	0.777778	0.185185	0.111111	0 	0 	-0.037037	
43	0.780678	0.176026	0.777778	0.185185	0.111111	0 	0 	-0.037037	
547	0.888733	0.125429	0.888889	0.148148	-0.111111	0 	0 	-0.037037	
94	0.817637	0.139011	0.888889	0.148148	-0.111111	0 	0 	-0.037037	
451	0.823692	0.124175	0.888889	0.148148	-0.111111	0 	0 	-0.037037	
185	0.776372	0.124279	0.777778	0.111111	-0.037037	0 	0 	0.111111	
464	0.759846	0.143044	0.777778	0.111111	-0.037037	0 	0 	0.111111	
74	0.74009	0.192424	0.740741	0.222222	-0.037037	0 	0 	-0.111111	
497	0.72155	0.160156	0.740741	0.222222	-0.037037	0 	0 	-0.111111	
272	0.738989	0.221694	0.740741	0.222222	-0.037037	0 	0 	-0.111111	
134	0.696478	0.156064	0.703704	0.111111	-0.037037	0 	0 	0.111111	
332	0.672154	0.200274	0.703704	0.111111	-0.037037	0 	0 	0.111111	
48	0.692643	0.236035	0.666667	0.222222	0.111111	0 	0 	0.037037	
378	0.770919	0.224966	0.666667	0.222222	0.111111	0 	0 	0.037037	
240	0.772739	0.264181	0.777778	0.259259	-0.111111	0 	0 	0.037037	
246	0.69273	0.266118	0.777778	0.259259	-0.111111	0 	0 	0.037037	
438	0.740367	0.309251	0.666667	0.296296	0.111111	0 	0 	0.037037	
99	0.682513	0.312634	0.666667	0.296296	0.111111	0 	0 	0.037037	
377	0.778049	0.330766	0.777778	0.333333	0.037037	0 	0 	-0.111111	
152	0.788386	0.302836	0.777778	0.333333	0.037037	0 	0 	-0.111111	
317	0.83562	0.231205	0.814815	0.222222	0.037037	0 	0 	0.111111	
515	0.81819	0.279877	0.814815	0.222222	0.037037	0 	0 	0.111111	
11	0.827154	0.303946	0.814815	0.222222	0.037037	0 	0 	0.111111	
428	0.859345	0.321213	0.851852	0.333333	0.037037	0 	0 	-0.111111	
203	0.863293	0.22234	0.851852	0.333333	0.037037	0 	0 	-0.111111	
469	0.905091	0.234036	0.888889	0.222222	0.111111	0 	0 	0.037037	
112	0.960185	0.253169	0.888889	0.222222	0.111111	0 	0 	0.037037	
511	0.978052	0.231824	0.888889	0.222222	0.111111	0 	0 	0.037037	
61	0.978215	0.260196	1	0.259259	-0.111111	0 	0 	0.037037	
337	0.931413	0.274348	1	0.259259	-0.111111	0 	0 	0.037037	
163	0.909844	0.304638	0.888889	0.296296	0.111111	0 	0 	0.037037	
286	0.9632	0.313833	0.888889	0.296296	0.111111	0 	0 	0.037037	
383	0.99247	0.333473	1	0.333333	-0.037037	0 	0 	0.111111	
104	0.988418	0.429103	1	0.333333	-0.037037	0 	0 	0.111111	
434	0.961749	0.40352	0.962963	0.444444	-0.037037	0 	0 	-0.111111	
236	0.949693	0.411672	0.962963	0.444444	-0.037037	0 	0 	-0.111111	
53	0.922847	0.337728	0.925926	0.333333	-0.037037	0 	0 	0.111111	
251	0.923791	0.382278	0.925926	0.333333	-0.037037	0 	0 	0.111111	
408	0.906979	0.448867	0.888889	0.444444	0.111111	0 	0 	0.037037	
159	0.930423	0.44984	0.888889	0.444444	0.111111	0 	0 	0.037037	
522	0.938465	0.471329	0.888889	0.444444	0.111111	0 	0 	0.037037	
18	0.967026	0.499023	1	0.481481	-0.111111	0 	0 	0.037037	
357	0.945084	0.508407	1	0.481481	-0.111111	0 	0 	0.037037	
210	0.890548	0.526889	0.888889	0.518519	0.111111	0 	0 	0.037037	
297	0.917244	0.524536	0.888889	0.518519	0.111111	0 	0 	0.037037	
187	0.999371	0.584601	1	0.555556	-0.037037	0 	0 	0.111111	
466	0.994051	0.556718	1	0.555556	-0.037037	0 	0 	0.111111	
76	0.959674	0.626125	0.962963	0.666667	-0.037037	0 	0 	-0.111111	
499	0.950497	0.600362	0.962963	0.666667	-0.037037	0 	0 	-0.111111	
274	0.927298	0.57476	0.962963	0.666667	-0.037037	0 	0 	-0.111111	
127	0.924644	0.555625	0.925926	0.555556	-0.037037	0 	0 	0.111111	
325	0.919664	0.63814	0.925926	0.555556	-0.037037	0 	0 	0.111111	
140	0.856111	0.642856	0.888889	0.666667	-0.111111	0 	0 	-0.037037	
416	0.885544	0.647672	0.888889	0.666667	-0.111111	0 	0 	-0.037037	
539	0.807231	0.650361	0.888889	0.666667	-0.111111	0 	0 	-0.037037	
314	0.794005	0.61316	0.777778	0.62963	0.111111	0 	0 	-0.037037	
191	0.824055	0.600881	0.777778	0.62963	0.111111	0 	0 	-0.037037	
365	0.881705	0.575114	0.888889	0.592593	-0.111111	0 	0 	-0.037037	
8	0.88294	0.592131	0.888889	0.592593	-0.111111	0 	0 	-0.037037	
388	0.782555	0.535114	0.777778	0.555556	0.037037	0 	0 	-0.111111	
82	0.791212	0.490724	0.777778	0.555556	0.037037	0 	0 	-0.111111	
256	0.819498	0.444887	0.814815	0.444444	0.037037	0 	0 	0.111111	
31	0.835259	0.530881	0.814815	0.444444	0.037037	0 	0 	0.111111	
448	0.85285	0.489595	0.851852	0.555556	0.037037	0 	0 	-0.111111	
223	0.868706	0.462495	0.851852	0.555556	0.037037	0 	0 	-0.111111	
279	0.864443	0.427721	0.888889	0.444444	-0.111111	0 	0 	-0.037037	
165	0.80992	0.435696	0.888889	0.444444	-0.111111	0 	0 	-0.037037	
339	0.794966	0.402873	0.777778	0.407407	0.111111	0 	0 	-0.037037	
54	0.876543	0.395062	0.777778	0.407407	0.111111	0 	0 	-0.037037	
504	0.869132	0.343718	0.888889	0.37037	-0.111111	0 	0 	-0.037037	
114	0.837531	0.368073	0.888889	0.37037	-0.111111	0 	0 	-0.037037	
471	0.874454	0.349594	0.888889	0.37037	-0.111111	0 	0 	-0.037037	
205	0.746654	0.338263	0.777778	0.333333	-0.037037	0 	0 	0.111111	
430	0.772496	0.402232	0.777778	0.333333	-0.037037	0 	0 	0.111111	
13	0.703704	0.407407	0.740741	0.444444	-0.037037	0 	0 	-0.111111	
517	0.738201	0.425659	0.740741	0.444444	-0.037037	0 	0 	-0.111111	
319	0.716471	0.366541	0.740741	0.444444	-0.037037	0 	0 	-0.111111	
145	0.699589	0.345137	0.703704	0.333333	-0.037037	0 	0 	0.111111	
370	0.688285	0.433059	0.703704	0.333333	-0.037037	0 	0 	0.111111	
71	0.694366	0.460376	0.666667	0.444444	0.111111	0 	0 	0.037037	
347	0.746228	0.459534	0.666667	0.444444	0.111111	0 	0 	0.037037	
173	0.733787	0.507362	0.777778	0.481481	-0.111111	0 	0 	0.037037	
296	0.770255	0.490848	0.777778	0.481481	-0.111111	0 	0 	0.037037	
494	0.683736	0.520173	0.666667	0.518519	0.111111	0 	0 	0.037037	
479	0.684556	0.540925	0.666667	0.518519	0.111111	0 	0 	0.037037	
122	0.76397	0.551757	0.666667	0.518519	0.111111	0 	0 	0.037037	
540	0.744673	0.591307	0.777778	0.555556	-0.037037	0 	0 	0.111111	
36	0.772941	0.6506	0.777778	0.555556	-0.037037	0 	0 	0.111111	
261	0.7777	0.571194	0.777778	0.555556	-0.037037	0 	0 	0.111111	
402	0.735109	0.642473	0.740741	0.666667	-0.037037	0 	0 	-0.111111	
96	0.71893	0.575756	0.740741	0.666667	-0.037037	0 	0 	-0.111111	
453	0.701265	0.598198	0.703704	0.555556	-0.037037	0 	0 	0.111111	
228	0.69759	0.648004	0.703704	0.555556	-0.037037	0 	0 	0.111111	
125	0.657913	0.633753	0.666667	0.666667	-0.111111	0 	0 	-0.037037	
482	0.602195	0.652949	0.666667	0.666667	-0.111111	0 	0 	-0.037037	
488	0.571125	0.63959	0.666667	0.666667	-0.111111	0 	0 	-0.037037	
290	0.574058	0.625384	0.555556	0.62963	0.111111	0 	0 	-0.037037	
176	0.625514	0.621399	0.555556	0.62963	0.111111	0 	0 	-0.037037	
350	0.663233	0.579543	0.666667	0.592593	-0.111111	0 	0 	-0.037037	
65	0.580247	0.580247	0.666667	0.592593	-0.111111	0 	0 	-0.037037	
525	0.545567	0.556378	0.555556	0.555556	-0.037037	0 	0 	0.111111	
21	0.518767	0.595428	0.555556	0.555556	-0.037037	0 	0 	0.111111	
300	0.523511	0.663018	0.555556	0.555556	-0.037037	0 	0 	0.111111	
351	0.516226	0.665647	0.518519	0.666667	-0.037037	0 	0 	-0.111111	
153	0.483266	0.563883	0.518519	0.666667	-0.037037	0 	0 	-0.111111	
411	0.476512	0.568154	0.481481	0.555556	-0.037037	0 	0 	0.111111	
213	0.479729	0.640416	0.481481	0.555556	-0.037037	0 	0 	0.111111	
34	0.437009	0.650033	0.444444	0.666667	-0.111111	0 	0 	-0.037037	
391	0.363512	0.632373	0.444444	0.666667	-0.111111	0 	0 	-0.037037	
85	0.337873	0.620409	0.333333	0.62963	0.111111	0 	0 	-0.037037	
442	0.44023	0.604306	0.333333	0.62963	0.111111	0 	0 	-0.037037	
217	0.427602	0.573527	0.444444	0.592593	-0.111111	0 	0 	-0.037037	
259	0.396364	0.563082	0.444444	0.592593	-0.111111	0 	0 	-0.037037	
168	0.366255	0.547325	0.333333	0.555556	0.037037	0 	0 	-0.111111	
474	0.342362	0.472415	0.333333	0.555556	0.037037	0 	0 	-0.111111	
108	0.372622	0.486183	0.37037	0.444444	0.037037	0 	0 	0.111111	
333	0.373449	0.498172	0.37037	0.444444	0.037037	0 	0 	0.111111	
282	0.40864	0.542053	0.407407	0.555556	0.037037	0 	0 	-0.111111	
57	0.429388	0.503391	0.407407	0.555556	0.037037	0 	0 	-0.111111	
507	0.420303	0.456318	0.407407	0.555556	0.037037	0 	0 	-0.111111	
47	0.463001	0.451516	0.444444	0.444444	0.111111	0 	0 	0.037037	
386	0.548697	0.447188	0.444444	0.444444	0.111111	0 	0 	0.037037	
239	0.505001	0.493712	0.555556	0.481481	-0.111111	0 	0 	0.037037	
245	0.470053	0.489748	0.555556	0.481481	-0.111111	0 	0 	0.037037	
437	0.515775	0.529492	0.444444	0.518519	0.111111	0 	0 	0.037037	
107	0.53611	0.538204	0.444444	0.518519	0.111111	0 	0 	0.037037	
373	0.571607	0.537206	0.555556	0.555556	0.037037	0 	0 	-0.111111	
148	0.561674	0.481748	0.555556	0.555556	0.037037	0 	0 	-0.111111	
322	0.606571	0.466948	0.592593	0.444444	0.037037	0 	0 	0.111111	
520	0.619654	0.501896	0.592593	0.444444	0.037037	0 	0 	0.111111	
16	0.592605	0.513316	0.592593	0.444444	0.037037	0 	0 	0.111111	
424	0.642886	0.542489	0.62963	0.555556	0.037037	0 	0 	-0.111111	
199	0.636925	0.449608	0.62963	0.555556	0.037037	0 	0 	-0.111111	
264	0.653421	0.434462	0.666667	0.444444	-0.111111	0 	0 	-0.037037	
231	0.576537	0.422898	0.666667	0.444444	-0.111111	0 	0 	-0.037037	
396	0.569588	0.406909	0.555556	0.407407	0.111111	0 	0 	-0.037037	
39	0.641975	0.382716	0.555556	0.407407	0.111111	0 	0 	-0.037037	
543	0.655941	0.369363	0.666667	0.37037	-0.111111	0 	0 	-0.037037	
90	0.606877	0.358497	0.666667	0.37037	-0.111111	0 	0 	-0.037037	
456	0.589849	0.344307	0.666667	0.37037	-0.111111	0 	0 	-0.037037	
181	0.555037	0.352119	0.555556	0.333333	-0.037037	0 	0 	0.111111	
460	0.528121	0.39369	0.555556	0.333333	-0.037037	0 	0 	0.111111	
79	0.507462	0.443542	0.518519	0.444444	-0.037037	0 	0 	-0.111111	
502	0.496419	0.375352	0.518519	0.444444	-0.037037	0 	0 	-0.111111	
277	0.481838	0.349924	0.518519	0.444444	-0.037037	0 	0 	-0.111111	
130	0.469772	0.40193	0.481481	0.333333	-0.037037	0 	0 	0.111111	
328	0.449931	0.422497	0.481481	0.333333	-0.037037	0 	0 	0.111111	
143	0.443636	0.441144	0.444444	0.444444	-0.111111	0 	0 	-0.037037	
419	0.390173	0.442002	0.444444	0.444444	-0.111111	0 	0 	-0.037037	
533	0.363475	0.429578	0.444444	0.444444	-0.111111	0 	0 	-0.037037	
308	0.35049	0.400767	0.333333	0.407407	0.111111	0 	0 	-0.037037	
194	0.378601	0.374486	0.333333	0.407407	0.111111	0 	0 	-0.037037	
368	0.441081	0.360015	0.444444	0.37037	-0.111111	0 	0 	-0.037037	
2	0.333333	0.333333	0.444444	0.37037	-0.111111	0 	0 	-0.037037	
220	0.326207	0.350839	0.333333	0.333333	-0.037037	0 	0 	0.111111	
445	0.323209	0.388608	0.333333	0.333333	-0.037037	0 	0 	0.111111	
28	0.271605	0.419753	0.296296	0.444444	-0.037037	0 	0 	-0.111111	
253	0.282243	0.361825	0.296296	0.444444	-0.037037	0 	0 	-0.111111	
88	0.251427	0.375121	0.259259	0.333333	-0.037037	0 	0 	0.111111	
394	0.253003	0.404668	0.259259	0.333333	-0.037037	0 	0 	0.111111	
5	0.227028	0.468519	0.222222	0.444444	0.111111	0 	0 	0.037037	
362	0.314994	0.46817	0.222222	0.444444	0.111111	0 	0 	0.037037	
197	0.295222	0.490581	0.333333	0.481481	-0.111111	0 	0 	0.037037	
311	0.238048	0.513765	0.333333	0.481481	-0.111111	0 	0 	0.037037	
536	0.24988	0.536734	0.222222	0.518519	0.111111	0 	0 	0.037037	
422	0.281207	0.554184	0.222222	0.518519	0.111111	0 	0 	0.037037	
137	0.301465	0.52694	0.222222	0.518519	0.111111	0 	0 	0.037037	
510	0.324015	0.567748	0.333333	0.555556	-0.037037	0 	0 	0.111111	
60	0.322307	0.620027	0.333333	0.555556	-0.037037	0 	0 	0.111111	
285	0.297668	0.648834	0.333333	0.555556	-0.037037	0 	0 	0.111111	
336	0.292101	0.663398	0.296296	0.666667	-0.037037	0 	0 	-0.111111	
111	0.296287	0.597858	0.296296	0.666667	-0.037037	0 	0 	-0.111111	
468	0.231824	0.578875	0.259259	0.555556	-0.037037	0 	0 	0.111111	
162	0.252594	0.657792	0.259259	0.555556	-0.037037	0 	0 	0.111111	
10	0.166324	0.647926	0.222222	0.666667	-0.111111	0 	0 	-0.037037	
376	0.128478	0.654003	0.222222	0.666667	-0.111111	0 	0 	-0.037037	
151	0.132322	0.622087	0.111111	0.62963	0.111111	0 	0 	-0.037037	
514	0.167108	0.614898	0.111111	0.62963	0.111111	0 	0 	-0.037037	
427	0.207133	0.628258	0.111111	0.62963	0.111111	0 	0 	-0.037037	
202	0.19667	0.565047	0.222222	0.592593	-0.111111	0 	0 	-0.037037	
316	0.201719	0.592564	0.222222	0.592593	-0.111111	0 	0 	-0.037037	
225	0.114196	0.542726	0.111111	0.555556	0.037037	0 	0 	-0.111111	
450	0.113956	0.553647	0.111111	0.555556	0.037037	0 	0 	-0.111111	
93	0.148966	0.452819	0.148148	0.444444	0.037037	0 	0 	0.111111	
399	0.160239	0.476281	0.148148	0.444444	0.037037	0 	0 	0.111111	
267	0.187171	0.526245	0.185185	0.555556	0.037037	0 	0 	-0.111111	
42	0.190059	0.537535	0.185185	0.555556	0.037037	0 	0 	-0.111111	
546	0.18886	0.470691	0.185185	0.555556	0.037037	0 	0 	-0.111111	
119	0.215325	0.437089	0.222222	0.444444	-0.111111	0 	0 	-0.037037	
485	0.220573	0.42882	0.222222	0.444444	-0.111111	0 	0 	-0.037037	
491	0.125516	0.423459	0.222222	0.444444	-0.111111	0 	0 	-0.037037	
293	0.112711	0.396485	0.111111	0.407407	0.111111	0 	0 	-0.037037	
179	0.169375	0.396415	0.111111	0.407407	0.111111	0 	0 	-0.037037	
344	0.195682	0.367382	0.222222	0.37037	-0.111111	0 	0 	-0.037037	
68	0.135802	0.358025	0.222222	0.37037	-0.111111	0 	0 	-0.037037	
528	0.101472	0.35039	0.111111	0.333333	-0.037037	0 	0 	0.111111	
24	0.0756433	0.367553	0.111111	0.333333	-0.037037	0 	0 	0.111111	
303	0.101068	0.367211	0.111111	0.333333	-0.037037	0 	0 	0.111111	
354	0.0602094	0.434814	0.0740741	0.444444	-0.037037	0 	0 	-0.111111	
156	0.0371514	0.336438	0.0740741	0.444444	-0.037037	0 	0 	-0.111111	
405	0.0228689	0.372149	0.037037	0.333333	-0.037037	0 	0 	0.111111	
207	0.024223	0.424282	0.037037	0.333333	-0.037037	0 	0 	0.111111	
271	0.00933956	0.449854	0	0.444444	0.111111	0 	0 	0.037037	
184	0.100762	0.470372	0	0.444444	0.111111	0 	0 	0.037037	
463	0.0894339	0.518351	0.111111	0.481481	-0.111111	0 	0 	0.037037	
496	0.0872947	0.482643	0.111111	0.481481	-0.111111	0 	0 	0.037037	
133	0.0337691	0.512236	0.111111	0.481481	-0.111111	0 	0 	0.037037	
331	0.0124633	0.546245	0	0.518519	0.111111	0 	0 	0.037037	
73	0.0631949	0.538369	0	0.518519	0.111111	0 	0 	0.037037	
380	0.1033	0.569123	0.111111	0.555556	-0.037037	0 	0 	0.111111	
101	0.090535	0.650206	0.111111	0.555556	-0.037037	0 	0 	0.111111	
440	0.0688684	0.647994	0.0740741	0.666667	-0.037037	0 	0 	-0.111111	
242	0.0710779	0.614546	0.0740741	0.666667	-0.037037	0 	0 	-0.111111	
50	0.0242642	0.558101	0.037037	0.555556	-0.037037	0 	0 	0.111111	
248	0.0296876	0.608088	0.037037	0.555556	-0.037037	0 	0 	0.111111	
318	0.0533622	0.692067	0	0.666667	0.111111	0 	0 	0.037037	
204	0.0260689	0.675547	0	0.666667	0.111111	0 	0 	0.037037	
429	0.0958726	0.708282	0.111111	0.703704	-0.111111	0 	0 	0.037037	
516	0.0935268	0.72382	0.111111	0.703704	-0.111111	0 	0 	0.037037	
144	0.0021187	0.71064	0.111111	0.703704	-0.111111	0 	0 	0.037037	
369	0.00648216	0.757732	0	0.740741	0.111111	0 	0 	0.037037	
12	0.0404891	0.748949	0	0.740741	0.111111	0 	0 	0.037037	
167	0.120293	0.768177	0.111111	0.777778	0.037037	0 	0 	-0.111111	
473	0.112658	0.696641	0.111111	0.777778	0.037037	0 	0 	-0.111111	
116	0.177845	0.700066	0.148148	0.666667	0.037037	0 	0 	0.111111	
341	0.154612	0.745248	0.148148	0.666667	0.037037	0 	0 	0.111111	
281	0.191348	0.739223	0.185185	0.777778	0.037037	0 	0 	-0.111111	
56	0.209877	0.728395	0.185185	0.777778	0.037037	0 	0 	-0.111111	
506	0.193813	0.67237	0.185185	0.777778	0.037037	0 	0 	-0.111111	
52	0.229449	0.689717	0.222222	0.666667	0.111111	0 	0 	0.037037	
382	0.326475	0.66941	0.222222	0.666667	0.111111	0 	0 	0.037037	
235	0.276493	0.717234	0.333333	0.703704	-0.111111	0 	0 	0.037037	
250	0.330256	0.720486	0.333333	0.703704	-0.111111	0 	0 	0.037037	
433	0.228283	0.745693	0.222222	0.740741	0.111111	0 	0 	0.037037	
103	0.312493	0.759361	0.222222	0.740741	0.111111	0 	0 	0.037037	
524	0.319075	0.794914	0.333333	0.777778	-0.037037	0 	0 	0.111111	
20	0.308731	0.817964	0.333333	0.777778	-0.037037	0 	0 	0.111111	
299	0.310014	0.883402	0.333333	0.777778	-0.037037	0 	0 	0.111111	
359	0.294319	0.888426	0.296296	0.888889	-0.037037	0 	0 	-0.111111	
161	0.26635	0.787749	0.296296	0.888889	-0.037037	0 	0 	-0.111111	
410	0.249827	0.804937	0.259259	0.777778	-0.037037	0 	0 	0.111111	
212	0.230453	0.855967	0.259259	0.777778	-0.037037	0 	0 	0.111111	
30	0.153288	0.864894	0.222222	0.888889	-0.111111	0 	0 	-0.037037	
387	0.211978	0.853903	0.222222	0.888889	-0.111111	0 	0 	-0.037037	
81	0.140373	0.83805	0.111111	0.851852	0.111111	0 	0 	-0.037037	
447	0.219479	0.825789	0.111111	0.851852	0.111111	0 	0 	-0.037037	
222	0.193585	0.806156	0.222222	0.814815	-0.111111	0 	0 	-0.037037	
255	0.212332	0.797726	0.222222	0.814815	-0.111111	0 	0 	-0.037037	
346	0.110056	0.80258	0.111111	0.777778	-0.037037	0 	0 	0.111111	
121	0.109875	0.783011	0.111111	0.777778	-0.037037	0 	0 	0.111111	
478	0.068416	0.849374	0.0740741	0.888889	-0.037037	0 	0 	-0.111111	
172	0.0734644	0.846494	0.0740741	0.888889	-0.037037	0 	0 	-0.111111	
70	0.0269328	0.80604	0.037037	0.777778	-0.037037	0 	0 	0.111111	
295	0.0323594	0.789632	0.037037	0.777778	-0.037037	0 	0 	0.111111	
493	0.0286158	0.865156	0.037037	0.777778	-0.037037	0 	0 	0.111111	
455	0.0377926	0.891632	0	0.888889	0.111111	0 	0 	0.037037	
98	0.0230305	0.921241	0	0.888889	0.111111	0 	0 	0.037037	
542	0.0768176	0.923182	0	0.888889	0.111111	0 	0 	0.037037	
38	0.109433	0.94195	0.111111	0.925926	-0.111111	0 	0 	0.037037	
404	0.108963	0.926066	0.111111	0.925926	-0.111111	0 	0 	0.037037	
230	0.0205761	0.979424	0	0.962963	0.111111	0 	0 	0.037037	
263	0.0257897	0.976541	0	0.962963	0.111111	0 	0 	0.037037	
538	0.14013	0.984459	0.111111	1	0.037037	0 	0 	-0.111111	
313	0.125232	0.983869	0.111111	1	0.037037	0 	0 	-0.111111	
7	0.111111	0.888889	0.111111	1	0.037037	0 	0 	-0.111111	
190	0.150702	0.89198	0.148148	0.888889	0.037037	0 	0 	0.111111	
415	0.14849	0.936495	0.148148	0.888889	0.037037	0 	0 	0.111111	
139	0.185251	0.981773	0.185185	1	0.037037	0 	0 	-0.111111	
364	0.188779	0.909244	0.185185	1	0.037037	0 	0 	-0.111111	
273	0.236109	0.908162	0.222222	0.888889	0.111111	0 	0 	0.037037	
186	0.22381	0.923514	0.222222	0.888889	0.111111	0 	0 	0.037037	
465	0.325769	0.940454	0.333333	0.925926	-0.111111	0 	0 	0.037037	
498	0.305352	0.925928	0.333333	0.925926	-0.111111	0 	0 	0.037037	
126	0.246411	0.955381	0.333333	0.925926	-0.111111	0 	0 	0.037037	
324	0.228496	0.980913	0.222222	0.962963	0.111111	0 	0 	0.037037	
75	0.27557	0.991962	0.222222	0.962963	0.111111	0 	0 	0.037037	
247	0.333441	0.99973	0.333333	1	0.037037	0 	0 	-0.111111	
49	0.335123	0.963105	0.333333	1	0.037037	0 	0 	-0.111111	
241	0.376948	0.917314	0.37037	0.888889	0.037037	0 	0 	0.111111	
439	0.374541	0.944949	0.37037	0.888889	0.037037	0 	0 	0.111111	
100	0.414685	0.963197	0.407407	1	0.037037	0 	0 	-0.111111	
379	0.437586	0.891632	0.407407	1	0.037037	0 	0 	-0.111111	
72	0.39341	0.873362	0.444444	0.888889	-0.111111	0 	0 	-0.037037	
330	0.36297	0.883052	0.444444	0.888889	-0.111111	0 	0 	-0.037037	
132	0.333403	0.833788	0.333333	0.851852	0.111111	0 	0 	-0.037037	
495	0.342795	0.831414	0.333333	0.851852	0.111111	0 	0 	-0.037037	
462	0.414247	0.845116	0.333333	0.851852	0.111111	0 	0 	-0.037037	
183	0.443607	0.813486	0.444444	0.814815	-0.111111	0 	0 	-0.037037	
270	0.374756	0.794572	0.444444	0.814815	-0.111111	0 	0 	-0.037037	
209	0.346644	0.766884	0.333333	0.777778	0.037037	0 	0 	-0.111111	
407	0.35785	0.701889	0.333333	0.777778	0.037037	0 	0 	-0.111111	
158	0.374188	0.680249	0.37037	0.666667	0.037037	0 	0 	0.111111	
356	0.389115	0.730769	0.37037	0.666667	0.037037	0 	0 	0.111111	
305	0.413218	0.77468	0.407407	0.777778	0.037037	0 	0 	-0.111111	
26	0.411009	0.694189	0.407407	0.777778	0.037037	0 	0 	-0.111111	
530	0.429936	0.694116	0.407407	0.777778	0.037037	0 	0 	-0.111111	
67	0.456458	0.677212	0.444444	0.666667	0.111111	0 	0 	0.037037	
343	0.525668	0.68233	0.444444	0.666667	0.111111	0 	0 	0.037037	
178	0.516986	0.730566	0.555556	0.703704	-0.111111	0 	0 	0.037037	
292	0.448938	0.721897	0.555556	0.703704	-0.111111	0 	0 	0.037037	
490	0.447351	0.745724	0.444444	0.740741	0.111111	0 	0 	0.037037	
484	0.496024	0.768678	0.444444	0.740741	0.111111	0 	0 	0.037037	
118	0.547325	0.773663	0.444444	0.740741	0.111111	0 	0 	0.037037	
548	0.55448	0.818059	0.555556	0.777778	-0.037037	0 	0 	0.111111	
44	0.537943	0.822701	0.555556	0.777778	-0.037037	0 	0 	0.111111	
269	0.553365	0.869282	0.555556	0.777778	-0.037037	0 	0 	0.111111	
401	0.513828	0.818768	0.518519	0.888889	-0.037037	0 	0 	-0.111111	
95	0.513261	0.886742	0.518519	0.888889	-0.037037	0 	0 	-0.111111	
452	0.454409	0.783574	0.481481	0.777778	-0.037037	0 	0 	0.111111	
227	0.472345	0.844261	0.481481	0.777778	-0.037037	0 	0 	0.111111	
315	0.497124	0.917568	0.444444	0.888889	0.111111	0 	0 	0.037037	
201	0.45901	0.896152	0.444444	0.888889	0.111111	0 	0 	0.037037	
426	0.549922	0.935161	0.555556	0.925926	-0.111111	0 	0 	0.037037	
513	0.509732	0.950921	0.555556	0.925926	-0.111111	0 	0 	0.037037	
150	0.44856	0.934156	0.555556	0.925926	-0.111111	0 	0 	0.037037	
375	0.458586	0.969212	0.444444	0.962963	0.111111	0 	0 	0.037037	
9	0.472002	0.964192	0.444444	0.962963	0.111111	0 	0 	0.037037	
164	0.565829	0.983189	0.555556	1	0.037037	0 	0 	-0.111111	
470	0.558804	0.90863	0.555556	1	0.037037	0 	0 	-0.111111	
113	0.601058	0.892161	0.592593	0.888889	0.037037	0 	0 	0.111111	
338	0.59808	0.941015	0.592593	0.888889	0.037037	0 	0 	0.111111	
287	0.629636	0.996412	0.62963	1	0.037037	0 	0 	-0.111111	
62	0.631503	0.991303	0.62963	1	0.037037	0 	0 	-0.111111	
512	0.638513	0.896952	0.62963	1	0.037037	0 	0 	-0.111111	
136	0.666139	0.884733	0.666667	0.888889	-0.111111	0 	0 	-0.037037	
421	0.646662	0.871635	0.666667	0.888889	-0.111111	0 	0 	-0.037037	
535	0.582902	0.883015	0.666667	0.888889	-0.111111	0 	0 	-0.037037	
310	0.592989	0.823589	0.555556	0.851852	0.111111	0 	0 	-0.037037	
196	0.604609	0.826947	0.555556	0.851852	0.111111	0 	0 	-0.037037	
361	0.639095	0.806165	0.666667	0.814815	-0.111111	0 	0 	-0.037037	
4	0.562039	0.781096	0.666667	0.814815	-0.111111	0 	0 	-0.037037	
393	0.587492	0.740714	0.555556	0.777778	0.037037	0 	0 	-0.111111	
87	0.573876	0.726206	0.555556	0.777778	0.037037	0 	0 	-0.111111	
252	0.597865	0.679289	0.592593	0.666667	0.037037	0 	0 	0.111111	
27	0.592718	0.67507	0.592593	0.666667	0.037037	0 	0 	0.111111	
444	0.640263	0.682844	0.62963	0.777778	0.037037	0 	0 	-0.111111	
219	0.651456	0.686451	0.62963	0.777778	0.037037	0 	0 	-0.111111	
1	0.690304	0.674338	0.666667	0.666667	0.111111	0 	0 	0.037037	
367	0.756543	0.697237	0.666667	0.666667	0.111111	0 	0 	0.037037	
193	0.76381	0.709346	0.777778	0.703704	-0.111111	0 	0 	0.037037	
307	0.695706	0.737687	0.777778	0.703704	-0.111111	0 	0 	0.037037	
532	0.672459	0.763303	0.666667	0.740741	0.111111	0 	0 	0.037037	
418	0.730464	0.775247	0.666667	0.740741	0.111111	0 	0 	0.037037	
142	0.669898	0.743776	0.666667	0.740741	0.111111	0 	0 	0.037037	
327	0.778155	0.758963	0.777778	0.777778	0.037037	0 	0 	-0.111111	
129	0.810882	0.743262	0.777778	0.777778	0.037037	0 	0 	-0.111111	
276	0.820747	0.695022	0.814815	0.666667	0.037037	0 	0 	0.111111	
501	0.820061	0.668586	0.814815	0.666667	0.037037	0 	0 	0.111111	
78	0.815912	0.776725	0.814815	0.666667	0.037037	0 	0 	0.111111	
459	0.857065	0.770224	0.851852	0.777778	0.037037	0 	0 	-0.111111	
180	0.852491	0.715145	0.851852	0.777778	0.037037	0 	0 	-0.111111	
458	0.914216	0.689994	0.888889	0.666667	0.111111	0 	0 	0.037037	
92	0.957529	0.687733	0.888889	0.666667	0.111111	0 	0 	0.037037	
545	0.893842	0.671815	0.888889	0.666667	0.111111	0 	0 	0.037037	
41	0.983873	0.724734	1	0.703704	-0.111111	0 	0 	0.037037	
398	0.95909	0.727163	1	0.703704	-0.111111	0 	0 	0.037037	
233	0.900935	0.760471	0.888889	0.740741	0.111111	0 	0 	0.037037	
266	0.989026	0.747599	0.888889	0.740741	0.111111	0 	0 	0.037037	
198	0.971193	0.781893	1	0.777778	-0.037037	0 	0 	0.111111	
423	0.992591	0.860809	1	0.777778	-0.037037	0 	0 	0.111111	
15	0.942161	0.882103	0.962963	0.888889	-0.037037	0 	0 	-0.111111	
519	0.946529	0.842955	0.962963	0.888889	-0.037037	0 	0 	-0.111111	
321	0.940257	0.804608	0.962963	0.888889	-0.037037	0 	0 	-0.111111	
147	0.914314	0.790746	0.925926	0.777778	-0.037037	0 	0 	0.111111	
372	0.912251	0.834161	0.925926	0.777778	-0.037037	0 	0 	0.111111	
106	0.883186	0.870638	0.888889	0.888889	-0.111111	0 	0 	-0.037037	
436	0.849489	0.861218	0.888889	0.888889	-0.111111	0 	0 	-0.037037	
550	0.780521	0.886145	0.888889	0.888889	-0.111111	0 	0 	-0.037037	
244	0.788826	0.828533	0.777778	0.851852	0.111111	0 	0 	-0.037037	
238	0.84183	0.823056	0.777778	0.851852	0.111111	0 	0 	-0.037037	
385	0.888423	0.785085	0.888889	0.814815	-0.111111	0 	0 	-0.037037	
46	0.884336	0.778295	0.888889	0.814815	-0.111111	0 	0 	-0.037037	
509	0.758701	0.790919	0.777778	0.777778	-0.037037	0 	0 	0.111111	
59	0.76779	0.835797	0.777778	0.777778	-0.037037	0 	0 	0.111111	
284	0.733792	0.869374	0.777778	0.777778	-0.037037	0 	0 	0.111111	
335	0.709191	0.829904	0.740741	0.888889	-0.037037	0 	0 	-0.111111	
110	0.727688	0.81043	0.740741	0.888889	-0.037037	0 	0 	-0.111111	
476	0.68914	0.785089	0.703704	0.777778	-0.037037	0 	0 	0.111111	
170	0.696404	0.884425	0.703704	0.777778	-0.037037	0 	0 	0.111111	
258	0.721382	0.903003	0.666667	0.888889	0.111111	0 	0 	0.037037	
216	0.759069	0.902991	0.666667	0.888889	0.111111	0 	0 	0.037037	
441	0.741344	0.949691	0.777778	0.925926	-0.111111	0 	0 	0.037037	
84	0.68884	0.946274	0.777778	0.925926	-0.111111	0 	0 	0.037037	
390	0.676514	0.96644	0.666667	0.962963	0.111111	0 	0 	0.037037	
33	0.681147	0.963434	0.666667	0.962963	0.111111	0 	0 	0.037037	
215	0.789062	0.996956	0.777778	1	0.037037	0 	0 	-0.111111	
413	0.780516	0.963793	0.777778	1	0.037037	0 	0 	-0.111111	
155	0.819846	0.891876	0.814815	0.888889	0.037037	0 	0 	0.111111	
353	0.836585	0.950093	0.814815	0.888889	0.037037	0 	0 	0.111111	
302	0.857365	0.986467	0.851852	1	0.037037	0 	0 	-0.111111	
23	0.852328	0.931209	0.851852	1	0.037037	0 	0 	-0.111111	
527	0.861221	0.901124	0.851852	1	0.037037	0 	0 	-0.111111	
64	0.91358	0.91358	0.888889	0.888889	0.111111	0 	0 	0.037037	
349	0.912403	0.90408	0.888889	0.888889	0.111111	0 	0 	0.037037	
175	0.961933	0.930626	1	0.925926	-0.111111	0 	0 	0.037037	
289	0.985699	0.960705	1	0.925926	-0.111111	0 	0 	0.037037	
487	0.913783	0.963286	0.888889	0.962963	0.111111	0 	0 	0.037037	
481	0.935528	0.986283	0.888889	0.962963	0.111111	0 	0 	0.037037	
124	0.99177	0.995885	0.888889	0.962963	0.111111	0 	0 	0.037037	
