0	0.0295067	0.0156383	0	0	0.111111	0 	0 	0.037037	
366	0.101234	0.0213857	0	0	0.111111	0 	0 	0.037037	
591	0.111027	0.0493226	0.111111	0.037037	-0.111111	0 	0 	0.037037	
192	0.0475016	0.0449663	0.111111	0.037037	-0.111111	0 	0 	0.037037	
306	0.0178898	0.0683052	0.111111	0.037037	-0.111111	0 	0 	0.037037	
531	0.017255	0.088105	0	0.0740741	0.111111	0 	0 	0.037037	
417	0.0643069	0.0999953	0	0.0740741	0.111111	0 	0 	0.037037	
141	0.00280045	0.106669	0	0.0740741	0.111111	0 	0 	0.037037	
329	0.116508	0.0901278	0.111111	0.111111	0.037037	0 	0 	-0.111111	
131	0.139918	0.0699588	0.111111	0.111111	0.037037	0 	0 	-0.111111	
278	0.149038	0.00023244	0.148148	0	0.037037	0 	0 	0.111111	
503	0.148159	0.0460067	0.148148	0	0.037037	0 	0 	0.111111	
80	0.17284	0.0987654	0.148148	0	0.037037	0 	0 	0.111111	
461	0.190096	0.0587191	0.185185	0.111111	0.037037	0 	0 	-0.111111	
182	0.218107	0.0288066	0.185185	0.111111	0.037037	0 	0 	-0.111111	
457	0.226655	0.0110554	0.222222	0	0.111111	0 	0 	0.037037	
91	0.227361	0.0340557	0.222222	0	0.111111	0 	0 	0.037037	
544	0.277638	0.0368148	0.222222	0	0.111111	0 	0 	0.037037	
40	0.312647	0.0462402	0.333333	0.037037	-0.111111	0 	0 	0.037037	
397	0.306593	0.0422399	0.333333	0.037037	-0.111111	0 	0 	0.037037	
232	0.22656	0.0778666	0.222222	0.0740741	0.111111	0 	0 	0.037037	
595	0.231072	0.111055	0.222222	0.0740741	0.111111	0 	0 	0.037037	
265	0.331481	0.0896987	0.222222	0.0740741	0.111111	0 	0 	0.037037	
200	0.305283	0.112619	0.333333	0.111111	-0.037037	0 	0 	0.111111	
425	0.318244	0.183813	0.333333	0.111111	-0.037037	0 	0 	0.111111	
17	0.295043	0.1983	0.296296	0.222222	-0.037037	0 	0 	-0.111111	
521	0.288906	0.179511	0.296296	0.222222	-0.037037	0 	0 	-0.111111	
323	0.284656	0.129894	0.296296	0.222222	-0.037037	0 	0 	-0.111111	
572	0.256293	0.115032	0.259259	0.111111	-0.037037	0 	0 	0.111111	
149	0.226337	0.156379	0.259259	0.111111	-0.037037	0 	0 	0.111111	
374	0.246952	0.211481	0.259259	0.111111	-0.037037	0 	0 	0.111111	
105	0.214087	0.206351	0.222222	0.222222	-0.111111	0 	0 	-0.037037	
435	0.182442	0.196159	0.222222	0.222222	-0.111111	0 	0 	-0.037037	
549	0.113855	0.219479	0.222222	0.222222	-0.111111	0 	0 	-0.037037	
243	0.139587	0.158021	0.111111	0.185185	0.111111	0 	0 	-0.037037	
237	0.112479	0.1623	0.111111	0.185185	0.111111	0 	0 	-0.037037	
609	0.187712	0.176664	0.111111	0.185185	0.111111	0 	0 	-0.037037	
384	0.199584	0.137813	0.222222	0.148148	-0.111111	0 	0 	-0.037037	
45	0.123457	0.123457	0.222222	0.148148	-0.111111	0 	0 	-0.037037	
508	0.0801459	0.115907	0.111111	0.111111	-0.037037	0 	0 	0.111111	
58	0.0965713	0.162847	0.111111	0.111111	-0.037037	0 	0 	0.111111	
283	0.0690636	0.196909	0.111111	0.111111	-0.037037	0 	0 	0.111111	
334	0.042524	0.163237	0.0740741	0.222222	-0.037037	0 	0 	-0.111111	
109	0.0703102	0.179129	0.0740741	0.222222	-0.037037	0 	0 	-0.111111	
475	0.0134604	0.133836	0.037037	0.111111	-0.037037	0 	0 	0.111111	
169	0.0354339	0.213917	0.037037	0.111111	-0.037037	0 	0 	0.111111	
617	0.018739	0.22859	0	0.222222	0.111111	0 	0 	0.037037	
260	0.0125492	0.237666	0	0.222222	0.111111	0 	0 	0.037037	
218	0.0946502	0.238683	0	0.222222	0.111111	0 	0 	0.037037	
443	0.0967117	0.274525	0.111111	0.259259	-0.111111	0 	0 	0.037037	
566	0.0443792	0.293891	0.111111	0.259259	-0.111111	0 	0 	0.037037	
86	0.0922909	0.265981	0.111111	0.259259	-0.111111	0 	0 	0.037037	
392	0.0249684	0.297092	0	0.296296	0.111111	0 	0 	0.037037	
35	0.0142564	0.312816	0	0.296296	0.111111	0 	0 	0.037037	
214	0.118663	0.301363	0.111111	0.333333	0.037037	0 	0 	-0.111111	
412	0.125074	0.304054	0.111111	0.333333	0.037037	0 	0 	-0.111111	
154	0.160778	0.257445	0.148148	0.222222	0.037037	0 	0 	0.111111	
352	0.149924	0.28826	0.148148	0.222222	0.037037	0 	0 	0.111111	
577	0.179698	0.314129	0.148148	0.222222	0.037037	0 	0 	0.111111	
301	0.194687	0.32565	0.185185	0.333333	0.037037	0 	0 	-0.111111	
22	0.188517	0.225636	0.185185	0.333333	0.037037	0 	0 	-0.111111	
526	0.21262	0.24417	0.185185	0.333333	0.037037	0 	0 	-0.111111	
63	0.22853	0.247535	0.222222	0.222222	0.111111	0 	0 	0.037037	
348	0.301783	0.237311	0.222222	0.222222	0.111111	0 	0 	0.037037	
627	0.332642	0.269046	0.333333	0.259259	-0.111111	0 	0 	0.037037	
174	0.287916	0.281686	0.333333	0.259259	-0.111111	0 	0 	0.037037	
288	0.22336	0.280968	0.333333	0.259259	-0.111111	0 	0 	0.037037	
486	0.230157	0.300877	0.222222	0.296296	0.111111	0 	0 	0.037037	
480	0.269611	0.319963	0.222222	0.296296	0.111111	0 	0 	0.037037	
123	0.323518	0.331957	0.222222	0.296296	0.111111	0 	0 	0.037037	
229	0.336941	0.305519	0.333333	0.333333	0.037037	0 	0 	-0.111111	
454	0.367627	0.233196	0.333333	0.333333	0.037037	0 	0 	-0.111111	
97	0.373042	0.265288	0.37037	0.222222	0.037037	0 	0 	0.111111	
403	0.374925	0.251327	0.37037	0.222222	0.037037	0 	0 	0.111111	
601	0.370879	0.333209	0.37037	0.222222	0.037037	0 	0 	0.111111	
262	0.433471	0.303155	0.407407	0.333333	0.037037	0 	0 	-0.111111	
37	0.419217	0.270866	0.407407	0.333333	0.037037	0 	0 	-0.111111	
541	0.408981	0.331307	0.407407	0.333333	0.037037	0 	0 	-0.111111	
120	0.43905	0.214903	0.444444	0.222222	-0.111111	0 	0 	-0.037037	
477	0.429551	0.219331	0.444444	0.222222	-0.111111	0 	0 	-0.037037	
492	0.349666	0.196555	0.444444	0.222222	-0.111111	0 	0 	-0.037037	
294	0.334443	0.157286	0.333333	0.185185	0.111111	0 	0 	-0.037037	
171	0.402598	0.17158	0.333333	0.185185	0.111111	0 	0 	-0.037037	
624	0.423844	0.162209	0.333333	0.185185	0.111111	0 	0 	-0.037037	
345	0.412894	0.1262	0.444444	0.148148	-0.111111	0 	0 	-0.037037	
69	0.358025	0.135802	0.444444	0.148148	-0.111111	0 	0 	-0.037037	
371	0.348059	0.0994096	0.333333	0.111111	0.037037	0 	0 	-0.111111	
146	0.340485	0.049987	0.333333	0.111111	0.037037	0 	0 	-0.111111	
569	0.33828	0.0140357	0.333333	0.111111	0.037037	0 	0 	-0.111111	
320	0.379138	0.0118917	0.37037	0	0.037037	0 	0 	0.111111	
518	0.393715	0.0585826	0.37037	0	0.037037	0 	0 	0.111111	
14	0.383463	0.0785718	0.37037	0	0.037037	0 	0 	0.111111	
431	0.41594	0.0698863	0.407407	0.111111	0.037037	0 	0 	-0.111111	
206	0.408982	0.104044	0.407407	0.111111	0.037037	0 	0 	-0.111111	
472	0.466569	0.0205085	0.444444	0	0.111111	0 	0 	0.037037	
115	0.510288	0.0329218	0.444444	0	0.111111	0 	0 	0.037037	
505	0.533608	0.00960219	0.444444	0	0.111111	0 	0 	0.037037	
55	0.525923	0.0642383	0.555556	0.037037	-0.111111	0 	0 	0.037037	
340	0.486968	0.0521262	0.555556	0.037037	-0.111111	0 	0 	0.037037	
166	0.457197	0.0784992	0.444444	0.0740741	0.111111	0 	0 	0.037037	
280	0.462993	0.0779232	0.444444	0.0740741	0.111111	0 	0 	0.037037	
224	0.55095	0.124061	0.555556	0.111111	-0.037037	0 	0 	0.111111	
449	0.547185	0.150464	0.555556	0.111111	-0.037037	0 	0 	0.111111	
32	0.51018	0.195333	0.518519	0.222222	-0.037037	0 	0 	-0.111111	
563	0.484225	0.182442	0.518519	0.222222	-0.037037	0 	0 	-0.111111	
257	0.507545	0.11797	0.518519	0.222222	-0.037037	0 	0 	-0.111111	
614	0.476331	0.112262	0.481481	0.111111	-0.037037	0 	0 	0.111111	
83	0.480849	0.154763	0.481481	0.111111	-0.037037	0 	0 	0.111111	
389	0.473004	0.187811	0.481481	0.111111	-0.037037	0 	0 	0.111111	
6	0.44934	0.22456	0.444444	0.222222	0.111111	0 	0 	0.037037	
363	0.534324	0.25132	0.444444	0.222222	0.111111	0 	0 	0.037037	
588	0.545453	0.270912	0.555556	0.259259	-0.111111	0 	0 	0.037037	
189	0.489712	0.263374	0.555556	0.259259	-0.111111	0 	0 	0.037037	
312	0.456879	0.2874	0.555556	0.259259	-0.111111	0 	0 	0.037037	
537	0.457371	0.296489	0.444444	0.296296	0.111111	0 	0 	0.037037	
414	0.503429	0.331962	0.444444	0.296296	0.111111	0 	0 	0.037037	
138	0.522634	0.304527	0.444444	0.296296	0.111111	0 	0 	0.037037	
326	0.57259	0.296064	0.555556	0.333333	0.037037	0 	0 	-0.111111	
128	0.57397	0.321509	0.555556	0.333333	0.037037	0 	0 	-0.111111	
632	0.556773	0.227188	0.555556	0.333333	0.037037	0 	0 	-0.111111	
275	0.601933	0.23842	0.592593	0.222222	0.037037	0 	0 	0.111111	
500	0.596836	0.274183	0.592593	0.222222	0.037037	0 	0 	0.111111	
77	0.615439	0.315458	0.592593	0.222222	0.037037	0 	0 	0.111111	
467	0.637122	0.298702	0.62963	0.333333	0.037037	0 	0 	-0.111111	
188	0.662551	0.251029	0.62963	0.333333	0.037037	0 	0 	-0.111111	
298	0.643874	0.215931	0.666667	0.222222	-0.111111	0 	0 	-0.037037	
583	0.622218	0.195778	0.666667	0.222222	-0.111111	0 	0 	-0.037037	
211	0.563786	0.1893	0.666667	0.222222	-0.111111	0 	0 	-0.037037	
358	0.604867	0.173941	0.555556	0.185185	0.111111	0 	0 	-0.037037	
19	0.557646	0.174191	0.555556	0.185185	0.111111	0 	0 	-0.037037	
523	0.656091	0.143576	0.666667	0.148148	-0.111111	0 	0 	-0.037037	
160	0.633536	0.139723	0.666667	0.148148	-0.111111	0 	0 	-0.037037	
409	0.58038	0.147862	0.666667	0.148148	-0.111111	0 	0 	-0.037037	
555	0.555768	0.0855929	0.555556	0.111111	0.037037	0 	0 	-0.111111	
249	0.555722	0.0514832	0.555556	0.111111	0.037037	0 	0 	-0.111111	
51	0.569468	0.0110455	0.555556	0.111111	0.037037	0 	0 	-0.111111	
234	0.614938	0.0498678	0.592593	0	0.037037	0 	0 	0.111111	
432	0.599131	0.0278207	0.592593	0	0.037037	0 	0 	0.111111	
102	0.6309	0.0643919	0.62963	0.111111	0.037037	0 	0 	-0.111111	
606	0.641492	0.100911	0.62963	0.111111	0.037037	0 	0 	-0.111111	
381	0.63324	0.0763626	0.62963	0.111111	0.037037	0 	0 	-0.111111	
406	0.695678	0.0174652	0.666667	0	0.111111	0 	0 	0.037037	
157	0.668322	0.0293811	0.666667	0	0.111111	0 	0 	0.037037	
529	0.667692	0.000288787	0.666667	0	0.111111	0 	0 	0.037037	
25	0.737099	0.0370857	0.777778	0.037037	-0.111111	0 	0 	0.037037	
355	0.72542	0.0624253	0.777778	0.037037	-0.111111	0 	0 	0.037037	
208	0.683743	0.0750191	0.666667	0.0740741	0.111111	0 	0 	0.037037	
580	0.721812	0.0879988	0.666667	0.0740741	0.111111	0 	0 	0.037037	
304	0.754458	0.105624	0.666667	0.0740741	0.111111	0 	0 	0.037037	
489	0.784599	0.100541	0.777778	0.111111	0.037037	0 	0 	-0.111111	
291	0.77915	0.0562414	0.777778	0.111111	0.037037	0 	0 	-0.111111	
66	0.799892	0.0180536	0.777778	0.111111	0.037037	0 	0 	-0.111111	
177	0.814864	0.0100199	0.814815	0	0.037037	0 	0 	0.111111	
483	0.818655	0.0735896	0.814815	0	0.037037	0 	0 	0.111111	
117	0.884232	0.100665	0.851852	0.111111	0.037037	0 	0 	-0.111111	
621	0.857059	0.0504549	0.851852	0.111111	0.037037	0 	0 	-0.111111	
342	0.853035	0.0516931	0.851852	0.111111	0.037037	0 	0 	-0.111111	
620	0.904939	0.000634979	0.888889	0	0.111111	0 	0 	0.037037	
254	0.951989	0.00685871	0.888889	0	0.111111	0 	0 	0.037037	
221	0.915803	0.0181971	0.888889	0	0.111111	0 	0 	0.037037	
446	0.994648	0.0434128	1	0.037037	-0.111111	0 	0 	0.037037	
560	0.928669	0.0713306	1	0.037037	-0.111111	0 	0 	0.037037	
89	0.908127	0.0577712	1	0.037037	-0.111111	0 	0 	0.037037	
395	0.922487	0.0905189	0.888889	0.0740741	0.111111	0 	0 	0.037037	
29	0.938272	0.0864198	0.888889	0.0740741	0.111111	0 	0 	0.037037	
360	0.980796	0.138546	1	0.111111	-0.037037	0 	0 	0.111111	
585	0.987981	0.114939	1	0.111111	-0.037037	0 	0 	0.111111	
135	0.968421	0.192855	1	0.111111	-0.037037	0 	0 	0.111111	
420	0.947874	0.22085	0.962963	0.222222	-0.037037	0 	0 	-0.111111	
195	0.952913	0.157814	0.962963	0.222222	-0.037037	0 	0 	-0.111111	
3	0.892978	0.112538	0.925926	0.111111	-0.037037	0 	0 	0.111111	
309	0.92556	0.112755	0.925926	0.111111	-0.037037	0 	0 	0.111111	
534	0.921769	0.209286	0.925926	0.111111	-0.037037	0 	0 	0.111111	
268	0.875398	0.199503	0.888889	0.222222	-0.111111	0 	0 	-0.037037	
598	0.871466	0.209646	0.888889	0.222222	-0.111111	0 	0 	-0.037037	
226	0.798354	0.201646	0.888889	0.222222	-0.111111	0 	0 	-0.037037	
400	0.778349	0.180695	0.777778	0.185185	0.111111	0 	0 	-0.037037	
43	0.863082	0.158366	0.777778	0.185185	0.111111	0 	0 	-0.037037	
547	0.88871	0.147232	0.888889	0.148148	-0.111111	0 	0 	-0.037037	
94	0.828921	0.13269	0.888889	0.148148	-0.111111	0 	0 	-0.037037	
451	0.815563	0.11626	0.888889	0.148148	-0.111111	0 	0 	-0.037037	
185	0.777418	0.118353	0.777778	0.111111	-0.037037	0 	0 	0.111111	
464	0.750343	0.171468	0.777778	0.111111	-0.037037	0 	0 	0.111111	
74	0.730892	0.196432	0.740741	0.222222	-0.037037	0 	0 	-0.111111	
497	0.736434	0.191766	0.740741	0.222222	-0.037037	0 	0 	-0.111111	
272	0.713908	0.126371	0.740741	0.222222	-0.037037	0 	0 	-0.111111	
134	0.699759	0.169515	0.703704	0.111111	-0.037037	0 	0 	0.111111	
332	0.676957	0.20504	0.703704	0.111111	-0.037037	0 	0 	0.111111	
48	0.693273	0.238975	0.666667	0.222222	0.111111	0 	0 	0.037037	
378	0.766792	0.231212	0.666667	0.222222	0.111111	0 	0 	0.037037	
603	0.746064	0.290121	0.777778	0.259259	-0.111111	0 	0 	0.037037	
240	0.769248	0.26262	0.777778	0.259259	-0.111111	0 	0 	0.037037	
246	0.69273	0.266118	0.777778	0.259259	-0.111111	0 	0 	0.037037	
552	0.682186	0.312016	0.666667	0.296296	0.111111	0 	0 	0.037037	
438	0.73841	0.310475	0.666667	0.296296	0.111111	0 	0 	0.037037	
99	0.755072	0.314142	0.666667	0.296296	0.111111	0 	0 	0.037037	
377	0.794388	0.312562	0.777778	0.333333	0.037037	0 	0 	-0.111111	
152	0.778126	0.277855	0.777778	0.333333	0.037037	0 	0 	-0.111111	
575	0.801615	0.242867	0.777778	0.333333	0.037037	0 	0 	-0.111111	
317	0.819394	0.227674	0.814815	0.222222	0.037037	0 	0 	0.111111	
515	0.826862	0.270745	0.814815	0.222222	0.037037	0 	0 	0.111111	
11	0.83475	0.316395	0.814815	0.222222	0.037037	0 	0 	0.111111	
428	0.861735	0.306963	0.851852	0.333333	0.037037	0 	0 	-0.111111	
203	0.855359	0.228974	0.851852	0.333333	0.037037	0 	0 	-0.111111	
469	0.909361	0.249438	0.888889	0.222222	0.111111	0 	0 	0.037037	
112	0.954733	0.255144	0.888889	0.222222	0.111111	0 	0 	0.037037	
511	0.965956	0.225859	0.888889	0.222222	0.111111	0 	0 	0.037037	
61	0.983527	0.274044	1	0.259259	-0.111111	0 	0 	0.037037	
337	0.921687	0.272859	1	0.259259	-0.111111	0 	0 	0.037037	
163	0.890529	0.317923	0.888889	0.296296	0.111111	0 	0 	0.037037	
286	0.964335	0.315501	0.888889	0.296296	0.111111	0 	0 	0.037037	
383	0.975131	0.33346	1	0.333333	-0.037037	0 	0 	0.111111	
608	0.973303	0.392251	1	0.333333	-0.037037	0 	0 	0.111111	
104	0.979424	0.427984	1	0.333333	-0.037037	0 	0 	0.111111	
434	0.9579	0.397804	0.962963	0.444444	-0.037037	0 	0 	-0.111111	
236	0.952636	0.402832	0.962963	0.444444	-0.037037	0 	0 	-0.111111	
53	0.92546	0.361145	0.925926	0.333333	-0.037037	0 	0 	0.111111	
251	0.916693	0.40867	0.925926	0.333333	-0.037037	0 	0 	0.111111	
557	0.916376	0.336087	0.925926	0.333333	-0.037037	0 	0 	0.111111	
408	0.911461	0.46083	0.888889	0.444444	0.111111	0 	0 	0.037037	
159	0.93046	0.446724	0.888889	0.444444	0.111111	0 	0 	0.037037	
522	0.990108	0.469238	0.888889	0.444444	0.111111	0 	0 	0.037037	
18	0.971806	0.496667	1	0.481481	-0.111111	0 	0 	0.037037	
357	0.942388	0.506514	1	0.481481	-0.111111	0 	0 	0.037037	
210	0.893164	0.522524	0.888889	0.518519	0.111111	0 	0 	0.037037	
582	0.918181	0.52161	0.888889	0.518519	0.111111	0 	0 	0.037037	
297	0.965485	0.519631	0.888889	0.518519	0.111111	0 	0 	0.037037	
187	0.999495	0.581707	1	0.555556	-0.037037	0 	0 	0.111111	
466	0.998207	0.655138	1	0.555556	-0.037037	0 	0 	0.111111	
76	0.950617	0.654321	0.962963	0.666667	-0.037037	0 	0 	-0.111111	
499	0.941015	0.602195	0.962963	0.666667	-0.037037	0 	0 	-0.111111	
274	0.961152	0.563002	0.962963	0.666667	-0.037037	0 	0 	-0.111111	
631	0.916745	0.590798	0.925926	0.555556	-0.037037	0 	0 	0.111111	
127	0.921124	0.579394	0.925926	0.555556	-0.037037	0 	0 	0.111111	
325	0.894376	0.644719	0.925926	0.555556	-0.037037	0 	0 	0.111111	
140	0.857552	0.636748	0.888889	0.666667	-0.111111	0 	0 	-0.037037	
416	0.888076	0.662367	0.888889	0.666667	-0.111111	0 	0 	-0.037037	
539	0.805213	0.651578	0.888889	0.666667	-0.111111	0 	0 	-0.037037	
314	0.779715	0.620421	0.777778	0.62963	0.111111	0 	0 	-0.037037	
191	0.821933	0.595155	0.777778	0.62963	0.111111	0 	0 	-0.037037	
590	0.894839	0.616235	0.777778	0.62963	0.111111	0 	0 	-0.037037	
365	0.871086	0.586774	0.888889	0.592593	-0.111111	0 	0 	-0.037037	
8	0.87072	0.559679	0.888889	0.592593	-0.111111	0 	0 	-0.037037	
388	0.778189	0.523253	0.777778	0.555556	0.037037	0 	0 	-0.111111	
82	0.794908	0.511771	0.777778	0.555556	0.037037	0 	0 	-0.111111	
613	0.778427	0.465466	0.777778	0.555556	0.037037	0 	0 	-0.111111	
256	0.842749	0.457467	0.814815	0.444444	0.037037	0 	0 	0.111111	
562	0.822142	0.446015	0.814815	0.444444	0.037037	0 	0 	0.111111	
31	0.816734	0.555149	0.814815	0.444444	0.037037	0 	0 	0.111111	
448	0.861731	0.505667	0.851852	0.555556	0.037037	0 	0 	-0.111111	
223	0.872428	0.460905	0.851852	0.555556	0.037037	0 	0 	-0.111111	
279	0.849378	0.422944	0.888889	0.444444	-0.111111	0 	0 	-0.037037	
165	0.809513	0.436122	0.888889	0.444444	-0.111111	0 	0 	-0.037037	
339	0.813866	0.381053	0.777778	0.407407	0.111111	0 	0 	-0.037037	
54	0.874074	0.396083	0.777778	0.407407	0.111111	0 	0 	-0.037037	
504	0.870323	0.346499	0.888889	0.37037	-0.111111	0 	0 	-0.037037	
114	0.838478	0.367078	0.888889	0.37037	-0.111111	0 	0 	-0.037037	
471	0.78738	0.356653	0.888889	0.37037	-0.111111	0 	0 	-0.037037	
205	0.777405	0.35919	0.777778	0.333333	-0.037037	0 	0 	0.111111	
430	0.761851	0.410348	0.777778	0.333333	-0.037037	0 	0 	0.111111	
13	0.703228	0.405982	0.740741	0.444444	-0.037037	0 	0 	-0.111111	
517	0.740513	0.426401	0.740741	0.444444	-0.037037	0 	0 	-0.111111	
319	0.722283	0.442476	0.740741	0.444444	-0.037037	0 	0 	-0.111111	
568	0.698421	0.363228	0.703704	0.333333	-0.037037	0 	0 	0.111111	
145	0.670782	0.378601	0.703704	0.333333	-0.037037	0 	0 	0.111111	
370	0.703676	0.348139	0.703704	0.333333	-0.037037	0 	0 	0.111111	
71	0.6763	0.4525	0.666667	0.444444	0.111111	0 	0 	0.037037	
347	0.7429	0.44901	0.666667	0.444444	0.111111	0 	0 	0.037037	
626	0.776926	0.509983	0.777778	0.481481	-0.111111	0 	0 	0.037037	
173	0.732774	0.506831	0.777778	0.481481	-0.111111	0 	0 	0.037037	
296	0.666671	0.499308	0.777778	0.481481	-0.111111	0 	0 	0.037037	
494	0.690474	0.527079	0.666667	0.518519	0.111111	0 	0 	0.037037	
479	0.698871	0.529554	0.666667	0.518519	0.111111	0 	0 	0.037037	
122	0.768501	0.551655	0.666667	0.518519	0.111111	0 	0 	0.037037	
540	0.774975	0.597859	0.777778	0.555556	-0.037037	0 	0 	0.111111	
36	0.77721	0.571555	0.777778	0.555556	-0.037037	0 	0 	0.111111	
261	0.768581	0.651899	0.777778	0.555556	-0.037037	0 	0 	0.111111	
600	0.710562	0.659808	0.740741	0.666667	-0.037037	0 	0 	-0.111111	
402	0.734882	0.599161	0.740741	0.666667	-0.037037	0 	0 	-0.111111	
96	0.727439	0.574511	0.740741	0.666667	-0.037037	0 	0 	-0.111111	
453	0.69756	0.575387	0.703704	0.555556	-0.037037	0 	0 	0.111111	
228	0.693139	0.625586	0.703704	0.555556	-0.037037	0 	0 	0.111111	
125	0.654782	0.654637	0.666667	0.666667	-0.111111	0 	0 	-0.037037	
482	0.602195	0.652949	0.666667	0.666667	-0.111111	0 	0 	-0.037037	
488	0.570645	0.639232	0.666667	0.666667	-0.111111	0 	0 	-0.037037	
290	0.570667	0.610003	0.555556	0.62963	0.111111	0 	0 	-0.037037	
176	0.625514	0.621399	0.555556	0.62963	0.111111	0 	0 	-0.037037	
629	0.648834	0.59808	0.555556	0.62963	0.111111	0 	0 	-0.037037	
350	0.633276	0.570218	0.666667	0.592593	-0.111111	0 	0 	-0.037037	
65	0.580247	0.580247	0.666667	0.592593	-0.111111	0 	0 	-0.037037	
525	0.553726	0.595368	0.555556	0.555556	-0.037037	0 	0 	0.111111	
21	0.519397	0.595815	0.555556	0.555556	-0.037037	0 	0 	0.111111	
300	0.537803	0.663702	0.555556	0.555556	-0.037037	0 	0 	0.111111	
576	0.511434	0.659322	0.518519	0.666667	-0.037037	0 	0 	-0.111111	
351	0.502797	0.644124	0.518519	0.666667	-0.037037	0 	0 	-0.111111	
153	0.485597	0.563786	0.518519	0.666667	-0.037037	0 	0 	-0.111111	
411	0.472014	0.562633	0.481481	0.555556	-0.037037	0 	0 	0.111111	
213	0.478274	0.585941	0.481481	0.555556	-0.037037	0 	0 	0.111111	
34	0.44048	0.642649	0.444444	0.666667	-0.111111	0 	0 	-0.037037	
391	0.412782	0.630426	0.444444	0.666667	-0.111111	0 	0 	-0.037037	
85	0.353295	0.627918	0.333333	0.62963	0.111111	0 	0 	-0.037037	
565	0.373114	0.626886	0.333333	0.62963	0.111111	0 	0 	-0.037037	
442	0.340882	0.624075	0.333333	0.62963	0.111111	0 	0 	-0.037037	
217	0.427246	0.586785	0.444444	0.592593	-0.111111	0 	0 	-0.037037	
259	0.39799	0.56378	0.444444	0.592593	-0.111111	0 	0 	-0.037037	
616	0.340192	0.585734	0.444444	0.592593	-0.111111	0 	0 	-0.037037	
168	0.368557	0.544723	0.333333	0.555556	0.037037	0 	0 	-0.111111	
474	0.342936	0.467764	0.333333	0.555556	0.037037	0 	0 	-0.111111	
108	0.371939	0.460775	0.37037	0.444444	0.037037	0 	0 	0.111111	
333	0.371709	0.493801	0.37037	0.444444	0.037037	0 	0 	0.111111	
282	0.409375	0.542563	0.407407	0.555556	0.037037	0 	0 	-0.111111	
57	0.407509	0.5276	0.407407	0.555556	0.037037	0 	0 	-0.111111	
507	0.424807	0.454989	0.407407	0.555556	0.037037	0 	0 	-0.111111	
47	0.462244	0.4452	0.444444	0.444444	0.111111	0 	0 	0.037037	
386	0.548697	0.447188	0.444444	0.444444	0.111111	0 	0 	0.037037	
611	0.537834	0.490274	0.555556	0.481481	-0.111111	0 	0 	0.037037	
239	0.502604	0.496021	0.555556	0.481481	-0.111111	0 	0 	0.037037	
245	0.470525	0.489288	0.555556	0.481481	-0.111111	0 	0 	0.037037	
551	0.448392	0.541117	0.444444	0.518519	0.111111	0 	0 	0.037037	
437	0.515422	0.528174	0.444444	0.518519	0.111111	0 	0 	0.037037	
107	0.536159	0.541324	0.444444	0.518519	0.111111	0 	0 	0.037037	
373	0.578163	0.545732	0.555556	0.555556	0.037037	0 	0 	-0.111111	
148	0.561472	0.482108	0.555556	0.555556	0.037037	0 	0 	-0.111111	
571	0.587106	0.462277	0.555556	0.555556	0.037037	0 	0 	-0.111111	
322	0.607838	0.498021	0.592593	0.444444	0.037037	0 	0 	0.111111	
520	0.621156	0.501633	0.592593	0.444444	0.037037	0 	0 	0.111111	
16	0.609064	0.517365	0.592593	0.444444	0.037037	0 	0 	0.111111	
424	0.638008	0.547628	0.62963	0.555556	0.037037	0 	0 	-0.111111	
199	0.63648	0.45846	0.62963	0.555556	0.037037	0 	0 	-0.111111	
264	0.659343	0.423938	0.666667	0.444444	-0.111111	0 	0 	-0.037037	
594	0.599451	0.437586	0.666667	0.444444	-0.111111	0 	0 	-0.037037	
231	0.576132	0.423868	0.666667	0.444444	-0.111111	0 	0 	-0.037037	
396	0.622412	0.371361	0.555556	0.407407	0.111111	0 	0 	-0.037037	
39	0.641975	0.382716	0.555556	0.407407	0.111111	0 	0 	-0.037037	
543	0.662654	0.341175	0.666667	0.37037	-0.111111	0 	0 	-0.037037	
90	0.608096	0.343854	0.666667	0.37037	-0.111111	0 	0 	-0.037037	
456	0.586616	0.345686	0.666667	0.37037	-0.111111	0 	0 	-0.037037	
181	0.552867	0.353938	0.555556	0.333333	-0.037037	0 	0 	0.111111	
460	0.528121	0.39369	0.555556	0.333333	-0.037037	0 	0 	0.111111	
79	0.50553	0.431459	0.518519	0.444444	-0.037037	0 	0 	-0.111111	
502	0.516964	0.370683	0.518519	0.444444	-0.037037	0 	0 	-0.111111	
277	0.482853	0.352538	0.518519	0.444444	-0.037037	0 	0 	-0.111111	
130	0.478335	0.405679	0.481481	0.333333	-0.037037	0 	0 	0.111111	
328	0.449931	0.422497	0.481481	0.333333	-0.037037	0 	0 	0.111111	
143	0.40836	0.416388	0.444444	0.444444	-0.111111	0 	0 	-0.037037	
419	0.442226	0.434926	0.444444	0.444444	-0.111111	0 	0 	-0.037037	
533	0.363448	0.427921	0.444444	0.444444	-0.111111	0 	0 	-0.037037	
308	0.354034	0.37691	0.333333	0.407407	0.111111	0 	0 	-0.037037	
194	0.37737	0.374274	0.333333	0.407407	0.111111	0 	0 	-0.037037	
593	0.434772	0.386097	0.333333	0.407407	0.111111	0 	0 	-0.037037	
368	0.439895	0.35976	0.444444	0.37037	-0.111111	0 	0 	-0.037037	
2	0.333333	0.333333	0.444444	0.37037	-0.111111	0 	0 	-0.037037	
220	0.323665	0.42209	0.333333	0.333333	-0.037037	0 	0 	0.111111	
445	0.33221	0.39743	0.333333	0.333333	-0.037037	0 	0 	0.111111	
28	0.271605	0.419753	0.296296	0.444444	-0.037037	0 	0 	-0.111111	
559	0.286436	0.443979	0.296296	0.444444	-0.037037	0 	0 	-0.111111	
253	0.293444	0.335639	0.296296	0.444444	-0.037037	0 	0 	-0.111111	
619	0.255227	0.374959	0.259259	0.333333	-0.037037	0 	0 	0.111111	
88	0.251543	0.392752	0.259259	0.333333	-0.037037	0 	0 	0.111111	
394	0.251186	0.401629	0.259259	0.333333	-0.037037	0 	0 	0.111111	
5	0.224132	0.454188	0.222222	0.444444	0.111111	0 	0 	0.037037	
362	0.314129	0.471879	0.222222	0.444444	0.111111	0 	0 	0.037037	
587	0.320834	0.485085	0.333333	0.481481	-0.111111	0 	0 	0.037037	
197	0.26749	0.485597	0.333333	0.481481	-0.111111	0 	0 	0.037037	
311	0.23594	0.513032	0.333333	0.481481	-0.111111	0 	0 	0.037037	
536	0.244688	0.529743	0.222222	0.518519	0.111111	0 	0 	0.037037	
422	0.281207	0.554184	0.222222	0.518519	0.111111	0 	0 	0.037037	
137	0.300485	0.531014	0.222222	0.518519	0.111111	0 	0 	0.037037	
510	0.327536	0.555621	0.333333	0.555556	-0.037037	0 	0 	0.111111	
60	0.326745	0.625651	0.333333	0.555556	-0.037037	0 	0 	0.111111	
285	0.297668	0.648834	0.333333	0.555556	-0.037037	0 	0 	0.111111	
336	0.282294	0.633008	0.296296	0.666667	-0.037037	0 	0 	-0.111111	
111	0.292553	0.598552	0.296296	0.666667	-0.037037	0 	0 	-0.111111	
468	0.256695	0.569772	0.259259	0.555556	-0.037037	0 	0 	0.111111	
162	0.253062	0.658642	0.259259	0.555556	-0.037037	0 	0 	0.111111	
10	0.148148	0.62963	0.222222	0.666667	-0.111111	0 	0 	-0.037037	
376	0.128944	0.657064	0.222222	0.666667	-0.111111	0 	0 	-0.037037	
151	0.129394	0.610629	0.111111	0.62963	0.111111	0 	0 	-0.037037	
514	0.151016	0.601966	0.111111	0.62963	0.111111	0 	0 	-0.037037	
427	0.207133	0.628258	0.111111	0.62963	0.111111	0 	0 	-0.037037	
202	0.206893	0.586389	0.222222	0.592593	-0.111111	0 	0 	-0.037037	
316	0.161866	0.587106	0.222222	0.592593	-0.111111	0 	0 	-0.037037	
574	0.222047	0.572426	0.222222	0.592593	-0.111111	0 	0 	-0.037037	
225	0.115659	0.542876	0.111111	0.555556	0.037037	0 	0 	-0.111111	
450	0.115782	0.527299	0.111111	0.555556	0.037037	0 	0 	-0.111111	
93	0.156951	0.470829	0.148148	0.444444	0.037037	0 	0 	0.111111	
399	0.149686	0.452996	0.148148	0.444444	0.037037	0 	0 	0.111111	
597	0.151641	0.54736	0.148148	0.444444	0.037037	0 	0 	0.111111	
267	0.202645	0.520784	0.185185	0.555556	0.037037	0 	0 	-0.111111	
42	0.196151	0.474215	0.185185	0.555556	0.037037	0 	0 	-0.111111	
546	0.187247	0.537544	0.185185	0.555556	0.037037	0 	0 	-0.111111	
119	0.220619	0.429694	0.222222	0.444444	-0.111111	0 	0 	-0.037037	
485	0.15775	0.430727	0.222222	0.444444	-0.111111	0 	0 	-0.037037	
491	0.1262	0.41701	0.222222	0.444444	-0.111111	0 	0 	-0.037037	
293	0.120342	0.393167	0.111111	0.407407	0.111111	0 	0 	-0.037037	
179	0.179162	0.393844	0.111111	0.407407	0.111111	0 	0 	-0.037037	
623	0.203932	0.375412	0.111111	0.407407	0.111111	0 	0 	-0.037037	
344	0.208124	0.339239	0.222222	0.37037	-0.111111	0 	0 	-0.037037	
68	0.135802	0.358025	0.222222	0.37037	-0.111111	0 	0 	-0.037037	
528	0.109353	0.362737	0.111111	0.333333	-0.037037	0 	0 	0.111111	
24	0.0740268	0.376091	0.111111	0.333333	-0.037037	0 	0 	0.111111	
303	0.111077	0.433812	0.111111	0.333333	-0.037037	0 	0 	0.111111	
579	0.0633292	0.430683	0.0740741	0.444444	-0.037037	0 	0 	-0.111111	
354	0.0551804	0.400765	0.0740741	0.444444	-0.037037	0 	0 	-0.111111	
156	0.0371612	0.335186	0.0740741	0.444444	-0.037037	0 	0 	-0.111111	
405	0.0337275	0.368766	0.037037	0.333333	-0.037037	0 	0 	0.111111	
207	0.00859487	0.409629	0.037037	0.333333	-0.037037	0 	0 	0.111111	
271	0.0282288	0.476144	0	0.444444	0.111111	0 	0 	0.037037	
184	0.0043418	0.445832	0	0.444444	0.111111	0 	0 	0.037037	
463	0.098286	0.491746	0.111111	0.481481	-0.111111	0 	0 	0.037037	
496	0.0850907	0.482696	0.111111	0.481481	-0.111111	0 	0 	0.037037	
133	0.0288066	0.514403	0.111111	0.481481	-0.111111	0 	0 	0.037037	
331	0.0136207	0.523515	0	0.518519	0.111111	0 	0 	0.037037	
73	0.0617284	0.54321	0	0.518519	0.111111	0 	0 	0.037037	
380	0.105862	0.569374	0.111111	0.555556	-0.037037	0 	0 	0.111111	
605	0.0761992	0.620359	0.111111	0.555556	-0.037037	0 	0 	0.111111	
101	0.0897739	0.652348	0.111111	0.555556	-0.037037	0 	0 	0.111111	
440	0.0600969	0.640638	0.0740741	0.666667	-0.037037	0 	0 	-0.111111	
242	0.0698041	0.597709	0.0740741	0.666667	-0.037037	0 	0 	-0.111111	
50	0.00871136	0.572953	0.037037	0.555556	-0.037037	0 	0 	0.111111	
248	0.0361527	0.561673	0.037037	0.555556	-0.037037	0 	0 	0.111111	
554	0.00274348	0.663923	0.037037	0.555556	-0.037037	0 	0 	0.111111	
567	0.0271382	0.674125	0	0.666667	0.111111	0 	0 	0.037037	
318	0.0515788	0.691917	0	0.666667	0.111111	0 	0 	0.037037	
204	0.0866157	0.673396	0	0.666667	0.111111	0 	0 	0.037037	
429	0.0823494	0.73966	0.111111	0.703704	-0.111111	0 	0 	0.037037	
516	0.106134	0.714132	0.111111	0.703704	-0.111111	0 	0 	0.037037	
144	0.00411523	0.711934	0.111111	0.703704	-0.111111	0 	0 	0.037037	
369	0.0402868	0.777544	0	0.740741	0.111111	0 	0 	0.037037	
12	0.0288339	0.745255	0	0.740741	0.111111	0 	0 	0.037037	
167	0.127904	0.741545	0.111111	0.777778	0.037037	0 	0 	-0.111111	
473	0.115794	0.761412	0.111111	0.777778	0.037037	0 	0 	-0.111111	
116	0.176955	0.699588	0.148148	0.666667	0.037037	0 	0 	0.111111	
341	0.151684	0.694804	0.148148	0.666667	0.037037	0 	0 	0.111111	
281	0.188502	0.765827	0.185185	0.777778	0.037037	0 	0 	-0.111111	
56	0.187497	0.750541	0.185185	0.777778	0.037037	0 	0 	-0.111111	
506	0.202842	0.67756	0.185185	0.777778	0.037037	0 	0 	-0.111111	
52	0.240197	0.685019	0.222222	0.666667	0.111111	0 	0 	0.037037	
382	0.224176	0.666787	0.222222	0.666667	0.111111	0 	0 	0.037037	
607	0.331417	0.704422	0.333333	0.703704	-0.111111	0 	0 	0.037037	
235	0.279835	0.720165	0.333333	0.703704	-0.111111	0 	0 	0.037037	
250	0.252406	0.711175	0.333333	0.703704	-0.111111	0 	0 	0.037037	
556	0.228135	0.748847	0.222222	0.740741	0.111111	0 	0 	0.037037	
433	0.294732	0.753683	0.222222	0.740741	0.111111	0 	0 	0.037037	
103	0.311673	0.760598	0.222222	0.740741	0.111111	0 	0 	0.037037	
524	0.31907	0.791898	0.333333	0.777778	-0.037037	0 	0 	0.111111	
20	0.296296	0.814815	0.333333	0.777778	-0.037037	0 	0 	0.111111	
299	0.318027	0.884004	0.333333	0.777778	-0.037037	0 	0 	0.111111	
584	0.290809	0.869684	0.296296	0.888889	-0.037037	0 	0 	-0.111111	
359	0.284665	0.843874	0.296296	0.888889	-0.037037	0 	0 	-0.111111	
161	0.259968	0.784608	0.296296	0.888889	-0.037037	0 	0 	-0.111111	
410	0.256352	0.85575	0.259259	0.777778	-0.037037	0 	0 	0.111111	
212	0.22633	0.856938	0.259259	0.777778	-0.037037	0 	0 	0.111111	
30	0.160494	0.864198	0.222222	0.888889	-0.111111	0 	0 	-0.037037	
387	0.141289	0.854595	0.222222	0.888889	-0.111111	0 	0 	-0.037037	
81	0.13404	0.821234	0.111111	0.851852	0.111111	0 	0 	-0.037037	
561	0.156424	0.849052	0.111111	0.851852	0.111111	0 	0 	-0.037037	
447	0.223131	0.829338	0.111111	0.851852	0.111111	0 	0 	-0.037037	
222	0.197776	0.810604	0.222222	0.814815	-0.111111	0 	0 	-0.037037	
255	0.207944	0.78807	0.222222	0.814815	-0.111111	0 	0 	-0.037037	
612	0.119081	0.807095	0.222222	0.814815	-0.111111	0 	0 	-0.037037	
346	0.079561	0.792867	0.111111	0.777778	-0.037037	0 	0 	0.111111	
625	0.100715	0.786353	0.111111	0.777778	-0.037037	0 	0 	0.111111	
121	0.108319	0.831778	0.111111	0.777778	-0.037037	0 	0 	0.111111	
478	0.0580886	0.885827	0.0740741	0.888889	-0.037037	0 	0 	-0.111111	
172	0.0568599	0.843941	0.0740741	0.888889	-0.037037	0 	0 	-0.111111	
70	0.014352	0.788892	0.037037	0.777778	-0.037037	0 	0 	0.111111	
295	0.0368865	0.818366	0.037037	0.777778	-0.037037	0 	0 	0.111111	
493	0.0242805	0.859854	0.037037	0.777778	-0.037037	0 	0 	0.111111	
455	0.014307	0.91761	0	0.888889	0.111111	0 	0 	0.037037	
98	0.0152957	0.893566	0	0.888889	0.111111	0 	0 	0.037037	
542	0.0833867	0.920507	0	0.888889	0.111111	0 	0 	0.037037	
38	0.0738903	0.961089	0.111111	0.925926	-0.111111	0 	0 	0.037037	
404	0.094731	0.934878	0.111111	0.925926	-0.111111	0 	0 	0.037037	
230	0.0411919	0.991041	0	0.962963	0.111111	0 	0 	0.037037	
602	0.0438957	0.993141	0	0.962963	0.111111	0 	0 	0.037037	
263	0.105825	0.967397	0	0.962963	0.111111	0 	0 	0.037037	
538	0.125886	0.917691	0.111111	1	0.037037	0 	0 	-0.111111	
313	0.116146	0.986793	0.111111	1	0.037037	0 	0 	-0.111111	
7	0.111111	0.888889	0.111111	1	0.037037	0 	0 	-0.111111	
190	0.153779	0.935792	0.148148	0.888889	0.037037	0 	0 	0.111111	
415	0.170096	0.998628	0.148148	0.888889	0.037037	0 	0 	0.111111	
139	0.186232	0.944563	0.185185	1	0.037037	0 	0 	-0.111111	
589	0.194201	0.945608	0.185185	1	0.037037	0 	0 	-0.111111	
364	0.208575	0.906178	0.185185	1	0.037037	0 	0 	-0.111111	
630	0.22906	0.902732	0.222222	0.888889	0.111111	0 	0 	0.037037	
273	0.251258	0.90736	0.222222	0.888889	0.111111	0 	0 	0.037037	
186	0.329218	0.917695	0.222222	0.888889	0.111111	0 	0 	0.037037	
465	0.315269	0.927403	0.333333	0.925926	-0.111111	0 	0 	0.037037	
498	0.283847	0.940147	0.333333	0.925926	-0.111111	0 	0 	0.037037	
126	0.251029	0.958848	0.333333	0.925926	-0.111111	0 	0 	0.037037	
324	0.232126	0.981593	0.222222	0.962963	0.111111	0 	0 	0.037037	
75	0.283951	0.987654	0.222222	0.962963	0.111111	0 	0 	0.037037	
553	0.334306	0.997133	0.333333	1	0.037037	0 	0 	-0.111111	
247	0.359396	0.932785	0.333333	1	0.037037	0 	0 	-0.111111	
49	0.347115	0.950122	0.333333	1	0.037037	0 	0 	-0.111111	
241	0.383221	0.961701	0.37037	0.888889	0.037037	0 	0 	0.111111	
439	0.376999	0.891403	0.37037	0.888889	0.037037	0 	0 	0.111111	
100	0.409058	0.980897	0.407407	1	0.037037	0 	0 	-0.111111	
604	0.421981	0.956674	0.407407	1	0.037037	0 	0 	-0.111111	
379	0.437586	0.891632	0.407407	1	0.037037	0 	0 	-0.111111	
72	0.401104	0.882399	0.444444	0.888889	-0.111111	0 	0 	-0.037037	
330	0.33882	0.866941	0.444444	0.888889	-0.111111	0 	0 	-0.037037	
132	0.362465	0.851525	0.333333	0.851852	0.111111	0 	0 	-0.037037	
495	0.384836	0.824001	0.333333	0.851852	0.111111	0 	0 	-0.037037	
462	0.41701	0.838134	0.333333	0.851852	0.111111	0 	0 	-0.037037	
183	0.427209	0.792331	0.444444	0.814815	-0.111111	0 	0 	-0.037037	
270	0.371742	0.796982	0.444444	0.814815	-0.111111	0 	0 	-0.037037	
209	0.34456	0.772834	0.333333	0.777778	0.037037	0 	0 	-0.111111	
407	0.337896	0.700408	0.333333	0.777778	0.037037	0 	0 	-0.111111	
158	0.380505	0.68368	0.37037	0.666667	0.037037	0 	0 	0.111111	
356	0.388203	0.731139	0.37037	0.666667	0.037037	0 	0 	0.111111	
581	0.40192	0.758573	0.37037	0.666667	0.037037	0 	0 	0.111111	
305	0.417064	0.761292	0.407407	0.777778	0.037037	0 	0 	-0.111111	
26	0.407496	0.700356	0.407407	0.777778	0.037037	0 	0 	-0.111111	
530	0.410453	0.679215	0.407407	0.777778	0.037037	0 	0 	-0.111111	
67	0.458764	0.668873	0.444444	0.666667	0.111111	0 	0 	0.037037	
343	0.445248	0.671402	0.444444	0.666667	0.111111	0 	0 	0.037037	
622	0.529077	0.7041	0.555556	0.703704	-0.111111	0 	0 	0.037037	
178	0.514374	0.730897	0.555556	0.703704	-0.111111	0 	0 	0.037037	
292	0.448787	0.722152	0.555556	0.703704	-0.111111	0 	0 	0.037037	
490	0.455447	0.745385	0.444444	0.740741	0.111111	0 	0 	0.037037	
484	0.492309	0.764014	0.444444	0.740741	0.111111	0 	0 	0.037037	
118	0.447466	0.740783	0.444444	0.740741	0.111111	0 	0 	0.037037	
548	0.551917	0.818632	0.555556	0.777778	-0.037037	0 	0 	0.111111	
44	0.554766	0.777786	0.555556	0.777778	-0.037037	0 	0 	0.111111	
269	0.544966	0.849221	0.555556	0.777778	-0.037037	0 	0 	0.111111	
599	0.485021	0.882322	0.518519	0.888889	-0.037037	0 	0 	-0.111111	
401	0.508601	0.811429	0.518519	0.888889	-0.037037	0 	0 	-0.111111	
95	0.515756	0.864017	0.518519	0.888889	-0.037037	0 	0 	-0.111111	
452	0.479921	0.822415	0.481481	0.777778	-0.037037	0 	0 	0.111111	
227	0.471421	0.872915	0.481481	0.777778	-0.037037	0 	0 	0.111111	
573	0.446315	0.908404	0.444444	0.888889	0.111111	0 	0 	0.037037	
315	0.478556	0.921539	0.444444	0.888889	0.111111	0 	0 	0.037037	
201	0.512305	0.89741	0.444444	0.888889	0.111111	0 	0 	0.037037	
426	0.544804	0.962414	0.555556	0.925926	-0.111111	0 	0 	0.037037	
513	0.516338	0.945463	0.555556	0.925926	-0.111111	0 	0 	0.037037	
150	0.548459	0.942313	0.555556	0.925926	-0.111111	0 	0 	0.037037	
375	0.452137	0.968236	0.444444	0.962963	0.111111	0 	0 	0.037037	
9	0.490471	0.983605	0.444444	0.962963	0.111111	0 	0 	0.037037	
164	0.55691	0.990824	0.555556	1	0.037037	0 	0 	-0.111111	
470	0.560133	0.901686	0.555556	1	0.037037	0 	0 	-0.111111	
113	0.607441	0.916445	0.592593	0.888889	0.037037	0 	0 	0.111111	
338	0.601129	0.925825	0.592593	0.888889	0.037037	0 	0 	0.111111	
287	0.635484	0.997148	0.62963	1	0.037037	0 	0 	-0.111111	
62	0.639753	0.964594	0.62963	1	0.037037	0 	0 	-0.111111	
512	0.643657	0.896162	0.62963	1	0.037037	0 	0 	-0.111111	
136	0.631578	0.855849	0.666667	0.888889	-0.111111	0 	0 	-0.037037	
421	0.607287	0.885336	0.666667	0.888889	-0.111111	0 	0 	-0.037037	
535	0.588085	0.873025	0.666667	0.888889	-0.111111	0 	0 	-0.037037	
310	0.575807	0.819492	0.555556	0.851852	0.111111	0 	0 	-0.037037	
196	0.605969	0.822187	0.555556	0.851852	0.111111	0 	0 	-0.037037	
586	0.660058	0.833167	0.555556	0.851852	0.111111	0 	0 	-0.037037	
361	0.660245	0.801763	0.666667	0.814815	-0.111111	0 	0 	-0.037037	
4	0.661227	0.814713	0.666667	0.814815	-0.111111	0 	0 	-0.037037	
393	0.556206	0.750054	0.555556	0.777778	0.037037	0 	0 	-0.111111	
87	0.573632	0.725244	0.555556	0.777778	0.037037	0 	0 	-0.111111	
618	0.560472	0.731982	0.555556	0.777778	0.037037	0 	0 	-0.111111	
252	0.595863	0.670937	0.592593	0.666667	0.037037	0 	0 	0.111111	
558	0.594799	0.712271	0.592593	0.666667	0.037037	0 	0 	0.111111	
27	0.592821	0.769448	0.592593	0.666667	0.037037	0 	0 	0.111111	
444	0.663736	0.709381	0.62963	0.777778	0.037037	0 	0 	-0.111111	
219	0.657944	0.682574	0.62963	0.777778	0.037037	0 	0 	-0.111111	
1	0.675891	0.681375	0.666667	0.666667	0.111111	0 	0 	0.037037	
367	0.758567	0.693464	0.666667	0.666667	0.111111	0 	0 	0.037037	
592	0.763169	0.711579	0.777778	0.703704	-0.111111	0 	0 	0.037037	
193	0.711564	0.705835	0.777778	0.703704	-0.111111	0 	0 	0.037037	
307	0.680384	0.735254	0.777778	0.703704	-0.111111	0 	0 	0.037037	
532	0.666939	0.75381	0.666667	0.740741	0.111111	0 	0 	0.037037	
418	0.72742	0.774623	0.666667	0.740741	0.111111	0 	0 	0.037037	
142	0.690691	0.763114	0.666667	0.740741	0.111111	0 	0 	0.037037	
327	0.788886	0.737917	0.777778	0.777778	0.037037	0 	0 	-0.111111	
129	0.777896	0.74645	0.777778	0.777778	0.037037	0 	0 	-0.111111	
633	0.786612	0.671685	0.777778	0.777778	0.037037	0 	0 	-0.111111	
276	0.816187	0.685871	0.814815	0.666667	0.037037	0 	0 	0.111111	
501	0.832701	0.708283	0.814815	0.666667	0.037037	0 	0 	0.111111	
78	0.839506	0.765432	0.814815	0.666667	0.037037	0 	0 	0.111111	
459	0.858426	0.736153	0.851852	0.777778	0.037037	0 	0 	-0.111111	
180	0.854034	0.749232	0.851852	0.777778	0.037037	0 	0 	-0.111111	
458	0.912144	0.67836	0.888889	0.666667	0.111111	0 	0 	0.037037	
92	0.94113	0.686207	0.888889	0.666667	0.111111	0 	0 	0.037037	
545	0.894504	0.671019	0.888889	0.666667	0.111111	0 	0 	0.037037	
41	0.99652	0.728156	1	0.703704	-0.111111	0 	0 	0.037037	
398	0.952442	0.710608	1	0.703704	-0.111111	0 	0 	0.037037	
233	0.904077	0.744893	0.888889	0.740741	0.111111	0 	0 	0.037037	
596	0.929897	0.757453	0.888889	0.740741	0.111111	0 	0 	0.037037	
266	0.985787	0.757671	0.888889	0.740741	0.111111	0 	0 	0.037037	
198	0.977458	0.798472	1	0.777778	-0.037037	0 	0 	0.111111	
423	0.984911	0.85048	1	0.777778	-0.037037	0 	0 	0.111111	
15	0.919791	0.847259	0.962963	0.888889	-0.037037	0 	0 	-0.111111	
519	0.943589	0.873117	0.962963	0.888889	-0.037037	0 	0 	-0.111111	
321	0.946542	0.806011	0.962963	0.888889	-0.037037	0 	0 	-0.111111	
570	0.914334	0.802099	0.925926	0.777778	-0.037037	0 	0 	0.111111	
147	0.921375	0.791301	0.925926	0.777778	-0.037037	0 	0 	0.111111	
372	0.905436	0.881872	0.925926	0.777778	-0.037037	0 	0 	0.111111	
106	0.88125	0.887984	0.888889	0.888889	-0.111111	0 	0 	-0.037037	
436	0.847845	0.873577	0.888889	0.888889	-0.111111	0 	0 	-0.037037	
550	0.780521	0.886145	0.888889	0.888889	-0.111111	0 	0 	-0.037037	
244	0.798836	0.848962	0.777778	0.851852	0.111111	0 	0 	-0.037037	
238	0.846173	0.835125	0.777778	0.851852	0.111111	0 	0 	-0.037037	
610	0.858711	0.844993	0.777778	0.851852	0.111111	0 	0 	-0.037037	
385	0.887719	0.809346	0.888889	0.814815	-0.111111	0 	0 	-0.037037	
46	0.790123	0.790123	0.888889	0.814815	-0.111111	0 	0 	-0.037037	
509	0.772591	0.794416	0.777778	0.777778	-0.037037	0 	0 	0.111111	
59	0.765432	0.839506	0.777778	0.777778	-0.037037	0 	0 	0.111111	
284	0.773499	0.797851	0.777778	0.777778	-0.037037	0 	0 	0.111111	
335	0.725206	0.878813	0.740741	0.888889	-0.037037	0 	0 	-0.111111	
110	0.738994	0.811285	0.740741	0.888889	-0.037037	0 	0 	-0.111111	
476	0.702236	0.789597	0.703704	0.777778	-0.037037	0 	0 	0.111111	
170	0.698231	0.882105	0.703704	0.777778	-0.037037	0 	0 	0.111111	
615	0.676642	0.918525	0.666667	0.888889	0.111111	0 	0 	0.037037	
258	0.715406	0.899108	0.666667	0.888889	0.111111	0 	0 	0.037037	
216	0.761317	0.90535	0.666667	0.888889	0.111111	0 	0 	0.037037	
441	0.764252	0.930066	0.777778	0.925926	-0.111111	0 	0 	0.037037	
564	0.728219	0.961174	0.777778	0.925926	-0.111111	0 	0 	0.037037	
84	0.685762	0.945448	0.777778	0.925926	-0.111111	0 	0 	0.037037	
390	0.668897	0.977142	0.666667	0.962963	0.111111	0 	0 	0.037037	
33	0.718163	0.976035	0.666667	0.962963	0.111111	0 	0 	0.037037	
215	0.783712	0.992641	0.777778	1	0.037037	0 	0 	-0.111111	
413	0.796886	0.961009	0.777778	1	0.037037	0 	0 	-0.111111	
155	0.816917	0.923763	0.814815	0.888889	0.037037	0 	0 	0.111111	
353	0.828296	0.962246	0.814815	0.888889	0.037037	0 	0 	0.111111	
578	0.822013	0.897469	0.814815	0.888889	0.037037	0 	0 	0.111111	
302	0.85266	0.99724	0.851852	1	0.037037	0 	0 	-0.111111	
23	0.853607	0.930496	0.851852	1	0.037037	0 	0 	-0.111111	
527	0.867716	0.970495	0.851852	1	0.037037	0 	0 	-0.111111	
64	0.892691	0.898023	0.888889	0.888889	0.111111	0 	0 	0.037037	
349	0.963266	0.896319	0.888889	0.888889	0.111111	0 	0 	0.037037	
628	0.999911	0.927085	1	0.925926	-0.111111	0 	0 	0.037037	
175	0.995925	0.937807	1	0.925926	-0.111111	0 	0 	0.037037	
289	0.999388	0.927816	1	0.925926	-0.111111	0 	0 	0.037037	
487	0.931032	0.993801	0.888889	0.962963	0.111111	0 	0 	0.037037	
481	0.935528	0.986283	0.888889	0.962963	0.111111	0 	0 	0.037037	
124	0.915514	0.963479	0.888889	0.962963	0.111111	0 	0 	0.037037	
