0	0.0170148	0.0178155	0	0	0.111111	0 	0 	0.037037	
723	0.0347778	0.0086283	0	0	0.111111	0 	0 	0.037037	
366	0.0914835	0.0274233	0	0	0.111111	0 	0 	0.037037	
591	0.10837	0.0690288	0.111111	0.037037	-0.111111	0 	0 	0.037037	
192	0.0452675	0.0411523	0.111111	0.037037	-0.111111	0 	0 	0.037037	
306	0.0137174	0.0685871	0.111111	0.037037	-0.111111	0 	0 	0.037037	
531	0.00835157	0.0817479	0	0.0740741	0.111111	0 	0 	0.037037	
417	0.0589849	0.109739	0	0.0740741	0.111111	0 	0 	0.037037	
141	0.066744	0.0843618	0	0.0740741	0.111111	0 	0 	0.037037	
329	0.115148	0.108561	0.111111	0.111111	0.037037	0 	0 	-0.111111	
131	0.139918	0.0699588	0.111111	0.111111	0.037037	0 	0 	-0.111111	
635	0.130316	0.00548697	0.111111	0.111111	0.037037	0 	0 	-0.111111	
278	0.167085	0.0127227	0.148148	0	0.037037	0 	0 	0.111111	
503	0.148906	0.0532352	0.148148	0	0.037037	0 	0 	0.111111	
80	0.17284	0.0987654	0.148148	0	0.037037	0 	0 	0.111111	
686	0.191174	0.0894471	0.185185	0.111111	0.037037	0 	0 	-0.111111	
461	0.185193	0.0851881	0.185185	0.111111	0.037037	0 	0 	-0.111111	
182	0.218107	0.0288066	0.185185	0.111111	0.037037	0 	0 	-0.111111	
457	0.227337	0.0118668	0.222222	0	0.111111	0 	0 	0.037037	
91	0.277552	0.0196491	0.222222	0	0.111111	0 	0 	0.037037	
544	0.282263	0.0353169	0.222222	0	0.111111	0 	0 	0.037037	
40	0.332889	0.0379771	0.333333	0.037037	-0.111111	0 	0 	0.037037	
397	0.307852	0.0408417	0.333333	0.037037	-0.111111	0 	0 	0.037037	
655	0.233196	0.0631001	0.333333	0.037037	-0.111111	0 	0 	0.037037	
232	0.225579	0.083209	0.222222	0.0740741	0.111111	0 	0 	0.037037	
595	0.224554	0.100707	0.222222	0.0740741	0.111111	0 	0 	0.037037	
265	0.321628	0.087052	0.222222	0.0740741	0.111111	0 	0 	0.037037	
200	0.330103	0.118143	0.333333	0.111111	-0.037037	0 	0 	0.111111	
425	0.318244	0.183813	0.333333	0.111111	-0.037037	0 	0 	0.111111	
704	0.331962	0.198903	0.333333	0.111111	-0.037037	0 	0 	0.111111	
17	0.259259	0.185185	0.296296	0.222222	-0.037037	0 	0 	-0.111111	
521	0.288732	0.164947	0.296296	0.222222	-0.037037	0 	0 	-0.111111	
323	0.274884	0.14095	0.296296	0.222222	-0.037037	0 	0 	-0.111111	
572	0.257559	0.135418	0.259259	0.111111	-0.037037	0 	0 	0.111111	
149	0.226337	0.156379	0.259259	0.111111	-0.037037	0 	0 	0.111111	
374	0.248213	0.21059	0.259259	0.111111	-0.037037	0 	0 	0.111111	
105	0.211589	0.22049	0.222222	0.222222	-0.111111	0 	0 	-0.037037	
435	0.220671	0.20274	0.222222	0.222222	-0.111111	0 	0 	-0.037037	
549	0.113855	0.219479	0.222222	0.222222	-0.111111	0 	0 	-0.037037	
243	0.125374	0.157291	0.111111	0.185185	0.111111	0 	0 	-0.037037	
237	0.114392	0.177052	0.111111	0.185185	0.111111	0 	0 	-0.037037	
609	0.192044	0.178326	0.111111	0.185185	0.111111	0 	0 	-0.037037	
384	0.191623	0.142821	0.222222	0.148148	-0.111111	0 	0 	-0.037037	
660	0.159122	0.137174	0.222222	0.148148	-0.111111	0 	0 	-0.037037	
45	0.123457	0.123457	0.222222	0.148148	-0.111111	0 	0 	-0.037037	
508	0.0969587	0.126853	0.111111	0.111111	-0.037037	0 	0 	0.111111	
58	0.102258	0.162653	0.111111	0.111111	-0.037037	0 	0 	0.111111	
283	0.0754458	0.20439	0.111111	0.111111	-0.037037	0 	0 	0.111111	
640	0.0669509	0.211949	0.0740741	0.222222	-0.037037	0 	0 	-0.111111	
334	0.042524	0.163237	0.0740741	0.222222	-0.037037	0 	0 	-0.111111	
109	0.0559305	0.139774	0.0740741	0.222222	-0.037037	0 	0 	-0.111111	
475	0.0329401	0.147317	0.037037	0.111111	-0.037037	0 	0 	0.111111	
700	0.0291663	0.161468	0.037037	0.111111	-0.037037	0 	0 	0.111111	
169	0.0338489	0.19505	0.037037	0.111111	-0.037037	0 	0 	0.111111	
617	0.013437	0.245551	0	0.222222	0.111111	0 	0 	0.037037	
260	0.0190972	0.231465	0	0.222222	0.111111	0 	0 	0.037037	
218	0.0946502	0.238683	0	0.222222	0.111111	0 	0 	0.037037	
443	0.0977111	0.2684	0.111111	0.259259	-0.111111	0 	0 	0.037037	
566	0.0978471	0.272766	0.111111	0.259259	-0.111111	0 	0 	0.037037	
86	0.0164609	0.279835	0.111111	0.259259	-0.111111	0 	0 	0.037037	
392	0.00271856	0.314654	0	0.296296	0.111111	0 	0 	0.037037	
35	0.049837	0.310476	0	0.296296	0.111111	0 	0 	0.037037	
668	0.085048	0.322359	0	0.296296	0.111111	0 	0 	0.037037	
214	0.11782	0.300913	0.111111	0.333333	0.037037	0 	0 	-0.111111	
718	0.118141	0.314842	0.111111	0.333333	0.037037	0 	0 	-0.111111	
412	0.12748	0.25568	0.111111	0.333333	0.037037	0 	0 	-0.111111	
154	0.156519	0.223118	0.148148	0.222222	0.037037	0 	0 	0.111111	
352	0.165981	0.286694	0.148148	0.222222	0.037037	0 	0 	0.111111	
577	0.175225	0.314216	0.148148	0.222222	0.037037	0 	0 	0.111111	
301	0.191155	0.329656	0.185185	0.333333	0.037037	0 	0 	-0.111111	
22	0.193435	0.277824	0.185185	0.333333	0.037037	0 	0 	-0.111111	
526	0.21262	0.24417	0.185185	0.333333	0.037037	0 	0 	-0.111111	
63	0.251867	0.255517	0.222222	0.222222	0.111111	0 	0 	0.037037	
678	0.282579	0.223594	0.222222	0.222222	0.111111	0 	0 	0.037037	
348	0.301783	0.237311	0.222222	0.222222	0.111111	0 	0 	0.037037	
627	0.312766	0.262659	0.333333	0.259259	-0.111111	0 	0 	0.037037	
174	0.294196	0.291836	0.333333	0.259259	-0.111111	0 	0 	0.037037	
288	0.225055	0.276187	0.333333	0.259259	-0.111111	0 	0 	0.037037	
486	0.236714	0.313316	0.222222	0.296296	0.111111	0 	0 	0.037037	
480	0.228875	0.296875	0.222222	0.296296	0.111111	0 	0 	0.037037	
123	0.327877	0.328174	0.222222	0.296296	0.111111	0 	0 	0.037037	
229	0.341335	0.317778	0.333333	0.333333	0.037037	0 	0 	-0.111111	
652	0.338548	0.276203	0.333333	0.333333	0.037037	0 	0 	-0.111111	
454	0.367627	0.233196	0.333333	0.333333	0.037037	0 	0 	-0.111111	
97	0.376694	0.266367	0.37037	0.222222	0.037037	0 	0 	0.111111	
403	0.400549	0.262003	0.37037	0.222222	0.037037	0 	0 	0.111111	
601	0.37039	0.317918	0.37037	0.222222	0.037037	0 	0 	0.111111	
262	0.409069	0.306623	0.407407	0.333333	0.037037	0 	0 	-0.111111	
37	0.414261	0.311575	0.407407	0.333333	0.037037	0 	0 	-0.111111	
541	0.414655	0.264212	0.407407	0.333333	0.037037	0 	0 	-0.111111	
120	0.426566	0.221308	0.444444	0.222222	-0.111111	0 	0 	-0.037037	
477	0.379973	0.208505	0.444444	0.222222	-0.111111	0 	0 	-0.037037	
492	0.348422	0.194787	0.444444	0.222222	-0.111111	0 	0 	-0.037037	
294	0.376369	0.180909	0.333333	0.185185	0.111111	0 	0 	-0.037037	
171	0.401966	0.178107	0.333333	0.185185	0.111111	0 	0 	-0.037037	
624	0.422674	0.155908	0.333333	0.185185	0.111111	0 	0 	-0.037037	
345	0.413025	0.125223	0.444444	0.148148	-0.111111	0 	0 	-0.037037	
675	0.424765	0.14103	0.444444	0.148148	-0.111111	0 	0 	-0.037037	
69	0.358025	0.135802	0.444444	0.148148	-0.111111	0 	0 	-0.037037	
371	0.349257	0.098849	0.333333	0.111111	0.037037	0 	0 	-0.111111	
146	0.337635	0.0578285	0.333333	0.111111	0.037037	0 	0 	-0.111111	
569	0.334656	0.027121	0.333333	0.111111	0.037037	0 	0 	-0.111111	
320	0.370466	0.000634047	0.37037	0	0.037037	0 	0 	0.111111	
518	0.40117	0.0615535	0.37037	0	0.037037	0 	0 	0.111111	
14	0.37201	0.0694305	0.37037	0	0.037037	0 	0 	0.111111	
710	0.443073	0.0877915	0.407407	0.111111	0.037037	0 	0 	-0.111111	
431	0.407779	0.105447	0.407407	0.111111	0.037037	0 	0 	-0.111111	
206	0.409881	0.00271741	0.407407	0.111111	0.037037	0 	0 	-0.111111	
472	0.459194	0.0217706	0.444444	0	0.111111	0 	0 	0.037037	
115	0.499073	0.0314117	0.444444	0	0.111111	0 	0 	0.037037	
505	0.533608	0.00960219	0.444444	0	0.111111	0 	0 	0.037037	
55	0.552192	0.0680794	0.555556	0.037037	-0.111111	0 	0 	0.037037	
340	0.49875	0.0486329	0.555556	0.037037	-0.111111	0 	0 	0.037037	
697	0.467764	0.0384088	0.555556	0.037037	-0.111111	0 	0 	0.037037	
166	0.477976	0.102249	0.444444	0.0740741	0.111111	0 	0 	0.037037	
646	0.444981	0.0741517	0.444444	0.0740741	0.111111	0 	0 	0.037037	
280	0.51989	0.0932785	0.444444	0.0740741	0.111111	0 	0 	0.037037	
224	0.539095	0.127572	0.555556	0.111111	-0.037037	0 	0 	0.111111	
449	0.554313	0.156532	0.555556	0.111111	-0.037037	0 	0 	0.111111	
674	0.535585	0.210431	0.555556	0.111111	-0.037037	0 	0 	0.111111	
32	0.493827	0.197531	0.518519	0.222222	-0.037037	0 	0 	-0.111111	
563	0.477875	0.186645	0.518519	0.222222	-0.037037	0 	0 	-0.111111	
257	0.507545	0.11797	0.518519	0.222222	-0.037037	0 	0 	-0.111111	
614	0.476981	0.111669	0.481481	0.111111	-0.037037	0 	0 	0.111111	
83	0.476953	0.157531	0.481481	0.111111	-0.037037	0 	0 	0.111111	
389	0.480881	0.202235	0.481481	0.111111	-0.037037	0 	0 	0.111111	
6	0.445279	0.232149	0.444444	0.222222	0.111111	0 	0 	0.037037	
720	0.519095	0.23549	0.444444	0.222222	0.111111	0 	0 	0.037037	
363	0.536351	0.249657	0.444444	0.222222	0.111111	0 	0 	0.037037	
588	0.552568	0.272704	0.555556	0.259259	-0.111111	0 	0 	0.037037	
189	0.489712	0.263374	0.555556	0.259259	-0.111111	0 	0 	0.037037	
312	0.458162	0.290809	0.555556	0.259259	-0.111111	0 	0 	0.037037	
537	0.457917	0.301261	0.444444	0.296296	0.111111	0 	0 	0.037037	
414	0.506137	0.332621	0.444444	0.296296	0.111111	0 	0 	0.037037	
138	0.522669	0.303088	0.444444	0.296296	0.111111	0 	0 	0.037037	
326	0.561886	0.306916	0.555556	0.333333	0.037037	0 	0 	-0.111111	
128	0.584362	0.292181	0.555556	0.333333	0.037037	0 	0 	-0.111111	
632	0.565094	0.22528	0.555556	0.333333	0.037037	0 	0 	-0.111111	
275	0.59869	0.243432	0.592593	0.222222	0.037037	0 	0 	0.111111	
500	0.602297	0.261335	0.592593	0.222222	0.037037	0 	0 	0.111111	
77	0.617284	0.320988	0.592593	0.222222	0.037037	0 	0 	0.111111	
692	0.658692	0.283129	0.62963	0.333333	0.037037	0 	0 	-0.111111	
467	0.639232	0.282579	0.62963	0.333333	0.037037	0 	0 	-0.111111	
188	0.645243	0.257301	0.62963	0.333333	0.037037	0 	0 	-0.111111	
298	0.647033	0.217729	0.666667	0.222222	-0.111111	0 	0 	-0.037037	
583	0.650259	0.194526	0.666667	0.222222	-0.111111	0 	0 	-0.037037	
211	0.563786	0.1893	0.666667	0.222222	-0.111111	0 	0 	-0.037037	
715	0.591221	0.161866	0.555556	0.185185	0.111111	0 	0 	-0.037037	
358	0.612823	0.167553	0.555556	0.185185	0.111111	0 	0 	-0.037037	
19	0.633927	0.153912	0.555556	0.185185	0.111111	0 	0 	-0.037037	
523	0.659001	0.147848	0.666667	0.148148	-0.111111	0 	0 	-0.037037	
160	0.597988	0.116889	0.666667	0.148148	-0.111111	0 	0 	-0.037037	
409	0.576857	0.146615	0.666667	0.148148	-0.111111	0 	0 	-0.037037	
555	0.555722	0.0948404	0.555556	0.111111	0.037037	0 	0 	-0.111111	
249	0.565411	0.0772072	0.555556	0.111111	0.037037	0 	0 	-0.111111	
51	0.564275	0.0123736	0.555556	0.111111	0.037037	0 	0 	-0.111111	
657	0.604387	0.0103741	0.592593	0	0.037037	0 	0 	0.111111	
234	0.600893	0.0118243	0.592593	0	0.037037	0 	0 	0.111111	
432	0.626886	0.085048	0.592593	0	0.037037	0 	0 	0.111111	
102	0.636108	0.0674223	0.62963	0.111111	0.037037	0 	0 	-0.111111	
606	0.63426	0.065535	0.62963	0.111111	0.037037	0 	0 	-0.111111	
381	0.630611	0.062625	0.62963	0.111111	0.037037	0 	0 	-0.111111	
406	0.677342	0.027677	0.666667	0	0.111111	0 	0 	0.037037	
157	0.695944	0.00533852	0.666667	0	0.111111	0 	0 	0.037037	
529	0.765255	0.0181773	0.666667	0	0.111111	0 	0 	0.037037	
25	0.735801	0.0492038	0.777778	0.037037	-0.111111	0 	0 	0.037037	
355	0.718458	0.0666728	0.777778	0.037037	-0.111111	0 	0 	0.037037	
712	0.700497	0.0505068	0.777778	0.037037	-0.111111	0 	0 	0.037037	
208	0.667908	0.0969403	0.666667	0.0740741	0.111111	0 	0 	0.037037	
580	0.73363	0.0998046	0.666667	0.0740741	0.111111	0 	0 	0.037037	
304	0.747597	0.101358	0.666667	0.0740741	0.111111	0 	0 	0.037037	
489	0.783764	0.100797	0.777778	0.111111	0.037037	0 	0 	-0.111111	
291	0.782614	0.038379	0.777778	0.111111	0.037037	0 	0 	-0.111111	
66	0.778876	0.0818008	0.777778	0.111111	0.037037	0 	0 	-0.111111	
681	0.829772	0.00916703	0.814815	0	0.037037	0 	0 	0.111111	
177	0.847737	0.0658436	0.814815	0	0.037037	0 	0 	0.111111	
483	0.820484	0.0791521	0.814815	0	0.037037	0 	0 	0.111111	
117	0.862662	0.0973801	0.851852	0.111111	0.037037	0 	0 	-0.111111	
621	0.852152	0.017219	0.851852	0.111111	0.037037	0 	0 	-0.111111	
342	0.85908	0.0701687	0.851852	0.111111	0.037037	0 	0 	-0.111111	
620	0.893094	0.0268523	0.888889	0	0.111111	0 	0 	0.037037	
254	0.948687	0.00814087	0.888889	0	0.111111	0 	0 	0.037037	
221	0.910504	0.0168834	0.888889	0	0.111111	0 	0 	0.037037	
446	0.986517	0.05982	1	0.037037	-0.111111	0 	0 	0.037037	
560	0.959033	0.0694383	1	0.037037	-0.111111	0 	0 	0.037037	
89	0.998067	0.0476701	1	0.037037	-0.111111	0 	0 	0.037037	
395	0.911632	0.0772723	0.888889	0.0740741	0.111111	0 	0 	0.037037	
29	0.939951	0.086779	0.888889	0.0740741	0.111111	0 	0 	0.037037	
671	0.904829	0.0934408	0.888889	0.0740741	0.111111	0 	0 	0.037037	
360	0.972589	0.137616	1	0.111111	-0.037037	0 	0 	0.111111	
585	0.995696	0.175181	1	0.111111	-0.037037	0 	0 	0.111111	
135	0.987366	0.113794	1	0.111111	-0.037037	0 	0 	0.111111	
420	0.956315	0.204307	0.962963	0.222222	-0.037037	0 	0 	-0.111111	
195	0.939953	0.144142	0.962963	0.222222	-0.037037	0 	0 	-0.111111	
726	0.956434	0.145968	0.962963	0.222222	-0.037037	0 	0 	-0.111111	
3	0.918608	0.18447	0.925926	0.111111	-0.037037	0 	0 	0.111111	
309	0.912451	0.143725	0.925926	0.111111	-0.037037	0 	0 	0.111111	
534	0.919569	0.215538	0.925926	0.111111	-0.037037	0 	0 	0.111111	
268	0.882541	0.189537	0.888889	0.222222	-0.111111	0 	0 	-0.037037	
598	0.878865	0.214468	0.888889	0.222222	-0.111111	0 	0 	-0.037037	
226	0.798354	0.201646	0.888889	0.222222	-0.111111	0 	0 	-0.037037	
649	0.780532	0.176806	0.777778	0.185185	0.111111	0 	0 	-0.037037	
400	0.846667	0.149394	0.777778	0.185185	0.111111	0 	0 	-0.037037	
43	0.864198	0.160494	0.777778	0.185185	0.111111	0 	0 	-0.037037	
547	0.874432	0.123208	0.888889	0.148148	-0.111111	0 	0 	-0.037037	
94	0.83132	0.134984	0.888889	0.148148	-0.111111	0 	0 	-0.037037	
451	0.812644	0.121469	0.888889	0.148148	-0.111111	0 	0 	-0.037037	
185	0.776878	0.118048	0.777778	0.111111	-0.037037	0 	0 	0.111111	
464	0.753792	0.181794	0.777778	0.111111	-0.037037	0 	0 	0.111111	
689	0.769101	0.176187	0.777778	0.111111	-0.037037	0 	0 	0.111111	
74	0.739508	0.197182	0.740741	0.222222	-0.037037	0 	0 	-0.111111	
497	0.722093	0.159094	0.740741	0.222222	-0.037037	0 	0 	-0.111111	
272	0.705075	0.130316	0.740741	0.222222	-0.037037	0 	0 	-0.111111	
638	0.699465	0.111282	0.703704	0.111111	-0.037037	0 	0 	0.111111	
134	0.695356	0.173026	0.703704	0.111111	-0.037037	0 	0 	0.111111	
332	0.702067	0.217741	0.703704	0.111111	-0.037037	0 	0 	0.111111	
48	0.674579	0.232629	0.666667	0.222222	0.111111	0 	0 	0.037037	
663	0.714678	0.248285	0.666667	0.222222	0.111111	0 	0 	0.037037	
378	0.770919	0.224966	0.666667	0.222222	0.111111	0 	0 	0.037037	
603	0.760275	0.26856	0.777778	0.259259	-0.111111	0 	0 	0.037037	
240	0.777523	0.264119	0.777778	0.259259	-0.111111	0 	0 	0.037037	
246	0.69273	0.266118	0.777778	0.259259	-0.111111	0 	0 	0.037037	
552	0.674658	0.314156	0.666667	0.296296	0.111111	0 	0 	0.037037	
438	0.73696	0.309342	0.666667	0.296296	0.111111	0 	0 	0.037037	
99	0.759242	0.315936	0.666667	0.296296	0.111111	0 	0 	0.037037	
377	0.795586	0.324629	0.777778	0.333333	0.037037	0 	0 	-0.111111	
152	0.789738	0.283717	0.777778	0.333333	0.037037	0 	0 	-0.111111	
575	0.803998	0.238662	0.777778	0.333333	0.037037	0 	0 	-0.111111	
317	0.815691	0.275202	0.814815	0.222222	0.037037	0 	0 	0.111111	
515	0.84225	0.281207	0.814815	0.222222	0.037037	0 	0 	0.111111	
11	0.820054	0.297379	0.814815	0.222222	0.037037	0 	0 	0.111111	
707	0.888829	0.30913	0.851852	0.333333	0.037037	0 	0 	-0.111111	
428	0.855118	0.322123	0.851852	0.333333	0.037037	0 	0 	-0.111111	
203	0.860082	0.226337	0.851852	0.333333	0.037037	0 	0 	-0.111111	
469	0.889331	0.241468	0.888889	0.222222	0.111111	0 	0 	0.037037	
112	0.958491	0.256934	0.888889	0.222222	0.111111	0 	0 	0.037037	
511	0.978052	0.231824	0.888889	0.222222	0.111111	0 	0 	0.037037	
61	0.999817	0.260323	1	0.259259	-0.111111	0 	0 	0.037037	
337	0.931413	0.274348	1	0.259259	-0.111111	0 	0 	0.037037	
694	0.906943	0.261403	1	0.259259	-0.111111	0 	0 	0.037037	
163	0.889114	0.307808	0.888889	0.296296	0.111111	0 	0 	0.037037	
643	0.94513	0.301783	0.888889	0.296296	0.111111	0 	0 	0.037037	
286	0.963471	0.313662	0.888889	0.296296	0.111111	0 	0 	0.037037	
383	0.999428	0.345782	1	0.333333	-0.037037	0 	0 	0.111111	
608	0.983418	0.389035	1	0.333333	-0.037037	0 	0 	0.111111	
104	0.978643	0.427822	1	0.333333	-0.037037	0 	0 	0.111111	
434	0.958832	0.40996	0.962963	0.444444	-0.037037	0 	0 	-0.111111	
236	0.944645	0.392063	0.962963	0.444444	-0.037037	0 	0 	-0.111111	
659	0.949142	0.337017	0.962963	0.444444	-0.037037	0 	0 	-0.111111	
53	0.902902	0.347608	0.925926	0.333333	-0.037037	0 	0 	0.111111	
251	0.925896	0.418576	0.925926	0.333333	-0.037037	0 	0 	0.111111	
557	0.892521	0.44107	0.925926	0.333333	-0.037037	0 	0 	0.111111	
408	0.916847	0.48135	0.888889	0.444444	0.111111	0 	0 	0.037037	
159	0.894514	0.458358	0.888889	0.444444	0.111111	0 	0 	0.037037	
522	0.98193	0.459009	0.888889	0.444444	0.111111	0 	0 	0.037037	
18	0.981793	0.483785	1	0.481481	-0.111111	0 	0 	0.037037	
357	0.991965	0.485993	1	0.481481	-0.111111	0 	0 	0.037037	
714	0.924554	0.495199	1	0.481481	-0.111111	0 	0 	0.037037	
210	0.917279	0.52799	0.888889	0.518519	0.111111	0 	0 	0.037037	
582	0.957476	0.536351	0.888889	0.518519	0.111111	0 	0 	0.037037	
297	0.97668	0.550069	0.888889	0.518519	0.111111	0 	0 	0.037037	
187	0.993856	0.584522	1	0.555556	-0.037037	0 	0 	0.111111	
466	0.992989	0.612074	1	0.555556	-0.037037	0 	0 	0.111111	
691	0.994808	0.659261	1	0.555556	-0.037037	0 	0 	0.111111	
76	0.952262	0.66381	0.962963	0.666667	-0.037037	0 	0 	-0.111111	
499	0.950209	0.599476	0.962963	0.666667	-0.037037	0 	0 	-0.111111	
274	0.957813	0.611861	0.962963	0.666667	-0.037037	0 	0 	-0.111111	
631	0.920303	0.580472	0.925926	0.555556	-0.037037	0 	0 	0.111111	
127	0.916439	0.618331	0.925926	0.555556	-0.037037	0 	0 	0.111111	
325	0.894376	0.644719	0.925926	0.555556	-0.037037	0 	0 	0.111111	
140	0.857499	0.64109	0.888889	0.666667	-0.111111	0 	0 	-0.037037	
416	0.845406	0.664485	0.888889	0.666667	-0.111111	0 	0 	-0.037037	
539	0.80389	0.651062	0.888889	0.666667	-0.111111	0 	0 	-0.037037	
314	0.790022	0.61564	0.777778	0.62963	0.111111	0 	0 	-0.037037	
191	0.823229	0.595551	0.777778	0.62963	0.111111	0 	0 	-0.037037	
590	0.883402	0.610425	0.777778	0.62963	0.111111	0 	0 	-0.037037	
365	0.870403	0.586883	0.888889	0.592593	-0.111111	0 	0 	-0.037037	
722	0.870945	0.561721	0.888889	0.592593	-0.111111	0 	0 	-0.037037	
8	0.859487	0.566136	0.888889	0.592593	-0.111111	0 	0 	-0.037037	
388	0.782844	0.517373	0.777778	0.555556	0.037037	0 	0 	-0.111111	
82	0.778783	0.471759	0.777778	0.555556	0.037037	0 	0 	-0.111111	
613	0.782148	0.538478	0.777778	0.555556	0.037037	0 	0 	-0.111111	
256	0.840878	0.451303	0.814815	0.444444	0.037037	0 	0 	0.111111	
562	0.819789	0.499824	0.814815	0.444444	0.037037	0 	0 	0.111111	
31	0.823004	0.532251	0.814815	0.444444	0.037037	0 	0 	0.111111	
673	0.862461	0.544092	0.851852	0.555556	0.037037	0 	0 	-0.111111	
448	0.860752	0.508272	0.851852	0.555556	0.037037	0 	0 	-0.111111	
223	0.872494	0.460696	0.851852	0.555556	0.037037	0 	0 	-0.111111	
279	0.865422	0.440344	0.888889	0.444444	-0.111111	0 	0 	-0.037037	
645	0.885612	0.422481	0.888889	0.444444	-0.111111	0 	0 	-0.037037	
165	0.8107	0.436214	0.888889	0.444444	-0.111111	0 	0 	-0.037037	
696	0.792577	0.379642	0.777778	0.407407	0.111111	0 	0 	-0.037037	
339	0.820302	0.38546	0.777778	0.407407	0.111111	0 	0 	-0.037037	
54	0.876543	0.395062	0.777778	0.407407	0.111111	0 	0 	-0.037037	
504	0.884167	0.357609	0.888889	0.37037	-0.111111	0 	0 	-0.037037	
114	0.83983	0.365826	0.888889	0.37037	-0.111111	0 	0 	-0.037037	
471	0.78738	0.356653	0.888889	0.37037	-0.111111	0 	0 	-0.037037	
205	0.748971	0.337449	0.777778	0.333333	-0.037037	0 	0 	0.111111	
430	0.762689	0.406036	0.777778	0.333333	-0.037037	0 	0 	0.111111	
709	0.768831	0.430404	0.777778	0.333333	-0.037037	0 	0 	0.111111	
13	0.704439	0.407818	0.740741	0.444444	-0.037037	0 	0 	-0.111111	
517	0.736271	0.430176	0.740741	0.444444	-0.037037	0 	0 	-0.111111	
319	0.717421	0.364883	0.740741	0.444444	-0.037037	0 	0 	-0.111111	
568	0.699179	0.370897	0.703704	0.333333	-0.037037	0 	0 	0.111111	
145	0.698636	0.342743	0.703704	0.333333	-0.037037	0 	0 	0.111111	
370	0.684499	0.434842	0.703704	0.333333	-0.037037	0 	0 	0.111111	
71	0.680445	0.445399	0.666667	0.444444	0.111111	0 	0 	0.037037	
677	0.727023	0.445816	0.666667	0.444444	0.111111	0 	0 	0.037037	
347	0.746228	0.459534	0.666667	0.444444	0.111111	0 	0 	0.037037	
626	0.754306	0.485677	0.777778	0.481481	-0.111111	0 	0 	0.037037	
173	0.733876	0.508535	0.777778	0.481481	-0.111111	0 	0 	0.037037	
296	0.669283	0.496954	0.777778	0.481481	-0.111111	0 	0 	0.037037	
494	0.681243	0.532426	0.666667	0.518519	0.111111	0 	0 	0.037037	
479	0.712223	0.540861	0.666667	0.518519	0.111111	0 	0 	0.037037	
122	0.763325	0.553438	0.666667	0.518519	0.111111	0 	0 	0.037037	
540	0.77502	0.589134	0.777778	0.555556	-0.037037	0 	0 	0.111111	
36	0.777123	0.577298	0.777778	0.555556	-0.037037	0 	0 	0.111111	
261	0.768906	0.643472	0.777778	0.555556	-0.037037	0 	0 	0.111111	
600	0.733513	0.659519	0.740741	0.666667	-0.037037	0 	0 	-0.111111	
402	0.736172	0.624229	0.740741	0.666667	-0.037037	0 	0 	-0.111111	
96	0.736673	0.57238	0.740741	0.666667	-0.037037	0 	0 	-0.111111	
453	0.698841	0.573354	0.703704	0.555556	-0.037037	0 	0 	0.111111	
651	0.677641	0.618656	0.703704	0.555556	-0.037037	0 	0 	0.111111	
228	0.694187	0.624637	0.703704	0.555556	-0.037037	0 	0 	0.111111	
125	0.663561	0.648083	0.666667	0.666667	-0.111111	0 	0 	-0.037037	
482	0.611874	0.647869	0.666667	0.666667	-0.111111	0 	0 	-0.037037	
488	0.570645	0.639232	0.666667	0.666667	-0.111111	0 	0 	-0.037037	
290	0.569614	0.613892	0.555556	0.62963	0.111111	0 	0 	-0.037037	
176	0.625514	0.621399	0.555556	0.62963	0.111111	0 	0 	-0.037037	
629	0.650699	0.597247	0.555556	0.62963	0.111111	0 	0 	-0.037037	
350	0.63008	0.578615	0.666667	0.592593	-0.111111	0 	0 	-0.037037	
680	0.660369	0.582764	0.666667	0.592593	-0.111111	0 	0 	-0.037037	
65	0.580247	0.580247	0.666667	0.592593	-0.111111	0 	0 	-0.037037	
525	0.546994	0.559959	0.555556	0.555556	-0.037037	0 	0 	0.111111	
21	0.518519	0.592593	0.555556	0.555556	-0.037037	0 	0 	0.111111	
300	0.535158	0.659485	0.555556	0.555556	-0.037037	0 	0 	0.111111	
576	0.517021	0.631341	0.518519	0.666667	-0.037037	0 	0 	-0.111111	
351	0.499314	0.620027	0.518519	0.666667	-0.037037	0 	0 	-0.111111	
153	0.486397	0.564611	0.518519	0.666667	-0.037037	0 	0 	-0.111111	
411	0.476892	0.593384	0.481481	0.555556	-0.037037	0 	0 	0.111111	
717	0.474877	0.622671	0.481481	0.555556	-0.037037	0 	0 	0.111111	
213	0.480323	0.569448	0.481481	0.555556	-0.037037	0 	0 	0.111111	
667	0.415974	0.653896	0.444444	0.666667	-0.111111	0 	0 	-0.037037	
34	0.382716	0.641975	0.444444	0.666667	-0.111111	0 	0 	-0.037037	
391	0.429322	0.662323	0.444444	0.666667	-0.111111	0 	0 	-0.037037	
85	0.348458	0.609038	0.333333	0.62963	0.111111	0 	0 	-0.037037	
565	0.375471	0.624987	0.333333	0.62963	0.111111	0 	0 	-0.037037	
442	0.441701	0.603567	0.333333	0.62963	0.111111	0 	0 	-0.037037	
217	0.43269	0.570425	0.444444	0.592593	-0.111111	0 	0 	-0.037037	
259	0.403105	0.557408	0.444444	0.592593	-0.111111	0 	0 	-0.037037	
616	0.341965	0.583361	0.444444	0.592593	-0.111111	0 	0 	-0.037037	
168	0.366255	0.547325	0.333333	0.555556	0.037037	0 	0 	-0.111111	
699	0.33338	0.543339	0.333333	0.555556	0.037037	0 	0 	-0.111111	
474	0.337214	0.458788	0.333333	0.555556	0.037037	0 	0 	-0.111111	
108	0.370498	0.447463	0.37037	0.444444	0.037037	0 	0 	0.111111	
333	0.379848	0.49699	0.37037	0.444444	0.037037	0 	0 	0.111111	
639	0.389575	0.524005	0.37037	0.444444	0.037037	0 	0 	0.111111	
282	0.412535	0.547489	0.407407	0.555556	0.037037	0 	0 	-0.111111	
57	0.424648	0.511719	0.407407	0.555556	0.037037	0 	0 	-0.111111	
507	0.422497	0.454047	0.407407	0.555556	0.037037	0 	0 	-0.111111	
47	0.452199	0.457807	0.444444	0.444444	0.111111	0 	0 	0.037037	
662	0.492455	0.470508	0.444444	0.444444	0.111111	0 	0 	0.037037	
386	0.548697	0.447188	0.444444	0.444444	0.111111	0 	0 	0.037037	
611	0.537923	0.501046	0.555556	0.481481	-0.111111	0 	0 	0.037037	
239	0.506869	0.502678	0.555556	0.481481	-0.111111	0 	0 	0.037037	
245	0.470508	0.48834	0.555556	0.481481	-0.111111	0 	0 	0.037037	
551	0.456555	0.523554	0.444444	0.518519	0.111111	0 	0 	0.037037	
437	0.515775	0.529492	0.444444	0.518519	0.111111	0 	0 	0.037037	
107	0.534979	0.539095	0.444444	0.518519	0.111111	0 	0 	0.037037	
373	0.565771	0.54879	0.555556	0.555556	0.037037	0 	0 	-0.111111	
148	0.559034	0.491378	0.555556	0.555556	0.037037	0 	0 	-0.111111	
571	0.576604	0.455843	0.555556	0.555556	0.037037	0 	0 	-0.111111	
322	0.598044	0.474777	0.592593	0.444444	0.037037	0 	0 	0.111111	
520	0.618947	0.501382	0.592593	0.444444	0.037037	0 	0 	0.111111	
16	0.593247	0.522206	0.592593	0.444444	0.037037	0 	0 	0.111111	
703	0.639458	0.537919	0.62963	0.555556	0.037037	0 	0 	-0.111111	
424	0.630016	0.514354	0.62963	0.555556	0.037037	0 	0 	-0.111111	
199	0.63786	0.44856	0.62963	0.555556	0.037037	0 	0 	-0.111111	
264	0.652398	0.436971	0.666667	0.444444	-0.111111	0 	0 	-0.037037	
594	0.611627	0.443136	0.666667	0.444444	-0.111111	0 	0 	-0.037037	
231	0.576132	0.423868	0.666667	0.444444	-0.111111	0 	0 	-0.037037	
654	0.566529	0.396433	0.555556	0.407407	0.111111	0 	0 	-0.037037	
396	0.622771	0.373114	0.555556	0.407407	0.111111	0 	0 	-0.037037	
39	0.643396	0.383459	0.555556	0.407407	0.111111	0 	0 	-0.037037	
543	0.654405	0.370061	0.666667	0.37037	-0.111111	0 	0 	-0.037037	
90	0.609053	0.353909	0.666667	0.37037	-0.111111	0 	0 	-0.037037	
456	0.589849	0.344307	0.666667	0.37037	-0.111111	0 	0 	-0.037037	
181	0.551763	0.348093	0.555556	0.333333	-0.037037	0 	0 	0.111111	
460	0.526172	0.395538	0.555556	0.333333	-0.037037	0 	0 	0.111111	
685	0.549753	0.40004	0.555556	0.333333	-0.037037	0 	0 	0.111111	
79	0.510484	0.435933	0.518519	0.444444	-0.037037	0 	0 	-0.111111	
502	0.511611	0.379147	0.518519	0.444444	-0.037037	0 	0 	-0.111111	
277	0.482853	0.352538	0.518519	0.444444	-0.037037	0 	0 	-0.111111	
634	0.463649	0.33882	0.481481	0.333333	-0.037037	0 	0 	0.111111	
130	0.471652	0.401383	0.481481	0.333333	-0.037037	0 	0 	0.111111	
328	0.450767	0.422697	0.481481	0.333333	-0.037037	0 	0 	0.111111	
143	0.430638	0.410459	0.444444	0.444444	-0.111111	0 	0 	-0.037037	
419	0.390822	0.435761	0.444444	0.444444	-0.111111	0 	0 	-0.037037	
533	0.362181	0.429479	0.444444	0.444444	-0.111111	0 	0 	-0.037037	
308	0.35293	0.395999	0.333333	0.407407	0.111111	0 	0 	-0.037037	
194	0.378601	0.374486	0.333333	0.407407	0.111111	0 	0 	-0.037037	
593	0.438957	0.388203	0.333333	0.407407	0.111111	0 	0 	-0.037037	
368	0.431016	0.346368	0.444444	0.37037	-0.111111	0 	0 	-0.037037	
725	0.442972	0.360151	0.444444	0.37037	-0.111111	0 	0 	-0.037037	
2	0.333333	0.333333	0.444444	0.37037	-0.111111	0 	0 	-0.037037	
220	0.332566	0.369997	0.333333	0.333333	-0.037037	0 	0 	0.111111	
445	0.316175	0.378943	0.333333	0.333333	-0.037037	0 	0 	0.111111	
670	0.309252	0.439244	0.333333	0.333333	-0.037037	0 	0 	0.111111	
28	0.290375	0.395422	0.296296	0.444444	-0.037037	0 	0 	-0.111111	
559	0.262003	0.404664	0.296296	0.444444	-0.037037	0 	0 	-0.111111	
253	0.295885	0.337056	0.296296	0.444444	-0.037037	0 	0 	-0.111111	
619	0.259125	0.395132	0.259259	0.333333	-0.037037	0 	0 	0.111111	
88	0.24109	0.390324	0.259259	0.333333	-0.037037	0 	0 	0.111111	
394	0.252603	0.345314	0.259259	0.333333	-0.037037	0 	0 	0.111111	
5	0.231237	0.454126	0.222222	0.444444	0.111111	0 	0 	0.037037	
728	0.296291	0.456414	0.222222	0.444444	0.111111	0 	0 	0.037037	
362	0.315978	0.470827	0.222222	0.444444	0.111111	0 	0 	0.037037	
587	0.327228	0.494699	0.333333	0.481481	-0.111111	0 	0 	0.037037	
197	0.26749	0.485597	0.333333	0.481481	-0.111111	0 	0 	0.037037	
311	0.23594	0.513032	0.333333	0.481481	-0.111111	0 	0 	0.037037	
536	0.227201	0.524398	0.222222	0.518519	0.111111	0 	0 	0.037037	
422	0.281207	0.554184	0.222222	0.518519	0.111111	0 	0 	0.037037	
137	0.301465	0.527753	0.222222	0.518519	0.111111	0 	0 	0.037037	
510	0.330595	0.556407	0.333333	0.555556	-0.037037	0 	0 	0.111111	
60	0.316237	0.622654	0.333333	0.555556	-0.037037	0 	0 	0.111111	
285	0.330558	0.63892	0.333333	0.555556	-0.037037	0 	0 	0.111111	
642	0.278464	0.635117	0.296296	0.666667	-0.037037	0 	0 	-0.111111	
336	0.264746	0.607682	0.296296	0.666667	-0.037037	0 	0 	-0.111111	
111	0.287357	0.61252	0.296296	0.666667	-0.037037	0 	0 	-0.111111	
468	0.250513	0.56185	0.259259	0.555556	-0.037037	0 	0 	0.111111	
693	0.245571	0.592303	0.259259	0.555556	-0.037037	0 	0 	0.111111	
162	0.25329	0.659919	0.259259	0.555556	-0.037037	0 	0 	0.111111	
706	0.222211	0.664682	0.222222	0.666667	-0.111111	0 	0 	-0.037037	
10	0.148148	0.62963	0.222222	0.666667	-0.111111	0 	0 	-0.037037	
376	0.128944	0.657064	0.222222	0.666667	-0.111111	0 	0 	-0.037037	
151	0.124179	0.6171	0.111111	0.62963	0.111111	0 	0 	-0.037037	
514	0.184777	0.614608	0.111111	0.62963	0.111111	0 	0 	-0.037037	
427	0.206114	0.629077	0.111111	0.62963	0.111111	0 	0 	-0.037037	
202	0.221532	0.585446	0.222222	0.592593	-0.111111	0 	0 	-0.037037	
316	0.208412	0.588843	0.222222	0.592593	-0.111111	0 	0 	-0.037037	
574	0.140941	0.573465	0.222222	0.592593	-0.111111	0 	0 	-0.037037	
225	0.123246	0.542541	0.111111	0.555556	0.037037	0 	0 	-0.111111	
648	0.111133	0.542983	0.111111	0.555556	0.037037	0 	0 	-0.111111	
450	0.145405	0.455418	0.111111	0.555556	0.037037	0 	0 	-0.111111	
93	0.151583	0.450965	0.148148	0.444444	0.037037	0 	0 	0.111111	
399	0.159112	0.498637	0.148148	0.444444	0.037037	0 	0 	0.111111	
597	0.15723	0.547258	0.148148	0.444444	0.037037	0 	0 	0.111111	
267	0.208962	0.52213	0.185185	0.555556	0.037037	0 	0 	-0.111111	
42	0.194147	0.536384	0.185185	0.555556	0.037037	0 	0 	-0.111111	
546	0.193272	0.477978	0.185185	0.555556	0.037037	0 	0 	-0.111111	
119	0.210432	0.436183	0.222222	0.444444	-0.111111	0 	0 	-0.037037	
485	0.178689	0.438339	0.222222	0.444444	-0.111111	0 	0 	-0.037037	
491	0.12988	0.418381	0.222222	0.444444	-0.111111	0 	0 	-0.037037	
293	0.113845	0.401073	0.111111	0.407407	0.111111	0 	0 	-0.037037	
179	0.111951	0.404327	0.111111	0.407407	0.111111	0 	0 	-0.037037	
623	0.20439	0.375857	0.111111	0.407407	0.111111	0 	0 	-0.037037	
344	0.198427	0.365593	0.222222	0.37037	-0.111111	0 	0 	-0.037037	
683	0.208786	0.343201	0.222222	0.37037	-0.111111	0 	0 	-0.037037	
68	0.135124	0.360991	0.222222	0.37037	-0.111111	0 	0 	-0.037037	
528	0.110004	0.358157	0.111111	0.333333	-0.037037	0 	0 	0.111111	
24	0.0717859	0.370274	0.111111	0.333333	-0.037037	0 	0 	0.111111	
303	0.0996396	0.371752	0.111111	0.333333	-0.037037	0 	0 	0.111111	
579	0.0641401	0.429141	0.0740741	0.444444	-0.037037	0 	0 	-0.111111	
354	0.0676779	0.435074	0.0740741	0.444444	-0.037037	0 	0 	-0.111111	
156	0.0370686	0.335149	0.0740741	0.444444	-0.037037	0 	0 	-0.111111	
405	0.0330845	0.367633	0.037037	0.333333	-0.037037	0 	0 	0.111111	
711	0.0284592	0.394827	0.037037	0.333333	-0.037037	0 	0 	0.111111	
207	0.00936535	0.409255	0.037037	0.333333	-0.037037	0 	0 	0.111111	
637	0.00438172	0.446246	0	0.444444	0.111111	0 	0 	0.037037	
271	0.00511843	0.479863	0	0.444444	0.111111	0 	0 	0.037037	
184	0.107048	0.471968	0	0.444444	0.111111	0 	0 	0.037037	
463	0.0995622	0.502609	0.111111	0.481481	-0.111111	0 	0 	0.037037	
496	0.0521262	0.491084	0.111111	0.481481	-0.111111	0 	0 	0.037037	
133	0.035926	0.511895	0.111111	0.481481	-0.111111	0 	0 	0.037037	
331	0.0143751	0.548807	0	0.518519	0.111111	0 	0 	0.037037	
73	0.0617284	0.54321	0	0.518519	0.111111	0 	0 	0.037037	
688	0.10097	0.526053	0	0.518519	0.111111	0 	0 	0.037037	
380	0.106447	0.568881	0.111111	0.555556	-0.037037	0 	0 	0.111111	
605	0.0999412	0.577359	0.111111	0.555556	-0.037037	0 	0 	0.111111	
101	0.090535	0.650206	0.111111	0.555556	-0.037037	0 	0 	0.111111	
440	0.0558592	0.625021	0.0740741	0.666667	-0.037037	0 	0 	-0.111111	
242	0.0702212	0.654001	0.0740741	0.666667	-0.037037	0 	0 	-0.111111	
665	0.0719184	0.582012	0.0740741	0.666667	-0.037037	0 	0 	-0.111111	
50	0.0347001	0.562211	0.037037	0.555556	-0.037037	0 	0 	0.111111	
248	0.0362822	0.603434	0.037037	0.555556	-0.037037	0 	0 	0.111111	
554	0.00274348	0.663923	0.037037	0.555556	-0.037037	0 	0 	0.111111	
567	0.0409667	0.669595	0	0.666667	0.111111	0 	0 	0.037037	
318	0.0507545	0.698217	0	0.666667	0.111111	0 	0 	0.037037	
204	0.086046	0.675198	0	0.666667	0.111111	0 	0 	0.037037	
429	0.0993026	0.737102	0.111111	0.703704	-0.111111	0 	0 	0.037037	
516	0.110604	0.705495	0.111111	0.703704	-0.111111	0 	0 	0.037037	
144	0.00887528	0.707704	0.111111	0.703704	-0.111111	0 	0 	0.037037	
369	0.00231217	0.777527	0	0.740741	0.111111	0 	0 	0.037037	
12	0.0337809	0.743307	0	0.740741	0.111111	0 	0 	0.037037	
708	0.0144108	0.744636	0	0.740741	0.111111	0 	0 	0.037037	
167	0.144033	0.769547	0.111111	0.777778	0.037037	0 	0 	-0.111111	
698	0.132836	0.706658	0.111111	0.777778	0.037037	0 	0 	-0.111111	
473	0.114598	0.777772	0.111111	0.777778	0.037037	0 	0 	-0.111111	
116	0.178948	0.691092	0.148148	0.666667	0.037037	0 	0 	0.111111	
341	0.152388	0.677931	0.148148	0.666667	0.037037	0 	0 	0.111111	
647	0.162624	0.748256	0.148148	0.666667	0.037037	0 	0 	0.111111	
281	0.187323	0.769915	0.185185	0.777778	0.037037	0 	0 	-0.111111	
56	0.214075	0.726555	0.185185	0.777778	0.037037	0 	0 	-0.111111	
506	0.199055	0.673072	0.185185	0.777778	0.037037	0 	0 	-0.111111	
52	0.227991	0.689855	0.222222	0.666667	0.111111	0 	0 	0.037037	
658	0.273506	0.692424	0.222222	0.666667	0.111111	0 	0 	0.037037	
382	0.326475	0.66941	0.222222	0.666667	0.111111	0 	0 	0.037037	
607	0.332257	0.732413	0.333333	0.703704	-0.111111	0 	0 	0.037037	
235	0.279524	0.722189	0.333333	0.703704	-0.111111	0 	0 	0.037037	
250	0.248285	0.710562	0.333333	0.703704	-0.111111	0 	0 	0.037037	
556	0.225943	0.77747	0.222222	0.740741	0.111111	0 	0 	0.037037	
433	0.229655	0.749052	0.222222	0.740741	0.111111	0 	0 	0.037037	
103	0.312757	0.761317	0.222222	0.740741	0.111111	0 	0 	0.037037	
524	0.329092	0.84521	0.333333	0.777778	-0.037037	0 	0 	0.111111	
20	0.320669	0.800374	0.333333	0.777778	-0.037037	0 	0 	0.111111	
299	0.319849	0.878333	0.333333	0.777778	-0.037037	0 	0 	0.111111	
584	0.283967	0.88415	0.296296	0.888889	-0.037037	0 	0 	-0.111111	
359	0.284279	0.844498	0.296296	0.888889	-0.037037	0 	0 	-0.111111	
161	0.263374	0.786008	0.296296	0.888889	-0.037037	0 	0 	-0.111111	
410	0.24304	0.814307	0.259259	0.777778	-0.037037	0 	0 	0.111111	
716	0.256761	0.827363	0.259259	0.777778	-0.037037	0 	0 	0.111111	
212	0.230453	0.855967	0.259259	0.777778	-0.037037	0 	0 	0.111111	
672	0.208491	0.870755	0.222222	0.888889	-0.111111	0 	0 	-0.037037	
30	0.156343	0.865004	0.222222	0.888889	-0.111111	0 	0 	-0.037037	
387	0.136637	0.856496	0.222222	0.888889	-0.111111	0 	0 	-0.037037	
81	0.150756	0.84795	0.111111	0.851852	0.111111	0 	0 	-0.037037	
561	0.117247	0.834547	0.111111	0.851852	0.111111	0 	0 	-0.037037	
447	0.219479	0.825789	0.111111	0.851852	0.111111	0 	0 	-0.037037	
222	0.206542	0.800944	0.222222	0.814815	-0.111111	0 	0 	-0.037037	
255	0.181595	0.782811	0.222222	0.814815	-0.111111	0 	0 	-0.037037	
612	0.116651	0.807187	0.222222	0.814815	-0.111111	0 	0 	-0.037037	
346	0.108632	0.780381	0.111111	0.777778	-0.037037	0 	0 	0.111111	
625	0.101644	0.797756	0.111111	0.777778	-0.037037	0 	0 	0.111111	
121	0.108832	0.88268	0.111111	0.777778	-0.037037	0 	0 	0.111111	
478	0.0713446	0.887369	0.0740741	0.888889	-0.037037	0 	0 	-0.111111	
172	0.0697288	0.851934	0.0740741	0.888889	-0.037037	0 	0 	-0.111111	
676	0.0700623	0.778737	0.0740741	0.888889	-0.037037	0 	0 	-0.111111	
70	0.0253544	0.784366	0.037037	0.777778	-0.037037	0 	0 	0.111111	
295	0.0284142	0.851159	0.037037	0.777778	-0.037037	0 	0 	0.111111	
493	0.0299299	0.824574	0.037037	0.777778	-0.037037	0 	0 	0.111111	
455	0.0342936	0.899863	0	0.888889	0.111111	0 	0 	0.037037	
98	0.0171199	0.920643	0	0.888889	0.111111	0 	0 	0.037037	
542	0.0768176	0.923182	0	0.888889	0.111111	0 	0 	0.037037	
38	0.108727	0.931297	0.111111	0.925926	-0.111111	0 	0 	0.037037	
404	0.0568809	0.928499	0.111111	0.925926	-0.111111	0 	0 	0.037037	
653	0.000975931	0.937139	0.111111	0.925926	-0.111111	0 	0 	0.037037	
230	0.0339447	0.990591	0	0.962963	0.111111	0 	0 	0.037037	
602	0.0493674	0.992829	0	0.962963	0.111111	0 	0 	0.037037	
263	0.105898	0.968338	0	0.962963	0.111111	0 	0 	0.037037	
538	0.114334	0.989209	0.111111	1	0.037037	0 	0 	-0.111111	
313	0.123672	0.913361	0.111111	1	0.037037	0 	0 	-0.111111	
7	0.111536	0.890601	0.111111	1	0.037037	0 	0 	-0.111111	
721	0.186161	0.897336	0.148148	0.888889	0.037037	0 	0 	0.111111	
190	0.150477	0.93112	0.148148	0.888889	0.037037	0 	0 	0.111111	
415	0.170096	0.998628	0.148148	0.888889	0.037037	0 	0 	0.111111	
139	0.195348	0.966095	0.185185	1	0.037037	0 	0 	-0.111111	
589	0.217993	0.944141	0.185185	1	0.037037	0 	0 	-0.111111	
364	0.189144	0.921303	0.185185	1	0.037037	0 	0 	-0.111111	
630	0.228471	0.90466	0.222222	0.888889	0.111111	0 	0 	0.037037	
273	0.247034	0.915119	0.222222	0.888889	0.111111	0 	0 	0.037037	
186	0.332609	0.915946	0.222222	0.888889	0.111111	0 	0 	0.037037	
465	0.333031	0.933793	0.333333	0.925926	-0.111111	0 	0 	0.037037	
498	0.280695	0.940913	0.333333	0.925926	-0.111111	0 	0 	0.037037	
126	0.251029	0.958848	0.333333	0.925926	-0.111111	0 	0 	0.037037	
324	0.23818	0.999345	0.222222	0.962963	0.111111	0 	0 	0.037037	
75	0.266533	0.977067	0.222222	0.962963	0.111111	0 	0 	0.037037	
690	0.319616	0.964335	0.222222	0.962963	0.111111	0 	0 	0.037037	
553	0.33666	0.999232	0.333333	1	0.037037	0 	0 	-0.111111	
247	0.357762	0.932241	0.333333	1	0.037037	0 	0 	-0.111111	
49	0.333419	0.905928	0.333333	1	0.037037	0 	0 	-0.111111	
664	0.37838	0.908086	0.37037	0.888889	0.037037	0 	0 	0.111111	
241	0.398366	0.941673	0.37037	0.888889	0.037037	0 	0 	0.111111	
439	0.399821	0.972186	0.37037	0.888889	0.037037	0 	0 	0.111111	
100	0.416208	0.975778	0.407407	1	0.037037	0 	0 	-0.111111	
604	0.422186	0.949556	0.407407	1	0.037037	0 	0 	-0.111111	
379	0.437586	0.891632	0.407407	1	0.037037	0 	0 	-0.111111	
687	0.435202	0.878501	0.444444	0.888889	-0.111111	0 	0 	-0.037037	
72	0.412831	0.887095	0.444444	0.888889	-0.111111	0 	0 	-0.037037	
330	0.33882	0.866941	0.444444	0.888889	-0.111111	0 	0 	-0.037037	
132	0.365462	0.849573	0.333333	0.851852	0.111111	0 	0 	-0.037037	
495	0.383939	0.822413	0.333333	0.851852	0.111111	0 	0 	-0.037037	
462	0.420068	0.83877	0.333333	0.851852	0.111111	0 	0 	-0.037037	
183	0.436833	0.805344	0.444444	0.814815	-0.111111	0 	0 	-0.037037	
270	0.370398	0.797256	0.444444	0.814815	-0.111111	0 	0 	-0.037037	
636	0.351165	0.787307	0.444444	0.814815	-0.111111	0 	0 	-0.037037	
209	0.334284	0.769783	0.333333	0.777778	0.037037	0 	0 	-0.111111	
713	0.368999	0.717421	0.333333	0.777778	0.037037	0 	0 	-0.111111	
407	0.33801	0.699106	0.333333	0.777778	0.037037	0 	0 	-0.111111	
158	0.375604	0.681323	0.37037	0.666667	0.037037	0 	0 	0.111111	
356	0.387496	0.731697	0.37037	0.666667	0.037037	0 	0 	0.111111	
581	0.40192	0.758573	0.37037	0.666667	0.037037	0 	0 	0.111111	
305	0.416544	0.775006	0.407407	0.777778	0.037037	0 	0 	-0.111111	
26	0.407407	0.703704	0.407407	0.777778	0.037037	0 	0 	-0.111111	
530	0.429375	0.689662	0.407407	0.777778	0.037037	0 	0 	-0.111111	
67	0.468538	0.703568	0.444444	0.666667	0.111111	0 	0 	0.037037	
682	0.504801	0.668038	0.444444	0.666667	0.111111	0 	0 	0.037037	
343	0.447869	0.680684	0.444444	0.666667	0.111111	0 	0 	0.037037	
622	0.535677	0.722117	0.555556	0.703704	-0.111111	0 	0 	0.037037	
178	0.509605	0.730728	0.555556	0.703704	-0.111111	0 	0 	0.037037	
292	0.445816	0.722908	0.555556	0.703704	-0.111111	0 	0 	0.037037	
490	0.44587	0.74735	0.444444	0.740741	0.111111	0 	0 	0.037037	
484	0.483946	0.764046	0.444444	0.740741	0.111111	0 	0 	0.037037	
118	0.549424	0.774703	0.444444	0.740741	0.111111	0 	0 	0.037037	
548	0.547864	0.814906	0.555556	0.777778	-0.037037	0 	0 	0.111111	
44	0.530864	0.82716	0.555556	0.777778	-0.037037	0 	0 	0.111111	
269	0.551444	0.846605	0.555556	0.777778	-0.037037	0 	0 	0.111111	
599	0.516752	0.866062	0.518519	0.888889	-0.037037	0 	0 	-0.111111	
401	0.512342	0.806923	0.518519	0.888889	-0.037037	0 	0 	-0.111111	
95	0.497942	0.798354	0.518519	0.888889	-0.037037	0 	0 	-0.111111	
452	0.4812	0.806661	0.481481	0.777778	-0.037037	0 	0 	0.111111	
650	0.45928	0.835884	0.481481	0.777778	-0.037037	0 	0 	0.111111	
227	0.476942	0.882508	0.481481	0.777778	-0.037037	0 	0 	0.111111	
573	0.474908	0.91107	0.444444	0.888889	0.111111	0 	0 	0.037037	
315	0.492269	0.917767	0.444444	0.888889	0.111111	0 	0 	0.037037	
201	0.512777	0.902256	0.444444	0.888889	0.111111	0 	0 	0.037037	
426	0.549527	0.933136	0.555556	0.925926	-0.111111	0 	0 	0.037037	
513	0.541608	0.942033	0.555556	0.925926	-0.111111	0 	0 	0.037037	
150	0.44856	0.934156	0.555556	0.925926	-0.111111	0 	0 	0.037037	
375	0.451866	0.991121	0.444444	0.962963	0.111111	0 	0 	0.037037	
9	0.486497	0.96736	0.444444	0.962963	0.111111	0 	0 	0.037037	
705	0.554184	0.97668	0.444444	0.962963	0.111111	0 	0 	0.037037	
164	0.563741	0.995284	0.555556	1	0.037037	0 	0 	-0.111111	
695	0.568561	0.932679	0.555556	1	0.037037	0 	0 	-0.111111	
470	0.565158	0.912209	0.555556	1	0.037037	0 	0 	-0.111111	
113	0.621399	0.921811	0.592593	0.888889	0.037037	0 	0 	0.111111	
338	0.600646	0.892825	0.592593	0.888889	0.037037	0 	0 	0.111111	
644	0.60152	0.974319	0.592593	0.888889	0.037037	0 	0 	0.111111	
287	0.629881	0.969956	0.62963	1	0.037037	0 	0 	-0.111111	
62	0.642263	0.949075	0.62963	1	0.037037	0 	0 	-0.111111	
512	0.648577	0.901471	0.62963	1	0.037037	0 	0 	-0.111111	
136	0.646392	0.861688	0.666667	0.888889	-0.111111	0 	0 	-0.037037	
421	0.62813	0.870932	0.666667	0.888889	-0.111111	0 	0 	-0.037037	
535	0.587402	0.881392	0.666667	0.888889	-0.111111	0 	0 	-0.037037	
310	0.563719	0.816485	0.555556	0.851852	0.111111	0 	0 	-0.037037	
196	0.602867	0.821693	0.555556	0.851852	0.111111	0 	0 	-0.037037	
586	0.661633	0.833628	0.555556	0.851852	0.111111	0 	0 	-0.037037	
361	0.660084	0.805604	0.666667	0.814815	-0.111111	0 	0 	-0.037037	
727	0.660792	0.814786	0.666667	0.814815	-0.111111	0 	0 	-0.037037	
4	0.563442	0.78165	0.666667	0.814815	-0.111111	0 	0 	-0.037037	
393	0.584972	0.744593	0.555556	0.777778	0.037037	0 	0 	-0.111111	
87	0.576202	0.722712	0.555556	0.777778	0.037037	0 	0 	-0.111111	
618	0.559558	0.704902	0.555556	0.777778	0.037037	0 	0 	-0.111111	
252	0.596504	0.670785	0.592593	0.666667	0.037037	0 	0 	0.111111	
558	0.593647	0.732626	0.592593	0.666667	0.037037	0 	0 	0.111111	
27	0.59574	0.67099	0.592593	0.666667	0.037037	0 	0 	0.111111	
669	0.633824	0.771671	0.62963	0.777778	0.037037	0 	0 	-0.111111	
444	0.665084	0.713437	0.62963	0.777778	0.037037	0 	0 	-0.111111	
219	0.655122	0.686694	0.62963	0.777778	0.037037	0 	0 	-0.111111	
1	0.66981	0.677311	0.666667	0.666667	0.111111	0 	0 	0.037037	
724	0.742738	0.683449	0.666667	0.666667	0.111111	0 	0 	0.037037	
367	0.758573	0.694102	0.666667	0.666667	0.111111	0 	0 	0.037037	
592	0.768842	0.722098	0.777778	0.703704	-0.111111	0 	0 	0.037037	
193	0.709838	0.706437	0.777778	0.703704	-0.111111	0 	0 	0.037037	
307	0.680384	0.735254	0.777778	0.703704	-0.111111	0 	0 	0.037037	
532	0.671088	0.749586	0.666667	0.740741	0.111111	0 	0 	0.037037	
418	0.668445	0.751029	0.666667	0.740741	0.111111	0 	0 	0.037037	
142	0.743697	0.750001	0.666667	0.740741	0.111111	0 	0 	0.037037	
327	0.782798	0.757992	0.777778	0.777778	0.037037	0 	0 	-0.111111	
129	0.787143	0.758599	0.777778	0.777778	0.037037	0 	0 	-0.111111	
633	0.796982	0.672154	0.777778	0.777778	0.037037	0 	0 	-0.111111	
276	0.818424	0.681708	0.814815	0.666667	0.037037	0 	0 	0.111111	
501	0.825307	0.717893	0.814815	0.666667	0.037037	0 	0 	0.111111	
78	0.842252	0.775539	0.814815	0.666667	0.037037	0 	0 	0.111111	
684	0.856695	0.750246	0.851852	0.777778	0.037037	0 	0 	-0.111111	
459	0.858217	0.724278	0.851852	0.777778	0.037037	0 	0 	-0.111111	
180	0.882279	0.692922	0.851852	0.777778	0.037037	0 	0 	-0.111111	
458	0.896431	0.67161	0.888889	0.666667	0.111111	0 	0 	0.037037	
92	0.914099	0.678819	0.888889	0.666667	0.111111	0 	0 	0.037037	
545	0.966932	0.699303	0.888889	0.666667	0.111111	0 	0 	0.037037	
41	0.983867	0.723837	1	0.703704	-0.111111	0 	0 	0.037037	
398	0.967117	0.71884	1	0.703704	-0.111111	0 	0 	0.037037	
656	0.89685	0.735034	1	0.703704	-0.111111	0 	0 	0.037037	
233	0.89396	0.751078	0.888889	0.740741	0.111111	0 	0 	0.037037	
596	0.902266	0.760502	0.888889	0.740741	0.111111	0 	0 	0.037037	
266	1.0005	0.745235	0.888889	0.740741	0.111111	0 	0 	0.037037	
198	0.992742	0.786392	1	0.777778	-0.037037	0 	0 	0.111111	
423	0.978651	0.86368	1	0.777778	-0.037037	0 	0 	0.111111	
702	0.995183	0.880938	1	0.777778	-0.037037	0 	0 	0.111111	
15	0.948517	0.87282	0.962963	0.888889	-0.037037	0 	0 	-0.111111	
519	0.935384	0.835598	0.962963	0.888889	-0.037037	0 	0 	-0.111111	
321	0.956448	0.806567	0.962963	0.888889	-0.037037	0 	0 	-0.111111	
570	0.923716	0.797301	0.925926	0.777778	-0.037037	0 	0 	0.111111	
147	0.89337	0.826496	0.925926	0.777778	-0.037037	0 	0 	0.111111	
372	0.92416	0.860914	0.925926	0.777778	-0.037037	0 	0 	0.111111	
106	0.881075	0.881173	0.888889	0.888889	-0.111111	0 	0 	-0.037037	
436	0.850289	0.861113	0.888889	0.888889	-0.111111	0 	0 	-0.037037	
550	0.780521	0.886145	0.888889	0.888889	-0.111111	0 	0 	-0.037037	
244	0.790253	0.846183	0.777778	0.851852	0.111111	0 	0 	-0.037037	
238	0.835391	0.831276	0.777778	0.851852	0.111111	0 	0 	-0.037037	
610	0.8591	0.847286	0.777778	0.851852	0.111111	0 	0 	-0.037037	
385	0.883085	0.777936	0.888889	0.814815	-0.111111	0 	0 	-0.037037	
661	0.880136	0.80918	0.888889	0.814815	-0.111111	0 	0 	-0.037037	
46	0.790123	0.790123	0.888889	0.814815	-0.111111	0 	0 	-0.037037	
509	0.764752	0.791238	0.777778	0.777778	-0.037037	0 	0 	0.111111	
59	0.765432	0.839506	0.777778	0.777778	-0.037037	0 	0 	0.111111	
284	0.742112	0.871056	0.777778	0.777778	-0.037037	0 	0 	0.111111	
641	0.737365	0.886563	0.740741	0.888889	-0.037037	0 	0 	-0.111111	
335	0.718446	0.825844	0.740741	0.888889	-0.037037	0 	0 	-0.111111	
110	0.729716	0.813638	0.740741	0.888889	-0.037037	0 	0 	-0.111111	
476	0.70291	0.787786	0.703704	0.777778	-0.037037	0 	0 	0.111111	
701	0.70333	0.789621	0.703704	0.777778	-0.037037	0 	0 	0.111111	
170	0.700228	0.879713	0.703704	0.777778	-0.037037	0 	0 	0.111111	
615	0.667168	0.908175	0.666667	0.888889	0.111111	0 	0 	0.037037	
258	0.679152	0.901571	0.666667	0.888889	0.111111	0 	0 	0.037037	
216	0.760398	0.904375	0.666667	0.888889	0.111111	0 	0 	0.037037	
441	0.75908	0.934929	0.777778	0.925926	-0.111111	0 	0 	0.037037	
564	0.776923	0.936708	0.777778	0.925926	-0.111111	0 	0 	0.037037	
84	0.683128	0.946502	0.777778	0.925926	-0.111111	0 	0 	0.037037	
390	0.679556	0.997879	0.666667	0.962963	0.111111	0 	0 	0.037037	
33	0.719785	0.971675	0.666667	0.962963	0.111111	0 	0 	0.037037	
666	0.747427	0.994542	0.666667	0.962963	0.111111	0 	0 	0.037037	
215	0.789109	0.963611	0.777778	1	0.037037	0 	0 	-0.111111	
719	0.789071	0.99667	0.777778	1	0.037037	0 	0 	-0.111111	
413	0.785676	0.952945	0.777778	1	0.037037	0 	0 	-0.111111	
155	0.82213	0.896859	0.814815	0.888889	0.037037	0 	0 	0.111111	
353	0.824835	0.906556	0.814815	0.888889	0.037037	0 	0 	0.111111	
578	0.846365	0.980796	0.814815	0.888889	0.037037	0 	0 	0.111111	
302	0.860273	0.987258	0.851852	1	0.037037	0 	0 	-0.111111	
23	0.85284	0.920841	0.851852	1	0.037037	0 	0 	-0.111111	
527	0.874299	0.922254	0.851852	1	0.037037	0 	0 	-0.111111	
64	0.913341	0.910023	0.888889	0.888889	0.111111	0 	0 	0.037037	
679	0.909896	0.896456	0.888889	0.888889	0.111111	0 	0 	0.037037	
349	0.974294	0.910445	0.888889	0.888889	0.111111	0 	0 	0.037037	
628	0.972132	0.926563	1	0.925926	-0.111111	0 	0 	0.037037	
175	0.998653	0.945799	1	0.925926	-0.111111	0 	0 	0.037037	
289	0.91869	0.943508	1	0.925926	-0.111111	0 	0 	0.037037	
487	0.914611	0.963923	0.888889	0.962963	0.111111	0 	0 	0.037037	
481	0.907147	0.975233	0.888889	0.962963	0.111111	0 	0 	0.037037	
124	0.986092	0.989557	0.888889	0.962963	0.111111	0 	0 	0.037037	
