0	0.00912463	0.00912619	0	0	0.111111	0 	0 	0.037037	
192	0.0506949	0.0449926	0.111111	0.037037	-0.111111	0 	0 	0.037037	
306	0.0604396	0.059005	0.111111	0.037037	-0.111111	0 	0 	0.037037	
141	0.00125134	0.084624	0	0.0740741	0.111111	0 	0 	0.037037	
131	0.133161	0.0683081	0.111111	0.111111	0.037037	0 	0 	-0.111111	
278	0.1579	0.0426366	0.148148	0	0.037037	0 	0 	0.111111	
80	0.172689	0.00826099	0.148148	0	0.037037	0 	0 	0.111111	
182	0.20335	0.0432411	0.185185	0.111111	0.037037	0 	0 	-0.111111	
91	0.29111	0.0202316	0.222222	0	0.111111	0 	0 	0.037037	
40	0.301077	0.0532026	0.333333	0.037037	-0.111111	0 	0 	0.037037	
232	0.251636	0.102315	0.222222	0.0740741	0.111111	0 	0 	0.037037	
265	0.223567	0.0774805	0.222222	0.0740741	0.111111	0 	0 	0.037037	
200	0.324158	0.121279	0.333333	0.111111	-0.037037	0 	0 	0.111111	
17	0.296281	0.191543	0.296296	0.222222	-0.037037	0 	0 	-0.111111	
323	0.291226	0.218373	0.296296	0.222222	-0.037037	0 	0 	-0.111111	
149	0.224294	0.156926	0.259259	0.111111	-0.037037	0 	0 	0.111111	
105	0.207228	0.206319	0.222222	0.222222	-0.111111	0 	0 	-0.037037	
243	0.120183	0.178559	0.111111	0.185185	0.111111	0 	0 	-0.037037	
237	0.160287	0.159675	0.111111	0.185185	0.111111	0 	0 	-0.037037	
45	0.190451	0.146438	0.222222	0.148148	-0.111111	0 	0 	-0.037037	
58	0.10122	0.162319	0.111111	0.111111	-0.037037	0 	0 	0.111111	
283	0.0833211	0.215191	0.111111	0.111111	-0.037037	0 	0 	0.111111	
109	0.0629644	0.131239	0.0740741	0.222222	-0.037037	0 	0 	-0.111111	
169	0.0223418	0.15497	0.037037	0.111111	-0.037037	0 	0 	0.111111	
260	0.0165816	0.238419	0	0.222222	0.111111	0 	0 	0.037037	
218	0.092741	0.236555	0	0.222222	0.111111	0 	0 	0.037037	
86	0.0176623	0.28522	0.111111	0.259259	-0.111111	0 	0 	0.037037	
35	0.0552454	0.305259	0	0.296296	0.111111	0 	0 	0.037037	
214	0.114127	0.306195	0.111111	0.333333	0.037037	0 	0 	-0.111111	
154	0.167647	0.252315	0.148148	0.222222	0.037037	0 	0 	0.111111	
301	0.19494	0.319263	0.185185	0.333333	0.037037	0 	0 	-0.111111	
22	0.186382	0.306282	0.185185	0.333333	0.037037	0 	0 	-0.111111	
63	0.24907	0.243579	0.222222	0.222222	0.111111	0 	0 	0.037037	
174	0.290774	0.286305	0.333333	0.259259	-0.111111	0 	0 	0.037037	
288	0.223594	0.278464	0.333333	0.259259	-0.111111	0 	0 	0.037037	
123	0.236555	0.306586	0.222222	0.296296	0.111111	0 	0 	0.037037	
229	0.339873	0.312024	0.333333	0.333333	0.037037	0 	0 	-0.111111	
97	0.370674	0.233578	0.37037	0.222222	0.037037	0 	0 	0.111111	
262	0.416847	0.319141	0.407407	0.333333	0.037037	0 	0 	-0.111111	
37	0.408521	0.292519	0.407407	0.333333	0.037037	0 	0 	-0.111111	
120	0.427013	0.219378	0.444444	0.222222	-0.111111	0 	0 	-0.037037	
294	0.352277	0.177747	0.333333	0.185185	0.111111	0 	0 	-0.037037	
171	0.403327	0.18133	0.333333	0.185185	0.111111	0 	0 	-0.037037	
69	0.357286	0.140232	0.444444	0.148148	-0.111111	0 	0 	-0.037037	
146	0.338083	0.109756	0.333333	0.111111	0.037037	0 	0 	-0.111111	
320	0.372863	0.0177262	0.37037	0	0.037037	0 	0 	0.111111	
14	0.37037	0.0740741	0.37037	0	0.037037	0 	0 	0.111111	
206	0.410247	0.0422029	0.407407	0.111111	0.037037	0 	0 	-0.111111	
115	0.503159	0.0315374	0.444444	0	0.111111	0 	0 	0.037037	
55	0.554	0.0509232	0.555556	0.037037	-0.111111	0 	0 	0.037037	
166	0.474231	0.0755549	0.444444	0.0740741	0.111111	0 	0 	0.037037	
280	0.451098	0.0962527	0.444444	0.0740741	0.111111	0 	0 	0.037037	
224	0.550723	0.142459	0.555556	0.111111	-0.037037	0 	0 	0.111111	
32	0.497968	0.190717	0.518519	0.222222	-0.037037	0 	0 	-0.111111	
257	0.509602	0.118625	0.518519	0.222222	-0.037037	0 	0 	-0.111111	
83	0.477527	0.152698	0.481481	0.111111	-0.037037	0 	0 	0.111111	
6	0.44619	0.227991	0.444444	0.222222	0.111111	0 	0 	0.037037	
189	0.541744	0.260702	0.555556	0.259259	-0.111111	0 	0 	0.037037	
312	0.466382	0.28622	0.555556	0.259259	-0.111111	0 	0 	0.037037	
138	0.531064	0.309129	0.444444	0.296296	0.111111	0 	0 	0.037037	
128	0.569521	0.288284	0.555556	0.333333	0.037037	0 	0 	-0.111111	
275	0.602883	0.291277	0.592593	0.222222	0.037037	0 	0 	0.111111	
77	0.599035	0.222586	0.592593	0.222222	0.037037	0 	0 	0.111111	
188	0.647125	0.246414	0.62963	0.333333	0.037037	0 	0 	-0.111111	
298	0.644883	0.213387	0.666667	0.222222	-0.111111	0 	0 	-0.037037	
211	0.563786	0.1893	0.666667	0.222222	-0.111111	0 	0 	-0.037037	
19	0.628094	0.15744	0.555556	0.185185	0.111111	0 	0 	-0.037037	
160	0.598076	0.12073	0.666667	0.148148	-0.111111	0 	0 	-0.037037	
249	0.573444	0.0283053	0.555556	0.111111	0.037037	0 	0 	-0.111111	
51	0.573356	0.00811158	0.555556	0.111111	0.037037	0 	0 	-0.111111	
234	0.620254	0.0244124	0.592593	0	0.037037	0 	0 	0.111111	
102	0.645403	0.0958866	0.62963	0.111111	0.037037	0 	0 	-0.111111	
157	0.670715	0.00218187	0.666667	0	0.111111	0 	0 	0.037037	
25	0.744664	0.05825	0.777778	0.037037	-0.111111	0 	0 	0.037037	
208	0.67542	0.0822817	0.666667	0.0740741	0.111111	0 	0 	0.037037	
304	0.754458	0.105624	0.666667	0.0740741	0.111111	0 	0 	0.037037	
291	0.784006	0.0800267	0.777778	0.111111	0.037037	0 	0 	-0.111111	
66	0.80993	0.0271445	0.777778	0.111111	0.037037	0 	0 	-0.111111	
177	0.825402	0.00981418	0.814815	0	0.037037	0 	0 	0.111111	
117	0.855487	0.0535737	0.851852	0.111111	0.037037	0 	0 	-0.111111	
254	0.941448	0.0022507	0.888889	0	0.111111	0 	0 	0.037037	
221	0.983539	0.0164609	0.888889	0	0.111111	0 	0 	0.037037	
89	0.907256	0.0634623	1	0.037037	-0.111111	0 	0 	0.037037	
29	0.955419	0.101332	0.888889	0.0740741	0.111111	0 	0 	0.037037	
135	0.970377	0.187185	1	0.111111	-0.037037	0 	0 	0.111111	
195	0.958578	0.181121	0.962963	0.222222	-0.037037	0 	0 	-0.111111	
3	0.875707	0.122301	0.925926	0.111111	-0.037037	0 	0 	0.111111	
309	0.922081	0.144905	0.925926	0.111111	-0.037037	0 	0 	0.111111	
268	0.877849	0.208382	0.888889	0.222222	-0.111111	0 	0 	-0.037037	
226	0.798354	0.201646	0.888889	0.222222	-0.111111	0 	0 	-0.037037	
43	0.867284	0.166807	0.777778	0.185185	0.111111	0 	0 	-0.037037	
94	0.839864	0.111151	0.888889	0.148148	-0.111111	0 	0 	-0.037037	
185	0.772862	0.1449	0.777778	0.111111	-0.037037	0 	0 	0.111111	
74	0.730472	0.205083	0.740741	0.222222	-0.037037	0 	0 	-0.111111	
272	0.730815	0.113624	0.740741	0.222222	-0.037037	0 	0 	-0.111111	
134	0.701068	0.163947	0.703704	0.111111	-0.037037	0 	0 	0.111111	
48	0.669442	0.237099	0.666667	0.222222	0.111111	0 	0 	0.037037	
240	0.769526	0.270429	0.777778	0.259259	-0.111111	0 	0 	0.037037	
246	0.697562	0.264869	0.777778	0.259259	-0.111111	0 	0 	0.037037	
99	0.68441	0.313094	0.666667	0.296296	0.111111	0 	0 	0.037037	
152	0.787428	0.329815	0.777778	0.333333	0.037037	0 	0 	-0.111111	
317	0.822127	0.230536	0.814815	0.222222	0.037037	0 	0 	0.111111	
11	0.822969	0.289971	0.814815	0.222222	0.037037	0 	0 	0.111111	
203	0.864877	0.236552	0.851852	0.333333	0.037037	0 	0 	-0.111111	
112	0.942143	0.23415	0.888889	0.222222	0.111111	0 	0 	0.037037	
61	0.998532	0.280264	1	0.259259	-0.111111	0 	0 	0.037037	
163	0.889398	0.314453	0.888889	0.296296	0.111111	0 	0 	0.037037	
286	0.893713	0.296677	0.888889	0.296296	0.111111	0 	0 	0.037037	
104	0.979109	0.345825	1	0.333333	-0.037037	0 	0 	0.111111	
236	0.958259	0.414886	0.962963	0.444444	-0.037037	0 	0 	-0.111111	
53	0.923289	0.335965	0.925926	0.333333	-0.037037	0 	0 	0.111111	
251	0.925902	0.348658	0.925926	0.333333	-0.037037	0 	0 	0.111111	
159	0.906179	0.460697	0.888889	0.444444	0.111111	0 	0 	0.037037	
18	0.995789	0.486625	1	0.481481	-0.111111	0 	0 	0.037037	
210	0.938651	0.542761	0.888889	0.518519	0.111111	0 	0 	0.037037	
297	0.904953	0.520144	0.888889	0.518519	0.111111	0 	0 	0.037037	
187	0.998644	0.580185	1	0.555556	-0.037037	0 	0 	0.111111	
76	0.958475	0.614101	0.962963	0.666667	-0.037037	0 	0 	-0.111111	
274	0.928544	0.576087	0.962963	0.666667	-0.037037	0 	0 	-0.111111	
127	0.925859	0.620498	0.925926	0.555556	-0.037037	0 	0 	0.111111	
140	0.868931	0.647212	0.888889	0.666667	-0.111111	0 	0 	-0.037037	
314	0.797751	0.629339	0.777778	0.62963	0.111111	0 	0 	-0.037037	
191	0.823709	0.593449	0.777778	0.62963	0.111111	0 	0 	-0.037037	
8	0.777778	0.555556	0.888889	0.592593	-0.111111	0 	0 	-0.037037	
82	0.788735	0.534856	0.777778	0.555556	0.037037	0 	0 	-0.111111	
256	0.821215	0.445944	0.814815	0.444444	0.037037	0 	0 	0.111111	
31	0.834879	0.523772	0.814815	0.444444	0.037037	0 	0 	0.111111	
223	0.867044	0.491093	0.851852	0.555556	0.037037	0 	0 	-0.111111	
279	0.874009	0.434884	0.888889	0.444444	-0.111111	0 	0 	-0.037037	
165	0.8107	0.436214	0.888889	0.444444	-0.111111	0 	0 	-0.037037	
54	0.876543	0.395062	0.777778	0.407407	0.111111	0 	0 	-0.037037	
114	0.82934	0.367611	0.888889	0.37037	-0.111111	0 	0 	-0.037037	
205	0.745582	0.338401	0.777778	0.333333	-0.037037	0 	0 	0.111111	
13	0.730945	0.371196	0.740741	0.444444	-0.037037	0 	0 	-0.111111	
319	0.74004	0.435322	0.740741	0.444444	-0.037037	0 	0 	-0.111111	
145	0.700162	0.34573	0.703704	0.333333	-0.037037	0 	0 	0.111111	
71	0.691358	0.469136	0.666667	0.444444	0.111111	0 	0 	0.037037	
173	0.757331	0.486683	0.777778	0.481481	-0.111111	0 	0 	0.037037	
296	0.667273	0.494938	0.777778	0.481481	-0.111111	0 	0 	0.037037	
122	0.678236	0.549538	0.666667	0.518519	0.111111	0 	0 	0.037037	
36	0.774149	0.575837	0.777778	0.555556	-0.037037	0 	0 	0.111111	
261	0.766804	0.636488	0.777778	0.555556	-0.037037	0 	0 	0.111111	
96	0.726136	0.576006	0.740741	0.666667	-0.037037	0 	0 	-0.111111	
228	0.692722	0.593277	0.703704	0.555556	-0.037037	0 	0 	0.111111	
125	0.664678	0.648814	0.666667	0.666667	-0.111111	0 	0 	-0.037037	
290	0.568961	0.620646	0.555556	0.62963	0.111111	0 	0 	-0.037037	
176	0.625514	0.621399	0.555556	0.62963	0.111111	0 	0 	-0.037037	
65	0.6505	0.587791	0.666667	0.592593	-0.111111	0 	0 	-0.037037	
21	0.551931	0.632084	0.555556	0.555556	-0.037037	0 	0 	0.111111	
300	0.539557	0.6637	0.555556	0.555556	-0.037037	0 	0 	0.111111	
153	0.480639	0.561634	0.518519	0.666667	-0.037037	0 	0 	-0.111111	
213	0.452247	0.628424	0.481481	0.555556	-0.037037	0 	0 	0.111111	
34	0.433988	0.638824	0.444444	0.666667	-0.111111	0 	0 	-0.037037	
85	0.338703	0.624939	0.333333	0.62963	0.111111	0 	0 	-0.037037	
217	0.443834	0.583851	0.444444	0.592593	-0.111111	0 	0 	-0.037037	
259	0.399978	0.562063	0.444444	0.592593	-0.111111	0 	0 	-0.037037	
168	0.337086	0.525014	0.333333	0.555556	0.037037	0 	0 	-0.111111	
108	0.373801	0.445051	0.37037	0.444444	0.037037	0 	0 	0.111111	
282	0.40864	0.533978	0.407407	0.555556	0.037037	0 	0 	-0.111111	
57	0.432306	0.502451	0.407407	0.555556	0.037037	0 	0 	-0.111111	
47	0.447809	0.452782	0.444444	0.444444	0.111111	0 	0 	0.037037	
239	0.542542	0.493898	0.555556	0.481481	-0.111111	0 	0 	0.037037	
245	0.470508	0.48834	0.555556	0.481481	-0.111111	0 	0 	0.037037	
107	0.536479	0.539162	0.444444	0.518519	0.111111	0 	0 	0.037037	
148	0.55969	0.491715	0.555556	0.555556	0.037037	0 	0 	-0.111111	
322	0.604218	0.499267	0.592593	0.444444	0.037037	0 	0 	0.111111	
16	0.593066	0.524536	0.592593	0.444444	0.037037	0 	0 	0.111111	
199	0.632294	0.455673	0.62963	0.555556	0.037037	0 	0 	-0.111111	
264	0.65534	0.422454	0.666667	0.444444	-0.111111	0 	0 	-0.037037	
231	0.586208	0.423979	0.666667	0.444444	-0.111111	0 	0 	-0.037037	
39	0.637046	0.382707	0.555556	0.407407	0.111111	0 	0 	-0.037037	
90	0.621788	0.335641	0.666667	0.37037	-0.111111	0 	0 	-0.037037	
181	0.555046	0.352206	0.555556	0.333333	-0.037037	0 	0 	0.111111	
79	0.517341	0.430369	0.518519	0.444444	-0.037037	0 	0 	-0.111111	
277	0.482853	0.352538	0.518519	0.444444	-0.037037	0 	0 	-0.111111	
130	0.473251	0.403292	0.481481	0.333333	-0.037037	0 	0 	0.111111	
143	0.416994	0.430204	0.444444	0.444444	-0.111111	0 	0 	-0.037037	
308	0.344597	0.391298	0.333333	0.407407	0.111111	0 	0 	-0.037037	
194	0.378601	0.374486	0.333333	0.407407	0.111111	0 	0 	-0.037037	
2	0.434498	0.357128	0.444444	0.37037	-0.111111	0 	0 	-0.037037	
220	0.323545	0.343077	0.333333	0.333333	-0.037037	0 	0 	0.111111	
28	0.2776	0.411287	0.296296	0.444444	-0.037037	0 	0 	-0.111111	
253	0.286179	0.424678	0.296296	0.444444	-0.037037	0 	0 	-0.111111	
88	0.256331	0.336093	0.259259	0.333333	-0.037037	0 	0 	0.111111	
5	0.235216	0.453637	0.222222	0.444444	0.111111	0 	0 	0.037037	
197	0.319132	0.482211	0.333333	0.481481	-0.111111	0 	0 	0.037037	
311	0.23594	0.513032	0.333333	0.481481	-0.111111	0 	0 	0.037037	
137	0.297222	0.528857	0.222222	0.518519	0.111111	0 	0 	0.037037	
60	0.321172	0.611488	0.333333	0.555556	-0.037037	0 	0 	0.111111	
285	0.296638	0.651349	0.333333	0.555556	-0.037037	0 	0 	0.111111	
111	0.287262	0.58637	0.296296	0.666667	-0.037037	0 	0 	-0.111111	
162	0.252552	0.648023	0.259259	0.555556	-0.037037	0 	0 	0.111111	
10	0.169567	0.644988	0.222222	0.666667	-0.111111	0 	0 	-0.037037	
151	0.125108	0.617564	0.111111	0.62963	0.111111	0 	0 	-0.037037	
202	0.204854	0.578719	0.222222	0.592593	-0.111111	0 	0 	-0.037037	
316	0.153689	0.58409	0.222222	0.592593	-0.111111	0 	0 	-0.037037	
225	0.115324	0.541973	0.111111	0.555556	0.037037	0 	0 	-0.111111	
93	0.148258	0.469741	0.148148	0.444444	0.037037	0 	0 	0.111111	
267	0.209103	0.541515	0.185185	0.555556	0.037037	0 	0 	-0.111111	
42	0.185366	0.520498	0.185185	0.555556	0.037037	0 	0 	-0.111111	
119	0.199979	0.425379	0.222222	0.444444	-0.111111	0 	0 	-0.037037	
293	0.113593	0.395163	0.111111	0.407407	0.111111	0 	0 	-0.037037	
179	0.195666	0.397707	0.111111	0.407407	0.111111	0 	0 	-0.037037	
68	0.154003	0.34996	0.222222	0.37037	-0.111111	0 	0 	-0.037037	
24	0.0740741	0.37037	0.111111	0.333333	-0.037037	0 	0 	0.111111	
303	0.0877915	0.438957	0.111111	0.333333	-0.037037	0 	0 	0.111111	
156	0.0530897	0.393808	0.0740741	0.444444	-0.037037	0 	0 	-0.111111	
207	0.00758678	0.414111	0.037037	0.333333	-0.037037	0 	0 	0.111111	
271	0.0101639	0.446525	0	0.444444	0.111111	0 	0 	0.037037	
184	0.103168	0.475271	0	0.444444	0.111111	0 	0 	0.037037	
133	0.0288066	0.514403	0.111111	0.481481	-0.111111	0 	0 	0.037037	
73	0.0411308	0.545758	0	0.518519	0.111111	0 	0 	0.037037	
101	0.101777	0.571143	0.111111	0.555556	-0.037037	0 	0 	0.111111	
242	0.0690132	0.639758	0.0740741	0.666667	-0.037037	0 	0 	-0.111111	
50	0.0323123	0.566729	0.037037	0.555556	-0.037037	0 	0 	0.111111	
248	0.0321882	0.610487	0.037037	0.555556	-0.037037	0 	0 	0.111111	
318	0.0519032	0.691263	0	0.666667	0.111111	0 	0 	0.037037	
204	0.0740872	0.667374	0	0.666667	0.111111	0 	0 	0.037037	
144	0.103384	0.717978	0.111111	0.703704	-0.111111	0 	0 	0.037037	
12	0.00235635	0.744384	0	0.740741	0.111111	0 	0 	0.037037	
167	0.119695	0.764446	0.111111	0.777778	0.037037	0 	0 	-0.111111	
116	0.161929	0.700587	0.148148	0.666667	0.037037	0 	0 	0.111111	
281	0.186079	0.763218	0.185185	0.777778	0.037037	0 	0 	-0.111111	
56	0.206302	0.7349	0.185185	0.777778	0.037037	0 	0 	-0.111111	
52	0.2291	0.667	0.222222	0.666667	0.111111	0 	0 	0.037037	
235	0.279835	0.720165	0.333333	0.703704	-0.111111	0 	0 	0.037037	
250	0.333112	0.713223	0.333333	0.703704	-0.111111	0 	0 	0.037037	
103	0.311411	0.761578	0.222222	0.740741	0.111111	0 	0 	0.037037	
20	0.322933	0.804672	0.333333	0.777778	-0.037037	0 	0 	0.111111	
299	0.332691	0.888278	0.333333	0.777778	-0.037037	0 	0 	0.111111	
161	0.263374	0.786008	0.296296	0.888889	-0.037037	0 	0 	-0.111111	
212	0.247478	0.841771	0.259259	0.777778	-0.037037	0 	0 	0.111111	
30	0.204261	0.871628	0.222222	0.888889	-0.111111	0 	0 	-0.037037	
81	0.13021	0.815614	0.111111	0.851852	0.111111	0 	0 	-0.037037	
222	0.211314	0.789592	0.222222	0.814815	-0.111111	0 	0 	-0.037037	
255	0.199793	0.814389	0.222222	0.814815	-0.111111	0 	0 	-0.037037	
121	0.10074	0.79861	0.111111	0.777778	-0.037037	0 	0 	0.111111	
172	0.0646181	0.834902	0.0740741	0.888889	-0.037037	0 	0 	-0.111111	
70	0.0111788	0.858913	0.037037	0.777778	-0.037037	0 	0 	0.111111	
295	0.0328339	0.782133	0.037037	0.777778	-0.037037	0 	0 	0.111111	
98	0.0401226	0.891422	0	0.888889	0.111111	0 	0 	0.037037	
38	0.0684898	0.92601	0.111111	0.925926	-0.111111	0 	0 	0.037037	
230	0.0157942	0.980466	0	0.962963	0.111111	0 	0 	0.037037	
263	0.0994147	0.971858	0	0.962963	0.111111	0 	0 	0.037037	
313	0.121777	0.985095	0.111111	1	0.037037	0 	0 	-0.111111	
7	0.111111	0.888889	0.111111	1	0.037037	0 	0 	-0.111111	
190	0.149196	0.909064	0.148148	0.888889	0.037037	0 	0 	0.111111	
139	0.185355	0.97215	0.185185	1	0.037037	0 	0 	-0.111111	
273	0.247992	0.903302	0.222222	0.888889	0.111111	0 	0 	0.037037	
186	0.332416	0.915427	0.222222	0.888889	0.111111	0 	0 	0.037037	
126	0.250145	0.942411	0.333333	0.925926	-0.111111	0 	0 	0.037037	
324	0.229045	0.98107	0.222222	0.962963	0.111111	0 	0 	0.037037	
75	0.294261	0.991082	0.222222	0.962963	0.111111	0 	0 	0.037037	
247	0.341321	0.949104	0.333333	1	0.037037	0 	0 	-0.111111	
49	0.336405	0.996939	0.333333	1	0.037037	0 	0 	-0.111111	
241	0.390947	0.942387	0.37037	0.888889	0.037037	0 	0 	0.111111	
100	0.421545	0.992019	0.407407	1	0.037037	0 	0 	-0.111111	
72	0.433251	0.86934	0.444444	0.888889	-0.111111	0 	0 	-0.037037	
132	0.352693	0.84818	0.333333	0.851852	0.111111	0 	0 	-0.037037	
183	0.444399	0.814034	0.444444	0.814815	-0.111111	0 	0 	-0.037037	
270	0.375574	0.798585	0.444444	0.814815	-0.111111	0 	0 	-0.037037	
209	0.34832	0.775164	0.333333	0.777778	0.037037	0 	0 	-0.111111	
158	0.375855	0.683236	0.37037	0.666667	0.037037	0 	0 	0.111111	
305	0.411481	0.764875	0.407407	0.777778	0.037037	0 	0 	-0.111111	
26	0.409407	0.696181	0.407407	0.777778	0.037037	0 	0 	-0.111111	
67	0.460976	0.669556	0.444444	0.666667	0.111111	0 	0 	0.037037	
178	0.515064	0.723312	0.555556	0.703704	-0.111111	0 	0 	0.037037	
292	0.55541	0.715429	0.555556	0.703704	-0.111111	0 	0 	0.037037	
118	0.455541	0.743209	0.444444	0.740741	0.111111	0 	0 	0.037037	
44	0.551631	0.816898	0.555556	0.777778	-0.037037	0 	0 	0.111111	
269	0.542597	0.858834	0.555556	0.777778	-0.037037	0 	0 	0.111111	
95	0.497895	0.798107	0.518519	0.888889	-0.037037	0 	0 	-0.111111	
227	0.477808	0.861477	0.481481	0.777778	-0.037037	0 	0 	0.111111	
315	0.44509	0.909823	0.444444	0.888889	0.111111	0 	0 	0.037037	
201	0.511389	0.905079	0.444444	0.888889	0.111111	0 	0 	0.037037	
150	0.55372	0.928438	0.555556	0.925926	-0.111111	0 	0 	0.037037	
9	0.476991	0.963247	0.444444	0.962963	0.111111	0 	0 	0.037037	
164	0.556213	0.982205	0.555556	1	0.037037	0 	0 	-0.111111	
113	0.606325	0.901833	0.592593	0.888889	0.037037	0 	0 	0.111111	
287	0.631001	0.982167	0.62963	1	0.037037	0 	0 	-0.111111	
62	0.637705	0.951926	0.62963	1	0.037037	0 	0 	-0.111111	
136	0.637763	0.863365	0.666667	0.888889	-0.111111	0 	0 	-0.037037	
310	0.572363	0.844345	0.555556	0.851852	0.111111	0 	0 	-0.037037	
196	0.605035	0.817425	0.555556	0.851852	0.111111	0 	0 	-0.037037	
4	0.664601	0.812271	0.666667	0.814815	-0.111111	0 	0 	-0.037037	
87	0.562814	0.749115	0.555556	0.777778	0.037037	0 	0 	-0.111111	
252	0.621718	0.673993	0.592593	0.666667	0.037037	0 	0 	0.111111	
27	0.602041	0.693987	0.592593	0.666667	0.037037	0 	0 	0.111111	
219	0.642161	0.764334	0.62963	0.777778	0.037037	0 	0 	-0.111111	
1	0.668223	0.675372	0.666667	0.666667	0.111111	0 	0 	0.037037	
193	0.764087	0.708541	0.777778	0.703704	-0.111111	0 	0 	0.037037	
307	0.681755	0.738945	0.777778	0.703704	-0.111111	0 	0 	0.037037	
142	0.746903	0.754312	0.666667	0.740741	0.111111	0 	0 	0.037037	
129	0.806584	0.736626	0.777778	0.777778	0.037037	0 	0 	-0.111111	
276	0.815426	0.686116	0.814815	0.666667	0.037037	0 	0 	0.111111	
78	0.839506	0.765432	0.814815	0.666667	0.037037	0 	0 	0.111111	
180	0.884774	0.695473	0.851852	0.777778	0.037037	0 	0 	-0.111111	
92	0.90904	0.674565	0.888889	0.666667	0.111111	0 	0 	0.037037	
41	0.970161	0.713965	1	0.703704	-0.111111	0 	0 	0.037037	
233	0.911138	0.741343	0.888889	0.740741	0.111111	0 	0 	0.037037	
266	0.989585	0.744611	0.888889	0.740741	0.111111	0 	0 	0.037037	
198	0.994924	0.816243	1	0.777778	-0.037037	0 	0 	0.111111	
15	0.954427	0.886645	0.962963	0.888889	-0.037037	0 	0 	-0.111111	
321	0.945423	0.809769	0.962963	0.888889	-0.037037	0 	0 	-0.111111	
147	0.904794	0.79499	0.925926	0.777778	-0.037037	0 	0 	0.111111	
106	0.885006	0.859437	0.888889	0.888889	-0.111111	0 	0 	-0.037037	
244	0.804888	0.817145	0.777778	0.851852	0.111111	0 	0 	-0.037037	
238	0.845852	0.836905	0.777778	0.851852	0.111111	0 	0 	-0.037037	
46	0.791068	0.79418	0.888889	0.814815	-0.111111	0 	0 	-0.037037	
59	0.769444	0.834453	0.777778	0.777778	-0.037037	0 	0 	0.111111	
284	0.752025	0.888254	0.777778	0.777778	-0.037037	0 	0 	0.111111	
110	0.724071	0.8457	0.740741	0.888889	-0.037037	0 	0 	-0.111111	
170	0.694006	0.778525	0.703704	0.777778	-0.037037	0 	0 	0.111111	
258	0.681008	0.895375	0.666667	0.888889	0.111111	0 	0 	0.037037	
216	0.754512	0.915958	0.666667	0.888889	0.111111	0 	0 	0.037037	
84	0.764592	0.959675	0.777778	0.925926	-0.111111	0 	0 	0.037037	
33	0.713203	0.979294	0.666667	0.962963	0.111111	0 	0 	0.037037	
215	0.7916	0.98617	0.777778	1	0.037037	0 	0 	-0.111111	
155	0.8152	0.893312	0.814815	0.888889	0.037037	0 	0 	0.111111	
302	0.856806	0.996157	0.851852	1	0.037037	0 	0 	-0.111111	
23	0.85209	0.930956	0.851852	1	0.037037	0 	0 	-0.111111	
64	0.893974	0.906909	0.888889	0.888889	0.111111	0 	0 	0.037037	
175	0.960855	0.94907	1	0.925926	-0.111111	0 	0 	0.037037	
289	0.995108	0.927431	1	0.925926	-0.111111	0 	0 	0.037037	
124	0.917077	0.981291	0.888889	0.962963	0.111111	0 	0 	0.037037	
