0	0.0234533	0.0250648	0	0	0.111111	0 	0 	0.037037	
366	0.037019	0.00480425	0	0	0.111111	0 	0 	0.037037	
192	0.109217	0.0380328	0.111111	0.037037	-0.111111	0 	0 	0.037037	
306	0.0137174	0.0685871	0.111111	0.037037	-0.111111	0 	0 	0.037037	
417	0.0240266	0.101212	0	0.0740741	0.111111	0 	0 	0.037037	
141	0.0819334	0.0862426	0	0.0740741	0.111111	0 	0 	0.037037	
329	0.120655	0.0905932	0.111111	0.111111	0.037037	0 	0 	-0.111111	
131	0.11247	0.0306827	0.111111	0.111111	0.037037	0 	0 	-0.111111	
278	0.156762	0.0746136	0.148148	0	0.037037	0 	0 	0.111111	
80	0.155554	0.0145306	0.148148	0	0.037037	0 	0 	0.111111	
461	0.212996	0.0353567	0.185185	0.111111	0.037037	0 	0 	-0.111111	
182	0.185862	0.0997302	0.185185	0.111111	0.037037	0 	0 	-0.111111	
457	0.226953	0.0114841	0.222222	0	0.111111	0 	0 	0.037037	
91	0.277635	0.0227622	0.222222	0	0.111111	0 	0 	0.037037	
40	0.312305	0.0414906	0.333333	0.037037	-0.111111	0 	0 	0.037037	
397	0.301357	0.058651	0.333333	0.037037	-0.111111	0 	0 	0.037037	
232	0.226676	0.0890872	0.222222	0.0740741	0.111111	0 	0 	0.037037	
265	0.224414	0.0848155	0.222222	0.0740741	0.111111	0 	0 	0.037037	
200	0.327565	0.120534	0.333333	0.111111	-0.037037	0 	0 	0.111111	
425	0.318244	0.183813	0.333333	0.111111	-0.037037	0 	0 	0.111111	
17	0.296016	0.20457	0.296296	0.222222	-0.037037	0 	0 	-0.111111	
323	0.278523	0.142335	0.296296	0.222222	-0.037037	0 	0 	-0.111111	
149	0.259168	0.163294	0.259259	0.111111	-0.037037	0 	0 	0.111111	
374	0.255153	0.196006	0.259259	0.111111	-0.037037	0 	0 	0.111111	
105	0.221758	0.21992	0.222222	0.222222	-0.111111	0 	0 	-0.037037	
435	0.180781	0.200395	0.222222	0.222222	-0.111111	0 	0 	-0.037037	
243	0.124546	0.1604	0.111111	0.185185	0.111111	0 	0 	-0.037037	
237	0.136905	0.182023	0.111111	0.185185	0.111111	0 	0 	-0.037037	
384	0.208307	0.138777	0.222222	0.148148	-0.111111	0 	0 	-0.037037	
45	0.19882	0.145597	0.222222	0.148148	-0.111111	0 	0 	-0.037037	
58	0.110702	0.145856	0.111111	0.111111	-0.037037	0 	0 	0.111111	
283	0.101792	0.121805	0.111111	0.111111	-0.037037	0 	0 	0.111111	
334	0.0482347	0.200365	0.0740741	0.222222	-0.037037	0 	0 	-0.111111	
109	0.0736152	0.189246	0.0740741	0.222222	-0.037037	0 	0 	-0.111111	
475	0.0287787	0.212076	0.037037	0.111111	-0.037037	0 	0 	0.111111	
169	0.0366083	0.153294	0.037037	0.111111	-0.037037	0 	0 	0.111111	
260	0.0149946	0.237346	0	0.222222	0.111111	0 	0 	0.037037	
218	0.0939089	0.24051	0	0.222222	0.111111	0 	0 	0.037037	
443	0.0972592	0.263928	0.111111	0.259259	-0.111111	0 	0 	0.037037	
86	0.0164609	0.279835	0.111111	0.259259	-0.111111	0 	0 	0.037037	
392	0.00736771	0.319797	0	0.296296	0.111111	0 	0 	0.037037	
35	0.0493827	0.308642	0	0.296296	0.111111	0 	0 	0.037037	
214	0.117004	0.302093	0.111111	0.333333	0.037037	0 	0 	-0.111111	
412	0.112039	0.328051	0.111111	0.333333	0.037037	0 	0 	-0.111111	
154	0.148499	0.236445	0.148148	0.222222	0.037037	0 	0 	0.111111	
352	0.152883	0.261382	0.148148	0.222222	0.037037	0 	0 	0.111111	
301	0.192968	0.331238	0.185185	0.333333	0.037037	0 	0 	-0.111111	
22	0.185185	0.259259	0.185185	0.333333	0.037037	0 	0 	-0.111111	
63	0.242753	0.240912	0.222222	0.222222	0.111111	0 	0 	0.037037	
348	0.304497	0.240167	0.222222	0.222222	0.111111	0 	0 	0.037037	
174	0.28854	0.285183	0.333333	0.259259	-0.111111	0 	0 	0.037037	
288	0.223594	0.278464	0.333333	0.259259	-0.111111	0 	0 	0.037037	
486	0.223199	0.297152	0.222222	0.296296	0.111111	0 	0 	0.037037	
480	0.229285	0.29971	0.222222	0.296296	0.111111	0 	0 	0.037037	
123	0.325103	0.329218	0.222222	0.296296	0.111111	0 	0 	0.037037	
229	0.337954	0.309959	0.333333	0.333333	0.037037	0 	0 	-0.111111	
454	0.364525	0.224924	0.333333	0.333333	0.037037	0 	0 	-0.111111	
97	0.388805	0.23764	0.37037	0.222222	0.037037	0 	0 	0.111111	
403	0.400549	0.262003	0.37037	0.222222	0.037037	0 	0 	0.111111	
262	0.418329	0.306907	0.407407	0.333333	0.037037	0 	0 	-0.111111	
37	0.408343	0.318189	0.407407	0.333333	0.037037	0 	0 	-0.111111	
120	0.43791	0.214739	0.444444	0.222222	-0.111111	0 	0 	-0.037037	
477	0.382805	0.205633	0.444444	0.222222	-0.111111	0 	0 	-0.037037	
294	0.339644	0.16678	0.333333	0.185185	0.111111	0 	0 	-0.037037	
171	0.412926	0.171982	0.333333	0.185185	0.111111	0 	0 	-0.037037	
345	0.412092	0.125808	0.444444	0.148148	-0.111111	0 	0 	-0.037037	
69	0.428191	0.135469	0.444444	0.148148	-0.111111	0 	0 	-0.037037	
371	0.340473	0.0974224	0.333333	0.111111	0.037037	0 	0 	-0.111111	
146	0.353674	0.0688216	0.333333	0.111111	0.037037	0 	0 	-0.111111	
320	0.374095	0.00973728	0.37037	0	0.037037	0 	0 	0.111111	
14	0.375437	0.0551423	0.37037	0	0.037037	0 	0 	0.111111	
431	0.409604	0.0426221	0.407407	0.111111	0.037037	0 	0 	-0.111111	
206	0.413851	0.0854219	0.407407	0.111111	0.037037	0 	0 	-0.111111	
472	0.450023	0.0152214	0.444444	0	0.111111	0 	0 	0.037037	
115	0.510288	0.0329218	0.444444	0	0.111111	0 	0 	0.037037	
55	0.55551	0.0436436	0.555556	0.037037	-0.111111	0 	0 	0.037037	
340	0.485369	0.0540643	0.555556	0.037037	-0.111111	0 	0 	0.037037	
166	0.465615	0.0988799	0.444444	0.0740741	0.111111	0 	0 	0.037037	
280	0.51989	0.0932785	0.444444	0.0740741	0.111111	0 	0 	0.037037	
224	0.55226	0.12934	0.555556	0.111111	-0.037037	0 	0 	0.111111	
449	0.553954	0.179972	0.555556	0.111111	-0.037037	0 	0 	0.111111	
32	0.493472	0.195734	0.518519	0.222222	-0.037037	0 	0 	-0.111111	
257	0.513231	0.112948	0.518519	0.222222	-0.037037	0 	0 	-0.111111	
83	0.480547	0.122778	0.481481	0.111111	-0.037037	0 	0 	0.111111	
389	0.476174	0.177371	0.481481	0.111111	-0.037037	0 	0 	0.111111	
6	0.444597	0.233867	0.444444	0.222222	0.111111	0 	0 	0.037037	
363	0.540202	0.251214	0.444444	0.222222	0.111111	0 	0 	0.037037	
189	0.489712	0.263374	0.555556	0.259259	-0.111111	0 	0 	0.037037	
312	0.457419	0.286011	0.555556	0.259259	-0.111111	0 	0 	0.037037	
414	0.507672	0.32696	0.444444	0.296296	0.111111	0 	0 	0.037037	
138	0.522634	0.304527	0.444444	0.296296	0.111111	0 	0 	0.037037	
326	0.564371	0.319227	0.555556	0.333333	0.037037	0 	0 	-0.111111	
128	0.564786	0.3078	0.555556	0.333333	0.037037	0 	0 	-0.111111	
275	0.592594	0.245385	0.592593	0.222222	0.037037	0 	0 	0.111111	
77	0.617284	0.320988	0.592593	0.222222	0.037037	0 	0 	0.111111	
467	0.637132	0.27873	0.62963	0.333333	0.037037	0 	0 	-0.111111	
188	0.662551	0.251029	0.62963	0.333333	0.037037	0 	0 	-0.111111	
298	0.633862	0.221112	0.666667	0.222222	-0.111111	0 	0 	-0.037037	
211	0.565755	0.192408	0.666667	0.222222	-0.111111	0 	0 	-0.037037	
358	0.610425	0.175583	0.555556	0.185185	0.111111	0 	0 	-0.037037	
19	0.623508	0.156383	0.555556	0.185185	0.111111	0 	0 	-0.037037	
160	0.653051	0.143617	0.666667	0.148148	-0.111111	0 	0 	-0.037037	
409	0.577503	0.146776	0.666667	0.148148	-0.111111	0 	0 	-0.037037	
249	0.570291	0.0392861	0.555556	0.111111	0.037037	0 	0 	-0.111111	
51	0.557601	0.0192946	0.555556	0.111111	0.037037	0 	0 	-0.111111	
234	0.595556	0.0146939	0.592593	0	0.037037	0 	0 	0.111111	
432	0.626886	0.085048	0.592593	0	0.037037	0 	0 	0.111111	
102	0.647409	0.0895004	0.62963	0.111111	0.037037	0 	0 	-0.111111	
381	0.632379	0.0170875	0.62963	0.111111	0.037037	0 	0 	-0.111111	
406	0.688363	0.0370194	0.666667	0	0.111111	0 	0 	0.037037	
157	0.683699	0.00439549	0.666667	0	0.111111	0 	0 	0.037037	
25	0.757559	0.0421357	0.777778	0.037037	-0.111111	0 	0 	0.037037	
355	0.716817	0.0646378	0.777778	0.037037	-0.111111	0 	0 	0.037037	
208	0.667361	0.085326	0.666667	0.0740741	0.111111	0 	0 	0.037037	
304	0.750862	0.103708	0.666667	0.0740741	0.111111	0 	0 	0.037037	
291	0.783527	0.0806658	0.777778	0.111111	0.037037	0 	0 	-0.111111	
66	0.802469	0.0246914	0.777778	0.111111	0.037037	0 	0 	-0.111111	
177	0.816338	0.066794	0.814815	0	0.037037	0 	0 	0.111111	
483	0.824961	0.0935922	0.814815	0	0.037037	0 	0 	0.111111	
117	0.868687	0.0904616	0.851852	0.111111	0.037037	0 	0 	-0.111111	
342	0.852092	0.0143042	0.851852	0.111111	0.037037	0 	0 	-0.111111	
254	0.947896	0.00355774	0.888889	0	0.111111	0 	0 	0.037037	
221	0.908259	0.0167042	0.888889	0	0.111111	0 	0 	0.037037	
446	0.99404	0.0427414	1	0.037037	-0.111111	0 	0 	0.037037	
89	0.908061	0.0585743	1	0.037037	-0.111111	0 	0 	0.037037	
395	0.931393	0.0806782	0.888889	0.0740741	0.111111	0 	0 	0.037037	
29	0.954681	0.0989787	0.888889	0.0740741	0.111111	0 	0 	0.037037	
360	0.977507	0.134085	1	0.111111	-0.037037	0 	0 	0.111111	
135	0.987692	0.116032	1	0.111111	-0.037037	0 	0 	0.111111	
420	0.949806	0.221002	0.962963	0.222222	-0.037037	0 	0 	-0.111111	
195	0.953444	0.188418	0.962963	0.222222	-0.037037	0 	0 	-0.111111	
3	0.92102	0.140156	0.925926	0.111111	-0.037037	0 	0 	0.111111	
309	0.900298	0.185198	0.925926	0.111111	-0.037037	0 	0 	0.111111	
268	0.857783	0.205912	0.888889	0.222222	-0.111111	0 	0 	-0.037037	
226	0.791786	0.206463	0.888889	0.222222	-0.111111	0 	0 	-0.037037	
400	0.777832	0.172646	0.777778	0.185185	0.111111	0 	0 	-0.037037	
43	0.860411	0.152532	0.777778	0.185185	0.111111	0 	0 	-0.037037	
94	0.876036	0.125165	0.888889	0.148148	-0.111111	0 	0 	-0.037037	
451	0.810256	0.129842	0.888889	0.148148	-0.111111	0 	0 	-0.037037	
185	0.777751	0.113897	0.777778	0.111111	-0.037037	0 	0 	0.111111	
464	0.750343	0.171468	0.777778	0.111111	-0.037037	0 	0 	0.111111	
74	0.740279	0.221964	0.740741	0.222222	-0.037037	0 	0 	-0.111111	
272	0.705075	0.130316	0.740741	0.222222	-0.037037	0 	0 	-0.111111	
134	0.698512	0.176294	0.703704	0.111111	-0.037037	0 	0 	0.111111	
332	0.672154	0.200274	0.703704	0.111111	-0.037037	0 	0 	0.111111	
48	0.672523	0.242939	0.666667	0.222222	0.111111	0 	0 	0.037037	
378	0.763132	0.22493	0.666667	0.222222	0.111111	0 	0 	0.037037	
240	0.762783	0.274871	0.777778	0.259259	-0.111111	0 	0 	0.037037	
246	0.69521	0.264565	0.777778	0.259259	-0.111111	0 	0 	0.037037	
438	0.672621	0.301134	0.666667	0.296296	0.111111	0 	0 	0.037037	
99	0.757202	0.316872	0.666667	0.296296	0.111111	0 	0 	0.037037	
377	0.79561	0.323731	0.777778	0.333333	0.037037	0 	0 	-0.111111	
152	0.788573	0.265973	0.777778	0.333333	0.037037	0 	0 	-0.111111	
317	0.81858	0.257231	0.814815	0.222222	0.037037	0 	0 	0.111111	
11	0.81636	0.285235	0.814815	0.222222	0.037037	0 	0 	0.111111	
428	0.8557	0.321932	0.851852	0.333333	0.037037	0 	0 	-0.111111	
203	0.856615	0.239925	0.851852	0.333333	0.037037	0 	0 	-0.111111	
469	0.910413	0.226736	0.888889	0.222222	0.111111	0 	0 	0.037037	
112	0.959627	0.258909	0.888889	0.222222	0.111111	0 	0 	0.037037	
61	0.9834	0.261074	1	0.259259	-0.111111	0 	0 	0.037037	
337	0.934682	0.273701	1	0.259259	-0.111111	0 	0 	0.037037	
163	0.88907	0.309178	0.888889	0.296296	0.111111	0 	0 	0.037037	
286	0.964335	0.315501	0.888889	0.296296	0.111111	0 	0 	0.037037	
383	0.995509	0.353387	1	0.333333	-0.037037	0 	0 	0.111111	
104	0.995851	0.435117	1	0.333333	-0.037037	0 	0 	0.111111	
434	0.959322	0.408157	0.962963	0.444444	-0.037037	0 	0 	-0.111111	
236	0.947626	0.381755	0.962963	0.444444	-0.037037	0 	0 	-0.111111	
53	0.920804	0.339058	0.925926	0.333333	-0.037037	0 	0 	0.111111	
251	0.920792	0.382396	0.925926	0.333333	-0.037037	0 	0 	0.111111	
408	0.899378	0.450003	0.888889	0.444444	0.111111	0 	0 	0.037037	
159	0.91085	0.458607	0.888889	0.444444	0.111111	0 	0 	0.037037	
18	0.969117	0.48455	1	0.481481	-0.111111	0 	0 	0.037037	
357	0.950475	0.489446	1	0.481481	-0.111111	0 	0 	0.037037	
210	0.909669	0.532911	0.888889	0.518519	0.111111	0 	0 	0.037037	
297	0.935211	0.541997	0.888889	0.518519	0.111111	0 	0 	0.037037	
187	0.990241	0.576907	1	0.555556	-0.037037	0 	0 	0.111111	
466	0.9958	0.615421	1	0.555556	-0.037037	0 	0 	0.111111	
76	0.959765	0.615508	0.962963	0.666667	-0.037037	0 	0 	-0.111111	
274	0.948944	0.574281	0.962963	0.666667	-0.037037	0 	0 	-0.111111	
127	0.924163	0.611811	0.925926	0.555556	-0.037037	0 	0 	0.111111	
325	0.895343	0.643942	0.925926	0.555556	-0.037037	0 	0 	0.111111	
140	0.861574	0.635972	0.888889	0.666667	-0.111111	0 	0 	-0.037037	
416	0.849095	0.654288	0.888889	0.666667	-0.111111	0 	0 	-0.037037	
314	0.789519	0.629312	0.777778	0.62963	0.111111	0 	0 	-0.037037	
191	0.817158	0.597997	0.777778	0.62963	0.111111	0 	0 	-0.037037	
365	0.862549	0.572041	0.888889	0.592593	-0.111111	0 	0 	-0.037037	
8	0.777778	0.555556	0.888889	0.592593	-0.111111	0 	0 	-0.037037	
388	0.80499	0.522163	0.777778	0.555556	0.037037	0 	0 	-0.111111	
82	0.778041	0.51627	0.777778	0.555556	0.037037	0 	0 	-0.111111	
256	0.815441	0.459294	0.814815	0.444444	0.037037	0 	0 	0.111111	
31	0.838215	0.516829	0.814815	0.444444	0.037037	0 	0 	0.111111	
448	0.867395	0.54645	0.851852	0.555556	0.037037	0 	0 	-0.111111	
223	0.865371	0.463871	0.851852	0.555556	0.037037	0 	0 	-0.111111	
279	0.877453	0.418673	0.888889	0.444444	-0.111111	0 	0 	-0.037037	
165	0.8107	0.436214	0.888889	0.444444	-0.111111	0 	0 	-0.037037	
339	0.817198	0.384459	0.777778	0.407407	0.111111	0 	0 	-0.037037	
54	0.869005	0.404122	0.777778	0.407407	0.111111	0 	0 	-0.037037	
114	0.839181	0.362768	0.888889	0.37037	-0.111111	0 	0 	-0.037037	
471	0.877647	0.352483	0.888889	0.37037	-0.111111	0 	0 	-0.037037	
205	0.774408	0.375934	0.777778	0.333333	-0.037037	0 	0 	0.111111	
430	0.773438	0.413935	0.777778	0.333333	-0.037037	0 	0 	0.111111	
13	0.703704	0.407407	0.740741	0.444444	-0.037037	0 	0 	-0.111111	
319	0.735911	0.37856	0.740741	0.444444	-0.037037	0 	0 	-0.111111	
145	0.701792	0.36292	0.703704	0.333333	-0.037037	0 	0 	0.111111	
370	0.700654	0.404039	0.703704	0.333333	-0.037037	0 	0 	0.111111	
71	0.687429	0.464222	0.666667	0.444444	0.111111	0 	0 	0.037037	
347	0.739631	0.447592	0.666667	0.444444	0.111111	0 	0 	0.037037	
173	0.769637	0.504127	0.777778	0.481481	-0.111111	0 	0 	0.037037	
296	0.770698	0.487545	0.777778	0.481481	-0.111111	0 	0 	0.037037	
479	0.680656	0.518666	0.666667	0.518519	0.111111	0 	0 	0.037037	
122	0.763616	0.552066	0.666667	0.518519	0.111111	0 	0 	0.037037	
36	0.759591	0.59703	0.777778	0.555556	-0.037037	0 	0 	0.111111	
261	0.776456	0.652331	0.777778	0.555556	-0.037037	0 	0 	0.111111	
402	0.724527	0.59591	0.740741	0.666667	-0.037037	0 	0 	-0.111111	
96	0.723881	0.577996	0.740741	0.666667	-0.037037	0 	0 	-0.111111	
453	0.697515	0.574155	0.703704	0.555556	-0.037037	0 	0 	0.111111	
228	0.69087	0.643697	0.703704	0.555556	-0.037037	0 	0 	0.111111	
125	0.651154	0.648386	0.666667	0.666667	-0.111111	0 	0 	-0.037037	
482	0.602195	0.652949	0.666667	0.666667	-0.111111	0 	0 	-0.037037	
290	0.569104	0.617102	0.555556	0.62963	0.111111	0 	0 	-0.037037	
176	0.624705	0.62219	0.555556	0.62963	0.111111	0 	0 	-0.037037	
350	0.654113	0.556053	0.666667	0.592593	-0.111111	0 	0 	-0.037037	
65	0.592207	0.59097	0.666667	0.592593	-0.111111	0 	0 	-0.037037	
21	0.518519	0.592593	0.555556	0.555556	-0.037037	0 	0 	0.111111	
300	0.543279	0.65296	0.555556	0.555556	-0.037037	0 	0 	0.111111	
351	0.499314	0.620027	0.518519	0.666667	-0.037037	0 	0 	-0.111111	
153	0.485597	0.563786	0.518519	0.666667	-0.037037	0 	0 	-0.111111	
411	0.479776	0.567854	0.481481	0.555556	-0.037037	0 	0 	0.111111	
213	0.453213	0.634812	0.481481	0.555556	-0.037037	0 	0 	0.111111	
34	0.439289	0.661871	0.444444	0.666667	-0.111111	0 	0 	-0.037037	
391	0.423719	0.660009	0.444444	0.666667	-0.111111	0 	0 	-0.037037	
85	0.353126	0.615401	0.333333	0.62963	0.111111	0 	0 	-0.037037	
442	0.442771	0.603777	0.333333	0.62963	0.111111	0 	0 	-0.037037	
217	0.42167	0.577724	0.444444	0.592593	-0.111111	0 	0 	-0.037037	
259	0.39979	0.563079	0.444444	0.592593	-0.111111	0 	0 	-0.037037	
168	0.346381	0.552682	0.333333	0.555556	0.037037	0 	0 	-0.111111	
474	0.342256	0.483009	0.333333	0.555556	0.037037	0 	0 	-0.111111	
108	0.371064	0.458492	0.37037	0.444444	0.037037	0 	0 	0.111111	
333	0.375652	0.49721	0.37037	0.444444	0.037037	0 	0 	0.111111	
282	0.41228	0.545264	0.407407	0.555556	0.037037	0 	0 	-0.111111	
57	0.423431	0.50803	0.407407	0.555556	0.037037	0 	0 	-0.111111	
47	0.44859	0.461615	0.444444	0.444444	0.111111	0 	0 	0.037037	
386	0.548697	0.447188	0.444444	0.444444	0.111111	0 	0 	0.037037	
239	0.502015	0.488941	0.555556	0.481481	-0.111111	0 	0 	0.037037	
245	0.468488	0.486892	0.555556	0.481481	-0.111111	0 	0 	0.037037	
437	0.518038	0.528936	0.444444	0.518519	0.111111	0 	0 	0.037037	
107	0.53455	0.537502	0.444444	0.518519	0.111111	0 	0 	0.037037	
373	0.564582	0.526202	0.555556	0.555556	0.037037	0 	0 	-0.111111	
148	0.559094	0.491178	0.555556	0.555556	0.037037	0 	0 	-0.111111	
322	0.608014	0.497063	0.592593	0.444444	0.037037	0 	0 	0.111111	
16	0.595022	0.524088	0.592593	0.444444	0.037037	0 	0 	0.111111	
424	0.631347	0.532145	0.62963	0.555556	0.037037	0 	0 	-0.111111	
199	0.634199	0.454207	0.62963	0.555556	0.037037	0 	0 	-0.111111	
264	0.652415	0.433864	0.666667	0.444444	-0.111111	0 	0 	-0.037037	
231	0.576132	0.423868	0.666667	0.444444	-0.111111	0 	0 	-0.037037	
396	0.621537	0.370901	0.555556	0.407407	0.111111	0 	0 	-0.037037	
39	0.639838	0.384412	0.555556	0.407407	0.111111	0 	0 	-0.037037	
90	0.608662	0.353403	0.666667	0.37037	-0.111111	0 	0 	-0.037037	
456	0.589849	0.344307	0.666667	0.37037	-0.111111	0 	0 	-0.037037	
181	0.552657	0.391046	0.555556	0.333333	-0.037037	0 	0 	0.111111	
460	0.52766	0.394301	0.555556	0.333333	-0.037037	0 	0 	0.111111	
79	0.518134	0.442649	0.518519	0.444444	-0.037037	0 	0 	-0.111111	
277	0.482853	0.352538	0.518519	0.444444	-0.037037	0 	0 	-0.111111	
130	0.475671	0.407691	0.481481	0.333333	-0.037037	0 	0 	0.111111	
328	0.475823	0.349693	0.481481	0.333333	-0.037037	0 	0 	0.111111	
143	0.408845	0.417063	0.444444	0.444444	-0.111111	0 	0 	-0.037037	
419	0.441568	0.424505	0.444444	0.444444	-0.111111	0 	0 	-0.037037	
308	0.35405	0.401633	0.333333	0.407407	0.111111	0 	0 	-0.037037	
194	0.376078	0.370625	0.333333	0.407407	0.111111	0 	0 	-0.037037	
368	0.433554	0.343352	0.444444	0.37037	-0.111111	0 	0 	-0.037037	
2	0.333333	0.333333	0.444444	0.37037	-0.111111	0 	0 	-0.037037	
220	0.310248	0.348171	0.333333	0.333333	-0.037037	0 	0 	0.111111	
445	0.323623	0.397441	0.333333	0.333333	-0.037037	0 	0 	0.111111	
28	0.274212	0.420377	0.296296	0.444444	-0.037037	0 	0 	-0.111111	
253	0.296023	0.401322	0.296296	0.444444	-0.037037	0 	0 	-0.111111	
88	0.254784	0.399424	0.259259	0.333333	-0.037037	0 	0 	0.111111	
394	0.253364	0.342748	0.259259	0.333333	-0.037037	0 	0 	0.111111	
5	0.238299	0.452477	0.222222	0.444444	0.111111	0 	0 	0.037037	
362	0.316735	0.468043	0.222222	0.444444	0.111111	0 	0 	0.037037	
197	0.330214	0.484206	0.333333	0.481481	-0.111111	0 	0 	0.037037	
311	0.238531	0.513626	0.333333	0.481481	-0.111111	0 	0 	0.037037	
422	0.281207	0.554184	0.222222	0.518519	0.111111	0 	0 	0.037037	
137	0.300373	0.530451	0.222222	0.518519	0.111111	0 	0 	0.037037	
60	0.331849	0.610836	0.333333	0.555556	-0.037037	0 	0 	0.111111	
285	0.296732	0.650561	0.333333	0.555556	-0.037037	0 	0 	0.111111	
336	0.264746	0.607682	0.296296	0.666667	-0.037037	0 	0 	-0.111111	
111	0.29545	0.595959	0.296296	0.666667	-0.037037	0 	0 	-0.111111	
468	0.227627	0.579223	0.259259	0.555556	-0.037037	0 	0 	0.111111	
162	0.253734	0.653516	0.259259	0.555556	-0.037037	0 	0 	0.111111	
10	0.156421	0.632232	0.222222	0.666667	-0.111111	0 	0 	-0.037037	
376	0.128944	0.657064	0.222222	0.666667	-0.111111	0 	0 	-0.037037	
151	0.12128	0.597148	0.111111	0.62963	0.111111	0 	0 	-0.037037	
427	0.207133	0.628258	0.111111	0.62963	0.111111	0 	0 	-0.037037	
202	0.194898	0.58277	0.222222	0.592593	-0.111111	0 	0 	-0.037037	
316	0.163653	0.588695	0.222222	0.592593	-0.111111	0 	0 	-0.037037	
225	0.120065	0.528849	0.111111	0.555556	0.037037	0 	0 	-0.111111	
450	0.129183	0.456069	0.111111	0.555556	0.037037	0 	0 	-0.111111	
93	0.151437	0.452564	0.148148	0.444444	0.037037	0 	0 	0.111111	
399	0.178773	0.483673	0.148148	0.444444	0.037037	0 	0 	0.111111	
267	0.212646	0.525865	0.185185	0.555556	0.037037	0 	0 	-0.111111	
42	0.187859	0.530738	0.185185	0.555556	0.037037	0 	0 	-0.111111	
119	0.221821	0.443801	0.222222	0.444444	-0.111111	0 	0 	-0.037037	
485	0.165074	0.429718	0.222222	0.444444	-0.111111	0 	0 	-0.037037	
293	0.116251	0.396907	0.111111	0.407407	0.111111	0 	0 	-0.037037	
179	0.181335	0.394373	0.111111	0.407407	0.111111	0 	0 	-0.037037	
344	0.217499	0.369509	0.222222	0.37037	-0.111111	0 	0 	-0.037037	
68	0.135802	0.358025	0.222222	0.37037	-0.111111	0 	0 	-0.037037	
24	0.102843	0.370127	0.111111	0.333333	-0.037037	0 	0 	0.111111	
303	0.0741713	0.442624	0.111111	0.333333	-0.037037	0 	0 	0.111111	
354	0.069021	0.431129	0.0740741	0.444444	-0.037037	0 	0 	-0.111111	
156	0.0411523	0.341564	0.0740741	0.444444	-0.037037	0 	0 	-0.111111	
405	0.0313155	0.396786	0.037037	0.333333	-0.037037	0 	0 	0.111111	
207	0.00730062	0.41394	0.037037	0.333333	-0.037037	0 	0 	0.111111	
271	0.018338	0.476472	0	0.444444	0.111111	0 	0 	0.037037	
184	0.108045	0.470138	0	0.444444	0.111111	0 	0 	0.037037	
463	0.0993915	0.501947	0.111111	0.481481	-0.111111	0 	0 	0.037037	
133	0.0326354	0.508559	0.111111	0.481481	-0.111111	0 	0 	0.037037	
331	0.014124	0.527007	0	0.518519	0.111111	0 	0 	0.037037	
73	0.0617284	0.54321	0	0.518519	0.111111	0 	0 	0.037037	
380	0.100923	0.568648	0.111111	0.555556	-0.037037	0 	0 	0.111111	
101	0.110192	0.639972	0.111111	0.555556	-0.037037	0 	0 	0.111111	
440	0.0738507	0.645384	0.0740741	0.666667	-0.037037	0 	0 	-0.111111	
242	0.0663429	0.661506	0.0740741	0.666667	-0.037037	0 	0 	-0.111111	
50	0.0289495	0.558062	0.037037	0.555556	-0.037037	0 	0 	0.111111	
248	0.0362612	0.583038	0.037037	0.555556	-0.037037	0 	0 	0.111111	
318	0.0162777	0.676189	0	0.666667	0.111111	0 	0 	0.037037	
204	0.0277235	0.678691	0	0.666667	0.111111	0 	0 	0.037037	
429	0.0578454	0.704892	0.111111	0.703704	-0.111111	0 	0 	0.037037	
144	0.105006	0.704338	0.111111	0.703704	-0.111111	0 	0 	0.037037	
369	0.00924836	0.765759	0	0.740741	0.111111	0 	0 	0.037037	
12	0.0425071	0.750731	0	0.740741	0.111111	0 	0 	0.037037	
167	0.111581	0.763599	0.111111	0.777778	0.037037	0 	0 	-0.111111	
473	0.118311	0.769393	0.111111	0.777778	0.037037	0 	0 	-0.111111	
116	0.153391	0.753259	0.148148	0.666667	0.037037	0 	0 	0.111111	
341	0.152324	0.680242	0.148148	0.666667	0.037037	0 	0 	0.111111	
281	0.187063	0.750585	0.185185	0.777778	0.037037	0 	0 	-0.111111	
56	0.190569	0.724396	0.185185	0.777778	0.037037	0 	0 	-0.111111	
52	0.222918	0.683964	0.222222	0.666667	0.111111	0 	0 	0.037037	
382	0.326475	0.66941	0.222222	0.666667	0.111111	0 	0 	0.037037	
235	0.278097	0.722705	0.333333	0.703704	-0.111111	0 	0 	0.037037	
250	0.250586	0.714571	0.333333	0.703704	-0.111111	0 	0 	0.037037	
433	0.29316	0.750597	0.222222	0.740741	0.111111	0 	0 	0.037037	
103	0.317755	0.755607	0.222222	0.740741	0.111111	0 	0 	0.037037	
20	0.328729	0.817194	0.333333	0.777778	-0.037037	0 	0 	0.111111	
299	0.30655	0.881182	0.333333	0.777778	-0.037037	0 	0 	0.111111	
359	0.278691	0.835221	0.296296	0.888889	-0.037037	0 	0 	-0.111111	
161	0.267708	0.79305	0.296296	0.888889	-0.037037	0 	0 	-0.111111	
410	0.256731	0.858922	0.259259	0.777778	-0.037037	0 	0 	0.111111	
212	0.227789	0.858096	0.259259	0.777778	-0.037037	0 	0 	0.111111	
30	0.209312	0.86723	0.222222	0.888889	-0.111111	0 	0 	-0.037037	
387	0.141183	0.862719	0.222222	0.888889	-0.111111	0 	0 	-0.037037	
81	0.116536	0.823684	0.111111	0.851852	0.111111	0 	0 	-0.037037	
447	0.21753	0.829085	0.111111	0.851852	0.111111	0 	0 	-0.037037	
222	0.202999	0.779671	0.222222	0.814815	-0.111111	0 	0 	-0.037037	
255	0.174211	0.784636	0.222222	0.814815	-0.111111	0 	0 	-0.037037	
346	0.108554	0.811004	0.111111	0.777778	-0.037037	0 	0 	0.111111	
121	0.102881	0.884774	0.111111	0.777778	-0.037037	0 	0 	0.111111	
478	0.0498949	0.87827	0.0740741	0.888889	-0.037037	0 	0 	-0.111111	
172	0.0687071	0.83123	0.0740741	0.888889	-0.037037	0 	0 	-0.111111	
70	0.0255013	0.823929	0.037037	0.777778	-0.037037	0 	0 	0.111111	
295	0.0314321	0.812589	0.037037	0.777778	-0.037037	0 	0 	0.111111	
455	0.0190053	0.920862	0	0.888889	0.111111	0 	0 	0.037037	
98	0.00545726	0.911587	0	0.888889	0.111111	0 	0 	0.037037	
38	0.084506	0.938914	0.111111	0.925926	-0.111111	0 	0 	0.037037	
404	0.109642	0.931734	0.111111	0.925926	-0.111111	0 	0 	0.037037	
230	0.019623	0.979601	0	0.962963	0.111111	0 	0 	0.037037	
263	0.0173518	0.995281	0	0.962963	0.111111	0 	0 	0.037037	
313	0.112561	0.92157	0.111111	1	0.037037	0 	0 	-0.111111	
7	0.12044	0.968772	0.111111	1	0.037037	0 	0 	-0.111111	
190	0.157387	0.891627	0.148148	0.888889	0.037037	0 	0 	0.111111	
415	0.148751	0.933495	0.148148	0.888889	0.037037	0 	0 	0.111111	
139	0.187586	0.965	0.185185	1	0.037037	0 	0 	-0.111111	
364	0.185789	0.942859	0.185185	1	0.037037	0 	0 	-0.111111	
273	0.250228	0.904532	0.222222	0.888889	0.111111	0 	0 	0.037037	
186	0.329218	0.917695	0.222222	0.888889	0.111111	0 	0 	0.037037	
465	0.311452	0.943088	0.333333	0.925926	-0.111111	0 	0 	0.037037	
126	0.251823	0.948785	0.333333	0.925926	-0.111111	0 	0 	0.037037	
324	0.224088	0.981792	0.222222	0.962963	0.111111	0 	0 	0.037037	
75	0.283951	0.987654	0.222222	0.962963	0.111111	0 	0 	0.037037	
247	0.333927	0.999864	0.333333	1	0.037037	0 	0 	-0.111111	
49	0.345679	0.901235	0.333333	1	0.037037	0 	0 	-0.111111	
241	0.388335	0.941104	0.37037	0.888889	0.037037	0 	0 	0.111111	
439	0.374348	0.945346	0.37037	0.888889	0.037037	0 	0 	0.111111	
100	0.408559	0.982566	0.407407	1	0.037037	0 	0 	-0.111111	
379	0.437586	0.891632	0.407407	1	0.037037	0 	0 	-0.111111	
72	0.395062	0.876543	0.444444	0.888889	-0.111111	0 	0 	-0.037037	
330	0.33882	0.866941	0.444444	0.888889	-0.111111	0 	0 	-0.037037	
132	0.347399	0.845938	0.333333	0.851852	0.111111	0 	0 	-0.037037	
462	0.41701	0.838134	0.333333	0.851852	0.111111	0 	0 	-0.037037	
183	0.433084	0.796883	0.444444	0.814815	-0.111111	0 	0 	-0.037037	
270	0.371742	0.796982	0.444444	0.814815	-0.111111	0 	0 	-0.037037	
209	0.34219	0.760523	0.333333	0.777778	0.037037	0 	0 	-0.111111	
407	0.333456	0.701758	0.333333	0.777778	0.037037	0 	0 	-0.111111	
158	0.378874	0.67774	0.37037	0.666667	0.037037	0 	0 	0.111111	
356	0.371358	0.69923	0.37037	0.666667	0.037037	0 	0 	0.111111	
305	0.412859	0.75648	0.407407	0.777778	0.037037	0 	0 	-0.111111	
26	0.407779	0.722958	0.407407	0.777778	0.037037	0 	0 	-0.111111	
67	0.469136	0.691358	0.444444	0.666667	0.111111	0 	0 	0.037037	
343	0.526254	0.685018	0.444444	0.666667	0.111111	0 	0 	0.037037	
178	0.511358	0.734696	0.555556	0.703704	-0.111111	0 	0 	0.037037	
292	0.445039	0.724532	0.555556	0.703704	-0.111111	0 	0 	0.037037	
484	0.457391	0.747163	0.444444	0.740741	0.111111	0 	0 	0.037037	
118	0.546209	0.7727	0.444444	0.740741	0.111111	0 	0 	0.037037	
44	0.541971	0.823111	0.555556	0.777778	-0.037037	0 	0 	0.111111	
269	0.553154	0.881786	0.555556	0.777778	-0.037037	0 	0 	0.111111	
401	0.508355	0.883498	0.518519	0.888889	-0.037037	0 	0 	-0.111111	
95	0.497942	0.798354	0.518519	0.888889	-0.037037	0 	0 	-0.111111	
452	0.4729	0.784008	0.481481	0.777778	-0.037037	0 	0 	0.111111	
227	0.466446	0.871481	0.481481	0.777778	-0.037037	0 	0 	0.111111	
315	0.481572	0.923248	0.444444	0.888889	0.111111	0 	0 	0.037037	
201	0.515912	0.898424	0.444444	0.888889	0.111111	0 	0 	0.037037	
426	0.537728	0.957024	0.555556	0.925926	-0.111111	0 	0 	0.037037	
150	0.44856	0.934156	0.555556	0.925926	-0.111111	0 	0 	0.037037	
375	0.452109	0.969089	0.444444	0.962963	0.111111	0 	0 	0.037037	
9	0.486345	0.96711	0.444444	0.962963	0.111111	0 	0 	0.037037	
164	0.555865	0.984069	0.555556	1	0.037037	0 	0 	-0.111111	
470	0.568937	0.911606	0.555556	1	0.037037	0 	0 	-0.111111	
113	0.599097	0.898186	0.592593	0.888889	0.037037	0 	0 	0.111111	
338	0.597917	0.931832	0.592593	0.888889	0.037037	0 	0 	0.111111	
287	0.630228	0.992509	0.62963	1	0.037037	0 	0 	-0.111111	
62	0.652441	0.945153	0.62963	1	0.037037	0 	0 	-0.111111	
136	0.632072	0.855837	0.666667	0.888889	-0.111111	0 	0 	-0.037037	
421	0.654109	0.870074	0.666667	0.888889	-0.111111	0 	0 	-0.037037	
310	0.571773	0.843054	0.555556	0.851852	0.111111	0 	0 	-0.037037	
196	0.606769	0.819911	0.555556	0.851852	0.111111	0 	0 	-0.037037	
361	0.665966	0.81249	0.666667	0.814815	-0.111111	0 	0 	-0.037037	
4	0.559618	0.778773	0.666667	0.814815	-0.111111	0 	0 	-0.037037	
393	0.559409	0.742781	0.555556	0.777778	0.037037	0 	0 	-0.111111	
87	0.55862	0.714274	0.555556	0.777778	0.037037	0 	0 	-0.111111	
252	0.599936	0.671058	0.592593	0.666667	0.037037	0 	0 	0.111111	
27	0.604938	0.753086	0.592593	0.666667	0.037037	0 	0 	0.111111	
444	0.66613	0.711486	0.62963	0.777778	0.037037	0 	0 	-0.111111	
219	0.63315	0.676989	0.62963	0.777778	0.037037	0 	0 	-0.111111	
1	0.688018	0.669985	0.666667	0.666667	0.111111	0 	0 	0.037037	
367	0.763491	0.694397	0.666667	0.666667	0.111111	0 	0 	0.037037	
193	0.712294	0.704023	0.777778	0.703704	-0.111111	0 	0 	0.037037	
307	0.684208	0.730897	0.777778	0.703704	-0.111111	0 	0 	0.037037	
418	0.719864	0.767087	0.666667	0.740741	0.111111	0 	0 	0.037037	
142	0.666918	0.752086	0.666667	0.740741	0.111111	0 	0 	0.037037	
327	0.783893	0.730881	0.777778	0.777778	0.037037	0 	0 	-0.111111	
129	0.778209	0.759277	0.777778	0.777778	0.037037	0 	0 	-0.111111	
276	0.824221	0.713451	0.814815	0.666667	0.037037	0 	0 	0.111111	
78	0.818784	0.682439	0.814815	0.666667	0.037037	0 	0 	0.111111	
459	0.852028	0.744384	0.851852	0.777778	0.037037	0 	0 	-0.111111	
180	0.852027	0.745871	0.851852	0.777778	0.037037	0 	0 	-0.111111	
458	0.893695	0.672391	0.888889	0.666667	0.111111	0 	0 	0.037037	
92	0.93134	0.676526	0.888889	0.666667	0.111111	0 	0 	0.037037	
41	0.983167	0.725615	1	0.703704	-0.111111	0 	0 	0.037037	
398	0.959346	0.714706	1	0.703704	-0.111111	0 	0 	0.037037	
233	0.902278	0.746875	0.888889	0.740741	0.111111	0 	0 	0.037037	
266	0.989026	0.747599	0.888889	0.740741	0.111111	0 	0 	0.037037	
198	0.98628	0.815033	1	0.777778	-0.037037	0 	0 	0.111111	
423	0.97779	0.794877	1	0.777778	-0.037037	0 	0 	0.111111	
15	0.930792	0.853553	0.962963	0.888889	-0.037037	0 	0 	-0.111111	
321	0.944696	0.879652	0.962963	0.888889	-0.037037	0 	0 	-0.111111	
147	0.91482	0.790427	0.925926	0.777778	-0.037037	0 	0 	0.111111	
372	0.917097	0.79916	0.925926	0.777778	-0.037037	0 	0 	0.111111	
106	0.870145	0.884675	0.888889	0.888889	-0.111111	0 	0 	-0.037037	
436	0.865873	0.869334	0.888889	0.888889	-0.111111	0 	0 	-0.037037	
244	0.819564	0.815764	0.777778	0.851852	0.111111	0 	0 	-0.037037	
238	0.838819	0.833923	0.777778	0.851852	0.111111	0 	0 	-0.037037	
385	0.878938	0.786685	0.888889	0.814815	-0.111111	0 	0 	-0.037037	
46	0.786044	0.792279	0.888889	0.814815	-0.111111	0 	0 	-0.037037	
59	0.773621	0.806379	0.777778	0.777778	-0.037037	0 	0 	0.111111	
284	0.75353	0.873777	0.777778	0.777778	-0.037037	0 	0 	0.111111	
335	0.740224	0.8715	0.740741	0.888889	-0.037037	0 	0 	-0.111111	
110	0.731459	0.805926	0.740741	0.888889	-0.037037	0 	0 	-0.111111	
476	0.677503	0.802601	0.703704	0.777778	-0.037037	0 	0 	0.111111	
170	0.701816	0.879153	0.703704	0.777778	-0.037037	0 	0 	0.111111	
258	0.681171	0.895672	0.666667	0.888889	0.111111	0 	0 	0.037037	
216	0.761317	0.90535	0.666667	0.888889	0.111111	0 	0 	0.037037	
441	0.777028	0.926472	0.777778	0.925926	-0.111111	0 	0 	0.037037	
84	0.683128	0.946502	0.777778	0.925926	-0.111111	0 	0 	0.037037	
390	0.669458	0.977176	0.666667	0.962963	0.111111	0 	0 	0.037037	
33	0.720864	0.966834	0.666667	0.962963	0.111111	0 	0 	0.037037	
215	0.781792	0.996874	0.777778	1	0.037037	0 	0 	-0.111111	
413	0.780105	0.95863	0.777778	1	0.037037	0 	0 	-0.111111	
155	0.816299	0.891791	0.814815	0.888889	0.037037	0 	0 	0.111111	
353	0.82485	0.928201	0.814815	0.888889	0.037037	0 	0 	0.111111	
302	0.865816	0.971773	0.851852	1	0.037037	0 	0 	-0.111111	
23	0.860851	0.906195	0.851852	1	0.037037	0 	0 	-0.111111	
64	0.915977	0.891376	0.888889	0.888889	0.111111	0 	0 	0.037037	
349	0.925286	0.925761	0.888889	0.888889	0.111111	0 	0 	0.037037	
175	0.996581	0.932796	1	0.925926	-0.111111	0 	0 	0.037037	
289	0.995705	0.94892	1	0.925926	-0.111111	0 	0 	0.037037	
487	0.91392	0.967025	0.888889	0.962963	0.111111	0 	0 	0.037037	
481	0.922758	0.975685	0.888889	0.962963	0.111111	0 	0 	0.037037	
124	0.980649	0.998286	0.888889	0.962963	0.111111	0 	0 	0.037037	
