0	0.0177754	0.00501773	0	0	0.111111	0 	0 	0.037037	
366	0.0291045	0.0139689	0	0	0.111111	0 	0 	0.037037	
591	0.108715	0.0587186	0.111111	0.037037	-0.111111	0 	0 	0.037037	
192	0.109121	0.0408767	0.111111	0.037037	-0.111111	0 	0 	0.037037	
306	0.0226722	0.0559524	0.111111	0.037037	-0.111111	0 	0 	0.037037	
531	0.00801932	0.0821098	0	0.0740741	0.111111	0 	0 	0.037037	
417	0.0589849	0.109739	0	0.0740741	0.111111	0 	0 	0.037037	
141	0.0781893	0.0823045	0	0.0740741	0.111111	0 	0 	0.037037	
329	0.121597	0.0589655	0.111111	0.111111	0.037037	0 	0 	-0.111111	
131	0.139918	0.0699588	0.111111	0.111111	0.037037	0 	0 	-0.111111	
278	0.173388	0.00803812	0.148148	0	0.037037	0 	0 	0.111111	
503	0.151583	0.0870513	0.148148	0	0.037037	0 	0 	0.111111	
80	0.174151	0.1009	0.148148	0	0.037037	0 	0 	0.111111	
461	0.189031	0.03063	0.185185	0.111111	0.037037	0 	0 	-0.111111	
182	0.218107	0.0288066	0.185185	0.111111	0.037037	0 	0 	-0.111111	
457	0.225318	0.010423	0.222222	0	0.111111	0 	0 	0.037037	
91	0.295131	0.00778446	0.222222	0	0.111111	0 	0 	0.037037	
544	0.283488	0.0341476	0.222222	0	0.111111	0 	0 	0.037037	
40	0.332943	0.0418065	0.333333	0.037037	-0.111111	0 	0 	0.037037	
397	0.291691	0.0443336	0.333333	0.037037	-0.111111	0 	0 	0.037037	
232	0.222506	0.088507	0.222222	0.0740741	0.111111	0 	0 	0.037037	
265	0.252336	0.0834981	0.222222	0.0740741	0.111111	0 	0 	0.037037	
200	0.330113	0.13398	0.333333	0.111111	-0.037037	0 	0 	0.111111	
425	0.318244	0.183813	0.333333	0.111111	-0.037037	0 	0 	0.111111	
17	0.288363	0.221301	0.296296	0.222222	-0.037037	0 	0 	-0.111111	
521	0.291124	0.159521	0.296296	0.222222	-0.037037	0 	0 	-0.111111	
323	0.275997	0.141113	0.296296	0.222222	-0.037037	0 	0 	-0.111111	
572	0.247385	0.1371	0.259259	0.111111	-0.037037	0 	0 	0.111111	
149	0.226337	0.156379	0.259259	0.111111	-0.037037	0 	0 	0.111111	
374	0.254814	0.181055	0.259259	0.111111	-0.037037	0 	0 	0.111111	
105	0.210862	0.20865	0.222222	0.222222	-0.111111	0 	0 	-0.037037	
435	0.214367	0.220436	0.222222	0.222222	-0.111111	0 	0 	-0.037037	
549	0.113943	0.220363	0.222222	0.222222	-0.111111	0 	0 	-0.037037	
243	0.137174	0.155007	0.111111	0.185185	0.111111	0 	0 	-0.037037	
237	0.172639	0.164855	0.111111	0.185185	0.111111	0 	0 	-0.037037	
384	0.221452	0.138827	0.222222	0.148148	-0.111111	0 	0 	-0.037037	
45	0.14023	0.111612	0.222222	0.148148	-0.111111	0 	0 	-0.037037	
508	0.100185	0.161223	0.111111	0.111111	-0.037037	0 	0 	0.111111	
58	0.101506	0.171559	0.111111	0.111111	-0.037037	0 	0 	0.111111	
283	0.0754458	0.20439	0.111111	0.111111	-0.037037	0 	0 	0.111111	
334	0.0729108	0.188499	0.0740741	0.222222	-0.037037	0 	0 	-0.111111	
109	0.0704452	0.149743	0.0740741	0.222222	-0.037037	0 	0 	-0.111111	
475	0.00847617	0.137137	0.037037	0.111111	-0.037037	0 	0 	0.111111	
169	0.0258806	0.194386	0.037037	0.111111	-0.037037	0 	0 	0.111111	
260	0.0253791	0.227849	0	0.222222	0.111111	0 	0 	0.037037	
218	0.0116925	0.231063	0	0.222222	0.111111	0 	0 	0.037037	
443	0.083451	0.268063	0.111111	0.259259	-0.111111	0 	0 	0.037037	
566	0.0742675	0.276396	0.111111	0.259259	-0.111111	0 	0 	0.037037	
86	0.0956376	0.266737	0.111111	0.259259	-0.111111	0 	0 	0.037037	
392	0.0257846	0.300693	0	0.296296	0.111111	0 	0 	0.037037	
35	0.003411	0.322352	0	0.296296	0.111111	0 	0 	0.037037	
214	0.119142	0.320519	0.111111	0.333333	0.037037	0 	0 	-0.111111	
412	0.118993	0.302078	0.111111	0.333333	0.037037	0 	0 	-0.111111	
154	0.149725	0.222753	0.148148	0.222222	0.037037	0 	0 	0.111111	
352	0.165981	0.286694	0.148148	0.222222	0.037037	0 	0 	0.111111	
577	0.179698	0.314129	0.148148	0.222222	0.037037	0 	0 	0.111111	
301	0.193546	0.329463	0.185185	0.333333	0.037037	0 	0 	-0.111111	
22	0.187295	0.23861	0.185185	0.333333	0.037037	0 	0 	-0.111111	
526	0.21262	0.24417	0.185185	0.333333	0.037037	0 	0 	-0.111111	
63	0.244201	0.240844	0.222222	0.222222	0.111111	0 	0 	0.037037	
348	0.301783	0.237311	0.222222	0.222222	0.111111	0 	0 	0.037037	
174	0.284169	0.281729	0.333333	0.259259	-0.111111	0 	0 	0.037037	
288	0.32408	0.264473	0.333333	0.259259	-0.111111	0 	0 	0.037037	
486	0.22917	0.300112	0.222222	0.296296	0.111111	0 	0 	0.037037	
480	0.271044	0.315509	0.222222	0.296296	0.111111	0 	0 	0.037037	
123	0.236954	0.311477	0.222222	0.296296	0.111111	0 	0 	0.037037	
229	0.333336	0.322581	0.333333	0.333333	0.037037	0 	0 	-0.111111	
454	0.360946	0.226715	0.333333	0.333333	0.037037	0 	0 	-0.111111	
97	0.379053	0.242763	0.37037	0.222222	0.037037	0 	0 	0.111111	
403	0.383519	0.262962	0.37037	0.222222	0.037037	0 	0 	0.111111	
262	0.414646	0.309053	0.407407	0.333333	0.037037	0 	0 	-0.111111	
37	0.408207	0.311694	0.407407	0.333333	0.037037	0 	0 	-0.111111	
541	0.414203	0.264167	0.407407	0.333333	0.037037	0 	0 	-0.111111	
120	0.425677	0.220914	0.444444	0.222222	-0.111111	0 	0 	-0.037037	
477	0.429243	0.19847	0.444444	0.222222	-0.111111	0 	0 	-0.037037	
492	0.348422	0.194787	0.444444	0.222222	-0.111111	0 	0 	-0.037037	
294	0.356694	0.178475	0.333333	0.185185	0.111111	0 	0 	-0.037037	
171	0.403292	0.176955	0.333333	0.185185	0.111111	0 	0 	-0.037037	
345	0.411438	0.13124	0.444444	0.148148	-0.111111	0 	0 	-0.037037	
69	0.433177	0.145193	0.444444	0.148148	-0.111111	0 	0 	-0.037037	
371	0.346883	0.107154	0.333333	0.111111	0.037037	0 	0 	-0.111111	
146	0.336217	0.0657313	0.333333	0.111111	0.037037	0 	0 	-0.111111	
569	0.339194	0.0969494	0.333333	0.111111	0.037037	0 	0 	-0.111111	
320	0.377927	0.00894134	0.37037	0	0.037037	0 	0 	0.111111	
518	0.399904	0.0602043	0.37037	0	0.037037	0 	0 	0.111111	
14	0.371158	0.0689873	0.37037	0	0.037037	0 	0 	0.111111	
431	0.413258	0.0882104	0.407407	0.111111	0.037037	0 	0 	-0.111111	
206	0.409075	0.00213212	0.407407	0.111111	0.037037	0 	0 	-0.111111	
472	0.445475	0.0154578	0.444444	0	0.111111	0 	0 	0.037037	
115	0.508889	0.0318116	0.444444	0	0.111111	0 	0 	0.037037	
505	0.536155	0.012016	0.444444	0	0.111111	0 	0 	0.037037	
55	0.552554	0.0681149	0.555556	0.037037	-0.111111	0 	0 	0.037037	
340	0.495717	0.0577913	0.555556	0.037037	-0.111111	0 	0 	0.037037	
166	0.445073	0.0746311	0.444444	0.0740741	0.111111	0 	0 	0.037037	
280	0.506915	0.100209	0.444444	0.0740741	0.111111	0 	0 	0.037037	
224	0.542158	0.131741	0.555556	0.111111	-0.037037	0 	0 	0.111111	
449	0.554296	0.165783	0.555556	0.111111	-0.037037	0 	0 	0.111111	
32	0.489371	0.198263	0.518519	0.222222	-0.037037	0 	0 	-0.111111	
563	0.481828	0.182424	0.518519	0.222222	-0.037037	0 	0 	-0.111111	
257	0.510444	0.12528	0.518519	0.222222	-0.037037	0 	0 	-0.111111	
83	0.480954	0.134389	0.481481	0.111111	-0.037037	0 	0 	0.111111	
389	0.481341	0.15228	0.481481	0.111111	-0.037037	0 	0 	0.111111	
6	0.445065	0.226181	0.444444	0.222222	0.111111	0 	0 	0.037037	
363	0.537681	0.246526	0.444444	0.222222	0.111111	0 	0 	0.037037	
588	0.542394	0.260284	0.555556	0.259259	-0.111111	0 	0 	0.037037	
189	0.489284	0.261394	0.555556	0.259259	-0.111111	0 	0 	0.037037	
312	0.458819	0.289395	0.555556	0.259259	-0.111111	0 	0 	0.037037	
537	0.444582	0.30572	0.444444	0.296296	0.111111	0 	0 	0.037037	
414	0.508211	0.330993	0.444444	0.296296	0.111111	0 	0 	0.037037	
138	0.522634	0.304527	0.444444	0.296296	0.111111	0 	0 	0.037037	
326	0.557714	0.29381	0.555556	0.333333	0.037037	0 	0 	-0.111111	
128	0.563279	0.256375	0.555556	0.333333	0.037037	0 	0 	-0.111111	
275	0.593964	0.241427	0.592593	0.222222	0.037037	0 	0 	0.111111	
500	0.594823	0.255721	0.592593	0.222222	0.037037	0 	0 	0.111111	
77	0.614486	0.318399	0.592593	0.222222	0.037037	0 	0 	0.111111	
467	0.640483	0.28409	0.62963	0.333333	0.037037	0 	0 	-0.111111	
188	0.665596	0.254887	0.62963	0.333333	0.037037	0 	0 	-0.111111	
298	0.649729	0.21949	0.666667	0.222222	-0.111111	0 	0 	-0.037037	
583	0.638396	0.210054	0.666667	0.222222	-0.111111	0 	0 	-0.037037	
211	0.563786	0.1893	0.666667	0.222222	-0.111111	0 	0 	-0.037037	
358	0.617301	0.168952	0.555556	0.185185	0.111111	0 	0 	-0.037037	
19	0.575273	0.160763	0.555556	0.185185	0.111111	0 	0 	-0.037037	
523	0.651128	0.147497	0.666667	0.148148	-0.111111	0 	0 	-0.037037	
160	0.597595	0.120764	0.666667	0.148148	-0.111111	0 	0 	-0.037037	
409	0.652052	0.143621	0.666667	0.148148	-0.111111	0 	0 	-0.037037	
555	0.55868	0.109463	0.555556	0.111111	0.037037	0 	0 	-0.111111	
249	0.581619	0.0438957	0.555556	0.111111	0.037037	0 	0 	-0.111111	
51	0.564619	0.00795566	0.555556	0.111111	0.037037	0 	0 	-0.111111	
234	0.613352	0.0378571	0.592593	0	0.037037	0 	0 	0.111111	
432	0.624118	0.0788476	0.592593	0	0.037037	0 	0 	0.111111	
102	0.641989	0.0782023	0.62963	0.111111	0.037037	0 	0 	-0.111111	
381	0.636267	0.00405671	0.62963	0.111111	0.037037	0 	0 	-0.111111	
406	0.695418	0.00498024	0.666667	0	0.111111	0 	0 	0.037037	
157	0.675556	0.0277641	0.666667	0	0.111111	0 	0 	0.037037	
529	0.768176	0.0219479	0.666667	0	0.111111	0 	0 	0.037037	
25	0.766664	0.0621639	0.777778	0.037037	-0.111111	0 	0 	0.037037	
355	0.715766	0.0617093	0.777778	0.037037	-0.111111	0 	0 	0.037037	
208	0.667482	0.0855956	0.666667	0.0740741	0.111111	0 	0 	0.037037	
580	0.684987	0.0763235	0.666667	0.0740741	0.111111	0 	0 	0.037037	
304	0.749989	0.110254	0.666667	0.0740741	0.111111	0 	0 	0.037037	
489	0.781133	0.101076	0.777778	0.111111	0.037037	0 	0 	-0.111111	
291	0.781757	0.0815916	0.777778	0.111111	0.037037	0 	0 	-0.111111	
66	0.803818	0.0167875	0.777778	0.111111	0.037037	0 	0 	-0.111111	
177	0.834988	0.0634426	0.814815	0	0.037037	0 	0 	0.111111	
483	0.816652	0.0664166	0.814815	0	0.037037	0 	0 	0.111111	
117	0.865316	0.0968959	0.851852	0.111111	0.037037	0 	0 	-0.111111	
342	0.854422	0.0153782	0.851852	0.111111	0.037037	0 	0 	-0.111111	
254	0.929788	0.0184776	0.888889	0	0.111111	0 	0 	0.037037	
221	0.989736	0.00424102	0.888889	0	0.111111	0 	0 	0.037037	
446	0.998465	0.0390312	1	0.037037	-0.111111	0 	0 	0.037037	
560	0.935128	0.0580048	1	0.037037	-0.111111	0 	0 	0.037037	
89	0.908916	0.0583425	1	0.037037	-0.111111	0 	0 	0.037037	
395	0.889088	0.0888737	0.888889	0.0740741	0.111111	0 	0 	0.037037	
29	0.945127	0.0926832	0.888889	0.0740741	0.111111	0 	0 	0.037037	
360	0.980796	0.138546	1	0.111111	-0.037037	0 	0 	0.111111	
585	0.995211	0.176943	1	0.111111	-0.037037	0 	0 	0.111111	
135	0.995885	0.118893	1	0.111111	-0.037037	0 	0 	0.111111	
420	0.944674	0.220968	0.962963	0.222222	-0.037037	0 	0 	-0.111111	
195	0.952138	0.170152	0.962963	0.222222	-0.037037	0 	0 	-0.111111	
3	0.924004	0.111221	0.925926	0.111111	-0.037037	0 	0 	0.111111	
309	0.902606	0.179698	0.925926	0.111111	-0.037037	0 	0 	0.111111	
534	0.915179	0.193563	0.925926	0.111111	-0.037037	0 	0 	0.111111	
268	0.864162	0.209997	0.888889	0.222222	-0.111111	0 	0 	-0.037037	
226	0.798354	0.201646	0.888889	0.222222	-0.111111	0 	0 	-0.037037	
400	0.844628	0.152834	0.777778	0.185185	0.111111	0 	0 	-0.037037	
43	0.864958	0.162146	0.777778	0.185185	0.111111	0 	0 	-0.037037	
547	0.874076	0.126408	0.888889	0.148148	-0.111111	0 	0 	-0.037037	
94	0.832622	0.125124	0.888889	0.148148	-0.111111	0 	0 	-0.037037	
451	0.812566	0.124172	0.888889	0.148148	-0.111111	0 	0 	-0.037037	
185	0.763949	0.147685	0.777778	0.111111	-0.037037	0 	0 	0.111111	
464	0.770546	0.173922	0.777778	0.111111	-0.037037	0 	0 	0.111111	
74	0.728279	0.204381	0.740741	0.222222	-0.037037	0 	0 	-0.111111	
497	0.735703	0.180006	0.740741	0.222222	-0.037037	0 	0 	-0.111111	
272	0.704237	0.126837	0.740741	0.222222	-0.037037	0 	0 	-0.111111	
134	0.699169	0.155004	0.703704	0.111111	-0.037037	0 	0 	0.111111	
332	0.703531	0.188589	0.703704	0.111111	-0.037037	0 	0 	0.111111	
48	0.695987	0.233639	0.666667	0.222222	0.111111	0 	0 	0.037037	
378	0.763473	0.233653	0.666667	0.222222	0.111111	0 	0 	0.037037	
240	0.770802	0.264334	0.777778	0.259259	-0.111111	0 	0 	0.037037	
246	0.703789	0.264049	0.777778	0.259259	-0.111111	0 	0 	0.037037	
552	0.673133	0.328804	0.666667	0.296296	0.111111	0 	0 	0.037037	
438	0.73702	0.307256	0.666667	0.296296	0.111111	0 	0 	0.037037	
99	0.681371	0.298653	0.666667	0.296296	0.111111	0 	0 	0.037037	
377	0.787285	0.324495	0.777778	0.333333	0.037037	0 	0 	-0.111111	
152	0.793642	0.237243	0.777778	0.333333	0.037037	0 	0 	-0.111111	
575	0.809328	0.240055	0.777778	0.333333	0.037037	0 	0 	-0.111111	
317	0.833891	0.258208	0.814815	0.222222	0.037037	0 	0 	0.111111	
515	0.818482	0.282667	0.814815	0.222222	0.037037	0 	0 	0.111111	
11	0.818696	0.3158	0.814815	0.222222	0.037037	0 	0 	0.111111	
428	0.858351	0.293081	0.851852	0.333333	0.037037	0 	0 	-0.111111	
203	0.857794	0.262107	0.851852	0.333333	0.037037	0 	0 	-0.111111	
469	0.892626	0.250797	0.888889	0.222222	0.111111	0 	0 	0.037037	
112	0.953979	0.245622	0.888889	0.222222	0.111111	0 	0 	0.037037	
511	0.973825	0.234906	0.888889	0.222222	0.111111	0 	0 	0.037037	
61	0.978942	0.288439	1	0.259259	-0.111111	0 	0 	0.037037	
337	0.933096	0.273563	1	0.259259	-0.111111	0 	0 	0.037037	
163	0.89777	0.320626	0.888889	0.296296	0.111111	0 	0 	0.037037	
286	0.902689	0.29916	0.888889	0.296296	0.111111	0 	0 	0.037037	
383	0.995985	0.36097	1	0.333333	-0.037037	0 	0 	0.111111	
104	0.977937	0.432848	1	0.333333	-0.037037	0 	0 	0.111111	
434	0.959546	0.409993	0.962963	0.444444	-0.037037	0 	0 	-0.111111	
236	0.952581	0.390357	0.962963	0.444444	-0.037037	0 	0 	-0.111111	
53	0.918738	0.339222	0.925926	0.333333	-0.037037	0 	0 	0.111111	
251	0.923807	0.359305	0.925926	0.333333	-0.037037	0 	0 	0.111111	
557	0.917951	0.443339	0.925926	0.333333	-0.037037	0 	0 	0.111111	
408	0.89141	0.451113	0.888889	0.444444	0.111111	0 	0 	0.037037	
159	0.906855	0.452331	0.888889	0.444444	0.111111	0 	0 	0.037037	
522	0.985223	0.458104	0.888889	0.444444	0.111111	0 	0 	0.037037	
18	0.948649	0.481766	1	0.481481	-0.111111	0 	0 	0.037037	
357	0.979533	0.481563	1	0.481481	-0.111111	0 	0 	0.037037	
210	0.889076	0.520902	0.888889	0.518519	0.111111	0 	0 	0.037037	
582	0.910268	0.527437	0.888889	0.518519	0.111111	0 	0 	0.037037	
297	0.97668	0.550069	0.888889	0.518519	0.111111	0 	0 	0.037037	
187	0.988667	0.587878	1	0.555556	-0.037037	0 	0 	0.111111	
466	0.993829	0.651651	1	0.555556	-0.037037	0 	0 	0.111111	
76	0.949499	0.622384	0.962963	0.666667	-0.037037	0 	0 	-0.111111	
499	0.940285	0.603371	0.962963	0.666667	-0.037037	0 	0 	-0.111111	
274	0.95119	0.568596	0.962963	0.666667	-0.037037	0 	0 	-0.111111	
127	0.917043	0.55577	0.925926	0.555556	-0.037037	0 	0 	0.111111	
325	0.894376	0.644719	0.925926	0.555556	-0.037037	0 	0 	0.111111	
140	0.853465	0.634745	0.888889	0.666667	-0.111111	0 	0 	-0.037037	
416	0.859866	0.654394	0.888889	0.666667	-0.111111	0 	0 	-0.037037	
539	0.805213	0.651578	0.888889	0.666667	-0.111111	0 	0 	-0.037037	
314	0.79581	0.60755	0.777778	0.62963	0.111111	0 	0 	-0.037037	
191	0.818855	0.597695	0.777778	0.62963	0.111111	0 	0 	-0.037037	
590	0.883402	0.610425	0.777778	0.62963	0.111111	0 	0 	-0.037037	
365	0.849787	0.592219	0.888889	0.592593	-0.111111	0 	0 	-0.037037	
8	0.865404	0.578724	0.888889	0.592593	-0.111111	0 	0 	-0.037037	
388	0.786346	0.522305	0.777778	0.555556	0.037037	0 	0 	-0.111111	
82	0.786161	0.516082	0.777778	0.555556	0.037037	0 	0 	-0.111111	
256	0.822047	0.45358	0.814815	0.444444	0.037037	0 	0 	0.111111	
562	0.821106	0.474725	0.814815	0.444444	0.037037	0 	0 	0.111111	
31	0.815989	0.534739	0.814815	0.444444	0.037037	0 	0 	0.111111	
448	0.853669	0.545785	0.851852	0.555556	0.037037	0 	0 	-0.111111	
223	0.866691	0.501714	0.851852	0.555556	0.037037	0 	0 	-0.111111	
279	0.877895	0.419862	0.888889	0.444444	-0.111111	0 	0 	-0.037037	
165	0.8107	0.436214	0.888889	0.444444	-0.111111	0 	0 	-0.037037	
339	0.80506	0.38273	0.777778	0.407407	0.111111	0 	0 	-0.037037	
54	0.874367	0.396507	0.777778	0.407407	0.111111	0 	0 	-0.037037	
504	0.88751	0.36222	0.888889	0.37037	-0.111111	0 	0 	-0.037037	
114	0.841484	0.358622	0.888889	0.37037	-0.111111	0 	0 	-0.037037	
471	0.785017	0.353978	0.888889	0.37037	-0.111111	0 	0 	-0.037037	
205	0.74715	0.338438	0.777778	0.333333	-0.037037	0 	0 	0.111111	
430	0.766452	0.412674	0.777778	0.333333	-0.037037	0 	0 	0.111111	
13	0.704602	0.405821	0.740741	0.444444	-0.037037	0 	0 	-0.111111	
517	0.731349	0.429984	0.740741	0.444444	-0.037037	0 	0 	-0.111111	
319	0.738864	0.425568	0.740741	0.444444	-0.037037	0 	0 	-0.111111	
568	0.703084	0.34757	0.703704	0.333333	-0.037037	0 	0 	0.111111	
145	0.670782	0.378601	0.703704	0.333333	-0.037037	0 	0 	0.111111	
370	0.696175	0.428987	0.703704	0.333333	-0.037037	0 	0 	0.111111	
71	0.693374	0.469506	0.666667	0.444444	0.111111	0 	0 	0.037037	
347	0.750372	0.460424	0.666667	0.444444	0.111111	0 	0 	0.037037	
173	0.765859	0.486565	0.777778	0.481481	-0.111111	0 	0 	0.037037	
296	0.668038	0.500686	0.777778	0.481481	-0.111111	0 	0 	0.037037	
494	0.68362	0.541311	0.666667	0.518519	0.111111	0 	0 	0.037037	
479	0.694179	0.529804	0.666667	0.518519	0.111111	0 	0 	0.037037	
122	0.751385	0.548349	0.666667	0.518519	0.111111	0 	0 	0.037037	
540	0.774902	0.574785	0.777778	0.555556	-0.037037	0 	0 	0.111111	
36	0.762272	0.594295	0.777778	0.555556	-0.037037	0 	0 	0.111111	
261	0.775544	0.650968	0.777778	0.555556	-0.037037	0 	0 	0.111111	
402	0.738069	0.556345	0.740741	0.666667	-0.037037	0 	0 	-0.111111	
96	0.720165	0.576132	0.740741	0.666667	-0.037037	0 	0 	-0.111111	
453	0.696672	0.598502	0.703704	0.555556	-0.037037	0 	0 	0.111111	
228	0.698591	0.627724	0.703704	0.555556	-0.037037	0 	0 	0.111111	
125	0.648109	0.665249	0.666667	0.666667	-0.111111	0 	0 	-0.037037	
482	0.605455	0.651808	0.666667	0.666667	-0.111111	0 	0 	-0.037037	
488	0.570645	0.639232	0.666667	0.666667	-0.111111	0 	0 	-0.037037	
290	0.5703	0.612996	0.555556	0.62963	0.111111	0 	0 	-0.037037	
176	0.625514	0.621399	0.555556	0.62963	0.111111	0 	0 	-0.037037	
350	0.658199	0.579668	0.666667	0.592593	-0.111111	0 	0 	-0.037037	
65	0.580247	0.580247	0.666667	0.592593	-0.111111	0 	0 	-0.037037	
525	0.554316	0.558744	0.555556	0.555556	-0.037037	0 	0 	0.111111	
21	0.518519	0.592593	0.555556	0.555556	-0.037037	0 	0 	0.111111	
300	0.555264	0.665306	0.555556	0.555556	-0.037037	0 	0 	0.111111	
576	0.514943	0.65237	0.518519	0.666667	-0.037037	0 	0 	-0.111111	
351	0.502276	0.645612	0.518519	0.666667	-0.037037	0 	0 	-0.111111	
153	0.485597	0.563786	0.518519	0.666667	-0.037037	0 	0 	-0.111111	
411	0.480328	0.567853	0.481481	0.555556	-0.037037	0 	0 	0.111111	
213	0.453445	0.632916	0.481481	0.555556	-0.037037	0 	0 	0.111111	
34	0.43986	0.65301	0.444444	0.666667	-0.111111	0 	0 	-0.037037	
391	0.417855	0.652374	0.444444	0.666667	-0.111111	0 	0 	-0.037037	
85	0.347572	0.614065	0.333333	0.62963	0.111111	0 	0 	-0.037037	
565	0.369689	0.628411	0.333333	0.62963	0.111111	0 	0 	-0.037037	
442	0.441369	0.60399	0.333333	0.62963	0.111111	0 	0 	-0.037037	
217	0.432944	0.578594	0.444444	0.592593	-0.111111	0 	0 	-0.037037	
259	0.398788	0.567522	0.444444	0.592593	-0.111111	0 	0 	-0.037037	
168	0.346564	0.553977	0.333333	0.555556	0.037037	0 	0 	-0.111111	
474	0.343737	0.456825	0.333333	0.555556	0.037037	0 	0 	-0.111111	
108	0.374189	0.448316	0.37037	0.444444	0.037037	0 	0 	0.111111	
333	0.37312	0.495773	0.37037	0.444444	0.037037	0 	0 	0.111111	
282	0.408065	0.542324	0.407407	0.555556	0.037037	0 	0 	-0.111111	
57	0.414198	0.524345	0.407407	0.555556	0.037037	0 	0 	-0.111111	
507	0.422497	0.454047	0.407407	0.555556	0.037037	0 	0 	-0.111111	
47	0.458291	0.461372	0.444444	0.444444	0.111111	0 	0 	0.037037	
386	0.548697	0.447188	0.444444	0.444444	0.111111	0 	0 	0.037037	
239	0.501951	0.494023	0.555556	0.481481	-0.111111	0 	0 	0.037037	
245	0.470508	0.48834	0.555556	0.481481	-0.111111	0 	0 	0.037037	
551	0.454824	0.525262	0.444444	0.518519	0.111111	0 	0 	0.037037	
437	0.515775	0.529492	0.444444	0.518519	0.111111	0 	0 	0.037037	
107	0.535625	0.539094	0.444444	0.518519	0.111111	0 	0 	0.037037	
373	0.57015	0.54583	0.555556	0.555556	0.037037	0 	0 	-0.111111	
148	0.564156	0.495052	0.555556	0.555556	0.037037	0 	0 	-0.111111	
571	0.582471	0.453586	0.555556	0.555556	0.037037	0 	0 	-0.111111	
322	0.603929	0.485457	0.592593	0.444444	0.037037	0 	0 	0.111111	
520	0.621171	0.502653	0.592593	0.444444	0.037037	0 	0 	0.111111	
16	0.595298	0.51338	0.592593	0.444444	0.037037	0 	0 	0.111111	
424	0.638353	0.541035	0.62963	0.555556	0.037037	0 	0 	-0.111111	
199	0.633551	0.453147	0.62963	0.555556	0.037037	0 	0 	-0.111111	
264	0.654656	0.434998	0.666667	0.444444	-0.111111	0 	0 	-0.037037	
231	0.576132	0.423868	0.666667	0.444444	-0.111111	0 	0 	-0.037037	
396	0.622771	0.373114	0.555556	0.407407	0.111111	0 	0 	-0.037037	
39	0.574044	0.398249	0.555556	0.407407	0.111111	0 	0 	-0.037037	
543	0.654755	0.370128	0.666667	0.37037	-0.111111	0 	0 	-0.037037	
90	0.616766	0.361287	0.666667	0.37037	-0.111111	0 	0 	-0.037037	
456	0.586334	0.346267	0.666667	0.37037	-0.111111	0 	0 	-0.037037	
181	0.555038	0.352802	0.555556	0.333333	-0.037037	0 	0 	0.111111	
460	0.528121	0.39369	0.555556	0.333333	-0.037037	0 	0 	0.111111	
79	0.510626	0.443115	0.518519	0.444444	-0.037037	0 	0 	-0.111111	
502	0.518007	0.432105	0.518519	0.444444	-0.037037	0 	0 	-0.111111	
277	0.482853	0.352538	0.518519	0.444444	-0.037037	0 	0 	-0.111111	
130	0.471803	0.400768	0.481481	0.333333	-0.037037	0 	0 	0.111111	
328	0.476734	0.348195	0.481481	0.333333	-0.037037	0 	0 	0.111111	
143	0.404736	0.425093	0.444444	0.444444	-0.111111	0 	0 	-0.037037	
419	0.441125	0.435504	0.444444	0.444444	-0.111111	0 	0 	-0.037037	
533	0.358177	0.427708	0.444444	0.444444	-0.111111	0 	0 	-0.037037	
308	0.347428	0.397044	0.333333	0.407407	0.111111	0 	0 	-0.037037	
194	0.377727	0.375498	0.333333	0.407407	0.111111	0 	0 	-0.037037	
593	0.438957	0.388203	0.333333	0.407407	0.111111	0 	0 	-0.037037	
368	0.442505	0.36098	0.444444	0.37037	-0.111111	0 	0 	-0.037037	
2	0.333431	0.335784	0.444444	0.37037	-0.111111	0 	0 	-0.037037	
220	0.317275	0.33856	0.333333	0.333333	-0.037037	0 	0 	0.111111	
445	0.330607	0.374433	0.333333	0.333333	-0.037037	0 	0 	0.111111	
28	0.288609	0.441673	0.296296	0.444444	-0.037037	0 	0 	-0.111111	
559	0.261108	0.403976	0.296296	0.444444	-0.037037	0 	0 	-0.111111	
253	0.287008	0.393706	0.296296	0.444444	-0.037037	0 	0 	-0.111111	
88	0.245147	0.391611	0.259259	0.333333	-0.037037	0 	0 	0.111111	
394	0.251279	0.345172	0.259259	0.333333	-0.037037	0 	0 	0.111111	
5	0.236198	0.451194	0.222222	0.444444	0.111111	0 	0 	0.037037	
362	0.312891	0.470769	0.222222	0.444444	0.111111	0 	0 	0.037037	
587	0.329411	0.490051	0.333333	0.481481	-0.111111	0 	0 	0.037037	
197	0.26749	0.485597	0.333333	0.481481	-0.111111	0 	0 	0.037037	
311	0.23594	0.513032	0.333333	0.481481	-0.111111	0 	0 	0.037037	
536	0.257629	0.540375	0.222222	0.518519	0.111111	0 	0 	0.037037	
422	0.281207	0.554184	0.222222	0.518519	0.111111	0 	0 	0.037037	
137	0.307675	0.528854	0.222222	0.518519	0.111111	0 	0 	0.037037	
510	0.311385	0.565158	0.333333	0.555556	-0.037037	0 	0 	0.111111	
60	0.325162	0.632031	0.333333	0.555556	-0.037037	0 	0 	0.111111	
285	0.293657	0.650078	0.333333	0.555556	-0.037037	0 	0 	0.111111	
336	0.264746	0.607682	0.296296	0.666667	-0.037037	0 	0 	-0.111111	
111	0.276515	0.654834	0.296296	0.666667	-0.037037	0 	0 	-0.111111	
468	0.252886	0.56865	0.259259	0.555556	-0.037037	0 	0 	0.111111	
162	0.255268	0.663001	0.259259	0.555556	-0.037037	0 	0 	0.111111	
10	0.148148	0.62963	0.222222	0.666667	-0.111111	0 	0 	-0.037037	
376	0.131514	0.6599	0.222222	0.666667	-0.111111	0 	0 	-0.037037	
151	0.128482	0.625605	0.111111	0.62963	0.111111	0 	0 	-0.037037	
514	0.182045	0.61376	0.111111	0.62963	0.111111	0 	0 	-0.037037	
427	0.207319	0.625777	0.111111	0.62963	0.111111	0 	0 	-0.037037	
202	0.208127	0.561918	0.222222	0.592593	-0.111111	0 	0 	-0.037037	
316	0.205316	0.589982	0.222222	0.592593	-0.111111	0 	0 	-0.037037	
574	0.142661	0.573388	0.222222	0.592593	-0.111111	0 	0 	-0.037037	
225	0.111553	0.542581	0.111111	0.555556	0.037037	0 	0 	-0.111111	
450	0.124075	0.473521	0.111111	0.555556	0.037037	0 	0 	-0.111111	
93	0.152341	0.45191	0.148148	0.444444	0.037037	0 	0 	0.111111	
399	0.178518	0.48354	0.148148	0.444444	0.037037	0 	0 	0.111111	
267	0.211786	0.524359	0.185185	0.555556	0.037037	0 	0 	-0.111111	
42	0.203601	0.493476	0.185185	0.555556	0.037037	0 	0 	-0.111111	
546	0.197021	0.538172	0.185185	0.555556	0.037037	0 	0 	-0.111111	
119	0.209935	0.436789	0.222222	0.444444	-0.111111	0 	0 	-0.037037	
485	0.162844	0.431974	0.222222	0.444444	-0.111111	0 	0 	-0.037037	
491	0.122728	0.412503	0.222222	0.444444	-0.111111	0 	0 	-0.037037	
293	0.113795	0.396045	0.111111	0.407407	0.111111	0 	0 	-0.037037	
179	0.186171	0.39887	0.111111	0.407407	0.111111	0 	0 	-0.037037	
344	0.198137	0.365772	0.222222	0.37037	-0.111111	0 	0 	-0.037037	
68	0.135802	0.358025	0.222222	0.37037	-0.111111	0 	0 	-0.037037	
528	0.111004	0.364378	0.111111	0.333333	-0.037037	0 	0 	0.111111	
24	0.0740741	0.37037	0.111111	0.333333	-0.037037	0 	0 	0.111111	
303	0.10071	0.434262	0.111111	0.333333	-0.037037	0 	0 	0.111111	
579	0.0484903	0.437784	0.0740741	0.444444	-0.037037	0 	0 	-0.111111	
354	0.0551041	0.370036	0.0740741	0.444444	-0.037037	0 	0 	-0.111111	
156	0.0651833	0.340588	0.0740741	0.444444	-0.037037	0 	0 	-0.111111	
405	0.0261977	0.340049	0.037037	0.333333	-0.037037	0 	0 	0.111111	
207	0.0176463	0.407734	0.037037	0.333333	-0.037037	0 	0 	0.111111	
271	0.00772139	0.444987	0	0.444444	0.111111	0 	0 	0.037037	
184	0.106996	0.473251	0	0.444444	0.111111	0 	0 	0.037037	
463	0.0869729	0.509175	0.111111	0.481481	-0.111111	0 	0 	0.037037	
496	0.0572805	0.489506	0.111111	0.481481	-0.111111	0 	0 	0.037037	
133	0.102237	0.502309	0.111111	0.481481	-0.111111	0 	0 	0.037037	
331	0.0112757	0.520028	0	0.518519	0.111111	0 	0 	0.037037	
73	0.0625618	0.544826	0	0.518519	0.111111	0 	0 	0.037037	
380	0.107258	0.570244	0.111111	0.555556	-0.037037	0 	0 	0.111111	
101	0.090535	0.650206	0.111111	0.555556	-0.037037	0 	0 	0.111111	
440	0.0739351	0.649433	0.0740741	0.666667	-0.037037	0 	0 	-0.111111	
242	0.0726454	0.583857	0.0740741	0.666667	-0.037037	0 	0 	-0.111111	
50	0.0123457	0.567901	0.037037	0.555556	-0.037037	0 	0 	0.111111	
248	0.0271954	0.605345	0.037037	0.555556	-0.037037	0 	0 	0.111111	
554	0.0325332	0.627803	0.037037	0.555556	-0.037037	0 	0 	0.111111	
567	0.0474438	0.689783	0	0.666667	0.111111	0 	0 	0.037037	
318	0.0614568	0.698004	0	0.666667	0.111111	0 	0 	0.037037	
204	0.0196983	0.695772	0	0.666667	0.111111	0 	0 	0.037037	
429	0.0931463	0.709677	0.111111	0.703704	-0.111111	0 	0 	0.037037	
516	0.10775	0.70905	0.111111	0.703704	-0.111111	0 	0 	0.037037	
144	0.00411523	0.711934	0.111111	0.703704	-0.111111	0 	0 	0.037037	
369	0.00840725	0.768981	0	0.740741	0.111111	0 	0 	0.037037	
12	0.0402339	0.748784	0	0.740741	0.111111	0 	0 	0.037037	
167	0.115209	0.77773	0.111111	0.777778	0.037037	0 	0 	-0.111111	
473	0.115398	0.760449	0.111111	0.777778	0.037037	0 	0 	-0.111111	
116	0.152321	0.67804	0.148148	0.666667	0.037037	0 	0 	0.111111	
341	0.151833	0.740935	0.148148	0.666667	0.037037	0 	0 	0.111111	
281	0.190085	0.763161	0.185185	0.777778	0.037037	0 	0 	-0.111111	
56	0.19833	0.737884	0.185185	0.777778	0.037037	0 	0 	-0.111111	
506	0.197464	0.667193	0.185185	0.777778	0.037037	0 	0 	-0.111111	
52	0.230665	0.666877	0.222222	0.666667	0.111111	0 	0 	0.037037	
382	0.326126	0.670015	0.222222	0.666667	0.111111	0 	0 	0.037037	
235	0.28076	0.720123	0.333333	0.703704	-0.111111	0 	0 	0.037037	
250	0.247687	0.711661	0.333333	0.703704	-0.111111	0 	0 	0.037037	
556	0.22234	0.766232	0.222222	0.740741	0.111111	0 	0 	0.037037	
433	0.242282	0.742528	0.222222	0.740741	0.111111	0 	0 	0.037037	
103	0.317557	0.756657	0.222222	0.740741	0.111111	0 	0 	0.037037	
524	0.333281	0.778258	0.333333	0.777778	-0.037037	0 	0 	0.111111	
20	0.328961	0.811005	0.333333	0.777778	-0.037037	0 	0 	0.111111	
299	0.319896	0.877138	0.333333	0.777778	-0.037037	0 	0 	0.111111	
584	0.295263	0.874491	0.296296	0.888889	-0.037037	0 	0 	-0.111111	
359	0.277092	0.84225	0.296296	0.888889	-0.037037	0 	0 	-0.111111	
161	0.266311	0.787435	0.296296	0.888889	-0.037037	0 	0 	-0.111111	
410	0.254703	0.823848	0.259259	0.777778	-0.037037	0 	0 	0.111111	
212	0.233291	0.856008	0.259259	0.777778	-0.037037	0 	0 	0.111111	
30	0.165927	0.859594	0.222222	0.888889	-0.111111	0 	0 	-0.037037	
387	0.127288	0.853928	0.222222	0.888889	-0.111111	0 	0 	-0.037037	
81	0.134217	0.830195	0.111111	0.851852	0.111111	0 	0 	-0.037037	
561	0.149195	0.838162	0.111111	0.851852	0.111111	0 	0 	-0.037037	
447	0.221782	0.82746	0.111111	0.851852	0.111111	0 	0 	-0.037037	
222	0.210314	0.79264	0.222222	0.814815	-0.111111	0 	0 	-0.037037	
255	0.208593	0.806004	0.222222	0.814815	-0.111111	0 	0 	-0.037037	
346	0.107116	0.811154	0.111111	0.777778	-0.037037	0 	0 	0.111111	
121	0.110386	0.797949	0.111111	0.777778	-0.037037	0 	0 	0.111111	
478	0.0709934	0.885615	0.0740741	0.888889	-0.037037	0 	0 	-0.111111	
172	0.07003	0.849808	0.0740741	0.888889	-0.037037	0 	0 	-0.111111	
70	0.0307087	0.78524	0.037037	0.777778	-0.037037	0 	0 	0.111111	
295	0.0270989	0.788283	0.037037	0.777778	-0.037037	0 	0 	0.111111	
493	0.0307798	0.861317	0.037037	0.777778	-0.037037	0 	0 	0.111111	
455	0.00384029	0.910588	0	0.888889	0.111111	0 	0 	0.037037	
98	0.0536858	0.910732	0	0.888889	0.111111	0 	0 	0.037037	
542	0.0136034	0.920758	0	0.888889	0.111111	0 	0 	0.037037	
38	0.076454	0.961608	0.111111	0.925926	-0.111111	0 	0 	0.037037	
404	0.0946314	0.93459	0.111111	0.925926	-0.111111	0 	0 	0.037037	
230	0.0346674	0.99957	0	0.962963	0.111111	0 	0 	0.037037	
263	0.0962285	0.97205	0	0.962963	0.111111	0 	0 	0.037037	
538	0.122067	0.983147	0.111111	1	0.037037	0 	0 	-0.111111	
313	0.124829	0.957476	0.111111	1	0.037037	0 	0 	-0.111111	
7	0.111111	0.888889	0.111111	1	0.037037	0 	0 	-0.111111	
190	0.157574	0.907478	0.148148	0.888889	0.037037	0 	0 	0.111111	
415	0.153011	0.984126	0.148148	0.888889	0.037037	0 	0 	0.111111	
139	0.18547	0.979348	0.185185	1	0.037037	0 	0 	-0.111111	
589	0.218522	0.937346	0.185185	1	0.037037	0 	0 	-0.111111	
364	0.189071	0.936061	0.185185	1	0.037037	0 	0 	-0.111111	
273	0.260631	0.908093	0.222222	0.888889	0.111111	0 	0 	0.037037	
186	0.224959	0.897403	0.222222	0.888889	0.111111	0 	0 	0.037037	
465	0.307576	0.947635	0.333333	0.925926	-0.111111	0 	0 	0.037037	
498	0.323907	0.931612	0.333333	0.925926	-0.111111	0 	0 	0.037037	
126	0.251029	0.958848	0.333333	0.925926	-0.111111	0 	0 	0.037037	
324	0.241739	0.989607	0.222222	0.962963	0.111111	0 	0 	0.037037	
75	0.283951	0.987654	0.222222	0.962963	0.111111	0 	0 	0.037037	
553	0.334596	0.998304	0.333333	1	0.037037	0 	0 	-0.111111	
247	0.337196	0.951214	0.333333	1	0.037037	0 	0 	-0.111111	
49	0.345679	0.901235	0.333333	1	0.037037	0 	0 	-0.111111	
241	0.39358	0.938281	0.37037	0.888889	0.037037	0 	0 	0.111111	
439	0.397339	0.973198	0.37037	0.888889	0.037037	0 	0 	0.111111	
100	0.407534	0.983844	0.407407	1	0.037037	0 	0 	-0.111111	
379	0.434648	0.889579	0.407407	1	0.037037	0 	0 	-0.111111	
72	0.394023	0.874355	0.444444	0.888889	-0.111111	0 	0 	-0.037037	
330	0.372905	0.885466	0.444444	0.888889	-0.111111	0 	0 	-0.037037	
132	0.355147	0.851452	0.333333	0.851852	0.111111	0 	0 	-0.037037	
495	0.386989	0.824233	0.333333	0.851852	0.111111	0 	0 	-0.037037	
462	0.427386	0.837105	0.333333	0.851852	0.111111	0 	0 	-0.037037	
183	0.441747	0.809047	0.444444	0.814815	-0.111111	0 	0 	-0.037037	
270	0.371742	0.796982	0.444444	0.814815	-0.111111	0 	0 	-0.037037	
209	0.350861	0.758091	0.333333	0.777778	0.037037	0 	0 	-0.111111	
407	0.3351	0.712159	0.333333	0.777778	0.037037	0 	0 	-0.111111	
158	0.371254	0.682509	0.37037	0.666667	0.037037	0 	0 	0.111111	
356	0.388203	0.731139	0.37037	0.666667	0.037037	0 	0 	0.111111	
581	0.405421	0.757904	0.37037	0.666667	0.037037	0 	0 	0.111111	
305	0.407736	0.777389	0.407407	0.777778	0.037037	0 	0 	-0.111111	
26	0.409411	0.697042	0.407407	0.777778	0.037037	0 	0 	-0.111111	
530	0.429724	0.693627	0.407407	0.777778	0.037037	0 	0 	-0.111111	
67	0.454521	0.672423	0.444444	0.666667	0.111111	0 	0 	0.037037	
343	0.524005	0.681756	0.444444	0.666667	0.111111	0 	0 	0.037037	
178	0.515453	0.731035	0.555556	0.703704	-0.111111	0 	0 	0.037037	
292	0.446541	0.724876	0.555556	0.703704	-0.111111	0 	0 	0.037037	
490	0.457891	0.752573	0.444444	0.740741	0.111111	0 	0 	0.037037	
484	0.483974	0.759244	0.444444	0.740741	0.111111	0 	0 	0.037037	
118	0.543284	0.775095	0.444444	0.740741	0.111111	0 	0 	0.037037	
548	0.521262	0.812071	0.555556	0.777778	-0.037037	0 	0 	0.111111	
44	0.554354	0.817947	0.555556	0.777778	-0.037037	0 	0 	0.111111	
269	0.554558	0.877315	0.555556	0.777778	-0.037037	0 	0 	0.111111	
401	0.513773	0.856775	0.518519	0.888889	-0.037037	0 	0 	-0.111111	
95	0.51841	0.884704	0.518519	0.888889	-0.037037	0 	0 	-0.111111	
452	0.481069	0.801741	0.481481	0.777778	-0.037037	0 	0 	0.111111	
227	0.473072	0.852436	0.481481	0.777778	-0.037037	0 	0 	0.111111	
573	0.445116	0.908044	0.444444	0.888889	0.111111	0 	0 	0.037037	
315	0.478274	0.922969	0.444444	0.888889	0.111111	0 	0 	0.037037	
201	0.526749	0.893004	0.444444	0.888889	0.111111	0 	0 	0.037037	
426	0.55538	0.927526	0.555556	0.925926	-0.111111	0 	0 	0.037037	
513	0.51407	0.94918	0.555556	0.925926	-0.111111	0 	0 	0.037037	
150	0.44856	0.934156	0.555556	0.925926	-0.111111	0 	0 	0.037037	
375	0.45969	0.971582	0.444444	0.962963	0.111111	0 	0 	0.037037	
9	0.48846	0.966318	0.444444	0.962963	0.111111	0 	0 	0.037037	
164	0.582287	0.999421	0.555556	1	0.037037	0 	0 	-0.111111	
470	0.563737	0.91075	0.555556	1	0.037037	0 	0 	-0.111111	
113	0.625839	0.917034	0.592593	0.888889	0.037037	0 	0 	0.111111	
338	0.594765	0.946777	0.592593	0.888889	0.037037	0 	0 	0.111111	
287	0.639132	0.971689	0.62963	1	0.037037	0 	0 	-0.111111	
62	0.643242	0.955927	0.62963	1	0.037037	0 	0 	-0.111111	
512	0.634149	0.890184	0.62963	1	0.037037	0 	0 	-0.111111	
136	0.646601	0.861241	0.666667	0.888889	-0.111111	0 	0 	-0.037037	
421	0.664959	0.88491	0.666667	0.888889	-0.111111	0 	0 	-0.037037	
535	0.600148	0.869391	0.666667	0.888889	-0.111111	0 	0 	-0.037037	
310	0.572568	0.845803	0.555556	0.851852	0.111111	0 	0 	-0.037037	
196	0.600528	0.820544	0.555556	0.851852	0.111111	0 	0 	-0.037037	
586	0.66118	0.832647	0.555556	0.851852	0.111111	0 	0 	-0.037037	
361	0.66654	0.794892	0.666667	0.814815	-0.111111	0 	0 	-0.037037	
4	0.555556	0.777778	0.666667	0.814815	-0.111111	0 	0 	-0.037037	
393	0.588833	0.739378	0.555556	0.777778	0.037037	0 	0 	-0.111111	
87	0.558217	0.73777	0.555556	0.777778	0.037037	0 	0 	-0.111111	
252	0.594709	0.683998	0.592593	0.666667	0.037037	0 	0 	0.111111	
558	0.599048	0.669345	0.592593	0.666667	0.037037	0 	0 	0.111111	
27	0.59287	0.735763	0.592593	0.666667	0.037037	0 	0 	0.111111	
444	0.665759	0.711333	0.62963	0.777778	0.037037	0 	0 	-0.111111	
219	0.650267	0.680096	0.62963	0.777778	0.037037	0 	0 	-0.111111	
1	0.681855	0.669095	0.666667	0.666667	0.111111	0 	0 	0.037037	
367	0.757319	0.696519	0.666667	0.666667	0.111111	0 	0 	0.037037	
592	0.766252	0.709665	0.777778	0.703704	-0.111111	0 	0 	0.037037	
193	0.711602	0.705326	0.777778	0.703704	-0.111111	0 	0 	0.037037	
307	0.683336	0.734665	0.777778	0.703704	-0.111111	0 	0 	0.037037	
532	0.669039	0.744875	0.666667	0.740741	0.111111	0 	0 	0.037037	
418	0.720069	0.763593	0.666667	0.740741	0.111111	0 	0 	0.037037	
142	0.677586	0.771729	0.666667	0.740741	0.111111	0 	0 	0.037037	
327	0.779509	0.752664	0.777778	0.777778	0.037037	0 	0 	-0.111111	
129	0.798258	0.715036	0.777778	0.777778	0.037037	0 	0 	-0.111111	
276	0.819612	0.678084	0.814815	0.666667	0.037037	0 	0 	0.111111	
501	0.823039	0.713003	0.814815	0.666667	0.037037	0 	0 	0.111111	
78	0.836542	0.762348	0.814815	0.666667	0.037037	0 	0 	0.111111	
459	0.857678	0.764067	0.851852	0.777778	0.037037	0 	0 	-0.111111	
180	0.875231	0.73866	0.851852	0.777778	0.037037	0 	0 	-0.111111	
458	0.899356	0.667332	0.888889	0.666667	0.111111	0 	0 	0.037037	
92	0.913651	0.692976	0.888889	0.666667	0.111111	0 	0 	0.037037	
545	0.968931	0.697679	0.888889	0.666667	0.111111	0 	0 	0.037037	
41	0.985865	0.703741	1	0.703704	-0.111111	0 	0 	0.037037	
398	0.962982	0.736041	1	0.703704	-0.111111	0 	0 	0.037037	
233	0.904223	0.740996	0.888889	0.740741	0.111111	0 	0 	0.037037	
266	0.989026	0.747599	0.888889	0.740741	0.111111	0 	0 	0.037037	
198	0.994061	0.791705	1	0.777778	-0.037037	0 	0 	0.111111	
423	0.997347	0.880521	1	0.777778	-0.037037	0 	0 	0.111111	
15	0.930452	0.849016	0.962963	0.888889	-0.037037	0 	0 	-0.111111	
519	0.956386	0.85391	0.962963	0.888889	-0.037037	0 	0 	-0.111111	
321	0.939528	0.811405	0.962963	0.888889	-0.037037	0 	0 	-0.111111	
570	0.9144	0.792673	0.925926	0.777778	-0.037037	0 	0 	0.111111	
147	0.915469	0.799684	0.925926	0.777778	-0.037037	0 	0 	0.111111	
372	0.920229	0.884832	0.925926	0.777778	-0.037037	0 	0 	0.111111	
106	0.880815	0.870416	0.888889	0.888889	-0.111111	0 	0 	-0.037037	
436	0.849108	0.862826	0.888889	0.888889	-0.111111	0 	0 	-0.037037	
550	0.780521	0.886145	0.888889	0.888889	-0.111111	0 	0 	-0.037037	
244	0.809841	0.815462	0.777778	0.851852	0.111111	0 	0 	-0.037037	
238	0.842559	0.848039	0.777778	0.851852	0.111111	0 	0 	-0.037037	
385	0.883852	0.787463	0.888889	0.814815	-0.111111	0 	0 	-0.037037	
46	0.792662	0.792801	0.888889	0.814815	-0.111111	0 	0 	-0.037037	
509	0.777116	0.804122	0.777778	0.777778	-0.037037	0 	0 	0.111111	
59	0.776249	0.819156	0.777778	0.777778	-0.037037	0 	0 	0.111111	
284	0.742112	0.871056	0.777778	0.777778	-0.037037	0 	0 	0.111111	
335	0.720342	0.826426	0.740741	0.888889	-0.037037	0 	0 	-0.111111	
110	0.734032	0.786001	0.740741	0.888889	-0.037037	0 	0 	-0.111111	
476	0.698863	0.808944	0.703704	0.777778	-0.037037	0 	0 	0.111111	
170	0.698836	0.883212	0.703704	0.777778	-0.037037	0 	0 	0.111111	
258	0.679129	0.911755	0.666667	0.888889	0.111111	0 	0 	0.037037	
216	0.736088	0.911251	0.666667	0.888889	0.111111	0 	0 	0.037037	
441	0.776887	0.936701	0.777778	0.925926	-0.111111	0 	0 	0.037037	
564	0.76593	0.955996	0.777778	0.925926	-0.111111	0 	0 	0.037037	
84	0.670196	0.955769	0.777778	0.925926	-0.111111	0 	0 	0.037037	
390	0.678838	0.993265	0.666667	0.962963	0.111111	0 	0 	0.037037	
33	0.719388	0.973039	0.666667	0.962963	0.111111	0 	0 	0.037037	
215	0.782801	0.992661	0.777778	1	0.037037	0 	0 	-0.111111	
413	0.799726	0.924554	0.777778	1	0.037037	0 	0 	-0.111111	
155	0.815163	0.89232	0.814815	0.888889	0.037037	0 	0 	0.111111	
353	0.822476	0.949522	0.814815	0.888889	0.037037	0 	0 	0.111111	
578	0.846365	0.980796	0.814815	0.888889	0.037037	0 	0 	0.111111	
302	0.879131	0.949723	0.851852	1	0.037037	0 	0 	-0.111111	
23	0.856381	0.901392	0.851852	1	0.037037	0 	0 	-0.111111	
527	0.879287	0.910837	0.851852	1	0.037037	0 	0 	-0.111111	
64	0.917187	0.909119	0.888889	0.888889	0.111111	0 	0 	0.037037	
349	0.96845	0.903978	0.888889	0.888889	0.111111	0 	0 	0.037037	
175	0.995026	0.936488	1	0.925926	-0.111111	0 	0 	0.037037	
289	0.986039	0.959803	1	0.925926	-0.111111	0 	0 	0.037037	
487	0.91842	0.998843	0.888889	0.962963	0.111111	0 	0 	0.037037	
481	0.896888	0.997074	0.888889	0.962963	0.111111	0 	0 	0.037037	
124	0.99177	0.995885	0.888889	0.962963	0.111111	0 	0 	0.037037	
