1	0	0.00404527	0.00414822	0	0	0.111111	0	0	0.037037	0.	0.	0.037037037037037035	0.	0.	0.037037037037037035	0	0	0	0	0	0	0	0	0	0	0	0
1	0	0.0706843	0.0326432	0	0	0.111111	0	0	0.037037	0.037037037037037035	0.	0.037037037037037035	0.	0.	0.037037037037037035	0	0	1	0	0	0	0	0	0	0	0	1
1	0	0.111077	0.0703293	0	0.037037	0.111111	0	0	0.037037	0.	0.037037037037037035	0.037037037037037035	0.	0.	0.037037037037037035	0	0	0	0	0	1	0	0	0	0	1	0
1	0	0.0472504	0.11105	0	0.0740741	0.111111	0	0	0.037037	0.	0.07407407407407407	0.037037037037037035	0.	0.	0.037037037037037035	0	0	0	0	0	2	0	0	0	0	2	0
1	0	0.167963	0.0370131	0.111111	0	0.111111	0	0	0.037037	0.1111111111111111	0.	0.037037037037037035	0.	0.	0.037037037037037035	0	1	0	0	0	0	0	0	0	1	0	0
1	0	0.188505	0.0740369	0.111111	0.037037	0.111111	0	0	0.037037	0.1111111111111111	0.037037037037037035	0.037037037037037035	0.	0.	0.037037037037037035	0	1	0	0	0	1	0	0	0	1	1	0
1	0	0.129981	0.0988676	0.111111	0.0740741	0.111111	0	0	0.037037	0.1111111111111111	0.07407407407407407	0.037037037037037035	0.	0.	0.037037037037037035	0	1	0	0	0	2	0	0	0	1	2	0
1	0	0.254302	0.0115961	0.222222	0	0.111111	0	0	0.037037	0.2222222222222222	0.	0.037037037037037035	0.	0.	0.037037037037037035	0	2	0	0	0	0	0	0	0	2	0	0
1	0	0.280318	0.0640178	0.222222	0.037037	0.111111	0	0	0.037037	0.2222222222222222	0.037037037037037035	0.037037037037037035	0.	0.	0.037037037037037035	0	2	0	0	0	1	0	0	0	2	1	0
1	0	0.330426	0.106532	0.222222	0.0740741	0.111111	0	0	0.037037	0.2222222222222222	0.07407407407407407	0.037037037037037035	0.	0.	0.037037037037037035	0	2	0	0	0	2	0	0	0	2	2	0
1	0	0.102712	0.148134	0	0.111111	0.111111	0	0	0.037037	0.	0.1111111111111111	0.037037037037037035	0.	0.	0.037037037037037035	0	0	0	0	1	0	0	0	1	0	0	0
1	0	0.0256286	0.167384	0	0.148148	0.111111	0	0	0.037037	0.	0.14814814814814814	0.037037037037037035	0.	0.	0.037037037037037035	0	0	0	0	1	1	0	0	1	0	1	0
1	0	0.0321634	0.206307	0	0.185185	0.111111	0	0	0.037037	0.	0.18518518518518517	0.037037037037037035	0.	0.	0.037037037037037035	0	0	0	0	1	2	0	0	1	0	2	0
1	0	0.15483	0.12683	0.111111	0.111111	0.111111	0	0	0.037037	0.1111111111111111	0.1111111111111111	0.037037037037037035	0.	0.	0.037037037037037035	0	1	0	0	1	0	0	0	1	1	0	0
1	0	0.201058	0.185172	0.111111	0.148148	0.111111	0	0	0.037037	0.1111111111111111	0.14814814814814814	0.037037037037037035	0.	0.	0.037037037037037035	0	1	0	0	1	1	0	0	1	1	1	0
1	0	0.213543	0.212527	0.111111	0.185185	0.111111	0	0	0.037037	0.1111111111111111	0.18518518518518517	0.037037037037037035	0.	0.	0.037037037037037035	0	1	0	0	1	2	0	0	1	1	2	0
1	0	0.287282	0.135814	0.222222	0.111111	0.111111	0	0	0.037037	0.2222222222222222	0.1111111111111111	0.037037037037037035	0.	0.	0.037037037037037035	0	2	0	0	1	0	0	0	1	2	0	0
1	0	0.269048	0.173263	0.222222	0.148148	0.111111	0	0	0.037037	0.2222222222222222	0.14814814814814814	0.037037037037037035	0.	0.	0.037037037037037035	0	2	0	0	1	1	0	0	1	2	1	0
1	0	0.320583	0.222203	0.222222	0.185185	0.111111	0	0	0.037037	0.2222222222222222	0.18518518518518517	0.037037037037037035	0.	0.	0.037037037037037035	0	2	0	0	1	2	0	0	1	2	2	0
1	0	0.0905854	0.231963	0	0.222222	0.111111	0	0	0.037037	0.	0.2222222222222222	0.037037037037037035	0.	0.	0.037037037037037035	0	0	0	0	2	0	0	0	2	0	0	0
1	0	0.08315	0.296195	0	0.259259	0.111111	0	0	0.037037	0.	0.25925925925925924	0.037037037037037035	0.	0.	0.037037037037037035	0	0	0	0	2	1	0	0	2	0	1	0
1	0	0.0529046	0.304014	0	0.296296	0.111111	0	0	0.037037	0.	0.2962962962962963	0.037037037037037035	0.	0.	0.037037037037037035	0	0	0	0	2	2	0	0	2	0	2	0
1	0	0.17986	0.256495	0.111111	0.222222	0.111111	0	0	0.037037	0.1111111111111111	0.2222222222222222	0.037037037037037035	0.	0.	0.037037037037037035	0	1	0	0	2	0	0	0	2	1	0	0
1	0	0.145805	0.267264	0.111111	0.259259	0.111111	0	0	0.037037	0.1111111111111111	0.25925925925925924	0.037037037037037035	0.	0.	0.037037037037037035	0	1	0	0	2	1	0	0	2	1	1	0
1	0	0.206673	0.333101	0.111111	0.296296	0.111111	0	0	0.037037	0.1111111111111111	0.2962962962962963	0.037037037037037035	0.	0.	0.037037037037037035	0	1	0	0	2	2	0	0	2	1	2	0
1	0	0.303719	0.244787	0.222222	0.222222	0.111111	0	0	0.037037	0.2222222222222222	0.2222222222222222	0.037037037037037035	0.	0.	0.037037037037037035	0	2	0	0	2	0	0	0	2	2	0	0
1	0	0.2489	0.275915	0.222222	0.259259	0.111111	0	0	0.037037	0.2222222222222222	0.25925925925925924	0.037037037037037035	0.	0.	0.037037037037037035	0	2	0	0	2	1	0	0	2	2	1	0
1	0	0.297495	0.32423	0.222222	0.296296	0.111111	0	0	0.037037	0.2222222222222222	0.2962962962962963	0.037037037037037035	0.	0.	0.037037037037037035	0	2	0	0	2	2	0	0	2	2	2	0
1	0	0.368146	0.0202918	0.333333	0	0.111111	0	0	0.037037	0.3333333333333333	0.	0.037037037037037035	0.	0.	0.037037037037037035	1	0	0	0	0	0	0	1	0	0	0	0
1	0	0.410893	0.0369354	0.333333	0	0.111111	0	0	0.037037	0.37037037037037035	0.	0.037037037037037035	0.	0.	0.037037037037037035	1	0	1	0	0	0	0	1	0	0	0	1
1	0	0.397468	0.0588549	0.333333	0.037037	0.111111	0	0	0.037037	0.3333333333333333	0.037037037037037035	0.037037037037037035	0.	0.	0.037037037037037035	1	0	0	0	0	1	0	1	0	0	1	0
1	0	0.351431	0.0892159	0.333333	0.0740741	0.111111	0	0	0.037037	0.3333333333333333	0.07407407407407407	0.037037037037037035	0.	0.	0.037037037037037035	1	0	0	0	0	2	0	1	0	0	2	0
1	0	0.487854	0.0253009	0.444444	0	0.111111	0	0	0.037037	0.4444444444444444	0.	0.037037037037037035	0.	0.	0.037037037037037035	1	1	0	0	0	0	0	1	0	1	0	0
1	0	0.529464	0.0504238	0.444444	0.037037	0.111111	0	0	0.037037	0.4444444444444444	0.037037037037037035	0.037037037037037035	0.	0.	0.037037037037037035	1	1	0	0	0	1	0	1	0	1	1	0
1	0	0.55555	0.110981	0.444444	0.0740741	0.111111	0	0	0.037037	0.4444444444444444	0.07407407407407407	0.037037037037037035	0.	0.	0.037037037037037035	1	1	0	0	0	2	0	1	0	1	2	0
1	0	0.647507	0.0155072	0.555556	0	0.111111	0	0	0.037037	0.5555555555555556	0.	0.037037037037037035	0.	0.	0.037037037037037035	1	2	0	0	0	0	0	1	0	2	0	0
1	0	0.632489	0.0739073	0.555556	0.037037	0.111111	0	0	0.037037	0.5555555555555556	0.037037037037037035	0.037037037037037035	0.	0.	0.037037037037037035	1	2	0	0	0	1	0	1	0	2	1	0
1	0	0.580108	0.0934553	0.555556	0.0740741	0.111111	0	0	0.037037	0.5555555555555556	0.07407407407407407	0.037037037037037035	0.	0.	0.037037037037037035	1	2	0	0	0	2	0	1	0	2	2	0
1	0	0.430809	0.140789	0.333333	0.111111	0.111111	0	0	0.037037	0.3333333333333333	0.1111111111111111	0.037037037037037035	0.	0.	0.037037037037037035	1	0	0	0	1	0	0	1	1	0	0	0
1	0	0.444421	0.178074	0.333333	0.148148	0.111111	0	0	0.037037	0.3333333333333333	0.14814814814814814	0.037037037037037035	0.	0.	0.037037037037037035	1	0	0	0	1	1	0	1	1	0	1	0
1	0	0.416363	0.199371	0.333333	0.185185	0.111111	0	0	0.037037	0.3333333333333333	0.18518518518518517	0.037037037037037035	0.	0.	0.037037037037037035	1	0	0	0	1	2	0	1	1	0	2	0
1	0	0.538773	0.146874	0.444444	0.111111	0.111111	0	0	0.037037	0.4444444444444444	0.1111111111111111	0.037037037037037035	0.	0.	0.037037037037037035	1	1	0	0	1	0	0	1	1	1	0	0
1	0	0.46205	0.160718	0.444444	0.148148	0.111111	0	0	0.037037	0.4444444444444444	0.14814814814814814	0.037037037037037035	0.	0.	0.037037037037037035	1	1	0	0	1	1	0	1	1	1	1	0
1	0	0.508804	0.194179	0.444444	0.185185	0.111111	0	0	0.037037	0.4444444444444444	0.18518518518518517	0.037037037037037035	0.	0.	0.037037037037037035	1	1	0	0	1	2	0	1	1	1	2	0
1	0	0.621033	0.130684	0.555556	0.111111	0.111111	0	0	0.037037	0.5555555555555556	0.1111111111111111	0.037037037037037035	0.	0.	0.037037037037037035	1	2	0	0	1	0	0	1	1	2	0	0
1	0	0.666644	0.156706	0.555556	0.148148	0.111111	0	0	0.037037	0.5555555555555556	0.14814814814814814	0.037037037037037035	0.	0.	0.037037037037037035	1	2	0	0	1	1	0	1	1	2	1	0
1	0	0.597469	0.216692	0.555556	0.185185	0.111111	0	0	0.037037	0.5555555555555556	0.18518518518518517	0.037037037037037035	0.	0.	0.037037037037037035	1	2	0	0	1	2	0	1	1	2	2	0
1	0	0.38093	0.237407	0.333333	0.222222	0.111111	0	0	0.037037	0.3333333333333333	0.2222222222222222	0.037037037037037035	0.	0.	0.037037037037037035	1	0	0	0	2	0	0	1	2	0	0	0
1	0	0.342671	0.282949	0.333333	0.259259	0.111111	0	0	0.037037	0.3333333333333333	0.25925925925925924	0.037037037037037035	0.	0.	0.037037037037037035	1	0	0	0	2	1	0	1	2	0	1	0
1	0	0.358693	0.316752	0.333333	0.296296	0.111111	0	0	0.037037	0.3333333333333333	0.2962962962962963	0.037037037037037035	0.	0.	0.037037037037037035	1	0	0	0	2	2	0	1	2	0	2	0
1	0	0.552451	0.25925	0.444444	0.222222	0.111111	0	0	0.037037	0.4444444444444444	0.2222222222222222	0.037037037037037035	0.	0.	0.037037037037037035	1	1	0	0	2	0	0	1	2	1	0	0
1	0	0.516511	0.287637	0.444444	0.259259	0.111111	0	0	0.037037	0.4444444444444444	0.25925925925925924	0.037037037037037035	0.	0.	0.037037037037037035	1	1	0	0	2	1	0	1	2	1	1	0
1	0	0.475374	0.311289	0.444444	0.296296	0.111111	0	0	0.037037	0.4444444444444444	0.2962962962962963	0.037037037037037035	0.	0.	0.037037037037037035	1	1	0	0	2	2	0	1	2	1	2	0
1	0	0.608296	0.25236	0.555556	0.222222	0.111111	0	0	0.037037	0.5555555555555556	0.2222222222222222	0.037037037037037035	0.	0.	0.037037037037037035	1	2	0	0	2	0	0	1	2	2	0	0
1	0	0.587921	0.292737	0.555556	0.259259	0.111111	0	0	0.037037	0.5555555555555556	0.25925925925925924	0.037037037037037035	0.	0.	0.037037037037037035	1	2	0	0	2	1	0	1	2	2	1	0
1	0	0.663066	0.329395	0.555556	0.296296	0.111111	0	0	0.037037	0.5555555555555556	0.2962962962962963	0.037037037037037035	0.	0.	0.037037037037037035	1	2	0	0	2	2	0	1	2	2	2	0
1	0	0.7776	0.00718123	0.666667	0	0.111111	0	0	0.037037	0.6666666666666666	0.	0.037037037037037035	0.	0.	0.037037037037037035	2	0	0	0	0	0	0	2	0	0	0	0
1	0	0.762483	0.056309	0.666667	0.037037	0.111111	0	0	0.037037	0.6666666666666666	0.037037037037037035	0.037037037037037035	0.	0.	0.037037037037037035	2	0	0	0	0	1	0	2	0	0	1	0
1	0	0.679083	0.0832617	0.666667	0.0740741	0.111111	0	0	0.037037	0.6666666666666666	0.07407407407407407	0.037037037037037035	0.	0.	0.037037037037037035	2	0	0	0	0	2	0	2	0	0	2	0
1	0	0.851298	0.0288389	0.777778	0	0.111111	0	0	0.037037	0.7777777777777778	0.	0.037037037037037035	0.	0.	0.037037037037037035	2	1	0	0	0	0	0	2	0	1	0	0
1	0	0.78743	0.0466764	0.777778	0.037037	0.111111	0	0	0.037037	0.7777777777777778	0.037037037037037035	0.037037037037037035	0.	0.	0.037037037037037035	2	1	0	0	0	1	0	2	0	1	1	0
1	0	0.823317	0.102333	0.777778	0.0740741	0.111111	0	0	0.037037	0.7777777777777778	0.07407407407407407	0.037037037037037035	0.	0.	0.037037037037037035	2	1	0	0	0	2	0	2	0	1	2	0
1	0	0.984315	0.0221269	0.888889	0	0.111111	0	0	0.037037	0.8888888888888888	0.	0.037037037037037035	0.	0.	0.037037037037037035	2	2	0	0	0	0	0	2	0	2	0	0
1	0	0.952569	0.0529643	0.888889	0.037037	0.111111	0	0	0.037037	0.8888888888888888	0.037037037037037035	0.037037037037037035	0.	0.	0.037037037037037035	2	2	0	0	0	1	0	2	0	2	1	0
1	0	0.940316	0.0852619	0.888889	0.0740741	0.111111	0	0	0.037037	0.8888888888888888	0.07407407407407407	0.037037037037037035	0.	0.	0.037037037037037035	2	2	0	0	0	2	0	2	0	2	2	0
1	0	0.729957	0.121821	0.666667	0.111111	0.111111	0	0	0.037037	0.6666666666666666	0.1111111111111111	0.037037037037037035	0.	0.	0.037037037037037035	2	0	0	0	1	0	0	2	1	0	0	0
1	0	0.706167	0.184774	0.666667	0.148148	0.111111	0	0	0.037037	0.6666666666666666	0.14814814814814814	0.037037037037037035	0.	0.	0.037037037037037035	2	0	0	0	1	1	0	2	1	0	1	0
1	0	0.684912	0.221868	0.666667	0.185185	0.111111	0	0	0.037037	0.6666666666666666	0.18518518518518517	0.037037037037037035	0.	0.	0.037037037037037035	2	0	0	0	1	2	0	2	1	0	2	0
1	0	0.887528	0.143865	0.777778	0.111111	0.111111	0	0	0.037037	0.7777777777777778	0.1111111111111111	0.037037037037037035	0.	0.	0.037037037037037035	2	1	0	0	1	0	0	2	1	1	0	0
1	0	0.800969	0.181006	0.777778	0.148148	0.111111	0	0	0.037037	0.7777777777777778	0.14814814814814814	0.037037037037037035	0.	0.	0.037037037037037035	2	1	0	0	1	1	0	2	1	1	1	0
1	0	0.832588	0.202851	0.777778	0.185185	0.111111	0	0	0.037037	0.7777777777777778	0.18518518518518517	0.037037037037037035	0.	0.	0.037037037037037035	2	1	0	0	1	2	0	2	1	1	2	0
1	0	0.897041	0.118303	0.888889	0.111111	0.111111	0	0	0.037037	0.8888888888888888	0.1111111111111111	0.037037037037037035	0.	0.	0.037037037037037035	2	2	0	0	1	0	0	2	1	2	0	0
1	0	0.913989	0.16448	0.888889	0.148148	0.111111	0	0	0.037037	0.8888888888888888	0.14814814814814814	0.037037037037037035	0.	0.	0.037037037037037035	2	2	0	0	1	1	0	2	1	2	1	0
1	0	0.920572	0.219418	0.888889	0.185185	0.111111	0	0	0.037037	0.8888888888888888	0.18518518518518517	0.037037037037037035	0.	0.	0.037037037037037035	2	2	0	0	1	2	0	2	1	2	2	0
1	0	0.713049	0.248223	0.666667	0.222222	0.111111	0	0	0.037037	0.6666666666666666	0.2222222222222222	0.037037037037037035	0.	0.	0.037037037037037035	2	0	0	0	2	0	0	2	2	0	0	0
1	0	0.745368	0.271904	0.666667	0.259259	0.111111	0	0	0.037037	0.6666666666666666	0.25925925925925924	0.037037037037037035	0.	0.	0.037037037037037035	2	0	0	0	2	1	0	2	2	0	1	0
1	0	0.736068	0.307228	0.666667	0.296296	0.111111	0	0	0.037037	0.6666666666666666	0.2962962962962963	0.037037037037037035	0.	0.	0.037037037037037035	2	0	0	0	2	2	0	2	2	0	2	0
1	0	0.842837	0.240193	0.777778	0.222222	0.111111	0	0	0.037037	0.7777777777777778	0.2222222222222222	0.037037037037037035	0.	0.	0.037037037037037035	2	1	0	0	2	0	0	2	2	1	0	0
1	0	0.879796	0.280237	0.777778	0.259259	0.111111	0	0	0.037037	0.7777777777777778	0.25925925925925924	0.037037037037037035	0.	0.	0.037037037037037035	2	1	0	0	2	1	0	2	2	1	1	0
1	0	0.792668	0.320375	0.777778	0.296296	0.111111	0	0	0.037037	0.7777777777777778	0.2962962962962963	0.037037037037037035	0.	0.	0.037037037037037035	2	1	0	0	2	2	0	2	2	1	2	0
1	0	0.997996	0.228502	0.888889	0.222222	0.111111	0	0	0.037037	0.8888888888888888	0.2222222222222222	0.037037037037037035	0.	0.	0.037037037037037035	2	2	0	0	2	0	0	2	2	2	0	0
1	0	0.963029	0.264203	0.888889	0.259259	0.111111	0	0	0.037037	0.8888888888888888	0.25925925925925924	0.037037037037037035	0.	0.	0.037037037037037035	2	2	0	0	2	1	0	2	2	2	1	0
1	0	0.971716	0.300062	0.888889	0.296296	0.111111	0	0	0.037037	0.8888888888888888	0.2962962962962963	0.037037037037037035	0.	0.	0.037037037037037035	2	2	0	0	2	2	0	2	2	2	2	0
1	0	0.0154347	0.361076	0	0.333333	0.111111	0	0	0.037037	0.	0.3333333333333333	0.037037037037037035	0.	0.	0.037037037037037035	0	0	0	1	0	0	1	0	0	0	0	0
1	0	0.0971499	0.370344	0	0.333333	0.111111	0	0	0.037037	0.037037037037037035	0.3333333333333333	0.037037037037037035	0.	0.	0.037037037037037035	0	0	1	1	0	0	1	0	0	0	0	1
1	0	0.0401012	0.407396	0	0.37037	0.111111	0	0	0.037037	0.	0.37037037037037035	0.037037037037037035	0.	0.	0.037037037037037035	0	0	0	1	0	1	1	0	0	0	1	0
1	0	0.11111	0.443576	0	0.407407	0.111111	0	0	0.037037	0.	0.4074074074074074	0.037037037037037035	0.	0.	0.037037037037037035	0	0	0	1	0	2	1	0	0	0	2	0
1	0	0.140262	0.352496	0.111111	0.333333	0.111111	0	0	0.037037	0.1111111111111111	0.3333333333333333	0.037037037037037035	0.	0.	0.037037037037037035	0	1	0	1	0	0	1	0	0	1	0	0
1	0	0.222204	0.404531	0.111111	0.37037	0.111111	0	0	0.037037	0.1111111111111111	0.37037037037037035	0.037037037037037035	0.	0.	0.037037037037037035	0	1	0	1	0	1	1	0	0	1	1	0
1	0	0.192598	0.437349	0.111111	0.407407	0.111111	0	0	0.037037	0.1111111111111111	0.4074074074074074	0.037037037037037035	0.	0.	0.037037037037037035	0	1	0	1	0	2	1	0	0	1	2	0
1	0	0.23521	0.345187	0.222222	0.333333	0.111111	0	0	0.037037	0.2222222222222222	0.3333333333333333	0.037037037037037035	0.	0.	0.037037037037037035	0	2	0	1	0	0	1	0	0	2	0	0
1	0	0.240866	0.390551	0.222222	0.37037	0.111111	0	0	0.037037	0.2222222222222222	0.37037037037037035	0.037037037037037035	0.	0.	0.037037037037037035	0	2	0	1	0	1	1	0	0	2	1	0
1	0	0.310808	0.42222	0.222222	0.407407	0.111111	0	0	0.037037	0.2222222222222222	0.4074074074074074	0.037037037037037035	0.	0.	0.037037037037037035	0	2	0	1	0	2	1	0	0	2	2	0
1	0	0.0786213	0.480063	0	0.444444	0.111111	0	0	0.037037	0.	0.4444444444444444	0.037037037037037035	0.	0.	0.037037037037037035	0	0	0	1	1	0	1	0	1	0	0	0
1	0	0.0102342	0.505057	0	0.481481	0.111111	0	0	0.037037	0.	0.48148148148148145	0.037037037037037035	0.	0.	0.037037037037037035	0	0	0	1	1	1	1	0	1	0	1	0
1	0	0.0614524	0.533298	0	0.518519	0.111111	0	0	0.037037	0.	0.5185185185185185	0.037037037037037035	0.	0.	0.037037037037037035	0	0	0	1	1	2	1	0	1	0	2	0
1	0	0.222146	0.474439	0.111111	0.444444	0.111111	0	0	0.037037	0.1111111111111111	0.4444444444444444	0.037037037037037035	0.	0.	0.037037037037037035	0	1	0	1	1	0	1	0	1	1	0	0
1	0	0.161414	0.497116	0.111111	0.481481	0.111111	0	0	0.037037	0.1111111111111111	0.48148148148148145	0.037037037037037035	0.	0.	0.037037037037037035	0	1	0	1	1	1	1	0	1	1	1	0
1	0	0.175898	0.543306	0.111111	0.518519	0.111111	0	0	0.037037	0.1111111111111111	0.5185185185185185	0.037037037037037035	0.	0.	0.037037037037037035	0	1	0	1	1	2	1	0	1	1	2	0
1	0	0.260945	0.46424	0.222222	0.444444	0.111111	0	0	0.037037	0.2222222222222222	0.4444444444444444	0.037037037037037035	0.	0.	0.037037037037037035	0	2	0	1	1	0	1	0	1	2	0	0
1	0	0.333224	0.518046	0.222222	0.481481	0.111111	0	0	0.037037	0.2222222222222222	0.48148148148148145	0.037037037037037035	0.	0.	0.037037037037037035	0	2	0	1	1	1	1	0	1	2	1	0
1	0	0.315123	0.555529	0.222222	0.518519	0.111111	0	0	0.037037	0.2222222222222222	0.5185185185185185	0.037037037037037035	0.	0.	0.037037037037037035	0	2	0	1	1	2	1	0	1	2	2	0
1	0	0.0204613	0.572573	0	0.555556	0.111111	0	0	0.037037	0.	0.5555555555555556	0.037037037037037035	0.	0.	0.037037037037037035	0	0	0	1	2	0	1	0	2	0	0	0
1	0	0.0563424	0.611783	0	0.592593	0.111111	0	0	0.037037	0.	0.5925925925925926	0.037037037037037035	0.	0.	0.037037037037037035	0	0	0	1	2	1	1	0	2	0	1	0
1	0	0.0661369	0.645149	0	0.62963	0.111111	0	0	0.037037	0.	0.6296296296296297	0.037037037037037035	0.	0.	0.037037037037037035	0	0	0	1	2	2	1	0	2	0	2	0
1	0	0.135976	0.562923	0.111111	0.555556	0.111111	0	0	0.037037	0.1111111111111111	0.5555555555555556	0.037037037037037035	0.	0.	0.037037037037037035	0	1	0	1	2	0	1	0	2	1	0	0
1	0	0.216437	0.627601	0.111111	0.592593	0.111111	0	0	0.037037	0.1111111111111111	0.5925925925925926	0.037037037037037035	0.	0.	0.037037037037037035	0	1	0	1	2	1	1	0	2	1	1	0
1	0	0.125613	0.653459	0.111111	0.62963	0.111111	0	0	0.037037	0.1111111111111111	0.6296296296296297	0.037037037037037035	0.	0.	0.037037037037037035	0	1	0	1	2	2	1	0	2	1	2	0
1	0	0.32517	0.591723	0.222222	0.555556	0.111111	0	0	0.037037	0.2222222222222222	0.5555555555555556	0.037037037037037035	0.	0.	0.037037037037037035	0	2	0	1	2	0	1	0	2	2	0	0
1	0	0.273913	0.602776	0.222222	0.592593	0.111111	0	0	0.037037	0.2222222222222222	0.5925925925925926	0.037037037037037035	0.	0.	0.037037037037037035	0	2	0	1	2	1	1	0	2	2	1	0
1	0	0.264396	0.659711	0.222222	0.62963	0.111111	0	0	0.037037	0.2222222222222222	0.6296296296296297	0.037037037037037035	0.	0.	0.037037037037037035	0	2	0	1	2	2	1	0	2	2	2	0
1	0	0.439963	0.365747	0.333333	0.333333	0.111111	0	0	0.037037	0.3333333333333333	0.3333333333333333	0.037037037037037035	0.	0.	0.037037037037037035	1	0	0	1	0	0	1	1	0	0	0	0
1	0	0.391665	0.398437	0.333333	0.37037	0.111111	0	0	0.037037	0.3333333333333333	0.37037037037037035	0.037037037037037035	0.	0.	0.037037037037037035	1	0	0	1	0	1	1	1	0	0	1	0
1	0	0.443789	0.444424	0.333333	0.407407	0.111111	0	0	0.037037	0.3333333333333333	0.4074074074074074	0.037037037037037035	0.	0.	0.037037037037037035	1	0	0	1	0	2	1	1	0	0	2	0
1	0	0.469335	0.340198	0.444444	0.333333	0.111111	0	0	0.037037	0.4444444444444444	0.3333333333333333	0.037037037037037035	0.	0.	0.037037037037037035	1	1	0	1	0	0	1	1	0	1	0	0
1	0	0.499493	0.385126	0.444444	0.37037	0.111111	0	0	0.037037	0.4444444444444444	0.37037037037037035	0.037037037037037035	0.	0.	0.037037037037037035	1	1	0	1	0	1	1	1	0	1	1	0
1	0	0.492698	0.430339	0.444444	0.407407	0.111111	0	0	0.037037	0.4444444444444444	0.4074074074074074	0.037037037037037035	0.	0.	0.037037037037037035	1	1	0	1	0	2	1	1	0	1	2	0
1	0	0.654691	0.37001	0.555556	0.333333	0.111111	0	0	0.037037	0.5555555555555556	0.3333333333333333	0.037037037037037035	0.	0.	0.037037037037037035	1	2	0	1	0	0	1	1	0	2	0	0
1	0	0.568713	0.379326	0.555556	0.37037	0.111111	0	0	0.037037	0.5555555555555556	0.37037037037037035	0.037037037037037035	0.	0.	0.037037037037037035	1	2	0	1	0	1	1	1	0	2	1	0
1	0	0.574995	0.416373	0.555556	0.407407	0.111111	0	0	0.037037	0.5555555555555556	0.4074074074074074	0.037037037037037035	0.	0.	0.037037037037037035	1	2	0	1	0	2	1	1	0	2	2	0
1	0	0.372537	0.455861	0.333333	0.444444	0.111111	0	0	0.037037	0.3333333333333333	0.4444444444444444	0.037037037037037035	0.	0.	0.037037037037037035	1	0	0	1	1	0	1	1	1	0	0	0
1	0	0.420325	0.509647	0.333333	0.481481	0.111111	0	0	0.037037	0.3333333333333333	0.48148148148148145	0.037037037037037035	0.	0.	0.037037037037037035	1	0	0	1	1	1	1	1	1	0	1	0
1	0	0.435423	0.550107	0.333333	0.518519	0.111111	0	0	0.037037	0.3333333333333333	0.5185185185185185	0.037037037037037035	0.	0.	0.037037037037037035	1	0	0	1	1	2	1	1	1	0	2	0
1	0	0.524679	0.481469	0.444444	0.444444	0.111111	0	0	0.037037	0.4444444444444444	0.4444444444444444	0.037037037037037035	0.	0.	0.037037037037037035	1	1	0	1	1	0	1	1	1	1	0	0
1	0	0.543961	0.514798	0.444444	0.481481	0.111111	0	0	0.037037	0.4444444444444444	0.48148148148148145	0.037037037037037035	0.	0.	0.037037037037037035	1	1	0	1	1	1	1	1	1	1	1	0
1	0	0.504313	0.525815	0.444444	0.518519	0.111111	0	0	0.037037	0.4444444444444444	0.5185185185185185	0.037037037037037035	0.	0.	0.037037037037037035	1	1	0	1	1	2	1	1	1	1	2	0
1	0	0.615851	0.468886	0.555556	0.444444	0.111111	0	0	0.037037	0.5555555555555556	0.4444444444444444	0.037037037037037035	0.	0.	0.037037037037037035	1	2	0	1	1	0	1	1	1	2	0	0
1	0	0.638035	0.489648	0.555556	0.481481	0.111111	0	0	0.037037	0.5555555555555556	0.48148148148148145	0.037037037037037035	0.	0.	0.037037037037037035	1	2	0	1	1	1	1	1	1	2	1	0
1	0	0.602118	0.539062	0.555556	0.518519	0.111111	0	0	0.037037	0.5555555555555556	0.5185185185185185	0.037037037037037035	0.	0.	0.037037037037037035	1	2	0	1	1	2	1	1	1	2	2	0
1	0	0.385036	0.576971	0.333333	0.555556	0.111111	0	0	0.037037	0.3333333333333333	0.5555555555555556	0.037037037037037035	0.	0.	0.037037037037037035	1	0	0	1	2	0	1	1	2	0	0	0
1	0	0.405426	0.621393	0.333333	0.592593	0.111111	0	0	0.037037	0.3333333333333333	0.5925925925925926	0.037037037037037035	0.	0.	0.037037037037037035	1	0	0	1	2	1	1	1	2	0	1	0
1	0	0.362637	0.634162	0.333333	0.62963	0.111111	0	0	0.037037	0.3333333333333333	0.6296296296296297	0.037037037037037035	0.	0.	0.037037037037037035	1	0	0	1	2	2	1	1	2	0	2	0
1	0	0.482773	0.586964	0.444444	0.555556	0.111111	0	0	0.037037	0.4444444444444444	0.5555555555555556	0.037037037037037035	0.	0.	0.037037037037037035	1	1	0	1	2	0	1	1	2	1	0	0
1	0	0.456945	0.59825	0.444444	0.592593	0.111111	0	0	0.037037	0.4444444444444444	0.5925925925925926	0.037037037037037035	0.	0.	0.037037037037037035	1	1	0	1	2	1	1	1	2	1	1	0
1	0	0.548184	0.665007	0.444444	0.62963	0.111111	0	0	0.037037	0.4444444444444444	0.6296296296296297	0.037037037037037035	0.	0.	0.037037037037037035	1	1	0	1	2	2	1	1	2	1	2	0
1	0	0.626196	0.580825	0.555556	0.555556	0.111111	0	0	0.037037	0.5555555555555556	0.5555555555555556	0.037037037037037035	0.	0.	0.037037037037037035	1	2	0	1	2	0	1	1	2	2	0	0
1	0	0.642938	0.616771	0.555556	0.592593	0.111111	0	0	0.037037	0.5555555555555556	0.5925925925925926	0.037037037037037035	0.	0.	0.037037037037037035	1	2	0	1	2	1	1	1	2	2	1	0
1	0	0.5923	0.641515	0.555556	0.62963	0.111111	0	0	0.037037	0.5555555555555556	0.6296296296296297	0.037037037037037035	0.	0.	0.037037037037037035	1	2	0	1	2	2	1	1	2	2	2	0
1	0	0.772746	0.356849	0.666667	0.333333	0.111111	0	0	0.037037	0.6666666666666666	0.3333333333333333	0.037037037037037035	0.	0.	0.037037037037037035	2	0	0	1	0	0	1	2	0	0	0	0
1	0	0.753153	0.394593	0.666667	0.37037	0.111111	0	0	0.037037	0.6666666666666666	0.37037037037037035	0.037037037037037035	0.	0.	0.037037037037037035	2	0	0	1	0	1	1	2	0	0	1	0
1	0	0.695215	0.425608	0.666667	0.407407	0.111111	0	0	0.037037	0.6666666666666666	0.4074074074074074	0.037037037037037035	0.	0.	0.037037037037037035	2	0	0	1	0	2	1	2	0	0	2	0
1	0	0.865199	0.336988	0.777778	0.333333	0.111111	0	0	0.037037	0.7777777777777778	0.3333333333333333	0.037037037037037035	0.	0.	0.037037037037037035	2	1	0	1	0	0	1	2	0	1	0	0
1	0	0.808677	0.40735	0.777778	0.37037	0.111111	0	0	0.037037	0.7777777777777778	0.37037037037037035	0.037037037037037035	0.	0.	0.037037037037037035	2	1	0	1	0	1	1	2	0	1	1	0
1	0	0.813538	0.43454	0.777778	0.407407	0.111111	0	0	0.037037	0.7777777777777778	0.4074074074074074	0.037037037037037035	0.	0.	0.037037037037037035	2	1	0	1	0	2	1	2	0	1	2	0
1	0	0.90287	0.349422	0.888889	0.333333	0.111111	0	0	0.037037	0.8888888888888888	0.3333333333333333	0.037037037037037035	0.	0.	0.037037037037037035	2	2	0	1	0	0	1	2	0	2	0	0
1	0	0.934691	0.382284	0.888889	0.37037	0.111111	0	0	0.037037	0.8888888888888888	0.37037037037037035	0.037037037037037035	0.	0.	0.037037037037037035	2	2	0	1	0	1	1	2	0	2	1	0
1	0	0.99237	0.413839	0.888889	0.407407	0.111111	0	0	0.037037	0.8888888888888888	0.4074074074074074	0.037037037037037035	0.	0.	0.037037037037037035	2	2	0	1	0	2	1	2	0	2	2	0
1	0	0.700687	0.459843	0.666667	0.444444	0.111111	0	0	0.037037	0.6666666666666666	0.4444444444444444	0.037037037037037035	0.	0.	0.037037037037037035	2	0	0	1	1	0	1	2	1	0	0	0
1	0	0.723009	0.493956	0.666667	0.481481	0.111111	0	0	0.037037	0.6666666666666666	0.48148148148148145	0.037037037037037035	0.	0.	0.037037037037037035	2	0	0	1	1	1	1	2	1	0	1	0
1	0	0.717631	0.529718	0.666667	0.518519	0.111111	0	0	0.037037	0.6666666666666666	0.5185185185185185	0.037037037037037035	0.	0.	0.037037037037037035	2	0	0	1	1	2	1	2	1	0	2	0
1	0	0.854814	0.451897	0.777778	0.444444	0.111111	0	0	0.037037	0.7777777777777778	0.4444444444444444	0.037037037037037035	0.	0.	0.037037037037037035	2	1	0	1	1	0	1	2	1	1	0	0
1	0	0.875014	0.501498	0.777778	0.481481	0.111111	0	0	0.037037	0.7777777777777778	0.48148148148148145	0.037037037037037035	0.	0.	0.037037037037037035	2	1	0	1	1	1	1	2	1	1	1	0
1	0	0.869905	0.546185	0.777778	0.518519	0.111111	0	0	0.037037	0.7777777777777778	0.5185185185185185	0.037037037037037035	0.	0.	0.037037037037037035	2	1	0	1	1	2	1	2	1	1	2	0
1	0	0.978877	0.448866	0.888889	0.444444	0.111111	0	0	0.037037	0.8888888888888888	0.4444444444444444	0.037037037037037035	0.	0.	0.037037037037037035	2	2	0	1	1	0	1	2	1	2	0	0
1	0	0.928266	0.484677	0.888889	0.481481	0.111111	0	0	0.037037	0.8888888888888888	0.48148148148148145	0.037037037037037035	0.	0.	0.037037037037037035	2	2	0	1	1	1	1	2	1	2	1	0
1	0	0.957891	0.521739	0.888889	0.518519	0.111111	0	0	0.037037	0.8888888888888888	0.5185185185185185	0.037037037037037035	0.	0.	0.037037037037037035	2	2	0	1	1	2	1	2	1	2	2	0
1	0	0.75939	0.567147	0.666667	0.555556	0.111111	0	0	0.037037	0.6666666666666666	0.5555555555555556	0.037037037037037035	0.	0.	0.037037037037037035	2	0	0	1	2	0	1	2	2	0	0	0
1	0	0.688763	0.607287	0.666667	0.592593	0.111111	0	0	0.037037	0.6666666666666666	0.5925925925925926	0.037037037037037035	0.	0.	0.037037037037037035	2	0	0	1	2	1	1	2	2	0	1	0
1	0	0.740122	0.637499	0.666667	0.62963	0.111111	0	0	0.037037	0.6666666666666666	0.6296296296296297	0.037037037037037035	0.	0.	0.037037037037037035	2	0	0	1	2	2	1	2	2	0	2	0
1	0	0.836986	0.559005	0.777778	0.555556	0.111111	0	0	0.037037	0.7777777777777778	0.5555555555555556	0.037037037037037035	0.	0.	0.037037037037037035	2	1	0	1	2	0	1	2	2	1	0	0
1	0	0.859029	0.62448	0.777778	0.592593	0.111111	0	0	0.037037	0.7777777777777778	0.5925925925925926	0.037037037037037035	0.	0.	0.037037037037037035	2	1	0	1	2	1	1	2	2	1	1	0
1	0	0.827939	0.650098	0.777778	0.62963	0.111111	0	0	0.037037	0.7777777777777778	0.6296296296296297	0.037037037037037035	0.	0.	0.037037037037037035	2	1	0	1	2	2	1	2	2	1	2	0
1	0	0.909136	0.584097	0.888889	0.555556	0.111111	0	0	0.037037	0.8888888888888888	0.5555555555555556	0.037037037037037035	0.	0.	0.037037037037037035	2	2	0	1	2	0	1	2	2	2	0	0
1	0	0.945131	0.596047	0.888889	0.592593	0.111111	0	0	0.037037	0.8888888888888888	0.5925925925925926	0.037037037037037035	0.	0.	0.037037037037037035	2	2	0	1	2	1	1	2	2	2	1	0
1	0	0.924033	0.662669	0.888889	0.62963	0.111111	0	0	0.037037	0.8888888888888888	0.6296296296296297	0.037037037037037035	0.	0.	0.037037037037037035	2	2	0	1	2	2	1	2	2	2	2	0
1	0	0.106339	0.703649	0	0.666667	0.111111	0	0	0.037037	0.	0.6666666666666666	0.037037037037037035	0.	0.	0.037037037037037035	0	0	0	2	0	0	2	0	0	0	0	0
1	0	0.111051	0.696002	0	0.666667	0.111111	0	0	0.037037	0.037037037037037035	0.6666666666666666	0.037037037037037035	0.	0.	0.037037037037037035	0	0	1	2	0	0	2	0	0	0	0	1
1	0	0.0349027	0.73192	0	0.703704	0.111111	0	0	0.037037	0.	0.7037037037037037	0.037037037037037035	0.	0.	0.037037037037037035	0	0	0	2	0	1	2	0	0	0	1	0
1	0	0.0747622	0.759386	0	0.740741	0.111111	0	0	0.037037	0.	0.7407407407407407	0.037037037037037035	0.	0.	0.037037037037037035	0	0	0	2	0	2	2	0	0	0	2	0
1	0	0.171866	0.678283	0.111111	0.666667	0.111111	0	0	0.037037	0.1111111111111111	0.6666666666666666	0.037037037037037035	0.	0.	0.037037037037037035	0	1	0	2	0	0	2	0	0	1	0	0
1	0	0.150884	0.740689	0.111111	0.703704	0.111111	0	0	0.037037	0.1111111111111111	0.7037037037037037	0.037037037037037035	0.	0.	0.037037037037037035	0	1	0	2	0	1	2	0	0	1	1	0
1	0	0.197254	0.773667	0.111111	0.740741	0.111111	0	0	0.037037	0.1111111111111111	0.7407407407407407	0.037037037037037035	0.	0.	0.037037037037037035	0	1	0	2	0	2	2	0	0	1	2	0
1	0	0.290374	0.670657	0.222222	0.666667	0.111111	0	0	0.037037	0.2222222222222222	0.6666666666666666	0.037037037037037035	0.	0.	0.037037037037037035	0	2	0	2	0	0	2	0	0	2	0	0
1	0	0.244924	0.719592	0.222222	0.703704	0.111111	0	0	0.037037	0.2222222222222222	0.7037037037037037	0.037037037037037035	0.	0.	0.037037037037037035	0	2	0	2	0	1	2	0	0	2	1	0
1	0	0.306612	0.777747	0.222222	0.740741	0.111111	0	0	0.037037	0.2222222222222222	0.7407407407407407	0.037037037037037035	0.	0.	0.037037037037037035	0	2	0	2	0	2	2	0	0	2	2	0
1	0	0.00657683	0.800248	0	0.777778	0.111111	0	0	0.037037	0.	0.7777777777777778	0.037037037037037035	0.	0.	0.037037037037037035	0	0	0	2	1	0	2	0	1	0	0	0
1	0	0.0874451	0.829049	0	0.814815	0.111111	0	0	0.037037	0.	0.8148148148148148	0.037037037037037035	0.	0.	0.037037037037037035	0	0	0	2	1	1	2	0	1	0	1	0
1	0	0.0431392	0.870675	0	0.851852	0.111111	0	0	0.037037	0.	0.8518518518518519	0.037037037037037035	0.	0.	0.037037037037037035	0	0	0	2	1	2	2	0	1	0	2	0
1	0	0.220366	0.8148	0.111111	0.777778	0.111111	0	0	0.037037	0.1111111111111111	0.7777777777777778	0.037037037037037035	0.	0.	0.037037037037037035	0	1	0	2	1	0	2	0	1	1	0	0
1	0	0.157956	0.842326	0.111111	0.814815	0.111111	0	0	0.037037	0.1111111111111111	0.8148148148148148	0.037037037037037035	0.	0.	0.037037037037037035	0	1	0	2	1	1	2	0	1	1	1	0
1	0	0.18414	0.859323	0.111111	0.851852	0.111111	0	0	0.037037	0.1111111111111111	0.8518518518518519	0.037037037037037035	0.	0.	0.037037037037037035	0	1	0	2	1	2	2	0	1	1	2	0
1	0	0.293877	0.809801	0.222222	0.777778	0.111111	0	0	0.037037	0.2222222222222222	0.7777777777777778	0.037037037037037035	0.	0.	0.037037037037037035	0	2	0	2	1	0	2	0	1	2	0	0
1	0	0.332472	0.851742	0.222222	0.814815	0.111111	0	0	0.037037	0.2222222222222222	0.8148148148148148	0.037037037037037035	0.	0.	0.037037037037037035	0	2	0	2	1	1	2	0	1	2	1	0
1	0	0.277184	0.884061	0.222222	0.851852	0.111111	0	0	0.037037	0.2222222222222222	0.8518518518518519	0.037037037037037035	0.	0.	0.037037037037037035	0	2	0	2	1	2	2	0	1	2	2	0
1	0	0.0993051	0.921688	0	0.888889	0.111111	0	0	0.037037	0.	0.8888888888888888	0.037037037037037035	0.	0.	0.037037037037037035	0	0	0	2	2	0	2	0	2	0	0	0
1	0	0.023158	0.938384	0	0.925926	0.111111	0	0	0.037037	0.	0.9259259259259259	0.037037037037037035	0.	0.	0.037037037037037035	0	0	0	2	2	1	2	0	2	0	1	0
1	0	0.0635021	0.971456	0	0.962963	0.111111	0	0	0.037037	0.	0.9629629629629629	0.037037037037037035	0.	0.	0.037037037037037035	0	0	0	2	2	2	2	0	2	0	2	0
1	0	0.133193	0.90827	0.111111	0.888889	0.111111	0	0	0.037037	0.1111111111111111	0.8888888888888888	0.037037037037037035	0.	0.	0.037037037037037035	0	1	0	2	2	0	2	0	2	1	0	0
1	0	0.204339	0.957765	0.111111	0.925926	0.111111	0	0	0.037037	0.1111111111111111	0.9259259259259259	0.037037037037037035	0.	0.	0.037037037037037035	0	1	0	2	2	1	2	0	2	1	1	0
1	0	0.164753	0.991497	0.111111	0.962963	0.111111	0	0	0.037037	0.1111111111111111	0.9629629629629629	0.037037037037037035	0.	0.	0.037037037037037035	0	1	0	2	2	2	2	0	2	1	2	0
1	0	0.232547	0.895041	0.222222	0.888889	0.111111	0	0	0.037037	0.2222222222222222	0.8888888888888888	0.037037037037037035	0.	0.	0.037037037037037035	0	2	0	2	2	0	2	0	2	2	0	0
1	0	0.258013	0.950885	0.222222	0.925926	0.111111	0	0	0.037037	0.2222222222222222	0.9259259259259259	0.037037037037037035	0.	0.	0.037037037037037035	0	2	0	2	2	1	2	0	2	2	1	0
1	0	0.318933	1	0.222222	0.962963	0.111111	0	0	0.037037	0.2222222222222222	0.9629629629629629	0.037037037037037035	0.	0.	0.037037037037037035	0	2	0	2	2	2	2	0	2	2	2	0
1	0	0.347195	0.690534	0.333333	0.666667	0.111111	0	0	0.037037	0.3333333333333333	0.6666666666666666	0.037037037037037035	0.	0.	0.037037037037037035	1	0	0	2	0	0	2	1	0	0	0	0
1	0	0.400754	0.725708	0.333333	0.703704	0.111111	0	0	0.037037	0.3333333333333333	0.7037037037037037	0.037037037037037035	0.	0.	0.037037037037037035	1	0	0	2	0	1	2	1	0	0	1	0
1	0	0.427825	0.765526	0.333333	0.740741	0.111111	0	0	0.037037	0.3333333333333333	0.7407407407407407	0.037037037037037035	0.	0.	0.037037037037037035	1	0	0	2	0	2	2	1	0	0	2	0
1	0	0.533502	0.701478	0.444444	0.666667	0.111111	0	0	0.037037	0.4444444444444444	0.6666666666666666	0.037037037037037035	0.	0.	0.037037037037037035	1	1	0	2	0	0	2	1	0	1	0	0
1	0	0.519726	0.738739	0.444444	0.703704	0.111111	0	0	0.037037	0.4444444444444444	0.7037037037037037	0.037037037037037035	0.	0.	0.037037037037037035	1	1	0	2	0	1	2	1	0	1	1	0
1	0	0.478628	0.753307	0.444444	0.740741	0.111111	0	0	0.037037	0.4444444444444444	0.7407407407407407	0.037037037037037035	0.	0.	0.037037037037037035	1	1	0	2	0	2	2	1	0	1	2	0
1	0	0.564844	0.685387	0.555556	0.666667	0.111111	0	0	0.037037	0.5555555555555556	0.6666666666666666	0.037037037037037035	0.	0.	0.037037037037037035	1	2	0	2	0	0	2	1	0	2	0	0
1	0	0.65995	0.715062	0.555556	0.703704	0.111111	0	0	0.037037	0.5555555555555556	0.7037037037037037	0.037037037037037035	0.	0.	0.037037037037037035	1	2	0	2	0	1	2	1	0	2	1	0
1	0	0.611846	0.748752	0.555556	0.740741	0.111111	0	0	0.037037	0.5555555555555556	0.7407407407407407	0.037037037037037035	0.	0.	0.037037037037037035	1	2	0	2	0	2	2	1	0	2	2	0
1	0	0.375756	0.792196	0.333333	0.777778	0.111111	0	0	0.037037	0.3333333333333333	0.7777777777777778	0.037037037037037035	0.	0.	0.037037037037037035	1	0	0	2	1	0	2	1	1	0	0	0
1	0	0.42405	0.836422	0.333333	0.814815	0.111111	0	0	0.037037	0.3333333333333333	0.8148148148148148	0.037037037037037035	0.	0.	0.037037037037037035	1	0	0	2	1	1	2	1	1	0	1	0
1	0	0.388816	0.875949	0.333333	0.851852	0.111111	0	0	0.037037	0.3333333333333333	0.8518518518518519	0.037037037037037035	0.	0.	0.037037037037037035	1	0	0	2	1	2	2	1	1	0	2	0
1	0	0.465397	0.78709	0.444444	0.777778	0.111111	0	0	0.037037	0.4444444444444444	0.7777777777777778	0.037037037037037035	0.	0.	0.037037037037037035	1	1	0	2	1	0	2	1	1	1	0	0
1	0	0.555323	0.847488	0.444444	0.814815	0.111111	0	0	0.037037	0.4444444444444444	0.8148148148148148	0.037037037037037035	0.	0.	0.037037037037037035	1	1	0	2	1	1	2	1	1	1	1	0
1	0	0.51189	0.8887	0.444444	0.851852	0.111111	0	0	0.037037	0.4444444444444444	0.8518518518518519	0.037037037037037035	0.	0.	0.037037037037037035	1	1	0	2	1	2	2	1	1	1	2	0
1	0	0.650943	0.805796	0.555556	0.777778	0.111111	0	0	0.037037	0.5555555555555556	0.7777777777777778	0.037037037037037035	0.	0.	0.037037037037037035	1	2	0	2	1	0	2	1	1	2	0	0
1	0	0.58343	0.824241	0.555556	0.814815	0.111111	0	0	0.037037	0.5555555555555556	0.8148148148148148	0.037037037037037035	0.	0.	0.037037037037037035	1	2	0	2	1	1	2	1	1	2	1	0
1	0	0.629272	0.865621	0.555556	0.851852	0.111111	0	0	0.037037	0.5555555555555556	0.8518518518518519	0.037037037037037035	0.	0.	0.037037037037037035	1	2	0	2	1	2	2	1	1	2	2	0
1	0	0.355014	0.915623	0.333333	0.888889	0.111111	0	0	0.037037	0.3333333333333333	0.8888888888888888	0.037037037037037035	0.	0.	0.037037037037037035	1	0	0	2	2	0	2	1	2	0	0	0
1	0	0.408913	0.962935	0.333333	0.925926	0.111111	0	0	0.037037	0.3333333333333333	0.9259259259259259	0.037037037037037035	0.	0.	0.037037037037037035	1	0	0	2	2	1	2	1	2	0	1	0
1	0	0.338879	0.982303	0.333333	0.962963	0.111111	0	0	0.037037	0.3333333333333333	0.9629629629629629	0.037037037037037035	0.	0.	0.037037037037037035	1	0	0	2	2	2	2	1	2	0	2	0
1	0	0.494952	0.900293	0.444444	0.888889	0.111111	0	0	0.037037	0.4444444444444444	0.8888888888888888	0.037037037037037035	0.	0.	0.037037037037037035	1	1	0	2	2	0	2	1	2	1	0	0
1	0	0.45327	0.931048	0.444444	0.925926	0.111111	0	0	0.037037	0.4444444444444444	0.9259259259259259	0.037037037037037035	0.	0.	0.037037037037037035	1	1	0	2	2	1	2	1	2	1	1	0
1	0	0.526921	0.975652	0.444444	0.962963	0.111111	0	0	0.037037	0.4444444444444444	0.9629629629629629	0.037037037037037035	0.	0.	0.037037037037037035	1	1	0	2	2	2	2	1	2	1	2	0
1	0	0.571911	0.925679	0.555556	0.888889	0.111111	0	0	0.037037	0.5555555555555556	0.8888888888888888	0.037037037037037035	0.	0.	0.037037037037037035	1	2	0	2	2	0	2	1	2	2	0	0
1	0	0.604737	0.942824	0.555556	0.925926	0.111111	0	0	0.037037	0.5555555555555556	0.9259259259259259	0.037037037037037035	0.	0.	0.037037037037037035	1	2	0	2	2	1	2	1	2	2	1	0
1	0	0.64013	0.986786	0.555556	0.962963	0.111111	0	0	0.037037	0.5555555555555556	0.9629629629629629	0.037037037037037035	0.	0.	0.037037037037037035	1	2	0	2	2	2	2	1	2	2	2	0
1	0	0.768678	0.682209	0.666667	0.666667	0.111111	0	0	0.037037	0.6666666666666666	0.6666666666666666	0.037037037037037035	0.	0.	0.037037037037037035	2	0	0	2	0	0	2	2	0	0	0	0
1	0	0.673896	0.710255	0.666667	0.703704	0.111111	0	0	0.037037	0.6666666666666666	0.7037037037037037	0.037037037037037035	0.	0.	0.037037037037037035	2	0	0	2	0	1	2	2	0	0	1	0
1	0	0.725815	0.769181	0.666667	0.740741	0.111111	0	0	0.037037	0.6666666666666666	0.7407407407407407	0.037037037037037035	0.	0.	0.037037037037037035	2	0	0	2	0	2	2	2	0	0	2	0
1	0	0.817609	0.674031	0.777778	0.666667	0.111111	0	0	0.037037	0.7777777777777778	0.6666666666666666	0.037037037037037035	0.	0.	0.037037037037037035	2	1	0	2	0	0	2	2	0	1	0	0
1	0	0.803943	0.735194	0.777778	0.703704	0.111111	0	0	0.037037	0.7777777777777778	0.7037037037037037	0.037037037037037035	0.	0.	0.037037037037037035	2	1	0	2	0	1	2	2	0	1	1	0
1	0	0.883596	0.762002	0.777778	0.740741	0.111111	0	0	0.037037	0.7777777777777778	0.7407407407407407	0.037037037037037035	0.	0.	0.037037037037037035	2	1	0	2	0	2	2	2	0	1	2	0
1	0	0.967593	0.698843	0.888889	0.666667	0.111111	0	0	0.037037	0.8888888888888888	0.6666666666666666	0.037037037037037035	0.	0.	0.037037037037037035	2	2	0	2	0	0	2	2	0	2	0	0
1	0	0.893137	0.723225	0.888889	0.703704	0.111111	0	0	0.037037	0.8888888888888888	0.7037037037037037	0.037037037037037035	0.	0.	0.037037037037037035	2	2	0	2	0	1	2	2	0	2	1	0
1	0	0.988536	0.746562	0.888889	0.740741	0.111111	0	0	0.037037	0.8888888888888888	0.7407407407407407	0.037037037037037035	0.	0.	0.037037037037037035	2	2	0	2	0	2	2	2	0	2	2	0
1	0	0.748045	0.796123	0.666667	0.777778	0.111111	0	0	0.037037	0.6666666666666666	0.7777777777777778	0.037037037037037035	0.	0.	0.037037037037037035	2	0	0	2	1	0	2	2	1	0	0	0
1	0	0.692316	0.820026	0.666667	0.814815	0.111111	0	0	0.037037	0.6666666666666666	0.8148148148148148	0.037037037037037035	0.	0.	0.037037037037037035	2	0	0	2	1	1	2	2	1	0	1	0
1	0	0.755866	0.879952	0.666667	0.851852	0.111111	0	0	0.037037	0.6666666666666666	0.8518518518518519	0.037037037037037035	0.	0.	0.037037037037037035	2	0	0	2	1	2	2	2	1	0	2	0
1	0	0.795632	0.782787	0.777778	0.777778	0.111111	0	0	0.037037	0.7777777777777778	0.7777777777777778	0.037037037037037035	0.	0.	0.037037037037037035	2	1	0	2	1	0	2	2	1	1	0	0
1	0	0.782769	0.833295	0.777778	0.814815	0.111111	0	0	0.037037	0.7777777777777778	0.8148148148148148	0.037037037037037035	0.	0.	0.037037037037037035	2	1	0	2	1	1	2	2	1	1	1	0
1	0	0.845818	0.862463	0.777778	0.851852	0.111111	0	0	0.037037	0.7777777777777778	0.8518518518518519	0.037037037037037035	0.	0.	0.037037037037037035	2	1	0	2	1	2	2	2	1	1	2	0
1	0	0.947966	0.803426	0.888889	0.777778	0.111111	0	0	0.037037	0.8888888888888888	0.7777777777777778	0.037037037037037035	0.	0.	0.037037037037037035	2	2	0	2	1	0	2	2	1	2	0	0
1	0	0.975544	0.839597	0.888889	0.814815	0.111111	0	0	0.037037	0.8888888888888888	0.8148148148148148	0.037037037037037035	0.	0.	0.037037037037037035	2	2	0	2	1	1	2	2	1	2	1	0
1	0	0.905513	0.854608	0.888889	0.851852	0.111111	0	0	0.037037	0.8888888888888888	0.8518518518518519	0.037037037037037035	0.	0.	0.037037037037037035	2	2	0	2	1	2	2	2	1	2	2	0
1	0	0.709391	0.904124	0.666667	0.888889	0.111111	0	0	0.037037	0.6666666666666666	0.8888888888888888	0.037037037037037035	0.	0.	0.037037037037037035	2	0	0	2	2	0	2	2	2	0	0	0
1	0	0.676479	0.947336	0.666667	0.925926	0.111111	0	0	0.037037	0.6666666666666666	0.9259259259259259	0.037037037037037035	0.	0.	0.037037037037037035	2	0	0	2	2	1	2	2	2	0	1	0
1	0	0.720204	0.995836	0.666667	0.962963	0.111111	0	0	0.037037	0.6666666666666666	0.9629629629629629	0.037037037037037035	0.	0.	0.037037037037037035	2	0	0	2	2	2	2	2	2	0	2	0
1	0	0.8621	0.912492	0.777778	0.888889	0.111111	0	0	0.037037	0.7777777777777778	0.8888888888888888	0.037037037037037035	0.	0.	0.037037037037037035	2	1	0	2	2	0	2	2	2	1	0	0
1	0	0.820454	0.934161	0.777778	0.925926	0.111111	0	0	0.037037	0.7777777777777778	0.9259259259259259	0.037037037037037035	0.	0.	0.037037037037037035	2	1	0	2	2	1	2	2	2	1	1	0
1	0	0.779778	0.966379	0.777778	0.962963	0.111111	0	0	0.037037	0.7777777777777778	0.9629629629629629	0.037037037037037035	0.	0.	0.037037037037037035	2	1	0	2	2	2	2	2	2	1	2	0
1	0	0.930903	0.892233	0.888889	0.888889	0.111111	0	0	0.037037	0.8888888888888888	0.8888888888888888	0.037037037037037035	0.	0.	0.037037037037037035	2	2	0	2	2	0	2	2	2	2	0	0
1	0	0.955179	0.954446	0.888889	0.925926	0.111111	0	0	0.037037	0.8888888888888888	0.9259259259259259	0.037037037037037035	0.	0.	0.037037037037037035	2	2	0	2	2	1	2	2	2	2	1	0
1	0	0.890138	0.978723	0.888889	0.962963	0.111111	0	0	0.037037	0.8888888888888888	0.9629629629629629	0.037037037037037035	0.	0.	0.037037037037037035	2	2	0	2	2	2	2	2	2	2	2	0
