3	0	0.00625883	0.0283118	0	0	0.111111	0	0	0.111111	0.	0.	0.1111111111111111	0.	0.	0.037037037037037035	0	0	0	0	0	0	0	0	0	0
4	0	0.0513637	0.0582664	0	0	0.111111	0	0	0.111111	0.	0.037037037037037035	0.1111111111111111	0.	0.	0.037037037037037035	0	0	0	0	1	0	0	0	0	1
5	0	0.202826	0.0701288	0.111111	0	0.111111	0	0	0.111111	0.1111111111111111	0.	0.037037037037037035	0.	0.	0.1111111111111111	0	1	0	0	0	0	0	0	1	0
6	0	0.165619	0.0996204	0.111111	0	0.111111	0	0	0.111111	0.14814814814814814	0.	0.037037037037037035	0.	0.	0.1111111111111111	0	1	1	0	0	0	0	0	1	1
3	0	0.275074	0.0130295	0.222222	0	0.111111	0	0	0.111111	0.2222222222222222	0.	0.1111111111111111	0.	0.	0.037037037037037035	0	2	0	0	0	0	0	0	2	0
4	0	0.306896	0.080384	0.222222	0	0.111111	0	0	0.111111	0.2222222222222222	0.037037037037037035	0.1111111111111111	0.	0.	0.037037037037037035	0	2	0	0	1	0	0	0	2	1
5	0	0.0909522	0.219424	0	0.111111	0.111111	0	0	0.111111	0.	0.1111111111111111	0.037037037037037035	0.	0.	0.1111111111111111	0	0	0	0	1	0	0	1	0	0
6	0	0.0687362	0.150726	0	0.111111	0.111111	0	0	0.111111	0.037037037037037035	0.1111111111111111	0.037037037037037035	0.	0.	0.1111111111111111	0	0	1	0	1	0	0	1	0	1
3	0	0.123909	0.125357	0.111111	0.111111	0.111111	0	0	0.111111	0.1111111111111111	0.1111111111111111	0.1111111111111111	0.	0.	0.037037037037037035	0	1	0	1	0	0	0	1	1	0
4	0	0.1874	0.184831	0.111111	0.111111	0.111111	0	0	0.111111	0.1111111111111111	0.14814814814814814	0.1111111111111111	0.	0.	0.037037037037037035	0	1	0	1	1	0	0	1	1	1
5	0	0.241188	0.164549	0.222222	0.111111	0.111111	0	0	0.111111	0.2222222222222222	0.1111111111111111	0.037037037037037035	0.	0.	0.1111111111111111	0	2	0	0	1	0	0	1	2	0
6	0	0.254428	0.19784	0.222222	0.111111	0.111111	0	0	0.111111	0.25925925925925924	0.1111111111111111	0.037037037037037035	0.	0.	0.1111111111111111	0	2	1	0	1	0	0	1	2	1
3	0	0.108841	0.290602	0	0.222222	0.111111	0	0	0.111111	0.	0.2222222222222222	0.1111111111111111	0.	0.	0.037037037037037035	0	0	0	2	0	0	0	2	0	0
4	0	0.0221141	0.277219	0	0.222222	0.111111	0	0	0.111111	0.	0.25925925925925924	0.1111111111111111	0.	0.	0.037037037037037035	0	0	0	2	1	0	0	2	0	1
5	0	0.218032	0.317271	0.111111	0.222222	0.111111	0	0	0.111111	0.1111111111111111	0.2222222222222222	0.037037037037037035	0.	0.	0.1111111111111111	0	1	0	0	2	0	0	2	1	0
6	0	0.14527	0.233845	0.111111	0.222222	0.111111	0	0	0.111111	0.14814814814814814	0.2222222222222222	0.037037037037037035	0.	0.	0.1111111111111111	0	1	1	0	2	0	0	2	1	1
3	0	0.333326	0.268713	0.222222	0.222222	0.111111	0	0	0.111111	0.2222222222222222	0.2222222222222222	0.1111111111111111	0.	0.	0.037037037037037035	0	2	0	2	0	0	0	2	2	0
4	0	0.296764	0.303976	0.222222	0.222222	0.111111	0	0	0.111111	0.2222222222222222	0.25925925925925924	0.1111111111111111	0.	0.	0.037037037037037035	0	2	0	2	1	0	0	2	2	1
3	0	0.416702	0.0046363	0.333333	0	0.111111	0	0	0.111111	0.3333333333333333	0.	0.1111111111111111	0.	0.	0.037037037037037035	1	0	0	0	0	0	1	0	0	0
4	0	0.35686	0.0379449	0.333333	0	0.111111	0	0	0.111111	0.3333333333333333	0.037037037037037035	0.1111111111111111	0.	0.	0.037037037037037035	1	0	0	0	1	0	1	0	0	1
5	0	0.434903	0.117289	0.333333	0.111111	0.111111	0	0	0.111111	0.3333333333333333	0.1111111111111111	0.037037037037037035	0.	0.	0.1111111111111111	1	0	0	0	1	0	1	0	1	0
6	0	0.402419	0.175984	0.333333	0.111111	0.111111	0	0	0.111111	0.37037037037037035	0.1111111111111111	0.037037037037037035	0.	0.	0.1111111111111111	1	0	1	0	1	0	1	0	1	1
3	0	0.385691	0.246058	0.333333	0.222222	0.111111	0	0	0.111111	0.3333333333333333	0.2222222222222222	0.1111111111111111	0.	0.	0.037037037037037035	1	0	0	2	0	0	1	0	2	0
4	0	0.444424	0.324729	0.333333	0.222222	0.111111	0	0	0.111111	0.3333333333333333	0.25925925925925924	0.1111111111111111	0.	0.	0.037037037037037035	1	0	0	2	1	0	1	0	2	1
5	0	0.477272	0.108859	0.444444	0	0.111111	0	0	0.111111	0.4444444444444444	0.	0.037037037037037035	0.	0.	0.1111111111111111	1	1	0	0	0	0	1	1	0	0
6	0	0.534184	0.0865406	0.444444	0	0.111111	0	0	0.111111	0.48148148148148145	0.	0.037037037037037035	0.	0.	0.1111111111111111	1	1	1	0	0	0	1	1	0	1
3	0	0.513402	0.137039	0.444444	0.111111	0.111111	0	0	0.111111	0.4444444444444444	0.1111111111111111	0.1111111111111111	0.	0.	0.037037037037037035	1	1	0	1	0	0	1	1	1	0
4	0	0.493055	0.205919	0.444444	0.111111	0.111111	0	0	0.111111	0.4444444444444444	0.14814814814814814	0.1111111111111111	0.	0.	0.037037037037037035	1	1	0	1	1	0	1	1	1	1
5	0	0.464678	0.254741	0.444444	0.222222	0.111111	0	0	0.111111	0.4444444444444444	0.2222222222222222	0.037037037037037035	0.	0.	0.1111111111111111	1	1	0	0	2	0	1	1	2	0
6	0	0.548599	0.332242	0.444444	0.222222	0.111111	0	0	0.111111	0.48148148148148145	0.2222222222222222	0.037037037037037035	0.	0.	0.1111111111111111	1	1	1	0	2	0	1	1	2	1
3	0	0.645494	0.0439915	0.555556	0	0.111111	0	0	0.111111	0.5555555555555556	0.	0.1111111111111111	0.	0.	0.037037037037037035	1	2	0	0	0	0	1	2	0	0
4	0	0.590384	0.051046	0.555556	0	0.111111	0	0	0.111111	0.5555555555555556	0.037037037037037035	0.1111111111111111	0.	0.	0.037037037037037035	1	2	0	0	1	0	1	2	0	1
5	0	0.630537	0.212732	0.555556	0.111111	0.111111	0	0	0.111111	0.5555555555555556	0.1111111111111111	0.037037037037037035	0.	0.	0.1111111111111111	1	2	0	0	1	0	1	2	1	0
6	0	0.609627	0.144049	0.555556	0.111111	0.111111	0	0	0.111111	0.5925925925925926	0.1111111111111111	0.037037037037037035	0.	0.	0.1111111111111111	1	2	1	0	1	0	1	2	1	1
3	0	0.66664	0.295943	0.555556	0.222222	0.111111	0	0	0.111111	0.5555555555555556	0.2222222222222222	0.1111111111111111	0.	0.	0.037037037037037035	1	2	0	2	0	0	1	2	2	0
4	0	0.58087	0.262533	0.555556	0.222222	0.111111	0	0	0.111111	0.5555555555555556	0.25925925925925924	0.1111111111111111	0.	0.	0.037037037037037035	1	2	0	2	1	0	1	2	2	1
3	0	0.695617	0.0188003	0.666667	0	0.111111	0	0	0.111111	0.6666666666666666	0.	0.1111111111111111	0.	0.	0.037037037037037035	2	0	0	0	0	0	2	0	0	0
4	0	0.758268	0.0924157	0.666667	0	0.111111	0	0	0.111111	0.6666666666666666	0.037037037037037035	0.1111111111111111	0.	0.	0.037037037037037035	2	0	0	0	1	0	2	0	0	1
5	0	0.888864	0.0244385	0.777778	0	0.111111	0	0	0.111111	0.7777777777777778	0.	0.037037037037037035	0.	0.	0.1111111111111111	2	1	0	0	0	0	2	0	1	0
6	0	0.844665	0.0637266	0.777778	0	0.111111	0	0	0.111111	0.8148148148148148	0.	0.037037037037037035	0.	0.	0.1111111111111111	2	1	1	0	0	0	2	0	1	1
3	0	0.929525	0.105365	0.888889	0	0.111111	0	0	0.111111	0.8888888888888888	0.	0.1111111111111111	0.	0.	0.037037037037037035	2	2	0	0	0	0	2	0	2	0
4	0	0.967623	0.0744562	0.888889	0	0.111111	0	0	0.111111	0.8888888888888888	0.037037037037037035	0.1111111111111111	0.	0.	0.037037037037037035	2	2	0	0	1	0	2	0	2	1
5	0	0.777741	0.190411	0.666667	0.111111	0.111111	0	0	0.111111	0.6666666666666666	0.1111111111111111	0.037037037037037035	0.	0.	0.1111111111111111	2	0	0	0	1	0	2	1	0	0
6	0	0.709457	0.158221	0.666667	0.111111	0.111111	0	0	0.111111	0.7037037037037037	0.1111111111111111	0.037037037037037035	0.	0.	0.1111111111111111	2	0	1	0	1	0	2	1	0	1
3	0	0.819708	0.129771	0.777778	0.111111	0.111111	0	0	0.111111	0.7777777777777778	0.1111111111111111	0.1111111111111111	0.	0.	0.037037037037037035	2	1	0	1	0	0	2	1	1	0
4	0	0.860643	0.171377	0.777778	0.111111	0.111111	0	0	0.111111	0.7777777777777778	0.14814814814814814	0.1111111111111111	0.	0.	0.037037037037037035	2	1	0	1	1	0	2	1	1	1
5	0	0.987104	0.201917	0.888889	0.111111	0.111111	0	0	0.111111	0.8888888888888888	0.1111111111111111	0.037037037037037035	0.	0.	0.1111111111111111	2	2	0	0	1	0	2	1	2	0
6	0	0.948147	0.222097	0.888889	0.111111	0.111111	0	0	0.111111	0.9259259259259259	0.1111111111111111	0.037037037037037035	0.	0.	0.1111111111111111	2	2	1	0	1	0	2	1	2	1
3	0	0.735824	0.241058	0.666667	0.222222	0.111111	0	0	0.111111	0.6666666666666666	0.2222222222222222	0.1111111111111111	0.	0.	0.037037037037037035	2	0	0	2	0	0	2	2	0	0
4	0	0.773912	0.310872	0.666667	0.222222	0.111111	0	0	0.111111	0.6666666666666666	0.25925925925925924	0.1111111111111111	0.	0.	0.037037037037037035	2	0	0	2	1	0	2	2	0	1
5	0	0.796212	0.228364	0.777778	0.222222	0.111111	0	0	0.111111	0.7777777777777778	0.2222222222222222	0.037037037037037035	0.	0.	0.1111111111111111	2	1	0	0	2	0	2	2	1	0
6	0	0.871501	0.283425	0.777778	0.222222	0.111111	0	0	0.111111	0.8148148148148148	0.2222222222222222	0.037037037037037035	0.	0.	0.1111111111111111	2	1	1	0	2	0	2	2	1	1
3	0	0.996243	0.329071	0.888889	0.222222	0.111111	0	0	0.111111	0.8888888888888888	0.2222222222222222	0.1111111111111111	0.	0.	0.037037037037037035	2	2	0	2	0	0	2	2	2	0
3	0	0.0418465	0.369249	0	0.333333	0.111111	0	0	0.111111	0.	0.3333333333333333	0.1111111111111111	0.	0.	0.037037037037037035	0	0	1	0	0	1	0	0	0	0
4	0	0.082062	0.386618	0	0.333333	0.111111	0	0	0.111111	0.	0.37037037037037035	0.1111111111111111	0.	0.	0.037037037037037035	0	0	1	0	1	1	0	0	0	1
5	0	0.0342006	0.511172	0	0.444444	0.111111	0	0	0.111111	0.	0.4444444444444444	0.037037037037037035	0.	0.	0.1111111111111111	0	0	0	1	1	1	0	0	1	0
6	0	0.101175	0.527747	0	0.444444	0.111111	0	0	0.111111	0.037037037037037035	0.4444444444444444	0.037037037037037035	0.	0.	0.1111111111111111	0	0	1	1	1	1	0	0	1	1
3	0	0.0121862	0.569674	0	0.555556	0.111111	0	0	0.111111	0.	0.5555555555555556	0.1111111111111111	0.	0.	0.037037037037037035	0	0	1	2	0	1	0	0	2	0
4	0	0.0612969	0.610999	0	0.555556	0.111111	0	0	0.111111	0.	0.5925925925925926	0.1111111111111111	0.	0.	0.037037037037037035	0	0	1	2	1	1	0	0	2	1
5	0	0.136275	0.354078	0.111111	0.333333	0.111111	0	0	0.111111	0.1111111111111111	0.3333333333333333	0.037037037037037035	0.	0.	0.1111111111111111	0	1	0	1	0	1	0	1	0	0
6	0	0.156701	0.439646	0.111111	0.333333	0.111111	0	0	0.111111	0.14814814814814814	0.3333333333333333	0.037037037037037035	0.	0.	0.1111111111111111	0	1	1	1	0	1	0	1	0	1
3	0	0.210523	0.555504	0.111111	0.444444	0.111111	0	0	0.111111	0.1111111111111111	0.4444444444444444	0.1111111111111111	0.	0.	0.037037037037037035	0	1	1	1	0	1	0	1	1	0
4	0	0.178013	0.49428	0.111111	0.444444	0.111111	0	0	0.111111	0.1111111111111111	0.48148148148148145	0.1111111111111111	0.	0.	0.037037037037037035	0	1	1	1	1	1	0	1	1	1
5	0	0.194558	0.658001	0.111111	0.555556	0.111111	0	0	0.111111	0.1111111111111111	0.5555555555555556	0.037037037037037035	0.	0.	0.1111111111111111	0	1	0	1	2	1	0	1	2	0
6	0	0.117289	0.632289	0.111111	0.555556	0.111111	0	0	0.111111	0.14814814814814814	0.5555555555555556	0.037037037037037035	0.	0.	0.1111111111111111	0	1	1	1	2	1	0	1	2	1
3	0	0.32815	0.422456	0.222222	0.333333	0.111111	0	0	0.111111	0.2222222222222222	0.3333333333333333	0.1111111111111111	0.	0.	0.037037037037037035	0	2	1	0	0	1	0	2	0	0
4	0	0.262642	0.406375	0.222222	0.333333	0.111111	0	0	0.111111	0.2222222222222222	0.37037037037037035	0.1111111111111111	0.	0.	0.037037037037037035	0	2	1	0	1	1	0	2	0	1
5	0	0.228071	0.45486	0.222222	0.444444	0.111111	0	0	0.111111	0.2222222222222222	0.4444444444444444	0.037037037037037035	0.	0.	0.1111111111111111	0	2	0	1	1	1	0	2	1	0
6	0	0.287902	0.466648	0.222222	0.444444	0.111111	0	0	0.111111	0.25925925925925924	0.4444444444444444	0.037037037037037035	0.	0.	0.1111111111111111	0	2	1	1	1	1	0	2	1	1
3	0	0.320427	0.646401	0.222222	0.555556	0.111111	0	0	0.111111	0.2222222222222222	0.5555555555555556	0.1111111111111111	0.	0.	0.037037037037037035	0	2	1	2	0	1	0	2	2	0
4	0	0.312749	0.578452	0.222222	0.555556	0.111111	0	0	0.111111	0.2222222222222222	0.5925925925925926	0.1111111111111111	0.	0.	0.037037037037037035	0	2	1	2	1	1	0	2	2	1
3	0	0.348148	0.341822	0.333333	0.333333	0.111111	0	0	0.111111	0.3333333333333333	0.3333333333333333	0.1111111111111111	0.	0.	0.037037037037037035	1	0	1	0	0	1	1	0	0	0
4	0	0.370844	0.394192	0.333333	0.333333	0.111111	0	0	0.111111	0.3333333333333333	0.37037037037037035	0.1111111111111111	0.	0.	0.037037037037037035	1	0	1	0	1	1	1	0	0	1
5	0	0.523195	0.413619	0.444444	0.333333	0.111111	0	0	0.111111	0.4444444444444444	0.3333333333333333	0.037037037037037035	0.	0.	0.1111111111111111	1	1	0	1	0	1	1	0	1	0
6	0	0.555514	0.4296	0.444444	0.333333	0.111111	0	0	0.111111	0.48148148148148145	0.3333333333333333	0.037037037037037035	0.	0.	0.1111111111111111	1	1	1	1	0	1	1	0	1	1
3	0	0.659501	0.444422	0.555556	0.333333	0.111111	0	0	0.111111	0.5555555555555556	0.3333333333333333	0.1111111111111111	0.	0.	0.037037037037037035	1	2	1	0	0	1	1	0	2	0
4	0	0.6186	0.377184	0.555556	0.333333	0.111111	0	0	0.111111	0.5555555555555556	0.37037037037037035	0.1111111111111111	0.	0.	0.037037037037037035	1	2	1	0	1	1	1	0	2	1
5	0	0.426164	0.542291	0.333333	0.444444	0.111111	0	0	0.111111	0.3333333333333333	0.4444444444444444	0.037037037037037035	0.	0.	0.1111111111111111	1	0	0	1	1	1	1	1	0	0
6	0	0.395092	0.479769	0.333333	0.444444	0.111111	0	0	0.111111	0.37037037037037035	0.4444444444444444	0.037037037037037035	0.	0.	0.1111111111111111	1	0	1	1	1	1	1	1	0	1
3	0	0.540565	0.551079	0.444444	0.444444	0.111111	0	0	0.111111	0.4444444444444444	0.4444444444444444	0.1111111111111111	0.	0.	0.037037037037037035	1	1	1	1	0	1	1	1	1	0
4	0	0.500333	0.504189	0.444444	0.444444	0.111111	0	0	0.111111	0.4444444444444444	0.48148148148148145	0.1111111111111111	0.	0.	0.037037037037037035	1	1	1	1	1	1	1	1	1	1
5	0	0.574689	0.487916	0.555556	0.444444	0.111111	0	0	0.111111	0.5555555555555556	0.4444444444444444	0.037037037037037035	0.	0.	0.1111111111111111	1	2	0	1	1	1	1	1	2	0
6	0	0.599855	0.535861	0.555556	0.444444	0.111111	0	0	0.111111	0.5925925925925926	0.4444444444444444	0.037037037037037035	0.	0.	0.1111111111111111	1	2	1	1	1	1	1	1	2	1
3	0	0.441638	0.666526	0.333333	0.555556	0.111111	0	0	0.111111	0.3333333333333333	0.5555555555555556	0.1111111111111111	0.	0.	0.037037037037037035	1	0	1	2	0	1	1	2	0	0
4	0	0.378112	0.590216	0.333333	0.555556	0.111111	0	0	0.111111	0.3333333333333333	0.5925925925925926	0.1111111111111111	0.	0.	0.037037037037037035	1	0	1	2	1	1	1	2	0	1
5	0	0.458121	0.624037	0.444444	0.555556	0.111111	0	0	0.111111	0.4444444444444444	0.5555555555555556	0.037037037037037035	0.	0.	0.1111111111111111	1	1	0	1	2	1	1	2	1	0
6	0	0.485351	0.602828	0.444444	0.555556	0.111111	0	0	0.111111	0.48148148148148145	0.5555555555555556	0.037037037037037035	0.	0.	0.1111111111111111	1	1	1	1	2	1	1	2	1	1
3	0	0.651751	0.639616	0.555556	0.555556	0.111111	0	0	0.111111	0.5555555555555556	0.5555555555555556	0.1111111111111111	0.	0.	0.037037037037037035	1	2	1	2	0	1	1	2	2	0
3	0	0.747136	0.349173	0.666667	0.333333	0.111111	0	0	0.111111	0.6666666666666666	0.3333333333333333	0.1111111111111111	0.	0.	0.037037037037037035	2	0	1	0	0	1	2	0	0	0
4	0	0.679337	0.362487	0.666667	0.333333	0.111111	0	0	0.111111	0.6666666666666666	0.37037037037037035	0.1111111111111111	0.	0.	0.037037037037037035	2	0	1	0	1	1	2	0	0	1
5	0	0.687907	0.473596	0.666667	0.444444	0.111111	0	0	0.111111	0.6666666666666666	0.4444444444444444	0.037037037037037035	0.	0.	0.1111111111111111	2	0	0	1	1	1	2	0	1	0
6	0	0.730086	0.521304	0.666667	0.444444	0.111111	0	0	0.111111	0.7037037037037037	0.4444444444444444	0.037037037037037035	0.	0.	0.1111111111111111	2	0	1	1	1	1	2	0	1	1
3	0	0.715687	0.596114	0.666667	0.555556	0.111111	0	0	0.111111	0.6666666666666666	0.5555555555555556	0.1111111111111111	0.	0.	0.037037037037037035	2	0	1	2	0	1	2	0	2	0
4	0	0.767522	0.618434	0.666667	0.555556	0.111111	0	0	0.111111	0.6666666666666666	0.5925925925925926	0.1111111111111111	0.	0.	0.037037037037037035	2	0	1	2	1	1	2	0	2	1
5	0	0.804557	0.400917	0.777778	0.333333	0.111111	0	0	0.111111	0.7777777777777778	0.3333333333333333	0.037037037037037035	0.	0.	0.1111111111111111	2	1	0	1	0	1	2	1	0	0
6	0	0.886449	0.4339	0.777778	0.333333	0.111111	0	0	0.111111	0.8148148148148148	0.3333333333333333	0.037037037037037035	0.	0.	0.1111111111111111	2	1	1	1	0	1	2	1	0	1
3	0	0.831878	0.460411	0.777778	0.444444	0.111111	0	0	0.111111	0.7777777777777778	0.4444444444444444	0.1111111111111111	0.	0.	0.037037037037037035	2	1	1	1	0	1	2	1	1	0
4	0	0.878046	0.555542	0.777778	0.444444	0.111111	0	0	0.111111	0.7777777777777778	0.48148148148148145	0.1111111111111111	0.	0.	0.037037037037037035	2	1	1	1	1	1	2	1	1	1
5	0	0.853597	0.652327	0.777778	0.555556	0.111111	0	0	0.111111	0.7777777777777778	0.5555555555555556	0.037037037037037035	0.	0.	0.1111111111111111	2	1	0	1	2	1	2	1	2	0
6	0	0.811338	0.58243	0.777778	0.555556	0.111111	0	0	0.111111	0.8148148148148148	0.5555555555555556	0.037037037037037035	0.	0.	0.1111111111111111	2	1	1	1	2	1	2	1	2	1
3	0	0.915961	0.335943	0.888889	0.333333	0.111111	0	0	0.111111	0.8888888888888888	0.3333333333333333	0.1111111111111111	0.	0.	0.037037037037037035	2	2	1	0	0	1	2	2	0	0
4	0	0.939342	0.381814	0.888889	0.333333	0.111111	0	0	0.111111	0.8888888888888888	0.37037037037037035	0.1111111111111111	0.	0.	0.037037037037037035	2	2	1	0	1	1	2	2	0	1
5	0	0.904855	0.516333	0.888889	0.444444	0.111111	0	0	0.111111	0.8888888888888888	0.4444444444444444	0.037037037037037035	0.	0.	0.1111111111111111	2	2	0	1	1	1	2	2	1	0
6	0	0.959109	0.498537	0.888889	0.444444	0.111111	0	0	0.111111	0.9259259259259259	0.4444444444444444	0.037037037037037035	0.	0.	0.1111111111111111	2	2	1	1	1	1	2	2	1	1
3	0	0.979699	0.607159	0.888889	0.555556	0.111111	0	0	0.111111	0.8888888888888888	0.5555555555555556	0.1111111111111111	0.	0.	0.037037037037037035	2	2	1	2	0	1	2	2	2	0
3	0	0.0757034	0.695631	0	0.666667	0.111111	0	0	0.111111	0.	0.6666666666666666	0.1111111111111111	0.	0.	0.037037037037037035	0	0	2	0	0	2	0	0	0	0
4	0	0.0283825	0.754642	0	0.666667	0.111111	0	0	0.111111	0.	0.7037037037037037	0.1111111111111111	0.	0.	0.037037037037037035	0	0	2	0	1	2	0	0	0	1
5	0	0.150555	0.777775	0.111111	0.666667	0.111111	0	0	0.111111	0.1111111111111111	0.6666666666666666	0.037037037037037035	0.	0.	0.1111111111111111	0	1	0	2	0	2	0	0	1	0
6	0	0.171242	0.732268	0.111111	0.666667	0.111111	0	0	0.111111	0.14814814814814814	0.6666666666666666	0.037037037037037035	0.	0.	0.1111111111111111	0	1	1	2	0	2	0	0	1	1
3	0	0.235307	0.67943	0.222222	0.666667	0.111111	0	0	0.111111	0.2222222222222222	0.6666666666666666	0.1111111111111111	0.	0.	0.037037037037037035	0	2	2	0	0	2	0	0	2	0
4	0	0.282715	0.716345	0.222222	0.666667	0.111111	0	0	0.111111	0.2222222222222222	0.7037037037037037	0.1111111111111111	0.	0.	0.037037037037037035	0	2	2	0	1	2	0	0	2	1
5	0	0.055903	0.849298	0	0.777778	0.111111	0	0	0.111111	0.	0.7777777777777778	0.037037037037037035	0.	0.	0.1111111111111111	0	0	0	2	1	2	0	1	0	0
6	0	0.0961136	0.888868	0	0.777778	0.111111	0	0	0.111111	0.037037037037037035	0.7777777777777778	0.037037037037037035	0.	0.	0.1111111111111111	0	0	1	2	1	2	0	1	0	1
3	0	0.222101	0.876083	0.111111	0.777778	0.111111	0	0	0.111111	0.1111111111111111	0.7777777777777778	0.1111111111111111	0.	0.	0.037037037037037035	0	1	2	1	0	2	0	1	1	0
4	0	0.130085	0.826647	0.111111	0.777778	0.111111	0	0	0.111111	0.1111111111111111	0.8148148148148148	0.1111111111111111	0.	0.	0.037037037037037035	0	1	2	1	1	2	0	1	1	1
5	0	0.248737	0.813705	0.222222	0.777778	0.111111	0	0	0.111111	0.2222222222222222	0.7777777777777778	0.037037037037037035	0.	0.	0.1111111111111111	0	2	0	2	1	2	0	1	2	0
6	0	0.269464	0.791272	0.222222	0.777778	0.111111	0	0	0.111111	0.25925925925925924	0.7777777777777778	0.037037037037037035	0.	0.	0.1111111111111111	0	2	1	2	1	2	0	1	2	1
3	0	0.0168502	0.90859	0	0.888889	0.111111	0	0	0.111111	0.	0.8888888888888888	0.1111111111111111	0.	0.	0.037037037037037035	0	0	2	2	0	2	0	2	0	0
4	0	0.0859278	0.998945	0	0.888889	0.111111	0	0	0.111111	0.	0.9259259259259259	0.1111111111111111	0.	0.	0.037037037037037035	0	0	2	2	1	2	0	2	0	1
5	0	0.112552	0.981429	0.111111	0.888889	0.111111	0	0	0.111111	0.1111111111111111	0.8888888888888888	0.037037037037037035	0.	0.	0.1111111111111111	0	1	0	2	2	2	0	2	1	0
6	0	0.183201	0.938511	0.111111	0.888889	0.111111	0	0	0.111111	0.14814814814814814	0.8888888888888888	0.037037037037037035	0.	0.	0.1111111111111111	0	1	1	2	2	2	0	2	1	1
3	0	0.324357	0.920612	0.222222	0.888889	0.111111	0	0	0.111111	0.2222222222222222	0.8888888888888888	0.1111111111111111	0.	0.	0.037037037037037035	0	2	2	2	0	2	0	2	2	0
4	0	0.292333	0.97001	0.222222	0.888889	0.111111	0	0	0.111111	0.2222222222222222	0.9259259259259259	0.1111111111111111	0.	0.	0.037037037037037035	0	2	2	2	1	2	0	2	2	1
3	0	0.40873	0.745784	0.333333	0.666667	0.111111	0	0	0.111111	0.3333333333333333	0.6666666666666666	0.1111111111111111	0.	0.	0.037037037037037035	1	0	2	0	0	2	1	0	0	0
4	0	0.36372	0.704926	0.333333	0.666667	0.111111	0	0	0.111111	0.3333333333333333	0.7037037037037037	0.1111111111111111	0.	0.	0.037037037037037035	1	0	2	0	1	2	1	0	0	1
5	0	0.34379	0.837041	0.333333	0.777778	0.111111	0	0	0.111111	0.3333333333333333	0.7777777777777778	0.037037037037037035	0.	0.	0.1111111111111111	1	0	0	2	1	2	1	0	1	0
6	0	0.421119	0.885571	0.333333	0.777778	0.111111	0	0	0.111111	0.37037037037037035	0.7777777777777778	0.037037037037037035	0.	0.	0.1111111111111111	1	0	1	2	1	2	1	0	1	1
3	0	0.44442	0.928466	0.333333	0.888889	0.111111	0	0	0.111111	0.3333333333333333	0.8888888888888888	0.1111111111111111	0.	0.	0.037037037037037035	1	0	2	2	0	2	1	0	2	0
4	0	0.381595	0.954755	0.333333	0.888889	0.111111	0	0	0.111111	0.3333333333333333	0.9259259259259259	0.1111111111111111	0.	0.	0.037037037037037035	1	0	2	2	1	2	1	0	2	1
5	0	0.506954	0.762405	0.444444	0.666667	0.111111	0	0	0.111111	0.4444444444444444	0.6666666666666666	0.037037037037037035	0.	0.	0.1111111111111111	1	1	0	2	0	2	1	1	0	0
6	0	0.55548	0.773257	0.444444	0.666667	0.111111	0	0	0.111111	0.48148148148148145	0.6666666666666666	0.037037037037037035	0.	0.	0.1111111111111111	1	1	1	2	0	2	1	1	0	1
3	0	0.471669	0.799899	0.444444	0.777778	0.111111	0	0	0.111111	0.4444444444444444	0.7777777777777778	0.1111111111111111	0.	0.	0.037037037037037035	1	1	2	1	0	2	1	1	1	0
4	0	0.51947	0.863755	0.444444	0.777778	0.111111	0	0	0.111111	0.4444444444444444	0.8148148148148148	0.1111111111111111	0.	0.	0.037037037037037035	1	1	2	1	1	2	1	1	1	1
5	0	0.528987	0.990078	0.444444	0.888889	0.111111	0	0	0.111111	0.4444444444444444	0.8888888888888888	0.037037037037037035	0.	0.	0.1111111111111111	1	1	0	2	2	2	1	1	2	0
6	0	0.552383	0.962663	0.444444	0.888889	0.111111	0	0	0.111111	0.48148148148148145	0.8888888888888888	0.037037037037037035	0.	0.	0.1111111111111111	1	1	1	2	2	2	1	1	2	1
3	0	0.637201	0.688967	0.555556	0.666667	0.111111	0	0	0.111111	0.5555555555555556	0.6666666666666666	0.1111111111111111	0.	0.	0.037037037037037035	1	2	2	0	0	2	1	2	0	0
4	0	0.56928	0.723131	0.555556	0.666667	0.111111	0	0	0.111111	0.5555555555555556	0.7037037037037037	0.1111111111111111	0.	0.	0.037037037037037035	1	2	2	0	1	2	1	2	0	1
5	0	0.624266	0.806181	0.555556	0.777778	0.111111	0	0	0.111111	0.5555555555555556	0.7777777777777778	0.037037037037037035	0.	0.	0.1111111111111111	1	2	0	2	1	2	1	2	1	0
6	0	0.604205	0.855947	0.555556	0.777778	0.111111	0	0	0.111111	0.5925925925925926	0.7777777777777778	0.037037037037037035	0.	0.	0.1111111111111111	1	2	1	2	1	2	1	2	1	1
3	0	0.584186	1	0.555556	0.888889	0.111111	0	0	0.111111	0.5555555555555556	0.8888888888888888	0.1111111111111111	0.	0.	0.037037037037037035	1	2	2	2	0	2	1	2	2	0
3	0	0.723202	0.673008	0.666667	0.666667	0.111111	0	0	0.111111	0.6666666666666666	0.6666666666666666	0.1111111111111111	0.	0.	0.037037037037037035	2	0	2	0	0	2	2	0	0	0
4	0	0.701636	0.739095	0.666667	0.666667	0.111111	0	0	0.111111	0.6666666666666666	0.7037037037037037	0.1111111111111111	0.	0.	0.037037037037037035	2	0	2	0	1	2	2	0	0	1
5	0	0.824434	0.767259	0.777778	0.666667	0.111111	0	0	0.111111	0.7777777777777778	0.6666666666666666	0.037037037037037035	0.	0.	0.1111111111111111	2	1	0	2	0	2	2	0	1	0
6	0	0.838561	0.710767	0.777778	0.666667	0.111111	0	0	0.111111	0.8148148148148148	0.6666666666666666	0.037037037037037035	0.	0.	0.1111111111111111	2	1	1	2	0	2	2	0	1	1
3	0	0.924349	0.684313	0.888889	0.666667	0.111111	0	0	0.111111	0.8888888888888888	0.6666666666666666	0.1111111111111111	0.	0.	0.037037037037037035	2	2	2	0	0	2	2	0	2	0
4	0	0.973181	0.729048	0.888889	0.666667	0.111111	0	0	0.111111	0.8888888888888888	0.7037037037037037	0.1111111111111111	0.	0.	0.037037037037037035	2	2	2	0	1	2	2	0	2	1
5	0	0.674886	0.870884	0.666667	0.777778	0.111111	0	0	0.111111	0.6666666666666666	0.7777777777777778	0.037037037037037035	0.	0.	0.1111111111111111	2	0	0	2	1	2	2	1	0	0
6	0	0.753973	0.819527	0.666667	0.777778	0.111111	0	0	0.111111	0.7037037037037037	0.7777777777777778	0.037037037037037035	0.	0.	0.1111111111111111	2	0	1	2	1	2	2	1	0	1
3	0	0.788268	0.841916	0.777778	0.777778	0.111111	0	0	0.111111	0.7777777777777778	0.7777777777777778	0.1111111111111111	0.	0.	0.037037037037037035	2	1	2	1	0	2	2	1	1	0
4	0	0.866714	0.888783	0.777778	0.777778	0.111111	0	0	0.111111	0.7777777777777778	0.8148148148148148	0.1111111111111111	0.	0.	0.037037037037037035	2	1	2	1	1	2	2	1	1	1
5	0	0.910735	0.785921	0.888889	0.777778	0.111111	0	0	0.111111	0.8888888888888888	0.7777777777777778	0.037037037037037035	0.	0.	0.1111111111111111	2	2	0	2	1	2	2	1	2	0
6	0	0.952671	0.831352	0.888889	0.777778	0.111111	0	0	0.111111	0.9259259259259259	0.7777777777777778	0.037037037037037035	0.	0.	0.1111111111111111	2	2	1	2	1	2	2	1	2	1
3	0	0.740688	0.913856	0.666667	0.888889	0.111111	0	0	0.111111	0.6666666666666666	0.8888888888888888	0.1111111111111111	0.	0.	0.037037037037037035	2	0	2	2	0	2	2	2	0	0
4	0	0.66861	0.94317	0.666667	0.888889	0.111111	0	0	0.111111	0.6666666666666666	0.9259259259259259	0.1111111111111111	0.	0.	0.037037037037037035	2	0	2	2	1	2	2	2	0	1
5	0	0.84863	0.976872	0.777778	0.888889	0.111111	0	0	0.111111	0.7777777777777778	0.8888888888888888	0.037037037037037035	0.	0.	0.1111111111111111	2	1	0	2	2	2	2	2	1	0
6	0	0.793027	0.949449	0.777778	0.888889	0.111111	0	0	0.111111	0.8148148148148148	0.8888888888888888	0.037037037037037035	0.	0.	0.1111111111111111	2	1	1	2	2	2	2	2	1	1
3	0	0.899289	0.902472	0.888889	0.888889	0.111111	0	0	0.111111	0.8888888888888888	0.8888888888888888	0.1111111111111111	0.	0.	0.037037037037037035	2	2	2	2	0	2	2	2	2	0
