1	0	0.00486054	0.00316085	0	0	0.111111	0	0	0.037037	0.	0.	0.037037037037037035	0.	0.	0.037037037037037035	0	0	0	0	0	0	0	0	0	0	0	0
1	0	0.104774	0.0317394	0	0	0.111111	0	0	0.037037	0.037037037037037035	0.	0.037037037037037035	0.	0.	0.037037037037037035	0	0	1	0	0	0	0	0	0	0	0	1
1	0	0.0928591	0.0261789	0	0	0.111111	0	0	0.037037	0.07407407407407407	0.	0.037037037037037035	0.	0.	0.037037037037037035	0	0	2	0	0	0	0	0	0	0	0	2
1	0	0.0169174	0.0511889	0	0.037037	0.111111	0	0	0.037037	0.	0.037037037037037035	0.037037037037037035	0.	0.	0.037037037037037035	0	0	0	0	0	1	0	0	0	0	1	0
1	0	0.0771408	0.0740636	0	0.037037	0.111111	0	0	0.037037	0.037037037037037035	0.037037037037037035	0.037037037037037035	0.	0.	0.037037037037037035	0	0	1	0	0	1	0	0	0	0	1	1
1	0	0.111055	0.107629	0	0.0740741	0.111111	0	0	0.037037	0.	0.07407407407407407	0.037037037037037035	0.	0.	0.037037037037037035	0	0	0	0	0	2	0	0	0	0	2	0
1	0	0.0535987	0.101534	0	0.0740741	0.111111	0	0	0.037037	0.037037037037037035	0.07407407407407407	0.037037037037037035	0.	0.	0.037037037037037035	0	0	1	0	0	2	0	0	0	0	2	1
1	0	0.200432	0.0081744	0.111111	0	0.111111	0	0	0.037037	0.1111111111111111	0.	0.037037037037037035	0.	0.	0.037037037037037035	0	1	0	0	0	0	0	0	0	1	0	0
1	0	0.196616	0.0119685	0.111111	0	0.111111	0	0	0.037037	0.14814814814814814	0.	0.037037037037037035	0.	0.	0.037037037037037035	0	1	1	0	0	0	0	0	0	1	0	1
1	0	0.214369	0.0370345	0.111111	0	0.111111	0	0	0.037037	0.18518518518518517	0.	0.037037037037037035	0.	0.	0.037037037037037035	0	1	2	0	0	0	0	0	0	1	0	2
1	0	0.180979	0.072643	0.111111	0.037037	0.111111	0	0	0.037037	0.1111111111111111	0.037037037037037035	0.037037037037037035	0.	0.	0.037037037037037035	0	1	0	0	0	1	0	0	0	1	1	0
1	0	0.154853	0.0661636	0.111111	0.037037	0.111111	0	0	0.037037	0.14814814814814814	0.037037037037037035	0.037037037037037035	0.	0.	0.037037037037037035	0	1	1	0	0	1	0	0	0	1	1	1
1	0	0.127462	0.08227	0.111111	0.0740741	0.111111	0	0	0.037037	0.1111111111111111	0.07407407407407407	0.037037037037037035	0.	0.	0.037037037037037035	0	1	0	0	0	2	0	0	0	1	2	0
1	0	0.222159	0.096035	0.111111	0.0740741	0.111111	0	0	0.037037	0.14814814814814814	0.07407407407407407	0.037037037037037035	0.	0.	0.037037037037037035	0	1	1	0	0	2	0	0	0	1	2	1
1	0	0.317712	0.0237983	0.222222	0	0.111111	0	0	0.037037	0.2222222222222222	0.	0.037037037037037035	0.	0.	0.037037037037037035	0	2	0	0	0	0	0	0	0	2	0	0
1	0	0.276011	0.0370269	0.222222	0	0.111111	0	0	0.037037	0.25925925925925924	0.	0.037037037037037035	0.	0.	0.037037037037037035	0	2	1	0	0	0	0	0	0	2	0	1
1	0	0.298442	0.0157561	0.222222	0	0.111111	0	0	0.037037	0.2962962962962963	0.	0.037037037037037035	0.	0.	0.037037037037037035	0	2	2	0	0	0	0	0	0	2	0	2
1	0	0.325412	0.0645252	0.222222	0.037037	0.111111	0	0	0.037037	0.2222222222222222	0.037037037037037035	0.037037037037037035	0.	0.	0.037037037037037035	0	2	0	0	0	1	0	0	0	2	1	0
1	0	0.287212	0.0588004	0.222222	0.037037	0.111111	0	0	0.037037	0.25925925925925924	0.037037037037037035	0.037037037037037035	0.	0.	0.037037037037037035	0	2	1	0	0	1	0	0	0	2	1	1
1	0	0.238172	0.0889384	0.222222	0.0740741	0.111111	0	0	0.037037	0.2222222222222222	0.07407407407407407	0.037037037037037035	0.	0.	0.037037037037037035	0	2	0	0	0	2	0	0	0	2	2	0
1	0	0.252114	0.0926606	0.222222	0.0740741	0.111111	0	0	0.037037	0.25925925925925924	0.07407407407407407	0.037037037037037035	0.	0.	0.037037037037037035	0	2	1	0	0	2	0	0	0	2	2	1
1	0	0.0110219	0.129941	0	0.111111	0.111111	0	0	0.037037	0.	0.1111111111111111	0.037037037037037035	0.	0.	0.037037037037037035	0	0	0	0	1	0	0	0	1	0	0	0
1	0	0.0628666	0.143613	0	0.111111	0.111111	0	0	0.037037	0.037037037037037035	0.1111111111111111	0.037037037037037035	0.	0.	0.037037037037037035	0	0	1	0	1	0	0	0	1	0	0	1
1	0	0.0709637	0.119591	0	0.111111	0.111111	0	0	0.037037	0.07407407407407407	0.1111111111111111	0.037037037037037035	0.	0.	0.037037037037037035	0	0	2	0	1	0	0	0	1	0	0	2
1	0	0.0287687	0.158693	0	0.148148	0.111111	0	0	0.037037	0.	0.14814814814814814	0.037037037037037035	0.	0.	0.037037037037037035	0	0	0	0	1	1	0	0	1	0	1	0
1	0	0.0340028	0.182025	0	0.148148	0.111111	0	0	0.037037	0.037037037037037035	0.14814814814814814	0.037037037037037035	0.	0.	0.037037037037037035	0	0	1	0	1	1	0	0	1	0	1	1
1	0	0.0472828	0.220103	0	0.185185	0.111111	0	0	0.037037	0.	0.18518518518518517	0.037037037037037035	0.	0.	0.037037037037037035	0	0	0	0	1	2	0	0	1	0	2	0
1	0	0.0507268	0.196297	0	0.185185	0.111111	0	0	0.037037	0.037037037037037035	0.18518518518518517	0.037037037037037035	0.	0.	0.037037037037037035	0	0	1	0	1	2	0	0	1	0	2	1
1	0	0.122431	0.123985	0.111111	0.111111	0.111111	0	0	0.037037	0.1111111111111111	0.1111111111111111	0.037037037037037035	0.	0.	0.037037037037037035	0	1	0	0	1	0	0	0	1	1	0	0
1	0	0.170562	0.148095	0.111111	0.111111	0.111111	0	0	0.037037	0.14814814814814814	0.1111111111111111	0.037037037037037035	0.	0.	0.037037037037037035	0	1	1	0	1	0	0	0	1	1	0	1
1	0	0.177352	0.115183	0.111111	0.111111	0.111111	0	0	0.037037	0.18518518518518517	0.1111111111111111	0.037037037037037035	0.	0.	0.037037037037037035	0	1	2	0	1	0	0	0	1	1	0	2
1	0	0.147974	0.16429	0.111111	0.148148	0.111111	0	0	0.037037	0.1111111111111111	0.14814814814814814	0.037037037037037035	0.	0.	0.037037037037037035	0	1	0	0	1	1	0	0	1	1	1	0
1	0	0.219666	0.178547	0.111111	0.148148	0.111111	0	0	0.037037	0.14814814814814814	0.14814814814814814	0.037037037037037035	0.	0.	0.037037037037037035	0	1	1	0	1	1	0	0	1	1	1	1
1	0	0.118586	0.204819	0.111111	0.185185	0.111111	0	0	0.037037	0.1111111111111111	0.18518518518518517	0.037037037037037035	0.	0.	0.037037037037037035	0	1	0	0	1	2	0	0	1	1	2	0
1	0	0.18777	0.200237	0.111111	0.185185	0.111111	0	0	0.037037	0.14814814814814814	0.18518518518518517	0.037037037037037035	0.	0.	0.037037037037037035	0	1	1	0	1	2	0	0	1	1	2	1
1	0	0.333129	0.148128	0.222222	0.111111	0.111111	0	0	0.037037	0.2222222222222222	0.1111111111111111	0.037037037037037035	0.	0.	0.037037037037037035	0	2	0	0	1	0	0	0	1	2	0	0
1	0	0.265428	0.13505	0.222222	0.111111	0.111111	0	0	0.037037	0.25925925925925924	0.1111111111111111	0.037037037037037035	0.	0.	0.037037037037037035	0	2	1	0	1	0	0	0	1	2	0	1
1	0	0.310989	0.185075	0.222222	0.148148	0.111111	0	0	0.037037	0.2222222222222222	0.14814814814814814	0.037037037037037035	0.	0.	0.037037037037037035	0	2	0	0	1	1	0	0	1	2	1	0
1	0	0.282088	0.170935	0.222222	0.148148	0.111111	0	0	0.037037	0.25925925925925924	0.14814814814814814	0.037037037037037035	0.	0.	0.037037037037037035	0	2	1	0	1	1	0	0	1	2	1	1
1	0	0.24693	0.215841	0.222222	0.185185	0.111111	0	0	0.037037	0.2222222222222222	0.18518518518518517	0.037037037037037035	0.	0.	0.037037037037037035	0	2	0	0	1	2	0	0	1	2	2	0
1	0	0.259873	0.190126	0.222222	0.185185	0.111111	0	0	0.037037	0.25925925925925924	0.18518518518518517	0.037037037037037035	0.	0.	0.037037037037037035	0	2	1	0	1	2	0	0	1	2	2	1
1	0	0.00756974	0.253393	0	0.222222	0.111111	0	0	0.037037	0.	0.2222222222222222	0.037037037037037035	0.	0.	0.037037037037037035	0	0	0	0	2	0	0	0	2	0	0	0
1	0	0.0811374	0.233076	0	0.222222	0.111111	0	0	0.037037	0.037037037037037035	0.2222222222222222	0.037037037037037035	0.	0.	0.037037037037037035	0	0	1	0	2	0	0	0	2	0	0	1
1	0	0.0884578	0.245581	0	0.222222	0.111111	0	0	0.037037	0.07407407407407407	0.2222222222222222	0.037037037037037035	0.	0.	0.037037037037037035	0	0	2	0	2	0	0	0	2	0	0	2
1	0	0.020578	0.280607	0	0.259259	0.111111	0	0	0.037037	0.	0.25925925925925924	0.037037037037037035	0.	0.	0.037037037037037035	0	0	0	0	2	1	0	0	2	0	1	0
1	0	0.0837113	0.296258	0	0.259259	0.111111	0	0	0.037037	0.037037037037037035	0.25925925925925924	0.037037037037037035	0.	0.	0.037037037037037035	0	0	1	0	2	1	0	0	2	0	1	1
1	0	0.0436808	0.306907	0	0.296296	0.111111	0	0	0.037037	0.	0.2962962962962963	0.037037037037037035	0.	0.	0.037037037037037035	0	0	0	0	2	2	0	0	2	0	2	0
1	0	0.10042	0.317918	0	0.296296	0.111111	0	0	0.037037	0.037037037037037035	0.2962962962962963	0.037037037037037035	0.	0.	0.037037037037037035	0	0	1	0	2	2	0	0	2	0	2	1
1	0	0.136611	0.238877	0.111111	0.222222	0.111111	0	0	0.037037	0.1111111111111111	0.2222222222222222	0.037037037037037035	0.	0.	0.037037037037037035	0	1	0	0	2	0	0	0	2	1	0	0
1	0	0.151963	0.225708	0.111111	0.222222	0.111111	0	0	0.037037	0.14814814814814814	0.2222222222222222	0.037037037037037035	0.	0.	0.037037037037037035	0	1	1	0	2	0	0	0	2	1	0	1
1	0	0.208473	0.259238	0.111111	0.222222	0.111111	0	0	0.037037	0.18518518518518517	0.2222222222222222	0.037037037037037035	0.	0.	0.037037037037037035	0	1	2	0	2	0	0	0	2	1	0	2
1	0	0.142973	0.270039	0.111111	0.259259	0.111111	0	0	0.037037	0.1111111111111111	0.25925925925925924	0.037037037037037035	0.	0.	0.037037037037037035	0	1	0	0	2	1	0	0	2	1	1	0
1	0	0.16496	0.287241	0.111111	0.259259	0.111111	0	0	0.037037	0.14814814814814814	0.25925925925925924	0.037037037037037035	0.	0.	0.037037037037037035	0	1	1	0	2	1	0	0	2	1	1	1
1	0	0.222213	0.329587	0.111111	0.296296	0.111111	0	0	0.037037	0.1111111111111111	0.2962962962962963	0.037037037037037035	0.	0.	0.037037037037037035	0	1	0	0	2	2	0	0	2	1	2	0
1	0	0.211364	0.324511	0.111111	0.296296	0.111111	0	0	0.037037	0.14814814814814814	0.2962962962962963	0.037037037037037035	0.	0.	0.037037037037037035	0	1	1	0	2	2	0	0	2	1	2	1
1	0	0.305298	0.255447	0.222222	0.222222	0.111111	0	0	0.037037	0.2222222222222222	0.2222222222222222	0.037037037037037035	0.	0.	0.037037037037037035	0	2	0	0	2	0	0	0	2	2	0	0
1	0	0.328466	0.259248	0.222222	0.222222	0.111111	0	0	0.037037	0.25925925925925924	0.2222222222222222	0.037037037037037035	0.	0.	0.037037037037037035	0	2	1	0	2	0	0	0	2	2	0	1
1	0	0.255269	0.292782	0.222222	0.259259	0.111111	0	0	0.037037	0.2222222222222222	0.25925925925925924	0.037037037037037035	0.	0.	0.037037037037037035	0	2	0	0	2	1	0	0	2	2	1	0
1	0	0.293055	0.276441	0.222222	0.259259	0.111111	0	0	0.037037	0.25925925925925924	0.25925925925925924	0.037037037037037035	0.	0.	0.037037037037037035	0	2	1	0	2	1	0	0	2	2	1	1
1	0	0.314148	0.3128	0.222222	0.296296	0.111111	0	0	0.037037	0.2222222222222222	0.2962962962962963	0.037037037037037035	0.	0.	0.037037037037037035	0	2	0	0	2	2	0	0	2	2	2	0
1	0	0.271358	0.301127	0.222222	0.296296	0.111111	0	0	0.037037	0.25925925925925924	0.2962962962962963	0.037037037037037035	0.	0.	0.037037037037037035	0	2	1	0	2	2	0	0	2	2	2	1
1	0	0.364815	0.0181329	0.333333	0	0.111111	0	0	0.037037	0.3333333333333333	0.	0.037037037037037035	0.	0.	0.037037037037037035	1	0	0	0	0	0	0	1	0	0	0	0
1	0	0.385531	0.0370036	0.333333	0	0.111111	0	0	0.037037	0.37037037037037035	0.	0.037037037037037035	0.	0.	0.037037037037037035	1	0	1	0	0	0	0	1	0	0	0	1
1	0	0.433935	0.0340489	0.333333	0	0.111111	0	0	0.037037	0.4074074074074074	0.	0.037037037037037035	0.	0.	0.037037037037037035	1	0	2	0	0	0	0	1	0	0	0	2
1	0	0.341711	0.0488868	0.333333	0.037037	0.111111	0	0	0.037037	0.3333333333333333	0.037037037037037035	0.037037037037037035	0.	0.	0.037037037037037035	1	0	0	0	0	1	0	1	0	0	1	0
1	0	0.399454	0.0704688	0.333333	0.037037	0.111111	0	0	0.037037	0.37037037037037035	0.037037037037037035	0.037037037037037035	0.	0.	0.037037037037037035	1	0	1	0	0	1	0	1	0	0	1	1
1	0	0.443065	0.0993296	0.333333	0.0740741	0.111111	0	0	0.037037	0.3333333333333333	0.07407407407407407	0.037037037037037035	0.	0.	0.037037037037037035	1	0	0	0	0	2	0	1	0	0	2	0
1	0	0.444416	0.110883	0.333333	0.0740741	0.111111	0	0	0.037037	0.37037037037037035	0.07407407407407407	0.037037037037037035	0.	0.	0.037037037037037035	1	0	1	0	0	2	0	1	0	0	2	1
1	0	0.472323	0.0286017	0.444444	0	0.111111	0	0	0.037037	0.4444444444444444	0.	0.037037037037037035	0.	0.	0.037037037037037035	1	1	0	0	0	0	0	1	0	1	0	0
1	0	0.524976	0.0213748	0.444444	0	0.111111	0	0	0.037037	0.48148148148148145	0.	0.037037037037037035	0.	0.	0.037037037037037035	1	1	1	0	0	0	0	1	0	1	0	1
1	0	0.538256	0.00535894	0.444444	0	0.111111	0	0	0.037037	0.5185185185185185	0.	0.037037037037037035	0.	0.	0.037037037037037035	1	1	2	0	0	0	0	1	0	1	0	2
1	0	0.51695	0.0740097	0.444444	0.037037	0.111111	0	0	0.037037	0.4444444444444444	0.037037037037037035	0.037037037037037035	0.	0.	0.037037037037037035	1	1	0	0	0	1	0	1	0	1	1	0
1	0	0.496499	0.0617741	0.444444	0.037037	0.111111	0	0	0.037037	0.48148148148148145	0.037037037037037035	0.037037037037037035	0.	0.	0.037037037037037035	1	1	1	0	0	1	0	1	0	1	1	1
1	0	0.487857	0.105427	0.444444	0.0740741	0.111111	0	0	0.037037	0.4444444444444444	0.07407407407407407	0.037037037037037035	0.	0.	0.037037037037037035	1	1	0	0	0	2	0	1	0	1	2	0
1	0	0.504206	0.0848664	0.444444	0.0740741	0.111111	0	0	0.037037	0.48148148148148145	0.07407407407407407	0.037037037037037035	0.	0.	0.037037037037037035	1	1	1	0	0	2	0	1	0	1	2	1
1	0	0.646542	0.0369833	0.555556	0	0.111111	0	0	0.037037	0.5555555555555556	0.	0.037037037037037035	0.	0.	0.037037037037037035	1	2	0	0	0	0	0	1	0	2	0	0
1	0	0.666613	0.0360035	0.555556	0	0.111111	0	0	0.037037	0.5925925925925926	0.	0.037037037037037035	0.	0.	0.037037037037037035	1	2	1	0	0	0	0	1	0	2	0	1
1	0	0.631685	0.00112026	0.555556	0	0.111111	0	0	0.037037	0.6296296296296297	0.	0.037037037037037035	0.	0.	0.037037037037037035	1	2	2	0	0	0	0	1	0	2	0	2
1	0	0.576606	0.0567734	0.555556	0.037037	0.111111	0	0	0.037037	0.5555555555555556	0.037037037037037035	0.037037037037037035	0.	0.	0.037037037037037035	1	2	0	0	0	1	0	1	0	2	1	0
1	0	0.603034	0.0529895	0.555556	0.037037	0.111111	0	0	0.037037	0.5925925925925926	0.037037037037037035	0.037037037037037035	0.	0.	0.037037037037037035	1	2	1	0	0	1	0	1	0	2	1	1
1	0	0.584178	0.0870037	0.555556	0.0740741	0.111111	0	0	0.037037	0.5555555555555556	0.07407407407407407	0.037037037037037035	0.	0.	0.037037037037037035	1	2	0	0	0	2	0	1	0	2	2	0
1	0	0.656848	0.111095	0.555556	0.0740741	0.111111	0	0	0.037037	0.5925925925925926	0.07407407407407407	0.037037037037037035	0.	0.	0.037037037037037035	1	2	1	0	0	2	0	1	0	2	2	1
1	0	0.357289	0.138565	0.333333	0.111111	0.111111	0	0	0.037037	0.3333333333333333	0.1111111111111111	0.037037037037037035	0.	0.	0.037037037037037035	1	0	0	0	1	0	0	1	1	0	0	0
1	0	0.438325	0.148136	0.333333	0.111111	0.111111	0	0	0.037037	0.37037037037037035	0.1111111111111111	0.037037037037037035	0.	0.	0.037037037037037035	1	0	1	0	1	0	0	1	1	0	0	1
1	0	0.419039	0.126264	0.333333	0.111111	0.111111	0	0	0.037037	0.4074074074074074	0.1111111111111111	0.037037037037037035	0.	0.	0.037037037037037035	1	0	2	0	1	0	0	1	1	0	0	2
1	0	0.373404	0.166727	0.333333	0.148148	0.111111	0	0	0.037037	0.3333333333333333	0.14814814814814814	0.037037037037037035	0.	0.	0.037037037037037035	1	0	0	0	1	1	0	1	1	0	1	0
1	0	0.407126	0.17655	0.333333	0.148148	0.111111	0	0	0.037037	0.37037037037037035	0.14814814814814814	0.037037037037037035	0.	0.	0.037037037037037035	1	0	1	0	1	1	0	1	1	0	1	1
1	0	0.352341	0.212106	0.333333	0.185185	0.111111	0	0	0.037037	0.3333333333333333	0.18518518518518517	0.037037037037037035	0.	0.	0.037037037037037035	1	0	0	0	1	2	0	1	1	0	2	0
1	0	0.4137	0.208079	0.333333	0.185185	0.111111	0	0	0.037037	0.37037037037037035	0.18518518518518517	0.037037037037037035	0.	0.	0.037037037037037035	1	0	1	0	1	2	0	1	1	0	2	1
1	0	0.454332	0.146134	0.444444	0.111111	0.111111	0	0	0.037037	0.4444444444444444	0.1111111111111111	0.037037037037037035	0.	0.	0.037037037037037035	1	1	0	0	1	0	0	1	1	1	0	0
1	0	0.541761	0.141309	0.444444	0.111111	0.111111	0	0	0.037037	0.48148148148148145	0.1111111111111111	0.037037037037037035	0.	0.	0.037037037037037035	1	1	1	0	1	0	0	1	1	1	0	1
1	0	0.555552	0.13359	0.444444	0.111111	0.111111	0	0	0.037037	0.5185185185185185	0.1111111111111111	0.037037037037037035	0.	0.	0.037037037037037035	1	1	2	0	1	0	0	1	1	1	0	2
1	0	0.555547	0.174929	0.444444	0.148148	0.111111	0	0	0.037037	0.4444444444444444	0.14814814814814814	0.037037037037037035	0.	0.	0.037037037037037035	1	1	0	0	1	1	0	1	1	1	1	0
1	0	0.492573	0.185167	0.444444	0.148148	0.111111	0	0	0.037037	0.48148148148148145	0.14814814814814814	0.037037037037037035	0.	0.	0.037037037037037035	1	1	1	0	1	1	0	1	1	1	1	1
1	0	0.465254	0.193171	0.444444	0.185185	0.111111	0	0	0.037037	0.4444444444444444	0.18518518518518517	0.037037037037037035	0.	0.	0.037037037037037035	1	1	0	0	1	2	0	1	1	1	2	0
1	0	0.527605	0.202622	0.444444	0.185185	0.111111	0	0	0.037037	0.48148148148148145	0.18518518518518517	0.037037037037037035	0.	0.	0.037037037037037035	1	1	1	0	1	2	0	1	1	1	2	1
1	0	0.628548	0.148013	0.555556	0.111111	0.111111	0	0	0.037037	0.5555555555555556	0.1111111111111111	0.037037037037037035	0.	0.	0.037037037037037035	1	2	0	0	1	0	0	1	1	2	0	0
1	0	0.595112	0.117666	0.555556	0.111111	0.111111	0	0	0.037037	0.5925925925925926	0.1111111111111111	0.037037037037037035	0.	0.	0.037037037037037035	1	2	1	0	1	0	0	1	1	2	0	1
1	0	0.665716	0.162811	0.555556	0.148148	0.111111	0	0	0.037037	0.5555555555555556	0.14814814814814814	0.037037037037037035	0.	0.	0.037037037037037035	1	2	0	0	1	1	0	1	1	2	1	0
1	0	0.614441	0.169074	0.555556	0.148148	0.111111	0	0	0.037037	0.5925925925925926	0.14814814814814814	0.037037037037037035	0.	0.	0.037037037037037035	1	2	1	0	1	1	0	1	1	2	1	1
1	0	0.642892	0.210147	0.555556	0.185185	0.111111	0	0	0.037037	0.5555555555555556	0.18518518518518517	0.037037037037037035	0.	0.	0.037037037037037035	1	2	0	0	1	2	0	1	1	2	2	0
1	0	0.653532	0.218427	0.555556	0.185185	0.111111	0	0	0.037037	0.5925925925925926	0.18518518518518517	0.037037037037037035	0.	0.	0.037037037037037035	1	2	1	0	1	2	0	1	1	2	2	1
1	0	0.368577	0.223073	0.333333	0.222222	0.111111	0	0	0.037037	0.3333333333333333	0.2222222222222222	0.037037037037037035	0.	0.	0.037037037037037035	1	0	0	0	2	0	0	1	2	0	0	0
1	0	0.388962	0.241217	0.333333	0.222222	0.111111	0	0	0.037037	0.37037037037037035	0.2222222222222222	0.037037037037037035	0.	0.	0.037037037037037035	1	0	1	0	2	0	0	1	2	0	0	1
1	0	0.42278	0.249114	0.333333	0.222222	0.111111	0	0	0.037037	0.4074074074074074	0.2222222222222222	0.037037037037037035	0.	0.	0.037037037037037035	1	0	2	0	2	0	0	1	2	0	0	2
1	0	0.344468	0.28465	0.333333	0.259259	0.111111	0	0	0.037037	0.3333333333333333	0.25925925925925924	0.037037037037037035	0.	0.	0.037037037037037035	1	0	0	0	2	1	0	1	2	0	1	0
1	0	0.410232	0.267446	0.333333	0.259259	0.111111	0	0	0.037037	0.37037037037037035	0.25925925925925924	0.037037037037037035	0.	0.	0.037037037037037035	1	0	1	0	2	1	0	1	2	0	1	1
1	0	0.376065	0.309663	0.333333	0.296296	0.111111	0	0	0.037037	0.3333333333333333	0.2962962962962963	0.037037037037037035	0.	0.	0.037037037037037035	1	0	0	0	2	2	0	1	2	0	2	0
1	0	0.381098	0.322343	0.333333	0.296296	0.111111	0	0	0.037037	0.37037037037037035	0.2962962962962963	0.037037037037037035	0.	0.	0.037037037037037035	1	0	1	0	2	2	0	1	2	0	2	1
1	0	0.47719	0.230861	0.444444	0.222222	0.111111	0	0	0.037037	0.4444444444444444	0.2222222222222222	0.037037037037037035	0.	0.	0.037037037037037035	1	1	0	0	2	0	0	1	2	1	0	0
1	0	0.510155	0.236532	0.444444	0.222222	0.111111	0	0	0.037037	0.48148148148148145	0.2222222222222222	0.037037037037037035	0.	0.	0.037037037037037035	1	1	1	0	2	0	0	1	2	1	0	1
1	0	0.546287	0.258129	0.444444	0.222222	0.111111	0	0	0.037037	0.5185185185185185	0.2222222222222222	0.037037037037037035	0.	0.	0.037037037037037035	1	1	2	0	2	0	0	1	2	1	0	2
1	0	0.457804	0.290521	0.444444	0.259259	0.111111	0	0	0.037037	0.4444444444444444	0.25925925925925924	0.037037037037037035	0.	0.	0.037037037037037035	1	1	0	0	2	1	0	1	2	1	1	0
1	0	0.483293	0.274299	0.444444	0.259259	0.111111	0	0	0.037037	0.48148148148148145	0.25925925925925924	0.037037037037037035	0.	0.	0.037037037037037035	1	1	1	0	2	1	0	1	2	1	1	1
1	0	0.461049	0.315537	0.444444	0.296296	0.111111	0	0	0.037037	0.4444444444444444	0.2962962962962963	0.037037037037037035	0.	0.	0.037037037037037035	1	1	0	0	2	2	0	1	2	1	2	0
1	0	0.553205	0.327169	0.444444	0.296296	0.111111	0	0	0.037037	0.48148148148148145	0.2962962962962963	0.037037037037037035	0.	0.	0.037037037037037035	1	1	1	0	2	2	0	1	2	1	2	1
1	0	0.587005	0.227401	0.555556	0.222222	0.111111	0	0	0.037037	0.5555555555555556	0.2222222222222222	0.037037037037037035	0.	0.	0.037037037037037035	1	2	0	0	2	0	0	1	2	2	0	0
1	0	0.6058	0.251117	0.555556	0.222222	0.111111	0	0	0.037037	0.5925925925925926	0.2222222222222222	0.037037037037037035	0.	0.	0.037037037037037035	1	2	1	0	2	0	0	1	2	2	0	1
1	0	0.597805	0.294617	0.555556	0.259259	0.111111	0	0	0.037037	0.5555555555555556	0.25925925925925924	0.037037037037037035	0.	0.	0.037037037037037035	1	2	0	0	2	1	0	1	2	2	1	0
1	0	0.640079	0.282647	0.555556	0.259259	0.111111	0	0	0.037037	0.5925925925925926	0.25925925925925924	0.037037037037037035	0.	0.	0.037037037037037035	1	2	1	0	2	1	0	1	2	2	1	1
1	0	0.573559	0.302977	0.555556	0.296296	0.111111	0	0	0.037037	0.5555555555555556	0.2962962962962963	0.037037037037037035	0.	0.	0.037037037037037035	1	2	0	0	2	2	0	1	2	2	2	0
1	0	0.617747	0.319576	0.555556	0.296296	0.111111	0	0	0.037037	0.5925925925925926	0.2962962962962963	0.037037037037037035	0.	0.	0.037037037037037035	1	2	1	0	2	2	0	1	2	2	2	1
1	0	0.767487	0.0104381	0.666667	0	0.111111	0	0	0.037037	0.6666666666666666	0.	0.037037037037037035	0.	0.	0.037037037037037035	2	0	0	0	0	0	0	2	0	0	0	0
1	0	0.713589	0.0142847	0.666667	0	0.111111	0	0	0.037037	0.7037037037037037	0.	0.037037037037037035	0.	0.	0.037037037037037035	2	0	1	0	0	0	0	2	0	0	0	1
1	0	0.760466	0.036955	0.666667	0	0.111111	0	0	0.037037	0.7407407407407407	0.	0.037037037037037035	0.	0.	0.037037037037037035	2	0	2	0	0	0	0	2	0	0	0	2
1	0	0.698439	0.0740447	0.666667	0.037037	0.111111	0	0	0.037037	0.6666666666666666	0.037037037037037035	0.037037037037037035	0.	0.	0.037037037037037035	2	0	0	0	0	1	0	2	0	0	1	0
1	0	0.727531	0.0546893	0.666667	0.037037	0.111111	0	0	0.037037	0.7037037037037037	0.037037037037037035	0.037037037037037035	0.	0.	0.037037037037037035	2	0	1	0	0	1	0	2	0	0	1	1
1	0	0.680456	0.0973919	0.666667	0.0740741	0.111111	0	0	0.037037	0.6666666666666666	0.07407407407407407	0.037037037037037035	0.	0.	0.037037037037037035	2	0	0	0	0	2	0	2	0	0	2	0
1	0	0.775334	0.103473	0.666667	0.0740741	0.111111	0	0	0.037037	0.7037037037037037	0.07407407407407407	0.037037037037037035	0.	0.	0.037037037037037035	2	0	1	0	0	2	0	2	0	0	2	1
1	0	0.888854	0.00643747	0.777778	0	0.111111	0	0	0.037037	0.7777777777777778	0.	0.037037037037037035	0.	0.	0.037037037037037035	2	1	0	0	0	0	0	2	0	1	0	0
1	0	0.846193	0.0202526	0.777778	0	0.111111	0	0	0.037037	0.8148148148148148	0.	0.037037037037037035	0.	0.	0.037037037037037035	2	1	1	0	0	0	0	2	0	1	0	1
1	0	0.888867	0.0303487	0.777778	0	0.111111	0	0	0.037037	0.8518518518518519	0.	0.037037037037037035	0.	0.	0.037037037037037035	2	1	2	0	0	0	0	2	0	1	0	2
1	0	0.797576	0.068536	0.777778	0.037037	0.111111	0	0	0.037037	0.7777777777777778	0.037037037037037035	0.037037037037037035	0.	0.	0.037037037037037035	2	1	0	0	0	1	0	2	0	1	1	0
1	0	0.88409	0.0602066	0.777778	0.037037	0.111111	0	0	0.037037	0.8148148148148148	0.037037037037037035	0.037037037037037035	0.	0.	0.037037037037037035	2	1	1	0	0	1	0	2	0	1	1	1
1	0	0.813272	0.0909381	0.777778	0.0740741	0.111111	0	0	0.037037	0.7777777777777778	0.07407407407407407	0.037037037037037035	0.	0.	0.037037037037037035	2	1	0	0	0	2	0	2	0	1	2	0
1	0	0.827214	0.0804936	0.777778	0.0740741	0.111111	0	0	0.037037	0.8148148148148148	0.07407407407407407	0.037037037037037035	0.	0.	0.037037037037037035	2	1	1	0	0	2	0	2	0	1	2	1
1	0	0.97873	0.0247477	0.888889	0	0.111111	0	0	0.037037	0.8888888888888888	0.	0.037037037037037035	0.	0.	0.037037037037037035	2	2	0	0	0	0	0	2	0	2	0	0
1	0	0.956774	0.0369933	0.888889	0	0.111111	0	0	0.037037	0.9259259259259259	0.	0.037037037037037035	0.	0.	0.037037037037037035	2	2	1	0	0	0	0	2	0	2	0	1
1	0	0.986425	0.0740603	0.888889	0.037037	0.111111	0	0	0.037037	0.8888888888888888	0.037037037037037035	0.037037037037037035	0.	0.	0.037037037037037035	2	2	0	0	0	1	0	2	0	2	1	0
1	0	0.928377	0.0673334	0.888889	0.037037	0.111111	0	0	0.037037	0.9259259259259259	0.037037037037037035	0.037037037037037035	0.	0.	0.037037037037037035	2	2	1	0	0	1	0	2	0	2	1	1
1	0	0.921743	0.0942742	0.888889	0.0740741	0.111111	0	0	0.037037	0.8888888888888888	0.07407407407407407	0.037037037037037035	0.	0.	0.037037037037037035	2	2	0	0	0	2	0	2	0	2	2	0
1	0	0.941392	0.109048	0.888889	0.0740741	0.111111	0	0	0.037037	0.9259259259259259	0.07407407407407407	0.037037037037037035	0.	0.	0.037037037037037035	2	2	1	0	0	2	0	2	0	2	2	1
1	0	0.689722	0.122051	0.666667	0.111111	0.111111	0	0	0.037037	0.6666666666666666	0.1111111111111111	0.037037037037037035	0.	0.	0.037037037037037035	2	0	0	0	1	0	0	2	1	0	0	0
1	0	0.705968	0.137504	0.666667	0.111111	0.111111	0	0	0.037037	0.7037037037037037	0.1111111111111111	0.037037037037037035	0.	0.	0.037037037037037035	2	0	1	0	1	0	0	2	1	0	0	1
1	0	0.777701	0.128106	0.666667	0.111111	0.111111	0	0	0.037037	0.7407407407407407	0.1111111111111111	0.037037037037037035	0.	0.	0.037037037037037035	2	0	2	0	1	0	0	2	1	0	0	2
1	0	0.777776	0.172372	0.666667	0.148148	0.111111	0	0	0.037037	0.6666666666666666	0.14814814814814814	0.037037037037037035	0.	0.	0.037037037037037035	2	0	0	0	1	1	0	2	1	0	1	0
1	0	0.723107	0.160105	0.666667	0.148148	0.111111	0	0	0.037037	0.7037037037037037	0.14814814814814814	0.037037037037037035	0.	0.	0.037037037037037035	2	0	1	0	1	1	0	2	1	0	1	1
1	0	0.742888	0.214193	0.666667	0.185185	0.111111	0	0	0.037037	0.6666666666666666	0.18518518518518517	0.037037037037037035	0.	0.	0.037037037037037035	2	0	0	0	1	2	0	2	1	0	2	0
1	0	0.735916	0.194427	0.666667	0.185185	0.111111	0	0	0.037037	0.7037037037037037	0.18518518518518517	0.037037037037037035	0.	0.	0.037037037037037035	2	0	1	0	1	2	0	2	1	0	2	1
1	0	0.876544	0.131808	0.777778	0.111111	0.111111	0	0	0.037037	0.7777777777777778	0.1111111111111111	0.037037037037037035	0.	0.	0.037037037037037035	2	1	0	0	1	0	0	2	1	1	0	0
1	0	0.841765	0.147955	0.777778	0.111111	0.111111	0	0	0.037037	0.8148148148148148	0.1111111111111111	0.037037037037037035	0.	0.	0.037037037037037035	2	1	1	0	1	0	0	2	1	1	0	1
1	0	0.85411	0.114104	0.777778	0.111111	0.111111	0	0	0.037037	0.8518518518518519	0.1111111111111111	0.037037037037037035	0.	0.	0.037037037037037035	2	1	2	0	1	0	0	2	1	1	0	2
1	0	0.871536	0.180107	0.777778	0.148148	0.111111	0	0	0.037037	0.7777777777777778	0.14814814814814814	0.037037037037037035	0.	0.	0.037037037037037035	2	1	0	0	1	1	0	2	1	1	1	0
1	0	0.888878	0.183216	0.777778	0.148148	0.111111	0	0	0.037037	0.8148148148148148	0.14814814814814814	0.037037037037037035	0.	0.	0.037037037037037035	2	1	1	0	1	1	0	2	1	1	1	1
1	0	0.802516	0.206104	0.777778	0.185185	0.111111	0	0	0.037037	0.7777777777777778	0.18518518518518517	0.037037037037037035	0.	0.	0.037037037037037035	2	1	0	0	1	2	0	2	1	1	2	0
1	0	0.822874	0.198369	0.777778	0.185185	0.111111	0	0	0.037037	0.8148148148148148	0.18518518518518517	0.037037037037037035	0.	0.	0.037037037037037035	2	1	1	0	1	2	0	2	1	1	2	1
1	0	0.990629	0.147944	0.888889	0.111111	0.111111	0	0	0.037037	0.8888888888888888	0.1111111111111111	0.037037037037037035	0.	0.	0.037037037037037035	2	2	0	0	1	0	0	2	1	2	0	0
1	0	0.970494	0.142678	0.888889	0.111111	0.111111	0	0	0.037037	0.9259259259259259	0.1111111111111111	0.037037037037037035	0.	0.	0.037037037037037035	2	2	1	0	1	0	0	2	1	2	0	1
1	0	0.994977	0.184887	0.888889	0.148148	0.111111	0	0	0.037037	0.8888888888888888	0.14814814814814814	0.037037037037037035	0.	0.	0.037037037037037035	2	2	0	0	1	1	0	2	1	2	1	0
1	0	0.936501	0.161582	0.888889	0.148148	0.111111	0	0	0.037037	0.9259259259259259	0.14814814814814814	0.037037037037037035	0.	0.	0.037037037037037035	2	2	1	0	1	1	0	2	1	2	1	1
1	0	0.915446	0.191608	0.888889	0.185185	0.111111	0	0	0.037037	0.8888888888888888	0.18518518518518517	0.037037037037037035	0.	0.	0.037037037037037035	2	2	0	0	1	2	0	2	1	2	2	0
1	0	0.949618	0.221452	0.888889	0.185185	0.111111	0	0	0.037037	0.9259259259259259	0.18518518518518517	0.037037037037037035	0.	0.	0.037037037037037035	2	2	1	0	1	2	0	2	1	2	2	1
1	0	0.75626	0.25921	0.666667	0.222222	0.111111	0	0	0.037037	0.6666666666666666	0.2222222222222222	0.037037037037037035	0.	0.	0.037037037037037035	2	0	0	0	2	0	0	2	2	0	0	0
1	0	0.716866	0.243142	0.666667	0.222222	0.111111	0	0	0.037037	0.7037037037037037	0.2222222222222222	0.037037037037037035	0.	0.	0.037037037037037035	2	0	1	0	2	0	0	2	2	0	0	1
1	0	0.752442	0.247261	0.666667	0.222222	0.111111	0	0	0.037037	0.7407407407407407	0.2222222222222222	0.037037037037037035	0.	0.	0.037037037037037035	2	0	2	0	2	0	0	2	2	0	0	2
1	0	0.686571	0.271676	0.666667	0.259259	0.111111	0	0	0.037037	0.6666666666666666	0.25925925925925924	0.037037037037037035	0.	0.	0.037037037037037035	2	0	0	0	2	1	0	2	2	0	1	0
1	0	0.702823	0.278717	0.666667	0.259259	0.111111	0	0	0.037037	0.7037037037037037	0.25925925925925924	0.037037037037037035	0.	0.	0.037037037037037035	2	0	1	0	2	1	0	2	2	0	1	1
1	0	0.673896	0.331524	0.666667	0.296296	0.111111	0	0	0.037037	0.6666666666666666	0.2962962962962963	0.037037037037037035	0.	0.	0.037037037037037035	2	0	0	0	2	2	0	2	2	0	2	0
1	0	0.738562	0.30559	0.666667	0.296296	0.111111	0	0	0.037037	0.7037037037037037	0.2962962962962963	0.037037037037037035	0.	0.	0.037037037037037035	2	0	1	0	2	2	0	2	2	0	2	1
1	0	0.817326	0.229078	0.777778	0.222222	0.111111	0	0	0.037037	0.7777777777777778	0.2222222222222222	0.037037037037037035	0.	0.	0.037037037037037035	2	1	0	0	2	0	0	2	2	1	0	0
1	0	0.830627	0.235001	0.777778	0.222222	0.111111	0	0	0.037037	0.8148148148148148	0.2222222222222222	0.037037037037037035	0.	0.	0.037037037037037035	2	1	1	0	2	0	0	2	2	1	0	1
1	0	0.858505	0.259145	0.777778	0.222222	0.111111	0	0	0.037037	0.8518518518518519	0.2222222222222222	0.037037037037037035	0.	0.	0.037037037037037035	2	1	2	0	2	0	0	2	2	1	0	2
1	0	0.791178	0.296266	0.777778	0.259259	0.111111	0	0	0.037037	0.7777777777777778	0.25925925925925924	0.037037037037037035	0.	0.	0.037037037037037035	2	1	0	0	2	1	0	2	2	1	1	0
1	0	0.862135	0.288394	0.777778	0.259259	0.111111	0	0	0.037037	0.8148148148148148	0.25925925925925924	0.037037037037037035	0.	0.	0.037037037037037035	2	1	1	0	2	1	0	2	2	1	1	1
1	0	0.851145	0.325688	0.777778	0.296296	0.111111	0	0	0.037037	0.7777777777777778	0.2962962962962963	0.037037037037037035	0.	0.	0.037037037037037035	2	1	0	0	2	2	0	2	2	1	2	0
1	0	0.836048	0.311161	0.777778	0.296296	0.111111	0	0	0.037037	0.8148148148148148	0.2962962962962963	0.037037037037037035	0.	0.	0.037037037037037035	2	1	1	0	2	2	0	2	2	1	2	1
1	0	0.966235	0.256923	0.888889	0.222222	0.111111	0	0	0.037037	0.8888888888888888	0.2222222222222222	0.037037037037037035	0.	0.	0.037037037037037035	2	2	0	0	2	0	0	2	2	2	0	0
1	0	0.959701	0.240138	0.888889	0.222222	0.111111	0	0	0.037037	0.9259259259259259	0.2222222222222222	0.037037037037037035	0.	0.	0.037037037037037035	2	2	1	0	2	0	0	2	2	2	0	1
1	0	0.90745	0.269031	0.888889	0.259259	0.111111	0	0	0.037037	0.8888888888888888	0.25925925925925924	0.037037037037037035	0.	0.	0.037037037037037035	2	2	0	0	2	1	0	2	2	2	1	0
1	0	0.999999	0.283947	0.888889	0.259259	0.111111	0	0	0.037037	0.9259259259259259	0.25925925925925924	0.037037037037037035	0.	0.	0.037037037037037035	2	2	1	0	2	1	0	2	2	2	1	1
1	0	0.925487	0.299538	0.888889	0.296296	0.111111	0	0	0.037037	0.8888888888888888	0.2962962962962963	0.037037037037037035	0.	0.	0.037037037037037035	2	2	0	0	2	2	0	2	2	2	2	0
1	0	0.945912	0.314405	0.888889	0.296296	0.111111	0	0	0.037037	0.9259259259259259	0.2962962962962963	0.037037037037037035	0.	0.	0.037037037037037035	2	2	1	0	2	2	0	2	2	2	2	1
1	0	0.0739983	0.370335	0	0.333333	0.111111	0	0	0.037037	0.	0.3333333333333333	0.037037037037037035	0.	0.	0.037037037037037035	0	0	0	1	0	0	1	0	0	0	0	0
1	0	0.040739	0.340894	0	0.333333	0.111111	0	0	0.037037	0.037037037037037035	0.3333333333333333	0.037037037037037035	0.	0.	0.037037037037037035	0	0	1	1	0	0	1	0	0	0	0	1
1	0	0.096735	0.358496	0	0.333333	0.111111	0	0	0.037037	0.07407407407407407	0.3333333333333333	0.037037037037037035	0.	0.	0.037037037037037035	0	0	2	1	0	0	1	0	0	0	0	2
1	0	0.0263126	0.407365	0	0.37037	0.111111	0	0	0.037037	0.	0.37037037037037035	0.037037037037037035	0.	0.	0.037037037037037035	0	0	0	1	0	1	1	0	0	0	1	0
1	0	0.0594527	0.386276	0	0.37037	0.111111	0	0	0.037037	0.037037037037037035	0.37037037037037035	0.037037037037037035	0.	0.	0.037037037037037035	0	0	1	1	0	1	1	0	0	0	1	1
1	0	0.0664396	0.436798	0	0.407407	0.111111	0	0	0.037037	0.	0.4074074074074074	0.037037037037037035	0.	0.	0.037037037037037035	0	0	0	1	0	2	1	0	0	0	2	0
1	0	0.111102	0.44259	0	0.407407	0.111111	0	0	0.037037	0.037037037037037035	0.4074074074074074	0.037037037037037035	0.	0.	0.037037037037037035	0	0	1	1	0	2	1	0	0	0	2	1
1	0	0.129387	0.367913	0.111111	0.333333	0.111111	0	0	0.037037	0.1111111111111111	0.3333333333333333	0.037037037037037035	0.	0.	0.037037037037037035	0	1	0	1	0	0	1	0	0	1	0	0
1	0	0.167658	0.333837	0.111111	0.333333	0.111111	0	0	0.037037	0.14814814814814814	0.3333333333333333	0.037037037037037035	0.	0.	0.037037037037037035	0	1	1	1	0	0	1	0	0	1	0	1
1	0	0.190955	0.351227	0.111111	0.333333	0.111111	0	0	0.037037	0.18518518518518517	0.3333333333333333	0.037037037037037035	0.	0.	0.037037037037037035	0	1	2	1	0	0	1	0	0	1	0	2
1	0	0.131672	0.407398	0.111111	0.37037	0.111111	0	0	0.037037	0.1111111111111111	0.37037037037037035	0.037037037037037035	0.	0.	0.037037037037037035	0	1	0	1	0	1	1	0	0	1	1	0
1	0	0.185185	0.393844	0.111111	0.37037	0.111111	0	0	0.037037	0.14814814814814814	0.37037037037037035	0.037037037037037035	0.	0.	0.037037037037037035	0	1	1	1	0	1	1	0	0	1	1	1
1	0	0.140429	0.416728	0.111111	0.407407	0.111111	0	0	0.037037	0.1111111111111111	0.4074074074074074	0.037037037037037035	0.	0.	0.037037037037037035	0	1	0	1	0	2	1	0	0	1	2	0
1	0	0.159685	0.42603	0.111111	0.407407	0.111111	0	0	0.037037	0.14814814814814814	0.4074074074074074	0.037037037037037035	0.	0.	0.037037037037037035	0	1	1	1	0	2	1	0	0	1	2	1
1	0	0.241776	0.370336	0.222222	0.333333	0.111111	0	0	0.037037	0.2222222222222222	0.3333333333333333	0.037037037037037035	0.	0.	0.037037037037037035	0	2	0	1	0	0	1	0	0	2	0	0
1	0	0.244632	0.344401	0.222222	0.333333	0.111111	0	0	0.037037	0.25925925925925924	0.3333333333333333	0.037037037037037035	0.	0.	0.037037037037037035	0	2	1	1	0	0	1	0	0	2	0	1
1	0	0.302497	0.354021	0.222222	0.333333	0.111111	0	0	0.037037	0.2962962962962963	0.3333333333333333	0.037037037037037035	0.	0.	0.037037037037037035	0	2	2	1	0	0	1	0	0	2	0	2
1	0	0.235734	0.390522	0.222222	0.37037	0.111111	0	0	0.037037	0.2222222222222222	0.37037037037037035	0.037037037037037035	0.	0.	0.037037037037037035	0	2	0	1	0	1	1	0	0	2	1	0
1	0	0.278309	0.399314	0.222222	0.37037	0.111111	0	0	0.037037	0.25925925925925924	0.37037037037037035	0.037037037037037035	0.	0.	0.037037037037037035	0	2	1	1	0	1	1	0	0	2	1	1
1	0	0.330668	0.444296	0.222222	0.407407	0.111111	0	0	0.037037	0.2222222222222222	0.4074074074074074	0.037037037037037035	0.	0.	0.037037037037037035	0	2	0	1	0	2	1	0	0	2	2	0
1	0	0.320722	0.430728	0.222222	0.407407	0.111111	0	0	0.037037	0.25925925925925924	0.4074074074074074	0.037037037037037035	0.	0.	0.037037037037037035	0	2	1	1	0	2	1	0	0	2	2	1
1	0	0.0230169	0.456873	0	0.444444	0.111111	0	0	0.037037	0.	0.4444444444444444	0.037037037037037035	0.	0.	0.037037037037037035	0	0	0	1	1	0	1	0	1	0	0	0
1	0	0.0364019	0.469932	0	0.444444	0.111111	0	0	0.037037	0.037037037037037035	0.4444444444444444	0.037037037037037035	0.	0.	0.037037037037037035	0	0	1	1	1	0	1	0	1	0	0	1
1	0	0.108819	0.481387	0	0.444444	0.111111	0	0	0.037037	0.07407407407407407	0.4444444444444444	0.037037037037037035	0.	0.	0.037037037037037035	0	0	2	1	1	0	1	0	1	0	0	2
1	0	0.0390111	0.503493	0	0.481481	0.111111	0	0	0.037037	0.	0.48148148148148145	0.037037037037037035	0.	0.	0.037037037037037035	0	0	0	1	1	1	1	0	1	0	1	0
1	0	0.0903103	0.515133	0	0.481481	0.111111	0	0	0.037037	0.037037037037037035	0.48148148148148145	0.037037037037037035	0.	0.	0.037037037037037035	0	0	1	1	1	1	1	0	1	0	1	1
1	0	0.00117829	0.52904	0	0.518519	0.111111	0	0	0.037037	0.	0.5185185185185185	0.037037037037037035	0.	0.	0.037037037037037035	0	0	0	1	1	2	1	0	1	0	2	0
1	0	0.0691298	0.55394	0	0.518519	0.111111	0	0	0.037037	0.037037037037037035	0.5185185185185185	0.037037037037037035	0.	0.	0.037037037037037035	0	0	1	1	1	2	1	0	1	0	2	1
1	0	0.222209	0.480366	0.111111	0.444444	0.111111	0	0	0.037037	0.1111111111111111	0.4444444444444444	0.037037037037037035	0.	0.	0.037037037037037035	0	1	0	1	1	0	1	0	1	1	0	0
1	0	0.157285	0.462087	0.111111	0.444444	0.111111	0	0	0.037037	0.14814814814814814	0.4444444444444444	0.037037037037037035	0.	0.	0.037037037037037035	0	1	1	1	1	0	1	0	1	1	0	1
1	0	0.2029	0.477102	0.111111	0.444444	0.111111	0	0	0.037037	0.18518518518518517	0.4444444444444444	0.037037037037037035	0.	0.	0.037037037037037035	0	1	2	1	1	0	1	0	1	1	0	2
1	0	0.172983	0.51017	0.111111	0.481481	0.111111	0	0	0.037037	0.1111111111111111	0.48148148148148145	0.037037037037037035	0.	0.	0.037037037037037035	0	1	0	1	1	1	1	0	1	1	1	0
1	0	0.194958	0.495812	0.111111	0.481481	0.111111	0	0	0.037037	0.14814814814814814	0.48148148148148145	0.037037037037037035	0.	0.	0.037037037037037035	0	1	1	1	1	1	1	0	1	1	1	1
1	0	0.206603	0.540052	0.111111	0.518519	0.111111	0	0	0.037037	0.1111111111111111	0.5185185185185185	0.037037037037037035	0.	0.	0.037037037037037035	0	1	0	1	1	2	1	0	1	1	2	0
1	0	0.145506	0.532648	0.111111	0.518519	0.111111	0	0	0.037037	0.14814814814814814	0.5185185185185185	0.037037037037037035	0.	0.	0.037037037037037035	0	1	1	1	1	2	1	0	1	1	2	1
1	0	0.23227	0.450088	0.222222	0.444444	0.111111	0	0	0.037037	0.2222222222222222	0.4444444444444444	0.037037037037037035	0.	0.	0.037037037037037035	0	2	0	1	1	0	1	0	1	2	0	0
1	0	0.29604	0.45409	0.222222	0.444444	0.111111	0	0	0.037037	0.25925925925925924	0.4444444444444444	0.037037037037037035	0.	0.	0.037037037037037035	0	2	1	1	1	0	1	0	1	2	0	1
1	0	0.307512	0.518518	0.222222	0.481481	0.111111	0	0	0.037037	0.2222222222222222	0.48148148148148145	0.037037037037037035	0.	0.	0.037037037037037035	0	2	0	1	1	1	1	0	1	2	1	0
1	0	0.267616	0.492353	0.222222	0.481481	0.111111	0	0	0.037037	0.25925925925925924	0.48148148148148145	0.037037037037037035	0.	0.	0.037037037037037035	0	2	1	1	1	1	1	0	1	2	1	1
1	0	0.257194	0.54266	0.222222	0.518519	0.111111	0	0	0.037037	0.2222222222222222	0.5185185185185185	0.037037037037037035	0.	0.	0.037037037037037035	0	2	0	1	1	2	1	0	1	2	2	0
1	0	0.285397	0.536476	0.222222	0.518519	0.111111	0	0	0.037037	0.25925925925925924	0.5185185185185185	0.037037037037037035	0.	0.	0.037037037037037035	0	2	1	1	1	2	1	0	1	2	2	1
1	0	0.0143697	0.565776	0	0.555556	0.111111	0	0	0.037037	0.	0.5555555555555556	0.037037037037037035	0.	0.	0.037037037037037035	0	0	0	1	2	0	1	0	2	0	0	0
1	0	0.0554031	0.586614	0	0.555556	0.111111	0	0	0.037037	0.037037037037037035	0.5555555555555556	0.037037037037037035	0.	0.	0.037037037037037035	0	0	1	1	2	0	1	0	2	0	0	1
1	0	0.1024	0.557283	0	0.555556	0.111111	0	0	0.037037	0.07407407407407407	0.5555555555555556	0.037037037037037035	0.	0.	0.037037037037037035	0	0	2	1	2	0	1	0	2	0	0	2
1	0	0.030812	0.618638	0	0.592593	0.111111	0	0	0.037037	0.	0.5925925925925926	0.037037037037037035	0.	0.	0.037037037037037035	0	0	0	1	2	1	1	0	2	0	1	0
1	0	0.107091	0.6296	0	0.592593	0.111111	0	0	0.037037	0.037037037037037035	0.5925925925925926	0.037037037037037035	0.	0.	0.037037037037037035	0	0	1	1	2	1	1	0	2	0	1	1
1	0	0.00335914	0.648503	0	0.62963	0.111111	0	0	0.037037	0.	0.6296296296296297	0.037037037037037035	0.	0.	0.037037037037037035	0	0	0	1	2	2	1	0	2	0	2	0
1	0	0.0577349	0.639637	0	0.62963	0.111111	0	0	0.037037	0.037037037037037035	0.6296296296296297	0.037037037037037035	0.	0.	0.037037037037037035	0	0	1	1	2	2	1	0	2	0	2	1
1	0	0.124886	0.57323	0.111111	0.555556	0.111111	0	0	0.037037	0.1111111111111111	0.5555555555555556	0.037037037037037035	0.	0.	0.037037037037037035	0	1	0	1	2	0	1	0	2	1	0	0
1	0	0.162756	0.592568	0.111111	0.555556	0.111111	0	0	0.037037	0.14814814814814814	0.5555555555555556	0.037037037037037035	0.	0.	0.037037037037037035	0	1	1	1	2	0	1	0	2	1	0	1
1	0	0.222162	0.582699	0.111111	0.555556	0.111111	0	0	0.037037	0.18518518518518517	0.5555555555555556	0.037037037037037035	0.	0.	0.037037037037037035	0	1	2	1	2	0	1	0	2	1	0	2
1	0	0.117132	0.608633	0.111111	0.592593	0.111111	0	0	0.037037	0.1111111111111111	0.5925925925925926	0.037037037037037035	0.	0.	0.037037037037037035	0	1	0	1	2	1	1	0	2	1	1	0
1	0	0.175729	0.61546	0.111111	0.592593	0.111111	0	0	0.037037	0.14814814814814814	0.5925925925925926	0.037037037037037035	0.	0.	0.037037037037037035	0	1	1	1	2	1	1	0	2	1	1	1
1	0	0.204841	0.662827	0.111111	0.62963	0.111111	0	0	0.037037	0.1111111111111111	0.6296296296296297	0.037037037037037035	0.	0.	0.037037037037037035	0	1	0	1	2	2	1	0	2	1	2	0
1	0	0.21764	0.658309	0.111111	0.62963	0.111111	0	0	0.037037	0.14814814814814814	0.6296296296296297	0.037037037037037035	0.	0.	0.037037037037037035	0	1	1	1	2	2	1	0	2	1	2	1
1	0	0.248681	0.579916	0.222222	0.555556	0.111111	0	0	0.037037	0.2222222222222222	0.5555555555555556	0.037037037037037035	0.	0.	0.037037037037037035	0	2	0	1	2	0	1	0	2	2	0	0
1	0	0.289696	0.592553	0.222222	0.555556	0.111111	0	0	0.037037	0.25925925925925924	0.5555555555555556	0.037037037037037035	0.	0.	0.037037037037037035	0	2	1	1	2	0	1	0	2	2	0	1
1	0	0.262866	0.602122	0.222222	0.592593	0.111111	0	0	0.037037	0.2222222222222222	0.5925925925925926	0.037037037037037035	0.	0.	0.037037037037037035	0	2	0	1	2	1	1	0	2	2	1	0
1	0	0.273561	0.611672	0.222222	0.592593	0.111111	0	0	0.037037	0.25925925925925924	0.5925925925925926	0.037037037037037035	0.	0.	0.037037037037037035	0	2	1	1	2	1	1	0	2	2	1	1
1	0	0.332332	0.653545	0.222222	0.62963	0.111111	0	0	0.037037	0.2222222222222222	0.6296296296296297	0.037037037037037035	0.	0.	0.037037037037037035	0	2	0	1	2	2	1	0	2	2	2	0
1	0	0.291567	0.642748	0.222222	0.62963	0.111111	0	0	0.037037	0.25925925925925924	0.6296296296296297	0.037037037037037035	0.	0.	0.037037037037037035	0	2	1	1	2	2	1	0	2	2	2	1
1	0	0.337918	0.34761	0.333333	0.333333	0.111111	0	0	0.037037	0.3333333333333333	0.3333333333333333	0.037037037037037035	0.	0.	0.037037037037037035	1	0	0	1	0	0	1	1	0	0	0	0
1	0	0.429427	0.370291	0.333333	0.333333	0.111111	0	0	0.037037	0.37037037037037035	0.3333333333333333	0.037037037037037035	0.	0.	0.037037037037037035	1	0	1	1	0	0	1	1	0	0	0	1
1	0	0.42653	0.363514	0.333333	0.333333	0.111111	0	0	0.037037	0.4074074074074074	0.3333333333333333	0.037037037037037035	0.	0.	0.037037037037037035	1	0	2	1	0	0	1	1	0	0	0	2
1	0	0.347002	0.401893	0.333333	0.37037	0.111111	0	0	0.037037	0.3333333333333333	0.37037037037037035	0.037037037037037035	0.	0.	0.037037037037037035	1	0	0	1	0	1	1	1	0	0	1	0
1	0	0.394709	0.383933	0.333333	0.37037	0.111111	0	0	0.037037	0.37037037037037035	0.37037037037037035	0.037037037037037035	0.	0.	0.037037037037037035	1	0	1	1	0	1	1	1	0	0	1	1
1	0	0.359801	0.422564	0.333333	0.407407	0.111111	0	0	0.037037	0.3333333333333333	0.4074074074074074	0.037037037037037035	0.	0.	0.037037037037037035	1	0	0	1	0	2	1	1	0	0	2	0
1	0	0.392116	0.434687	0.333333	0.407407	0.111111	0	0	0.037037	0.37037037037037035	0.4074074074074074	0.037037037037037035	0.	0.	0.037037037037037035	1	0	1	1	0	2	1	1	0	0	2	1
1	0	0.555516	0.356251	0.444444	0.333333	0.111111	0	0	0.037037	0.4444444444444444	0.3333333333333333	0.037037037037037035	0.	0.	0.037037037037037035	1	1	0	1	0	0	1	1	0	1	0	0
1	0	0.521299	0.336173	0.444444	0.333333	0.111111	0	0	0.037037	0.48148148148148145	0.3333333333333333	0.037037037037037035	0.	0.	0.037037037037037035	1	1	1	1	0	0	1	1	0	1	0	1
1	0	0.549107	0.365872	0.444444	0.333333	0.111111	0	0	0.037037	0.5185185185185185	0.3333333333333333	0.037037037037037035	0.	0.	0.037037037037037035	1	1	2	1	0	0	1	1	0	1	0	2
1	0	0.479455	0.405175	0.444444	0.37037	0.111111	0	0	0.037037	0.4444444444444444	0.37037037037037035	0.037037037037037035	0.	0.	0.037037037037037035	1	1	0	1	0	1	1	1	0	1	1	0
1	0	0.498552	0.381485	0.444444	0.37037	0.111111	0	0	0.037037	0.48148148148148145	0.37037037037037035	0.037037037037037035	0.	0.	0.037037037037037035	1	1	1	1	0	1	1	1	0	1	1	1
1	0	0.469282	0.420167	0.444444	0.407407	0.111111	0	0	0.037037	0.4444444444444444	0.4074074074074074	0.037037037037037035	0.	0.	0.037037037037037035	1	1	0	1	0	2	1	1	0	1	2	0
1	0	0.505955	0.428231	0.444444	0.407407	0.111111	0	0	0.037037	0.48148148148148145	0.4074074074074074	0.037037037037037035	0.	0.	0.037037037037037035	1	1	1	1	0	2	1	1	0	1	2	1
1	0	0.650138	0.370356	0.555556	0.333333	0.111111	0	0	0.037037	0.5555555555555556	0.3333333333333333	0.037037037037037035	0.	0.	0.037037037037037035	1	2	0	1	0	0	1	1	0	2	0	0
1	0	0.611823	0.360488	0.555556	0.333333	0.111111	0	0	0.037037	0.5925925925925926	0.3333333333333333	0.037037037037037035	0.	0.	0.037037037037037035	1	2	1	1	0	0	1	1	0	2	0	1
1	0	0.621011	0.338057	0.555556	0.333333	0.111111	0	0	0.037037	0.6296296296296297	0.3333333333333333	0.037037037037037035	0.	0.	0.037037037037037035	1	2	2	1	0	0	1	1	0	2	0	2
1	0	0.663431	0.407068	0.555556	0.37037	0.111111	0	0	0.037037	0.5555555555555556	0.37037037037037035	0.037037037037037035	0.	0.	0.037037037037037035	1	2	0	1	0	1	1	1	0	2	1	0
1	0	0.62499	0.39734	0.555556	0.37037	0.111111	0	0	0.037037	0.5925925925925926	0.37037037037037035	0.037037037037037035	0.	0.	0.037037037037037035	1	2	1	1	0	1	1	1	0	2	1	1
1	0	0.579227	0.414118	0.555556	0.407407	0.111111	0	0	0.037037	0.5555555555555556	0.4074074074074074	0.037037037037037035	0.	0.	0.037037037037037035	1	2	0	1	0	2	1	1	0	2	2	0
1	0	0.634487	0.439206	0.555556	0.407407	0.111111	0	0	0.037037	0.5925925925925926	0.4074074074074074	0.037037037037037035	0.	0.	0.037037037037037035	1	2	1	1	0	2	1	1	0	2	2	1
1	0	0.397088	0.481479	0.333333	0.444444	0.111111	0	0	0.037037	0.3333333333333333	0.4444444444444444	0.037037037037037035	0.	0.	0.037037037037037035	1	0	0	1	1	0	1	1	1	0	0	0
1	0	0.404069	0.472541	0.333333	0.444444	0.111111	0	0	0.037037	0.37037037037037035	0.4444444444444444	0.037037037037037035	0.	0.	0.037037037037037035	1	0	1	1	1	0	1	1	1	0	0	1
1	0	0.444435	0.46653	0.333333	0.444444	0.111111	0	0	0.037037	0.4074074074074074	0.4444444444444444	0.037037037037037035	0.	0.	0.037037037037037035	1	0	2	1	1	0	1	1	1	0	0	2
1	0	0.431484	0.518411	0.333333	0.481481	0.111111	0	0	0.037037	0.3333333333333333	0.48148148148148145	0.037037037037037035	0.	0.	0.037037037037037035	1	0	0	1	1	1	1	1	1	0	1	0
1	0	0.348939	0.500164	0.333333	0.481481	0.111111	0	0	0.037037	0.37037037037037035	0.48148148148148145	0.037037037037037035	0.	0.	0.037037037037037035	1	0	1	1	1	1	1	1	1	0	1	1
1	0	0.361845	0.550159	0.333333	0.518519	0.111111	0	0	0.037037	0.3333333333333333	0.5185185185185185	0.037037037037037035	0.	0.	0.037037037037037035	1	0	0	1	1	2	1	1	1	0	2	0
1	0	0.378006	0.526875	0.333333	0.518519	0.111111	0	0	0.037037	0.37037037037037035	0.5185185185185185	0.037037037037037035	0.	0.	0.037037037037037035	1	0	1	1	1	2	1	1	1	0	2	1
1	0	0.534736	0.481437	0.444444	0.444444	0.111111	0	0	0.037037	0.4444444444444444	0.4444444444444444	0.037037037037037035	0.	0.	0.037037037037037035	1	1	0	1	1	0	1	1	1	1	0	0
1	0	0.543619	0.447954	0.444444	0.444444	0.111111	0	0	0.037037	0.48148148148148145	0.4444444444444444	0.037037037037037035	0.	0.	0.037037037037037035	1	1	1	1	1	0	1	1	1	1	0	1
1	0	0.513669	0.475111	0.444444	0.444444	0.111111	0	0	0.037037	0.5185185185185185	0.4444444444444444	0.037037037037037035	0.	0.	0.037037037037037035	1	1	2	1	1	0	1	1	1	1	0	2
1	0	0.485148	0.507439	0.444444	0.481481	0.111111	0	0	0.037037	0.4444444444444444	0.48148148148148145	0.037037037037037035	0.	0.	0.037037037037037035	1	1	0	1	1	1	1	1	1	1	1	0
1	0	0.555526	0.51307	0.444444	0.481481	0.111111	0	0	0.037037	0.48148148148148145	0.48148148148148145	0.037037037037037035	0.	0.	0.037037037037037035	1	1	1	1	1	1	1	1	1	1	1	1
1	0	0.53263	0.546833	0.444444	0.518519	0.111111	0	0	0.037037	0.4444444444444444	0.5185185185185185	0.037037037037037035	0.	0.	0.037037037037037035	1	1	0	1	1	2	1	1	1	1	2	0
1	0	0.518692	0.544312	0.444444	0.518519	0.111111	0	0	0.037037	0.48148148148148145	0.5185185185185185	0.037037037037037035	0.	0.	0.037037037037037035	1	1	1	1	1	2	1	1	1	1	2	1
1	0	0.5907	0.458696	0.555556	0.444444	0.111111	0	0	0.037037	0.5555555555555556	0.4444444444444444	0.037037037037037035	0.	0.	0.037037037037037035	1	2	0	1	1	0	1	1	1	2	0	0
1	0	0.60962	0.464228	0.555556	0.444444	0.111111	0	0	0.037037	0.5925925925925926	0.4444444444444444	0.037037037037037035	0.	0.	0.037037037037037035	1	2	1	1	1	0	1	1	1	2	0	1
1	0	0.570455	0.497513	0.555556	0.481481	0.111111	0	0	0.037037	0.5555555555555556	0.48148148148148145	0.037037037037037035	0.	0.	0.037037037037037035	1	2	0	1	1	1	1	1	1	2	1	0
1	0	0.659637	0.517312	0.555556	0.481481	0.111111	0	0	0.037037	0.5925925925925926	0.48148148148148145	0.037037037037037035	0.	0.	0.037037037037037035	1	2	1	1	1	1	1	1	1	2	1	1
1	0	0.56831	0.525412	0.555556	0.518519	0.111111	0	0	0.037037	0.5555555555555556	0.5185185185185185	0.037037037037037035	0.	0.	0.037037037037037035	1	2	0	1	1	2	1	1	1	2	2	0
1	0	0.666598	0.55231	0.555556	0.518519	0.111111	0	0	0.037037	0.5925925925925926	0.5185185185185185	0.037037037037037035	0.	0.	0.037037037037037035	1	2	1	1	1	2	1	1	1	2	2	1
1	0	0.444411	0.588724	0.333333	0.555556	0.111111	0	0	0.037037	0.3333333333333333	0.5555555555555556	0.037037037037037035	0.	0.	0.037037037037037035	1	0	0	1	2	0	1	1	2	0	0	0
1	0	0.38296	0.560507	0.333333	0.555556	0.111111	0	0	0.037037	0.37037037037037035	0.5555555555555556	0.037037037037037035	0.	0.	0.037037037037037035	1	0	1	1	2	0	1	1	2	0	0	1
1	0	0.416863	0.569701	0.333333	0.555556	0.111111	0	0	0.037037	0.4074074074074074	0.5555555555555556	0.037037037037037035	0.	0.	0.037037037037037035	1	0	2	1	2	0	1	1	2	0	0	2
1	0	0.440888	0.624302	0.333333	0.592593	0.111111	0	0	0.037037	0.3333333333333333	0.5925925925925926	0.037037037037037035	0.	0.	0.037037037037037035	1	0	0	1	2	1	1	1	2	0	1	0
1	0	0.401046	0.627596	0.333333	0.592593	0.111111	0	0	0.037037	0.37037037037037035	0.5925925925925926	0.037037037037037035	0.	0.	0.037037037037037035	1	0	1	1	2	1	1	1	2	0	1	1
1	0	0.366344	0.634467	0.333333	0.62963	0.111111	0	0	0.037037	0.3333333333333333	0.6296296296296297	0.037037037037037035	0.	0.	0.037037037037037035	1	0	0	1	2	2	1	1	2	0	2	0
1	0	0.424301	0.656348	0.333333	0.62963	0.111111	0	0	0.037037	0.37037037037037035	0.6296296296296297	0.037037037037037035	0.	0.	0.037037037037037035	1	0	1	1	2	2	1	1	2	0	2	1
1	0	0.551486	0.592016	0.444444	0.555556	0.111111	0	0	0.037037	0.4444444444444444	0.5555555555555556	0.037037037037037035	0.	0.	0.037037037037037035	1	1	0	1	2	0	1	1	2	1	0	0
1	0	0.528816	0.578461	0.444444	0.555556	0.111111	0	0	0.037037	0.48148148148148145	0.5555555555555556	0.037037037037037035	0.	0.	0.037037037037037035	1	1	1	1	2	0	1	1	2	1	0	1
1	0	0.467218	0.562674	0.444444	0.555556	0.111111	0	0	0.037037	0.5185185185185185	0.5555555555555556	0.037037037037037035	0.	0.	0.037037037037037035	1	1	2	1	2	0	1	1	2	1	0	2
1	0	0.474455	0.604088	0.444444	0.592593	0.111111	0	0	0.037037	0.4444444444444444	0.5925925925925926	0.037037037037037035	0.	0.	0.037037037037037035	1	1	0	1	2	1	1	1	2	1	1	0
1	0	0.500535	0.620132	0.444444	0.592593	0.111111	0	0	0.037037	0.48148148148148145	0.5925925925925926	0.037037037037037035	0.	0.	0.037037037037037035	1	1	1	1	2	1	1	1	2	1	1	1
1	0	0.462888	0.637212	0.444444	0.62963	0.111111	0	0	0.037037	0.4444444444444444	0.6296296296296297	0.037037037037037035	0.	0.	0.037037037037037035	1	1	0	1	2	2	1	1	2	1	2	0
1	0	0.512133	0.646024	0.444444	0.62963	0.111111	0	0	0.037037	0.48148148148148145	0.6296296296296297	0.037037037037037035	0.	0.	0.037037037037037035	1	1	1	1	2	2	1	1	2	1	2	1
1	0	0.593624	0.56745	0.555556	0.555556	0.111111	0	0	0.037037	0.5555555555555556	0.5555555555555556	0.037037037037037035	0.	0.	0.037037037037037035	1	2	0	1	2	0	1	1	2	2	0	0
1	0	0.636704	0.574714	0.555556	0.555556	0.111111	0	0	0.037037	0.5925925925925926	0.5555555555555556	0.037037037037037035	0.	0.	0.037037037037037035	1	2	1	1	2	0	1	1	2	2	0	1
1	0	0.582379	0.606596	0.555556	0.592593	0.111111	0	0	0.037037	0.5555555555555556	0.5925925925925926	0.037037037037037035	0.	0.	0.037037037037037035	1	2	0	1	2	1	1	1	2	2	1	0
1	0	0.622646	0.621771	0.555556	0.592593	0.111111	0	0	0.037037	0.5925925925925926	0.5925925925925926	0.037037037037037035	0.	0.	0.037037037037037035	1	2	1	1	2	1	1	1	2	2	1	1
1	0	0.638612	0.660695	0.555556	0.62963	0.111111	0	0	0.037037	0.5555555555555556	0.6296296296296297	0.037037037037037035	0.	0.	0.037037037037037035	1	2	0	1	2	2	1	1	2	2	2	0
1	0	0.601451	0.651585	0.555556	0.62963	0.111111	0	0	0.037037	0.5925925925925926	0.6296296296296297	0.037037037037037035	0.	0.	0.037037037037037035	1	2	1	1	2	2	1	1	2	2	2	1
1	0	0.771319	0.370353	0.666667	0.333333	0.111111	0	0	0.037037	0.6666666666666666	0.3333333333333333	0.037037037037037035	0.	0.	0.037037037037037035	2	0	0	1	0	0	1	2	0	0	0	0
1	0	0.777777	0.362087	0.666667	0.333333	0.111111	0	0	0.037037	0.7037037037037037	0.3333333333333333	0.037037037037037035	0.	0.	0.037037037037037035	2	0	1	1	0	0	1	2	0	0	0	1
1	0	0.749643	0.349499	0.666667	0.333333	0.111111	0	0	0.037037	0.7407407407407407	0.3333333333333333	0.037037037037037035	0.	0.	0.037037037037037035	2	0	2	1	0	0	1	2	0	0	0	2
1	0	0.682866	0.388138	0.666667	0.37037	0.111111	0	0	0.037037	0.6666666666666666	0.37037037037037035	0.037037037037037035	0.	0.	0.037037037037037035	2	0	0	1	0	1	1	2	0	0	1	0
1	0	0.733007	0.395474	0.666667	0.37037	0.111111	0	0	0.037037	0.7037037037037037	0.37037037037037035	0.037037037037037035	0.	0.	0.037037037037037035	2	0	1	1	0	1	1	2	0	0	1	1
1	0	0.695088	0.432904	0.666667	0.407407	0.111111	0	0	0.037037	0.6666666666666666	0.4074074074074074	0.037037037037037035	0.	0.	0.037037037037037035	2	0	0	1	0	2	1	2	0	0	2	0
1	0	0.710765	0.418498	0.666667	0.407407	0.111111	0	0	0.037037	0.7037037037037037	0.4074074074074074	0.037037037037037035	0.	0.	0.037037037037037035	2	0	1	1	0	2	1	2	0	0	2	1
1	0	0.810861	0.343085	0.777778	0.333333	0.111111	0	0	0.037037	0.7777777777777778	0.3333333333333333	0.037037037037037035	0.	0.	0.037037037037037035	2	1	0	1	0	0	1	2	0	1	0	0
1	0	0.881742	0.369985	0.777778	0.333333	0.111111	0	0	0.037037	0.8148148148148148	0.3333333333333333	0.037037037037037035	0.	0.	0.037037037037037035	2	1	1	1	0	0	1	2	0	1	0	1
1	0	0.864566	0.339602	0.777778	0.333333	0.111111	0	0	0.037037	0.8518518518518519	0.3333333333333333	0.037037037037037035	0.	0.	0.037037037037037035	2	1	2	1	0	0	1	2	0	1	0	2
1	0	0.794958	0.403823	0.777778	0.37037	0.111111	0	0	0.037037	0.7777777777777778	0.37037037037037035	0.037037037037037035	0.	0.	0.037037037037037035	2	1	0	1	0	1	1	2	0	1	1	0
1	0	0.888873	0.39264	0.777778	0.37037	0.111111	0	0	0.037037	0.8148148148148148	0.37037037037037035	0.037037037037037035	0.	0.	0.037037037037037035	2	1	1	1	0	1	1	2	0	1	1	1
1	0	0.888873	0.439921	0.777778	0.407407	0.111111	0	0	0.037037	0.7777777777777778	0.4074074074074074	0.037037037037037035	0.	0.	0.037037037037037035	2	1	0	1	0	2	1	2	0	1	2	0
1	0	0.832989	0.42408	0.777778	0.407407	0.111111	0	0	0.037037	0.8148148148148148	0.4074074074074074	0.037037037037037035	0.	0.	0.037037037037037035	2	1	1	1	0	2	1	2	0	1	2	1
1	0	0.912545	0.346562	0.888889	0.333333	0.111111	0	0	0.037037	0.8888888888888888	0.3333333333333333	0.037037037037037035	0.	0.	0.037037037037037035	2	2	0	1	0	0	1	2	0	2	0	0
1	0	0.997343	0.352682	0.888889	0.333333	0.111111	0	0	0.037037	0.9259259259259259	0.3333333333333333	0.037037037037037035	0.	0.	0.037037037037037035	2	2	1	1	0	0	1	2	0	2	0	1
1	0	0.981187	0.379405	0.888889	0.37037	0.111111	0	0	0.037037	0.8888888888888888	0.37037037037037035	0.037037037037037035	0.	0.	0.037037037037037035	2	2	0	1	0	1	1	2	0	2	1	0
1	0	0.953404	0.382966	0.888889	0.37037	0.111111	0	0	0.037037	0.9259259259259259	0.37037037037037035	0.037037037037037035	0.	0.	0.037037037037037035	2	2	1	1	0	1	1	2	0	2	1	1
1	0	0.973572	0.427329	0.888889	0.407407	0.111111	0	0	0.037037	0.8888888888888888	0.4074074074074074	0.037037037037037035	0.	0.	0.037037037037037035	2	2	0	1	0	2	1	2	0	2	2	0
1	0	0.962241	0.412338	0.888889	0.407407	0.111111	0	0	0.037037	0.9259259259259259	0.4074074074074074	0.037037037037037035	0.	0.	0.037037037037037035	2	2	1	1	0	2	1	2	0	2	2	1
1	0	0.692568	0.468438	0.666667	0.444444	0.111111	0	0	0.037037	0.6666666666666666	0.4444444444444444	0.037037037037037035	0.	0.	0.037037037037037035	2	0	0	1	1	0	1	2	1	0	0	0
1	0	0.72919	0.452774	0.666667	0.444444	0.111111	0	0	0.037037	0.7037037037037037	0.4444444444444444	0.037037037037037035	0.	0.	0.037037037037037035	2	0	1	1	1	0	1	2	1	0	0	1
1	0	0.74687	0.4814	0.666667	0.444444	0.111111	0	0	0.037037	0.7407407407407407	0.4444444444444444	0.037037037037037035	0.	0.	0.037037037037037035	2	0	2	1	1	0	1	2	1	0	0	2
1	0	0.6781	0.505895	0.666667	0.481481	0.111111	0	0	0.037037	0.6666666666666666	0.48148148148148145	0.037037037037037035	0.	0.	0.037037037037037035	2	0	0	1	1	1	1	2	1	0	1	0
1	0	0.76258	0.501619	0.666667	0.481481	0.111111	0	0	0.037037	0.7037037037037037	0.48148148148148145	0.037037037037037035	0.	0.	0.037037037037037035	2	0	1	1	1	1	1	2	1	0	1	1
1	0	0.773366	0.547986	0.666667	0.518519	0.111111	0	0	0.037037	0.6666666666666666	0.5185185185185185	0.037037037037037035	0.	0.	0.037037037037037035	2	0	0	1	1	2	1	2	1	0	2	0
1	0	0.718642	0.534609	0.666667	0.518519	0.111111	0	0	0.037037	0.7037037037037037	0.5185185185185185	0.037037037037037035	0.	0.	0.037037037037037035	2	0	1	1	1	2	1	2	1	0	2	1
1	0	0.808247	0.446532	0.777778	0.444444	0.111111	0	0	0.037037	0.7777777777777778	0.4444444444444444	0.037037037037037035	0.	0.	0.037037037037037035	2	1	0	1	1	0	1	2	1	1	0	0
1	0	0.838241	0.479367	0.777778	0.444444	0.111111	0	0	0.037037	0.8148148148148148	0.4444444444444444	0.037037037037037035	0.	0.	0.037037037037037035	2	1	1	1	1	0	1	2	1	1	0	1
1	0	0.874271	0.460447	0.777778	0.444444	0.111111	0	0	0.037037	0.8518518518518519	0.4444444444444444	0.037037037037037035	0.	0.	0.037037037037037035	2	1	2	1	1	0	1	2	1	1	0	2
1	0	0.8665	0.511534	0.777778	0.481481	0.111111	0	0	0.037037	0.7777777777777778	0.48148148148148145	0.037037037037037035	0.	0.	0.037037037037037035	2	1	0	1	1	1	1	2	1	1	1	0
1	0	0.805715	0.49099	0.777778	0.481481	0.111111	0	0	0.037037	0.8148148148148148	0.48148148148148145	0.037037037037037035	0.	0.	0.037037037037037035	2	1	1	1	1	1	1	2	1	1	1	1
1	0	0.820937	0.523653	0.777778	0.518519	0.111111	0	0	0.037037	0.7777777777777778	0.5185185185185185	0.037037037037037035	0.	0.	0.037037037037037035	2	1	0	1	1	2	1	2	1	1	2	0
1	0	0.84807	0.538522	0.777778	0.518519	0.111111	0	0	0.037037	0.8148148148148148	0.5185185185185185	0.037037037037037035	0.	0.	0.037037037037037035	2	1	1	1	1	2	1	2	1	1	2	1
1	0	0.909863	0.471442	0.888889	0.444444	0.111111	0	0	0.037037	0.8888888888888888	0.4444444444444444	0.037037037037037035	0.	0.	0.037037037037037035	2	2	0	1	1	0	1	2	1	2	0	0
1	0	0.933687	0.445053	0.888889	0.444444	0.111111	0	0	0.037037	0.9259259259259259	0.4444444444444444	0.037037037037037035	0.	0.	0.037037037037037035	2	2	1	1	1	0	1	2	1	2	0	1
1	0	0.999404	0.504995	0.888889	0.481481	0.111111	0	0	0.037037	0.8888888888888888	0.48148148148148145	0.037037037037037035	0.	0.	0.037037037037037035	2	2	0	1	1	1	1	2	1	2	1	0
1	0	0.943644	0.494291	0.888889	0.481481	0.111111	0	0	0.037037	0.9259259259259259	0.48148148148148145	0.037037037037037035	0.	0.	0.037037037037037035	2	2	1	1	1	1	1	2	1	2	1	1
1	0	0.917789	0.530807	0.888889	0.518519	0.111111	0	0	0.037037	0.8888888888888888	0.5185185185185185	0.037037037037037035	0.	0.	0.037037037037037035	2	2	0	1	1	2	1	2	1	2	2	0
1	0	0.975875	0.521774	0.888889	0.518519	0.111111	0	0	0.037037	0.9259259259259259	0.5185185185185185	0.037037037037037035	0.	0.	0.037037037037037035	2	2	1	1	1	2	1	2	1	2	2	1
1	0	0.757875	0.576772	0.666667	0.555556	0.111111	0	0	0.037037	0.6666666666666666	0.5555555555555556	0.037037037037037035	0.	0.	0.037037037037037035	2	0	0	1	2	0	1	2	2	0	0	0
1	0	0.777775	0.590273	0.666667	0.555556	0.111111	0	0	0.037037	0.7037037037037037	0.5555555555555556	0.037037037037037035	0.	0.	0.037037037037037035	2	0	1	1	2	0	1	2	2	0	0	1
1	0	0.765329	0.592586	0.666667	0.555556	0.111111	0	0	0.037037	0.7407407407407407	0.5555555555555556	0.037037037037037035	0.	0.	0.037037037037037035	2	0	2	1	2	0	1	2	2	0	0	2
1	0	0.744733	0.626096	0.666667	0.592593	0.111111	0	0	0.037037	0.6666666666666666	0.5925925925925926	0.037037037037037035	0.	0.	0.037037037037037035	2	0	0	1	2	1	1	2	2	0	1	0
1	0	0.708569	0.600248	0.666667	0.592593	0.111111	0	0	0.037037	0.7037037037037037	0.5925925925925926	0.037037037037037035	0.	0.	0.037037037037037035	2	0	1	1	2	1	1	2	2	0	1	1
1	0	0.700516	0.632876	0.666667	0.62963	0.111111	0	0	0.037037	0.6666666666666666	0.6296296296296297	0.037037037037037035	0.	0.	0.037037037037037035	2	0	0	1	2	2	1	2	2	0	2	0
1	0	0.720829	0.650021	0.666667	0.62963	0.111111	0	0	0.037037	0.7037037037037037	0.6296296296296297	0.037037037037037035	0.	0.	0.037037037037037035	2	0	1	1	2	2	1	2	2	0	2	1
1	0	0.800523	0.558802	0.777778	0.555556	0.111111	0	0	0.037037	0.7777777777777778	0.5555555555555556	0.037037037037037035	0.	0.	0.037037037037037035	2	1	0	1	2	0	1	2	2	1	0	0
1	0	0.886951	0.584769	0.777778	0.555556	0.111111	0	0	0.037037	0.8148148148148148	0.5555555555555556	0.037037037037037035	0.	0.	0.037037037037037035	2	1	1	1	2	0	1	2	2	1	0	1
1	0	0.868656	0.570982	0.777778	0.555556	0.111111	0	0	0.037037	0.8518518518518519	0.5555555555555556	0.037037037037037035	0.	0.	0.037037037037037035	2	1	2	1	2	0	1	2	2	1	0	2
1	0	0.789069	0.614075	0.777778	0.592593	0.111111	0	0	0.037037	0.7777777777777778	0.5925925925925926	0.037037037037037035	0.	0.	0.037037037037037035	2	1	0	1	2	1	1	2	2	1	1	0
1	0	0.888818	0.629326	0.777778	0.592593	0.111111	0	0	0.037037	0.8148148148148148	0.5925925925925926	0.037037037037037035	0.	0.	0.037037037037037035	2	1	1	1	2	1	1	2	2	1	1	1
1	0	0.843808	0.641703	0.777778	0.62963	0.111111	0	0	0.037037	0.7777777777777778	0.6296296296296297	0.037037037037037035	0.	0.	0.037037037037037035	2	1	0	1	2	2	1	2	2	1	2	0
1	0	0.878468	0.664438	0.777778	0.62963	0.111111	0	0	0.037037	0.8148148148148148	0.6296296296296297	0.037037037037037035	0.	0.	0.037037037037037035	2	1	1	1	2	2	1	2	2	1	2	1
1	0	0.930144	0.555637	0.888889	0.555556	0.111111	0	0	0.037037	0.8888888888888888	0.5555555555555556	0.037037037037037035	0.	0.	0.037037037037037035	2	2	0	1	2	0	1	2	2	2	0	0
1	0	0.983212	0.563799	0.888889	0.555556	0.111111	0	0	0.037037	0.9259259259259259	0.5555555555555556	0.037037037037037035	0.	0.	0.037037037037037035	2	2	1	1	2	0	1	2	2	2	0	1
1	0	0.9199	0.610287	0.888889	0.592593	0.111111	0	0	0.037037	0.8888888888888888	0.5925925925925926	0.037037037037037035	0.	0.	0.037037037037037035	2	2	0	1	2	1	1	2	2	2	1	0
1	0	0.939119	0.599206	0.888889	0.592593	0.111111	0	0	0.037037	0.9259259259259259	0.5925925925925926	0.037037037037037035	0.	0.	0.037037037037037035	2	2	1	1	2	1	1	2	2	2	1	1
1	0	0.905426	0.645025	0.888889	0.62963	0.111111	0	0	0.037037	0.8888888888888888	0.6296296296296297	0.037037037037037035	0.	0.	0.037037037037037035	2	2	0	1	2	2	1	2	2	2	2	0
1	0	0.99258	0.63176	0.888889	0.62963	0.111111	0	0	0.037037	0.9259259259259259	0.6296296296296297	0.037037037037037035	0.	0.	0.037037037037037035	2	2	1	1	2	2	1	2	2	2	2	1
1	0	0.0190915	0.683616	0	0.666667	0.111111	0	0	0.037037	0.	0.6666666666666666	0.037037037037037035	0.	0.	0.037037037037037035	0	0	0	2	0	0	2	0	0	0	0	0
1	0	0.0863448	0.696082	0	0.666667	0.111111	0	0	0.037037	0.037037037037037035	0.6666666666666666	0.037037037037037035	0.	0.	0.037037037037037035	0	0	1	2	0	0	2	0	0	0	0	1
1	0	0.0755561	0.677306	0	0.666667	0.111111	0	0	0.037037	0.07407407407407407	0.6666666666666666	0.037037037037037035	0.	0.	0.037037037037037035	0	0	2	2	0	0	2	0	0	0	0	2
1	0	0.0950662	0.73822	0	0.703704	0.111111	0	0	0.037037	0.	0.7037037037037037	0.037037037037037035	0.	0.	0.037037037037037035	0	0	0	2	0	1	2	0	0	0	1	0
1	0	0.0647936	0.724697	0	0.703704	0.111111	0	0	0.037037	0.037037037037037035	0.7037037037037037	0.037037037037037035	0.	0.	0.037037037037037035	0	0	1	2	0	1	2	0	0	0	1	1
1	0	0.0120148	0.762269	0	0.740741	0.111111	0	0	0.037037	0.	0.7407407407407407	0.037037037037037035	0.	0.	0.037037037037037035	0	0	0	2	0	2	2	0	0	0	2	0
1	0	0.0325026	0.748468	0	0.740741	0.111111	0	0	0.037037	0.037037037037037035	0.7407407407407407	0.037037037037037035	0.	0.	0.037037037037037035	0	0	1	2	0	2	2	0	0	0	2	1
1	0	0.133716	0.670482	0.111111	0.666667	0.111111	0	0	0.037037	0.1111111111111111	0.6666666666666666	0.037037037037037035	0.	0.	0.037037037037037035	0	1	0	2	0	0	2	0	0	1	0	0
1	0	0.183415	0.688395	0.111111	0.666667	0.111111	0	0	0.037037	0.14814814814814814	0.6666666666666666	0.037037037037037035	0.	0.	0.037037037037037035	0	1	1	2	0	0	2	0	0	1	0	1
1	0	0.193566	0.703693	0.111111	0.666667	0.111111	0	0	0.037037	0.18518518518518517	0.6666666666666666	0.037037037037037035	0.	0.	0.037037037037037035	0	1	2	2	0	0	2	0	0	1	0	2
1	0	0.138796	0.718305	0.111111	0.703704	0.111111	0	0	0.037037	0.1111111111111111	0.7037037037037037	0.037037037037037035	0.	0.	0.037037037037037035	0	1	0	2	0	1	2	0	0	1	1	0
1	0	0.160822	0.71461	0.111111	0.703704	0.111111	0	0	0.037037	0.14814814814814814	0.7037037037037037	0.037037037037037035	0.	0.	0.037037037037037035	0	1	1	2	0	1	2	0	0	1	1	1
1	0	0.150423	0.769169	0.111111	0.740741	0.111111	0	0	0.037037	0.1111111111111111	0.7407407407407407	0.037037037037037035	0.	0.	0.037037037037037035	0	1	0	2	0	2	2	0	0	1	2	0
1	0	0.212685	0.772985	0.111111	0.740741	0.111111	0	0	0.037037	0.14814814814814814	0.7407407407407407	0.037037037037037035	0.	0.	0.037037037037037035	0	1	1	2	0	2	2	0	0	1	2	1
1	0	0.315412	0.700607	0.222222	0.666667	0.111111	0	0	0.037037	0.2222222222222222	0.6666666666666666	0.037037037037037035	0.	0.	0.037037037037037035	0	2	0	2	0	0	2	0	0	2	0	0
1	0	0.323864	0.703682	0.222222	0.666667	0.111111	0	0	0.037037	0.25925925925925924	0.6666666666666666	0.037037037037037035	0.	0.	0.037037037037037035	0	2	1	2	0	0	2	0	0	2	0	1
1	0	0.300447	0.667693	0.222222	0.666667	0.111111	0	0	0.037037	0.2962962962962963	0.6666666666666666	0.037037037037037035	0.	0.	0.037037037037037035	0	2	2	2	0	0	2	0	0	2	0	2
1	0	0.233639	0.728988	0.222222	0.703704	0.111111	0	0	0.037037	0.2222222222222222	0.7037037037037037	0.037037037037037035	0.	0.	0.037037037037037035	0	2	0	2	0	1	2	0	0	2	1	0
1	0	0.268991	0.740677	0.222222	0.703704	0.111111	0	0	0.037037	0.25925925925925924	0.7037037037037037	0.037037037037037035	0.	0.	0.037037037037037035	0	2	1	2	0	1	2	0	0	2	1	1
1	0	0.309141	0.777737	0.222222	0.740741	0.111111	0	0	0.037037	0.2222222222222222	0.7407407407407407	0.037037037037037035	0.	0.	0.037037037037037035	0	2	0	2	0	2	2	0	0	2	2	0
1	0	0.280056	0.752811	0.222222	0.740741	0.111111	0	0	0.037037	0.25925925925925924	0.7407407407407407	0.037037037037037035	0.	0.	0.037037037037037035	0	2	1	2	0	2	2	0	0	2	2	1
1	0	0.0989235	0.812401	0	0.777778	0.111111	0	0	0.037037	0.	0.7777777777777778	0.037037037037037035	0.	0.	0.037037037037037035	0	0	0	2	1	0	2	0	1	0	0	0
1	0	0.0455959	0.788669	0	0.777778	0.111111	0	0	0.037037	0.037037037037037035	0.7777777777777778	0.037037037037037035	0.	0.	0.037037037037037035	0	0	1	2	1	0	2	0	1	0	0	1
1	0	0.0795489	0.794581	0	0.777778	0.111111	0	0	0.037037	0.07407407407407407	0.7777777777777778	0.037037037037037035	0.	0.	0.037037037037037035	0	0	2	2	1	0	2	0	1	0	0	2
1	0	0.0495506	0.849464	0	0.814815	0.111111	0	0	0.037037	0.	0.8148148148148148	0.037037037037037035	0.	0.	0.037037037037037035	0	0	0	2	1	1	2	0	1	0	1	0
1	0	0.0611927	0.841776	0	0.814815	0.111111	0	0	0.037037	0.037037037037037035	0.8148148148148148	0.037037037037037035	0.	0.	0.037037037037037035	0	0	1	2	1	1	2	0	1	0	1	1
1	0	0.0248537	0.862237	0	0.851852	0.111111	0	0	0.037037	0.	0.8518518518518519	0.037037037037037035	0.	0.	0.037037037037037035	0	0	0	2	1	2	2	0	1	0	2	0
1	0	0.110877	0.888036	0	0.851852	0.111111	0	0	0.037037	0.037037037037037035	0.8518518518518519	0.037037037037037035	0.	0.	0.037037037037037035	0	0	1	2	1	2	2	0	1	0	2	1
1	0	0.12067	0.807071	0.111111	0.777778	0.111111	0	0	0.037037	0.1111111111111111	0.7777777777777778	0.037037037037037035	0.	0.	0.037037037037037035	0	1	0	2	1	0	2	0	1	1	0	0
1	0	0.189753	0.8148	0.111111	0.777778	0.111111	0	0	0.037037	0.14814814814814814	0.7777777777777778	0.037037037037037035	0.	0.	0.037037037037037035	0	1	1	2	1	0	2	0	1	1	0	1
1	0	0.179377	0.798492	0.111111	0.777778	0.111111	0	0	0.037037	0.18518518518518517	0.7777777777777778	0.037037037037037035	0.	0.	0.037037037037037035	0	1	2	2	1	0	2	0	1	1	0	2
1	0	0.222109	0.85184	0.111111	0.814815	0.111111	0	0	0.037037	0.1111111111111111	0.8148148148148148	0.037037037037037035	0.	0.	0.037037037037037035	0	1	0	2	1	1	2	0	1	1	1	0
1	0	0.135083	0.838001	0.111111	0.814815	0.111111	0	0	0.037037	0.14814814814814814	0.8148148148148148	0.037037037037037035	0.	0.	0.037037037037037035	0	1	1	2	1	1	2	0	1	1	1	1
1	0	0.168567	0.874065	0.111111	0.851852	0.111111	0	0	0.037037	0.1111111111111111	0.8518518518518519	0.037037037037037035	0.	0.	0.037037037037037035	0	1	0	2	1	2	2	0	1	1	2	0
1	0	0.146505	0.870085	0.111111	0.851852	0.111111	0	0	0.037037	0.14814814814814814	0.8518518518518519	0.037037037037037035	0.	0.	0.037037037037037035	0	1	1	2	1	2	2	0	1	1	2	1
1	0	0.240296	0.814674	0.222222	0.777778	0.111111	0	0	0.037037	0.2222222222222222	0.7777777777777778	0.037037037037037035	0.	0.	0.037037037037037035	0	2	0	2	1	0	2	0	1	2	0	0
1	0	0.261257	0.784351	0.222222	0.777778	0.111111	0	0	0.037037	0.25925925925925924	0.7777777777777778	0.037037037037037035	0.	0.	0.037037037037037035	0	2	1	2	1	0	2	0	1	2	0	1
1	0	0.250156	0.829054	0.222222	0.814815	0.111111	0	0	0.037037	0.2222222222222222	0.8148148148148148	0.037037037037037035	0.	0.	0.037037037037037035	0	2	0	2	1	1	2	0	1	2	1	0
1	0	0.322311	0.831899	0.222222	0.814815	0.111111	0	0	0.037037	0.25925925925925924	0.8148148148148148	0.037037037037037035	0.	0.	0.037037037037037035	0	2	1	2	1	1	2	0	1	2	1	1
1	0	0.284082	0.87648	0.222222	0.851852	0.111111	0	0	0.037037	0.2222222222222222	0.8518518518518519	0.037037037037037035	0.	0.	0.037037037037037035	0	2	0	2	1	2	2	0	1	2	2	0
1	0	0.303711	0.880964	0.222222	0.851852	0.111111	0	0	0.037037	0.25925925925925924	0.8518518518518519	0.037037037037037035	0.	0.	0.037037037037037035	0	2	1	2	1	2	2	0	1	2	2	1
1	0	0.00843199	0.897039	0	0.888889	0.111111	0	0	0.037037	0.	0.8888888888888888	0.037037037037037035	0.	0.	0.037037037037037035	0	0	0	2	2	0	2	0	2	0	0	0
1	0	0.0420125	0.909557	0	0.888889	0.111111	0	0	0.037037	0.037037037037037035	0.8888888888888888	0.037037037037037035	0.	0.	0.037037037037037035	0	0	1	2	2	0	2	0	2	0	0	1
1	0	0.085552	0.916947	0	0.888889	0.111111	0	0	0.037037	0.07407407407407407	0.8888888888888888	0.037037037037037035	0.	0.	0.037037037037037035	0	0	2	2	2	0	2	0	2	0	0	2
1	0	0.0158583	0.956001	0	0.925926	0.111111	0	0	0.037037	0.	0.9259259259259259	0.037037037037037035	0.	0.	0.037037037037037035	0	0	0	2	2	1	2	0	2	0	1	0
1	0	0.0934649	0.96294	0	0.925926	0.111111	0	0	0.037037	0.037037037037037035	0.9259259259259259	0.037037037037037035	0.	0.	0.037037037037037035	0	0	1	2	2	1	2	0	2	0	1	1
1	0	0.0522419	0.993345	0	0.962963	0.111111	0	0	0.037037	0.	0.9629629629629629	0.037037037037037035	0.	0.	0.037037037037037035	0	0	0	2	2	2	2	0	2	0	2	0
1	0	0.0680949	0.975544	0	0.962963	0.111111	0	0	0.037037	0.037037037037037035	0.9629629629629629	0.037037037037037035	0.	0.	0.037037037037037035	0	0	1	2	2	2	2	0	2	0	2	1
1	0	0.174411	0.925911	0.111111	0.888889	0.111111	0	0	0.037037	0.1111111111111111	0.8888888888888888	0.037037037037037035	0.	0.	0.037037037037037035	0	1	0	2	2	0	2	0	2	1	0	0
1	0	0.19949	0.903084	0.111111	0.888889	0.111111	0	0	0.037037	0.14814814814814814	0.8888888888888888	0.037037037037037035	0.	0.	0.037037037037037035	0	1	1	2	2	0	2	0	2	1	0	1
1	0	0.216377	0.92336	0.111111	0.888889	0.111111	0	0	0.037037	0.18518518518518517	0.8888888888888888	0.037037037037037035	0.	0.	0.037037037037037035	0	1	2	2	2	0	2	0	2	1	0	2
1	0	0.153487	0.951813	0.111111	0.925926	0.111111	0	0	0.037037	0.1111111111111111	0.9259259259259259	0.037037037037037035	0.	0.	0.037037037037037035	0	1	0	2	2	1	2	0	2	1	1	0
1	0	0.116241	0.937662	0.111111	0.925926	0.111111	0	0	0.037037	0.14814814814814814	0.9259259259259259	0.037037037037037035	0.	0.	0.037037037037037035	0	1	1	2	2	1	2	0	2	1	1	1
1	0	0.186426	0.981253	0.111111	0.962963	0.111111	0	0	0.037037	0.1111111111111111	0.9629629629629629	0.037037037037037035	0.	0.	0.037037037037037035	0	1	0	2	2	2	2	0	2	1	2	0
1	0	0.221141	0.989658	0.111111	0.962963	0.111111	0	0	0.037037	0.14814814814814814	0.9629629629629629	0.037037037037037035	0.	0.	0.037037037037037035	0	1	1	2	2	2	2	0	2	1	2	1
1	0	0.319333	0.919586	0.222222	0.888889	0.111111	0	0	0.037037	0.2222222222222222	0.8888888888888888	0.037037037037037035	0.	0.	0.037037037037037035	0	2	0	2	2	0	2	0	2	2	0	0
1	0	0.254158	0.893314	0.222222	0.888889	0.111111	0	0	0.037037	0.25925925925925924	0.8888888888888888	0.037037037037037035	0.	0.	0.037037037037037035	0	2	1	2	2	0	2	0	2	2	0	1
1	0	0.238975	0.946357	0.222222	0.925926	0.111111	0	0	0.037037	0.2222222222222222	0.9259259259259259	0.037037037037037035	0.	0.	0.037037037037037035	0	2	0	2	2	1	2	0	2	2	1	0
1	0	0.274737	0.942744	0.222222	0.925926	0.111111	0	0	0.037037	0.25925925925925924	0.9259259259259259	0.037037037037037035	0.	0.	0.037037037037037035	0	2	1	2	2	1	2	0	2	2	1	1
1	0	0.294656	0.972271	0.222222	0.962963	0.111111	0	0	0.037037	0.2222222222222222	0.9629629629629629	0.037037037037037035	0.	0.	0.037037037037037035	0	2	0	2	2	2	2	0	2	2	2	0
1	0	0.256808	1	0.222222	0.962963	0.111111	0	0	0.037037	0.25925925925925924	0.9629629629629629	0.037037037037037035	0.	0.	0.037037037037037035	0	2	1	2	2	2	2	0	2	2	2	1
1	0	0.435638	0.698535	0.333333	0.666667	0.111111	0	0	0.037037	0.3333333333333333	0.6666666666666666	0.037037037037037035	0.	0.	0.037037037037037035	1	0	0	2	0	0	2	1	0	0	0	0
1	0	0.371696	0.674367	0.333333	0.666667	0.111111	0	0	0.037037	0.37037037037037035	0.6666666666666666	0.037037037037037035	0.	0.	0.037037037037037035	1	0	1	2	0	0	2	1	0	0	0	1
1	0	0.405665	0.690709	0.333333	0.666667	0.111111	0	0	0.037037	0.4074074074074074	0.6666666666666666	0.037037037037037035	0.	0.	0.037037037037037035	1	0	2	2	0	0	2	1	0	0	0	2
1	0	0.414976	0.740723	0.333333	0.703704	0.111111	0	0	0.037037	0.3333333333333333	0.7037037037037037	0.037037037037037035	0.	0.	0.037037037037037035	1	0	0	2	0	1	2	1	0	0	1	0
1	0	0.356273	0.73153	0.333333	0.703704	0.111111	0	0	0.037037	0.37037037037037035	0.7037037037037037	0.037037037037037035	0.	0.	0.037037037037037035	1	0	1	2	0	1	2	1	0	0	1	1
1	0	0.339725	0.756272	0.333333	0.740741	0.111111	0	0	0.037037	0.3333333333333333	0.7407407407407407	0.037037037037037035	0.	0.	0.037037037037037035	1	0	0	2	0	2	2	1	0	0	2	0
1	0	0.350249	0.764988	0.333333	0.740741	0.111111	0	0	0.037037	0.37037037037037035	0.7407407407407407	0.037037037037037035	0.	0.	0.037037037037037035	1	0	1	2	0	2	2	1	0	0	2	1
1	0	0.531204	0.703699	0.444444	0.666667	0.111111	0	0	0.037037	0.4444444444444444	0.6666666666666666	0.037037037037037035	0.	0.	0.037037037037037035	1	1	0	2	0	0	2	1	0	1	0	0
1	0	0.489725	0.679451	0.444444	0.666667	0.111111	0	0	0.037037	0.48148148148148145	0.6666666666666666	0.037037037037037035	0.	0.	0.037037037037037035	1	1	1	2	0	0	2	1	0	1	0	1
1	0	0.555519	0.685674	0.444444	0.666667	0.111111	0	0	0.037037	0.5185185185185185	0.6666666666666666	0.037037037037037035	0.	0.	0.037037037037037035	1	1	2	2	0	0	2	1	0	1	0	2
1	0	0.451957	0.720811	0.444444	0.703704	0.111111	0	0	0.037037	0.4444444444444444	0.7037037037037037	0.037037037037037035	0.	0.	0.037037037037037035	1	1	0	2	0	1	2	1	0	1	1	0
1	0	0.508233	0.733877	0.444444	0.703704	0.111111	0	0	0.037037	0.48148148148148145	0.7037037037037037	0.037037037037037035	0.	0.	0.037037037037037035	1	1	1	2	0	1	2	1	0	1	1	1
1	0	0.456233	0.760083	0.444444	0.740741	0.111111	0	0	0.037037	0.4444444444444444	0.7407407407407407	0.037037037037037035	0.	0.	0.037037037037037035	1	1	0	2	0	2	2	1	0	1	2	0
1	0	0.481328	0.77587	0.444444	0.740741	0.111111	0	0	0.037037	0.48148148148148145	0.7407407407407407	0.037037037037037035	0.	0.	0.037037037037037035	1	1	1	2	0	2	2	1	0	1	2	1
1	0	0.627442	0.70367	0.555556	0.666667	0.111111	0	0	0.037037	0.5555555555555556	0.6666666666666666	0.037037037037037035	0.	0.	0.037037037037037035	1	2	0	2	0	0	2	1	0	2	0	0
1	0	0.658017	0.694161	0.555556	0.666667	0.111111	0	0	0.037037	0.5925925925925926	0.6666666666666666	0.037037037037037035	0.	0.	0.037037037037037035	1	2	1	2	0	0	2	1	0	2	0	1
1	0	0.648529	0.666687	0.555556	0.666667	0.111111	0	0	0.037037	0.6296296296296297	0.6666666666666666	0.037037037037037035	0.	0.	0.037037037037037035	1	2	2	2	0	0	2	1	0	2	0	2
1	0	0.608093	0.740675	0.555556	0.703704	0.111111	0	0	0.037037	0.5555555555555556	0.7037037037037037	0.037037037037037035	0.	0.	0.037037037037037035	1	2	0	2	0	1	2	1	0	2	1	0
1	0	0.588775	0.726796	0.555556	0.703704	0.111111	0	0	0.037037	0.5925925925925926	0.7037037037037037	0.037037037037037035	0.	0.	0.037037037037037035	1	2	1	2	0	1	2	1	0	2	1	1
1	0	0.571771	0.75091	0.555556	0.740741	0.111111	0	0	0.037037	0.5555555555555556	0.7407407407407407	0.037037037037037035	0.	0.	0.037037037037037035	1	2	0	2	0	2	2	1	0	2	2	0
1	0	0.661559	0.767237	0.555556	0.740741	0.111111	0	0	0.037037	0.5925925925925926	0.7407407407407407	0.037037037037037035	0.	0.	0.037037037037037035	1	2	1	2	0	2	2	1	0	2	2	1
1	0	0.354548	0.781383	0.333333	0.777778	0.111111	0	0	0.037037	0.3333333333333333	0.7777777777777778	0.037037037037037035	0.	0.	0.037037037037037035	1	0	0	2	1	0	2	1	1	0	0	0
1	0	0.38708	0.804569	0.333333	0.777778	0.111111	0	0	0.037037	0.37037037037037035	0.7777777777777778	0.037037037037037035	0.	0.	0.037037037037037035	1	0	1	2	1	0	2	1	1	0	0	1
1	0	0.41121	0.814787	0.333333	0.777778	0.111111	0	0	0.037037	0.4074074074074074	0.7777777777777778	0.037037037037037035	0.	0.	0.037037037037037035	1	0	2	2	1	0	2	1	1	0	0	2
1	0	0.439111	0.85182	0.333333	0.814815	0.111111	0	0	0.037037	0.3333333333333333	0.8148148148148148	0.037037037037037035	0.	0.	0.037037037037037035	1	0	0	2	1	1	2	1	1	0	1	0
1	0	0.390643	0.825277	0.333333	0.814815	0.111111	0	0	0.037037	0.37037037037037035	0.8148148148148148	0.037037037037037035	0.	0.	0.037037037037037035	1	0	1	2	1	1	2	1	1	0	1	1
1	0	0.336097	0.858048	0.333333	0.851852	0.111111	0	0	0.037037	0.3333333333333333	0.8518518518518519	0.037037037037037035	0.	0.	0.037037037037037035	1	0	0	2	1	2	2	1	1	0	2	0
1	0	0.420902	0.885769	0.333333	0.851852	0.111111	0	0	0.037037	0.37037037037037035	0.8518518518518519	0.037037037037037035	0.	0.	0.037037037037037035	1	0	1	2	1	2	2	1	1	0	2	1
1	0	0.555494	0.809329	0.444444	0.777778	0.111111	0	0	0.037037	0.4444444444444444	0.7777777777777778	0.037037037037037035	0.	0.	0.037037037037037035	1	1	0	2	1	0	2	1	1	1	0	0
1	0	0.494556	0.791243	0.444444	0.777778	0.111111	0	0	0.037037	0.48148148148148145	0.7777777777777778	0.037037037037037035	0.	0.	0.037037037037037035	1	1	1	2	1	0	2	1	1	1	0	1
1	0	0.540186	0.800719	0.444444	0.777778	0.111111	0	0	0.037037	0.5185185185185185	0.7777777777777778	0.037037037037037035	0.	0.	0.037037037037037035	1	1	2	2	1	0	2	1	1	1	0	2
1	0	0.502259	0.833893	0.444444	0.814815	0.111111	0	0	0.037037	0.4444444444444444	0.8148148148148148	0.037037037037037035	0.	0.	0.037037037037037035	1	1	0	2	1	1	2	1	1	1	1	0
1	0	0.536453	0.84546	0.444444	0.814815	0.111111	0	0	0.037037	0.48148148148148145	0.8148148148148148	0.037037037037037035	0.	0.	0.037037037037037035	1	1	1	2	1	1	2	1	1	1	1	1
1	0	0.459114	0.864637	0.444444	0.851852	0.111111	0	0	0.037037	0.4444444444444444	0.8518518518518519	0.037037037037037035	0.	0.	0.037037037037037035	1	1	0	2	1	2	2	1	1	1	2	0
1	0	0.522569	0.868229	0.444444	0.851852	0.111111	0	0	0.037037	0.48148148148148145	0.8518518518518519	0.037037037037037035	0.	0.	0.037037037037037035	1	1	1	2	1	2	2	1	1	1	2	1
1	0	0.599687	0.786376	0.555556	0.777778	0.111111	0	0	0.037037	0.5555555555555556	0.7777777777777778	0.037037037037037035	0.	0.	0.037037037037037035	1	2	0	2	1	0	2	1	1	2	0	0
1	0	0.644608	0.802641	0.555556	0.777778	0.111111	0	0	0.037037	0.5925925925925926	0.7777777777777778	0.037037037037037035	0.	0.	0.037037037037037035	1	2	1	2	1	0	2	1	1	2	0	1
1	0	0.615591	0.847697	0.555556	0.814815	0.111111	0	0	0.037037	0.5555555555555556	0.8148148148148148	0.037037037037037035	0.	0.	0.037037037037037035	1	2	0	2	1	1	2	1	1	2	1	0
1	0	0.580883	0.836166	0.555556	0.814815	0.111111	0	0	0.037037	0.5925925925925926	0.8148148148148148	0.037037037037037035	0.	0.	0.037037037037037035	1	2	1	2	1	1	2	1	1	2	1	1
1	0	0.633188	0.884047	0.555556	0.851852	0.111111	0	0	0.037037	0.5555555555555556	0.8518518518518519	0.037037037037037035	0.	0.	0.037037037037037035	1	2	0	2	1	2	2	1	1	2	2	0
1	0	0.619558	0.878545	0.555556	0.851852	0.111111	0	0	0.037037	0.5925925925925926	0.8518518518518519	0.037037037037037035	0.	0.	0.037037037037037035	1	2	1	2	1	2	2	1	1	2	2	1
1	0	0.369901	0.900178	0.333333	0.888889	0.111111	0	0	0.037037	0.3333333333333333	0.8888888888888888	0.037037037037037035	0.	0.	0.037037037037037035	1	0	0	2	2	0	2	1	2	0	0	0
1	0	0.378832	0.92591	0.333333	0.888889	0.111111	0	0	0.037037	0.37037037037037035	0.8888888888888888	0.037037037037037035	0.	0.	0.037037037037037035	1	0	1	2	2	0	2	1	2	0	0	1
1	0	0.430209	0.925874	0.333333	0.888889	0.111111	0	0	0.037037	0.4074074074074074	0.8888888888888888	0.037037037037037035	0.	0.	0.037037037037037035	1	0	2	2	2	0	2	1	2	0	0	2
1	0	0.345818	0.96296	0.333333	0.925926	0.111111	0	0	0.037037	0.3333333333333333	0.9259259259259259	0.037037037037037035	0.	0.	0.037037037037037035	1	0	0	2	2	1	2	1	2	0	1	0
1	0	0.398082	0.940497	0.333333	0.925926	0.111111	0	0	0.037037	0.37037037037037035	0.9259259259259259	0.037037037037037035	0.	0.	0.037037037037037035	1	0	1	2	2	1	2	1	2	0	1	1
1	0	0.362903	0.98531	0.333333	0.962963	0.111111	0	0	0.037037	0.3333333333333333	0.9629629629629629	0.037037037037037035	0.	0.	0.037037037037037035	1	0	0	2	2	2	2	1	2	0	2	0
1	0	0.334497	0.998017	0.333333	0.962963	0.111111	0	0	0.037037	0.37037037037037035	0.9629629629629629	0.037037037037037035	0.	0.	0.037037037037037035	1	0	1	2	2	2	2	1	2	0	2	1
1	0	0.475574	0.905251	0.444444	0.888889	0.111111	0	0	0.037037	0.4444444444444444	0.8888888888888888	0.037037037037037035	0.	0.	0.037037037037037035	1	1	0	2	2	0	2	1	2	1	0	0
1	0	0.547463	0.911435	0.444444	0.888889	0.111111	0	0	0.037037	0.48148148148148145	0.8888888888888888	0.037037037037037035	0.	0.	0.037037037037037035	1	1	1	2	2	0	2	1	2	1	0	1
1	0	0.491136	0.890993	0.444444	0.888889	0.111111	0	0	0.037037	0.5185185185185185	0.8888888888888888	0.037037037037037035	0.	0.	0.037037037037037035	1	1	2	2	2	0	2	1	2	1	0	2
1	0	0.470351	0.958113	0.444444	0.925926	0.111111	0	0	0.037037	0.4444444444444444	0.9259259259259259	0.037037037037037035	0.	0.	0.037037037037037035	1	1	0	2	2	1	2	1	2	1	1	0
1	0	0.515663	0.948337	0.444444	0.925926	0.111111	0	0	0.037037	0.48148148148148145	0.9259259259259259	0.037037037037037035	0.	0.	0.037037037037037035	1	1	1	2	2	1	2	1	2	1	1	1
1	0	0.48647	0.99568	0.444444	0.962963	0.111111	0	0	0.037037	0.4444444444444444	0.9629629629629629	0.037037037037037035	0.	0.	0.037037037037037035	1	1	0	2	2	2	2	1	2	1	2	0
1	0	0.449764	0.969004	0.444444	0.962963	0.111111	0	0	0.037037	0.48148148148148145	0.9629629629629629	0.037037037037037035	0.	0.	0.037037037037037035	1	1	1	2	2	2	2	1	2	1	2	1
1	0	0.575361	0.913694	0.555556	0.888889	0.111111	0	0	0.037037	0.5555555555555556	0.8888888888888888	0.037037037037037035	0.	0.	0.037037037037037035	1	2	0	2	2	0	2	1	2	2	0	0
1	0	0.652035	0.925574	0.555556	0.888889	0.111111	0	0	0.037037	0.5925925925925926	0.8888888888888888	0.037037037037037035	0.	0.	0.037037037037037035	1	2	1	2	2	0	2	1	2	2	0	1
1	0	0.606917	0.961495	0.555556	0.925926	0.111111	0	0	0.037037	0.5555555555555556	0.9259259259259259	0.037037037037037035	0.	0.	0.037037037037037035	1	2	0	2	2	1	2	1	2	2	1	0
1	0	0.591953	0.935593	0.555556	0.925926	0.111111	0	0	0.037037	0.5925925925925926	0.9259259259259259	0.037037037037037035	0.	0.	0.037037037037037035	1	2	1	2	2	1	2	1	2	2	1	1
1	0	0.566279	0.987747	0.555556	0.962963	0.111111	0	0	0.037037	0.5555555555555556	0.9629629629629629	0.037037037037037035	0.	0.	0.037037037037037035	1	2	0	2	2	2	2	1	2	2	2	0
1	0	0.564951	0.978888	0.555556	0.962963	0.111111	0	0	0.037037	0.5925925925925926	0.9629629629629629	0.037037037037037035	0.	0.	0.037037037037037035	1	2	1	2	2	2	2	1	2	2	2	1
1	0	0.675663	0.67229	0.666667	0.666667	0.111111	0	0	0.037037	0.6666666666666666	0.6666666666666666	0.037037037037037035	0.	0.	0.037037037037037035	2	0	0	2	0	0	2	2	0	0	0	0
1	0	0.731272	0.703647	0.666667	0.666667	0.111111	0	0	0.037037	0.7037037037037037	0.6666666666666666	0.037037037037037035	0.	0.	0.037037037037037035	2	0	1	2	0	0	2	2	0	0	0	1
1	0	0.740837	0.692053	0.666667	0.666667	0.111111	0	0	0.037037	0.7407407407407407	0.6666666666666666	0.037037037037037035	0.	0.	0.037037037037037035	2	0	2	2	0	0	2	2	0	0	0	2
1	0	0.684626	0.735647	0.666667	0.703704	0.111111	0	0	0.037037	0.6666666666666666	0.7037037037037037	0.037037037037037035	0.	0.	0.037037037037037035	2	0	0	2	0	1	2	2	0	0	1	0
1	0	0.724925	0.723022	0.666667	0.703704	0.111111	0	0	0.037037	0.7037037037037037	0.7037037037037037	0.037037037037037035	0.	0.	0.037037037037037035	2	0	1	2	0	1	2	2	0	0	1	1
1	0	0.696682	0.758525	0.666667	0.740741	0.111111	0	0	0.037037	0.6666666666666666	0.7407407407407407	0.037037037037037035	0.	0.	0.037037037037037035	2	0	0	2	0	2	2	2	0	0	2	0
1	0	0.769028	0.771196	0.666667	0.740741	0.111111	0	0	0.037037	0.7037037037037037	0.7407407407407407	0.037037037037037035	0.	0.	0.037037037037037035	2	0	1	2	0	2	2	2	0	0	2	1
1	0	0.793118	0.681993	0.777778	0.666667	0.111111	0	0	0.037037	0.7777777777777778	0.6666666666666666	0.037037037037037035	0.	0.	0.037037037037037035	2	1	0	2	0	0	2	2	0	1	0	0
1	0	0.815125	0.70201	0.777778	0.666667	0.111111	0	0	0.037037	0.8148148148148148	0.6666666666666666	0.037037037037037035	0.	0.	0.037037037037037035	2	1	1	2	0	0	2	2	0	1	0	1
1	0	0.855562	0.68055	0.777778	0.666667	0.111111	0	0	0.037037	0.8518518518518519	0.6666666666666666	0.037037037037037035	0.	0.	0.037037037037037035	2	1	2	2	0	0	2	2	0	1	0	2
1	0	0.860044	0.73677	0.777778	0.703704	0.111111	0	0	0.037037	0.7777777777777778	0.7037037037037037	0.037037037037037035	0.	0.	0.037037037037037035	2	1	0	2	0	1	2	2	0	1	1	0
1	0	0.825484	0.717263	0.777778	0.703704	0.111111	0	0	0.037037	0.8148148148148148	0.7037037037037037	0.037037037037037035	0.	0.	0.037037037037037035	2	1	1	2	0	1	2	2	0	1	1	1
1	0	0.880048	0.774426	0.777778	0.740741	0.111111	0	0	0.037037	0.7777777777777778	0.7407407407407407	0.037037037037037035	0.	0.	0.037037037037037035	2	1	0	2	0	2	2	2	0	1	2	0
1	0	0.818769	0.754605	0.777778	0.740741	0.111111	0	0	0.037037	0.8148148148148148	0.7407407407407407	0.037037037037037035	0.	0.	0.037037037037037035	2	1	1	2	0	2	2	2	0	1	2	1
1	0	0.988431	0.675419	0.888889	0.666667	0.111111	0	0	0.037037	0.8888888888888888	0.6666666666666666	0.037037037037037035	0.	0.	0.037037037037037035	2	2	0	2	0	0	2	2	0	2	0	0
1	0	0.968135	0.667011	0.888889	0.666667	0.111111	0	0	0.037037	0.9259259259259259	0.6666666666666666	0.037037037037037035	0.	0.	0.037037037037037035	2	2	1	2	0	0	2	2	0	2	0	1
1	0	0.964044	0.713371	0.888889	0.703704	0.111111	0	0	0.037037	0.8888888888888888	0.7037037037037037	0.037037037037037035	0.	0.	0.037037037037037035	2	2	0	2	0	1	2	2	0	2	1	0
1	0	0.951303	0.71166	0.888889	0.703704	0.111111	0	0	0.037037	0.9259259259259259	0.7037037037037037	0.037037037037037035	0.	0.	0.037037037037037035	2	2	1	2	0	1	2	2	0	2	1	1
1	0	0.903481	0.746942	0.888889	0.740741	0.111111	0	0	0.037037	0.8888888888888888	0.7407407407407407	0.037037037037037035	0.	0.	0.037037037037037035	2	2	0	2	0	2	2	2	0	2	2	0
1	0	0.93166	0.744904	0.888889	0.740741	0.111111	0	0	0.037037	0.9259259259259259	0.7407407407407407	0.037037037037037035	0.	0.	0.037037037037037035	2	2	1	2	0	2	2	2	0	2	2	1
1	0	0.776799	0.814802	0.666667	0.777778	0.111111	0	0	0.037037	0.6666666666666666	0.7777777777777778	0.037037037037037035	0.	0.	0.037037037037037035	2	0	0	2	1	0	2	2	1	0	0	0
1	0	0.707488	0.814744	0.666667	0.777778	0.111111	0	0	0.037037	0.7037037037037037	0.7777777777777778	0.037037037037037035	0.	0.	0.037037037037037035	2	0	1	2	1	0	2	2	1	0	0	1
1	0	0.754218	0.796623	0.666667	0.777778	0.111111	0	0	0.037037	0.7407407407407407	0.7777777777777778	0.037037037037037035	0.	0.	0.037037037037037035	2	0	2	2	1	0	2	2	1	0	0	2
1	0	0.69103	0.84364	0.666667	0.814815	0.111111	0	0	0.037037	0.6666666666666666	0.8148148148148148	0.037037037037037035	0.	0.	0.037037037037037035	2	0	0	2	1	1	2	2	1	0	1	0
1	0	0.71491	0.827214	0.666667	0.814815	0.111111	0	0	0.037037	0.7037037037037037	0.8148148148148148	0.037037037037037035	0.	0.	0.037037037037037035	2	0	1	2	1	1	2	2	1	0	1	1
1	0	0.67159	0.859976	0.666667	0.851852	0.111111	0	0	0.037037	0.6666666666666666	0.8518518518518519	0.037037037037037035	0.	0.	0.037037037037037035	2	0	0	2	1	2	2	2	1	0	2	0
1	0	0.748346	0.86636	0.666667	0.851852	0.111111	0	0	0.037037	0.7037037037037037	0.8518518518518519	0.037037037037037035	0.	0.	0.037037037037037035	2	0	1	2	1	2	2	2	1	0	2	1
1	0	0.804319	0.792922	0.777778	0.777778	0.111111	0	0	0.037037	0.7777777777777778	0.7777777777777778	0.037037037037037035	0.	0.	0.037037037037037035	2	1	0	2	1	0	2	2	1	1	0	0
1	0	0.888883	0.810669	0.777778	0.777778	0.111111	0	0	0.037037	0.8148148148148148	0.7777777777777778	0.037037037037037035	0.	0.	0.037037037037037035	2	1	1	2	1	0	2	2	1	1	0	1
1	0	0.839947	0.78289	0.777778	0.777778	0.111111	0	0	0.037037	0.8518518518518519	0.7777777777777778	0.037037037037037035	0.	0.	0.037037037037037035	2	1	2	2	1	0	2	2	1	1	0	2
1	0	0.87016	0.851841	0.777778	0.814815	0.111111	0	0	0.037037	0.7777777777777778	0.8148148148148148	0.037037037037037035	0.	0.	0.037037037037037035	2	1	0	2	1	1	2	2	1	1	1	0
1	0	0.828669	0.839713	0.777778	0.814815	0.111111	0	0	0.037037	0.8148148148148148	0.8148148148148148	0.037037037037037035	0.	0.	0.037037037037037035	2	1	1	2	1	1	2	2	1	1	1	1
1	0	0.787007	0.872391	0.777778	0.851852	0.111111	0	0	0.037037	0.7777777777777778	0.8518518518518519	0.037037037037037035	0.	0.	0.037037037037037035	2	1	0	2	1	2	2	2	1	1	2	0
1	0	0.849804	0.882388	0.777778	0.851852	0.111111	0	0	0.037037	0.8148148148148148	0.8518518518518519	0.037037037037037035	0.	0.	0.037037037037037035	2	1	1	2	1	2	2	2	1	1	2	1
1	0	0.972537	0.789358	0.888889	0.777778	0.111111	0	0	0.037037	0.8888888888888888	0.7777777777777778	0.037037037037037035	0.	0.	0.037037037037037035	2	2	0	2	1	0	2	2	1	2	0	0
1	0	0.947289	0.778563	0.888889	0.777778	0.111111	0	0	0.037037	0.9259259259259259	0.7777777777777778	0.037037037037037035	0.	0.	0.037037037037037035	2	2	1	2	1	0	2	2	1	2	0	1
1	0	0.923507	0.822966	0.888889	0.814815	0.111111	0	0	0.037037	0.8888888888888888	0.8148148148148148	0.037037037037037035	0.	0.	0.037037037037037035	2	2	0	2	1	1	2	2	1	2	1	0
1	0	0.955092	0.830309	0.888889	0.814815	0.111111	0	0	0.037037	0.9259259259259259	0.8148148148148148	0.037037037037037035	0.	0.	0.037037037037037035	2	2	1	2	1	1	2	2	1	2	1	1
1	0	0.913628	0.856692	0.888889	0.851852	0.111111	0	0	0.037037	0.8888888888888888	0.8518518518518519	0.037037037037037035	0.	0.	0.037037037037037035	2	2	0	2	1	2	2	2	1	2	2	0
1	0	0.984801	0.863721	0.888889	0.851852	0.111111	0	0	0.037037	0.9259259259259259	0.8518518518518519	0.037037037037037035	0.	0.	0.037037037037037035	2	2	1	2	1	2	2	2	1	2	2	1
1	0	0.679371	0.907036	0.666667	0.888889	0.111111	0	0	0.037037	0.6666666666666666	0.8888888888888888	0.037037037037037035	0.	0.	0.037037037037037035	2	0	0	2	2	0	2	2	2	0	0	0
1	0	0.734182	0.915522	0.666667	0.888889	0.111111	0	0	0.037037	0.7037037037037037	0.8888888888888888	0.037037037037037035	0.	0.	0.037037037037037035	2	0	1	2	2	0	2	2	2	0	0	1
1	0	0.763976	0.921665	0.666667	0.888889	0.111111	0	0	0.037037	0.7407407407407407	0.8888888888888888	0.037037037037037035	0.	0.	0.037037037037037035	2	0	2	2	2	0	2	2	2	0	0	2
1	0	0.737436	0.959763	0.666667	0.925926	0.111111	0	0	0.037037	0.6666666666666666	0.9259259259259259	0.037037037037037035	0.	0.	0.037037037037037035	2	0	0	2	2	1	2	2	2	0	1	0
1	0	0.687693	0.953302	0.666667	0.925926	0.111111	0	0	0.037037	0.7037037037037037	0.9259259259259259	0.037037037037037035	0.	0.	0.037037037037037035	2	0	1	2	2	1	2	2	2	0	1	1
1	0	0.669172	0.983619	0.666667	0.962963	0.111111	0	0	0.037037	0.6666666666666666	0.9629629629629629	0.037037037037037035	0.	0.	0.037037037037037035	2	0	0	2	2	2	2	2	2	0	2	0
1	0	0.703789	0.977239	0.666667	0.962963	0.111111	0	0	0.037037	0.7037037037037037	0.9629629629629629	0.037037037037037035	0.	0.	0.037037037037037035	2	0	1	2	2	2	2	2	2	0	2	1
1	0	0.798631	0.895162	0.777778	0.888889	0.111111	0	0	0.037037	0.7777777777777778	0.8888888888888888	0.037037037037037035	0.	0.	0.037037037037037035	2	1	0	2	2	0	2	2	2	1	0	0
1	0	0.885154	0.925918	0.777778	0.888889	0.111111	0	0	0.037037	0.8148148148148148	0.8888888888888888	0.037037037037037035	0.	0.	0.037037037037037035	2	1	1	2	2	0	2	2	2	1	0	1
1	0	0.834247	0.899072	0.777778	0.888889	0.111111	0	0	0.037037	0.8518518518518519	0.8888888888888888	0.037037037037037035	0.	0.	0.037037037037037035	2	1	2	2	2	0	2	2	2	1	0	2
1	0	0.809671	0.949869	0.777778	0.925926	0.111111	0	0	0.037037	0.7777777777777778	0.9259259259259259	0.037037037037037035	0.	0.	0.037037037037037035	2	1	0	2	2	1	2	2	2	1	1	0
1	0	0.856834	0.944444	0.777778	0.925926	0.111111	0	0	0.037037	0.8148148148148148	0.9259259259259259	0.037037037037037035	0.	0.	0.037037037037037035	2	1	1	2	2	1	2	2	2	1	1	1
1	0	0.785776	0.970619	0.777778	0.962963	0.111111	0	0	0.037037	0.7777777777777778	0.9629629629629629	0.037037037037037035	0.	0.	0.037037037037037035	2	1	0	2	2	2	2	2	2	1	2	0
1	0	0.823951	0.991871	0.777778	0.962963	0.111111	0	0	0.037037	0.8148148148148148	0.9629629629629629	0.037037037037037035	0.	0.	0.037037037037037035	2	1	1	2	2	2	2	2	2	1	2	1
1	0	0.935137	0.889052	0.888889	0.888889	0.111111	0	0	0.037037	0.8888888888888888	0.8888888888888888	0.037037037037037035	0.	0.	0.037037037037037035	2	2	0	2	2	0	2	2	2	2	0	0
1	0	0.9608	0.904288	0.888889	0.888889	0.111111	0	0	0.037037	0.9259259259259259	0.8888888888888888	0.037037037037037035	0.	0.	0.037037037037037035	2	2	1	2	2	0	2	2	2	2	0	1
1	0	0.902039	0.934041	0.888889	0.925926	0.111111	0	0	0.037037	0.8888888888888888	0.9259259259259259	0.037037037037037035	0.	0.	0.037037037037037035	2	2	0	2	2	1	2	2	2	2	1	0
1	0	0.9775	0.93907	0.888889	0.925926	0.111111	0	0	0.037037	0.9259259259259259	0.9259259259259259	0.037037037037037035	0.	0.	0.037037037037037035	2	2	1	2	2	1	2	2	2	2	1	1
1	0	0.908698	0.97395	0.888889	0.962963	0.111111	0	0	0.037037	0.8888888888888888	0.9629629629629629	0.037037037037037035	0.	0.	0.037037037037037035	2	2	0	2	2	2	2	2	2	2	2	0
1	0	0.94	0.966688	0.888889	0.962963	0.111111	0	0	0.037037	0.9259259259259259	0.9629629629629629	0.037037037037037035	0.	0.	0.037037037037037035	2	2	1	2	2	2	2	2	2	2	2	1
