1	0	0.0878959	0.0370355	0	0	0.111111	0	0	0.037037	0.	0.	0.037037037037037035	0.	0.	0.037037037037037035	0	0	0	0	0	0	0	0	0	0	0	0
1	0	0.111108	0.0295278	0	0	0.111111	0	0	0.037037	0.037037037037037035	0.	0.037037037037037035	0.	0.	0.037037037037037035	0	0	1	0	0	0	0	0	0	0	0	1
1	0	0.0799425	0.0638246	0	0.037037	0.111111	0	0	0.037037	0.	0.037037037037037035	0.037037037037037035	0.	0.	0.037037037037037035	0	0	0	0	0	1	0	0	0	0	1	0
1	0	0.0293703	0.093755	0	0.0740741	0.111111	0	0	0.037037	0.	0.07407407407407407	0.037037037037037035	0.	0.	0.037037037037037035	0	0	0	0	0	2	0	0	0	0	2	0
1	0	0.126829	0.0131517	0.111111	0	0.111111	0	0	0.037037	0.1111111111111111	0.	0.037037037037037035	0.	0.	0.037037037037037035	0	1	0	0	0	0	0	0	0	1	0	0
1	0	0.222188	0.00261737	0.111111	0	0.111111	0	0	0.037037	0.14814814814814814	0.	0.037037037037037035	0.	0.	0.037037037037037035	0	1	1	0	0	0	0	0	0	1	0	1
1	0	0.197545	0.0740566	0.111111	0.037037	0.111111	0	0	0.037037	0.1111111111111111	0.037037037037037035	0.037037037037037035	0.	0.	0.037037037037037035	0	1	0	0	0	1	0	0	0	1	1	0
1	0	0.205351	0.110195	0.111111	0.0740741	0.111111	0	0	0.037037	0.1111111111111111	0.07407407407407407	0.037037037037037035	0.	0.	0.037037037037037035	0	1	0	0	0	2	0	0	0	1	2	0
1	0	0.333326	0.0362325	0.222222	0	0.111111	0	0	0.037037	0.2222222222222222	0.	0.037037037037037035	0.	0.	0.037037037037037035	0	2	0	0	0	0	0	0	0	2	0	0
1	0	0.314354	0.0254161	0.222222	0	0.111111	0	0	0.037037	0.25925925925925924	0.	0.037037037037037035	0.	0.	0.037037037037037035	0	2	1	0	0	0	0	0	0	2	0	1
1	0	0.282782	0.0691999	0.222222	0.037037	0.111111	0	0	0.037037	0.2222222222222222	0.037037037037037035	0.037037037037037035	0.	0.	0.037037037037037035	0	2	0	0	0	1	0	0	0	2	1	0
1	0	0.239468	0.0890795	0.222222	0.0740741	0.111111	0	0	0.037037	0.2222222222222222	0.07407407407407407	0.037037037037037035	0.	0.	0.037037037037037035	0	2	0	0	0	2	0	0	0	2	2	0
1	0	0.0649211	0.147857	0	0.111111	0.111111	0	0	0.037037	0.	0.1111111111111111	0.037037037037037035	0.	0.	0.037037037037037035	0	0	0	0	1	0	0	0	1	0	0	0
1	0	0.039154	0.132491	0	0.111111	0.111111	0	0	0.037037	0.037037037037037035	0.1111111111111111	0.037037037037037035	0.	0.	0.037037037037037035	0	0	1	0	1	0	0	0	1	0	0	1
1	0	0.00452704	0.178281	0	0.148148	0.111111	0	0	0.037037	0.	0.14814814814814814	0.037037037037037035	0.	0.	0.037037037037037035	0	0	0	0	1	1	0	0	1	0	1	0
1	0	0.0984599	0.211299	0	0.185185	0.111111	0	0	0.037037	0.	0.18518518518518517	0.037037037037037035	0.	0.	0.037037037037037035	0	0	0	0	1	2	0	0	1	0	2	0
1	0	0.181361	0.148146	0.111111	0.111111	0.111111	0	0	0.037037	0.1111111111111111	0.1111111111111111	0.037037037037037035	0.	0.	0.037037037037037035	0	1	0	0	1	0	0	0	1	1	0	0
1	0	0.160296	0.115122	0.111111	0.111111	0.111111	0	0	0.037037	0.14814814814814814	0.1111111111111111	0.037037037037037035	0.	0.	0.037037037037037035	0	1	1	0	1	0	0	0	1	1	0	1
1	0	0.132887	0.17125	0.111111	0.148148	0.111111	0	0	0.037037	0.1111111111111111	0.14814814814814814	0.037037037037037035	0.	0.	0.037037037037037035	0	1	0	0	1	1	0	0	1	1	1	0
1	0	0.155004	0.220949	0.111111	0.185185	0.111111	0	0	0.037037	0.1111111111111111	0.18518518518518517	0.037037037037037035	0.	0.	0.037037037037037035	0	1	0	0	1	2	0	0	1	1	2	0
1	0	0.255407	0.125867	0.222222	0.111111	0.111111	0	0	0.037037	0.2222222222222222	0.1111111111111111	0.037037037037037035	0.	0.	0.037037037037037035	0	2	0	0	1	0	0	0	1	2	0	0
1	0	0.328829	0.148148	0.222222	0.111111	0.111111	0	0	0.037037	0.25925925925925924	0.1111111111111111	0.037037037037037035	0.	0.	0.037037037037037035	0	2	1	0	1	0	0	0	1	2	0	1
1	0	0.289178	0.185137	0.222222	0.148148	0.111111	0	0	0.037037	0.2222222222222222	0.14814814814814814	0.037037037037037035	0.	0.	0.037037037037037035	0	2	0	0	1	1	0	0	1	2	1	0
1	0	0.272584	0.201931	0.222222	0.185185	0.111111	0	0	0.037037	0.2222222222222222	0.18518518518518517	0.037037037037037035	0.	0.	0.037037037037037035	0	2	0	0	1	2	0	0	1	2	2	0
1	0	0.0766095	0.259224	0	0.222222	0.111111	0	0	0.037037	0.	0.2222222222222222	0.037037037037037035	0.	0.	0.037037037037037035	0	0	0	0	2	0	0	0	2	0	0	0
1	0	0.0566944	0.23776	0	0.222222	0.111111	0	0	0.037037	0.037037037037037035	0.2222222222222222	0.037037037037037035	0.	0.	0.037037037037037035	0	0	1	0	2	0	0	0	2	0	0	1
1	0	0.012549	0.282095	0	0.259259	0.111111	0	0	0.037037	0.	0.25925925925925924	0.037037037037037035	0.	0.	0.037037037037037035	0	0	0	0	2	1	0	0	2	0	1	0
1	0	0.0239326	0.308624	0	0.296296	0.111111	0	0	0.037037	0.	0.2962962962962963	0.037037037037037035	0.	0.	0.037037037037037035	0	0	0	0	2	2	0	0	2	0	2	0
1	0	0.222199	0.252899	0.111111	0.222222	0.111111	0	0	0.037037	0.1111111111111111	0.2222222222222222	0.037037037037037035	0.	0.	0.037037037037037035	0	1	0	0	2	0	0	0	2	1	0	0
1	0	0.177276	0.259208	0.111111	0.222222	0.111111	0	0	0.037037	0.14814814814814814	0.2222222222222222	0.037037037037037035	0.	0.	0.037037037037037035	0	1	1	0	2	0	0	0	2	1	0	1
1	0	0.210476	0.289077	0.111111	0.259259	0.111111	0	0	0.037037	0.1111111111111111	0.25925925925925924	0.037037037037037035	0.	0.	0.037037037037037035	0	1	0	0	2	1	0	0	2	1	1	0
1	0	0.189207	0.326495	0.111111	0.296296	0.111111	0	0	0.037037	0.1111111111111111	0.2962962962962963	0.037037037037037035	0.	0.	0.037037037037037035	0	1	0	0	2	2	0	0	2	1	2	0
1	0	0.246277	0.245898	0.222222	0.222222	0.111111	0	0	0.037037	0.2222222222222222	0.2222222222222222	0.037037037037037035	0.	0.	0.037037037037037035	0	2	0	0	2	0	0	0	2	2	0	0
1	0	0.309821	0.293188	0.222222	0.259259	0.111111	0	0	0.037037	0.2222222222222222	0.25925925925925924	0.037037037037037035	0.	0.	0.037037037037037035	0	2	0	0	2	1	0	0	2	2	1	0
1	0	0.263157	0.319225	0.222222	0.296296	0.111111	0	0	0.037037	0.2222222222222222	0.2962962962962963	0.037037037037037035	0.	0.	0.037037037037037035	0	2	0	0	2	2	0	0	2	2	2	0
1	0	0.444421	0.00886295	0.333333	0	0.111111	0	0	0.037037	0.3333333333333333	0.	0.037037037037037035	0.	0.	0.037037037037037035	1	0	0	0	0	0	0	1	0	0	0	0
1	0	0.399707	0.037015	0.333333	0	0.111111	0	0	0.037037	0.37037037037037035	0.	0.037037037037037035	0.	0.	0.037037037037037035	1	0	1	0	0	0	0	1	0	0	0	1
1	0	0.368368	0.0585299	0.333333	0.037037	0.111111	0	0	0.037037	0.3333333333333333	0.037037037037037035	0.037037037037037035	0.	0.	0.037037037037037035	1	0	0	0	0	1	0	1	0	0	1	0
1	0	0.436338	0.101193	0.333333	0.0740741	0.111111	0	0	0.037037	0.3333333333333333	0.07407407407407407	0.037037037037037035	0.	0.	0.037037037037037035	1	0	0	0	0	2	0	1	0	0	2	0
1	0	0.496729	0.021562	0.444444	0	0.111111	0	0	0.037037	0.4444444444444444	0.	0.037037037037037035	0.	0.	0.037037037037037035	1	1	0	0	0	0	0	1	0	1	0	0
1	0	0.542735	0.0370008	0.444444	0	0.111111	0	0	0.037037	0.48148148148148145	0.	0.037037037037037035	0.	0.	0.037037037037037035	1	1	1	0	0	0	0	1	0	1	0	1
1	0	0.480043	0.0740726	0.444444	0.037037	0.111111	0	0	0.037037	0.4444444444444444	0.037037037037037035	0.037037037037037035	0.	0.	0.037037037037037035	1	1	0	0	0	1	0	1	0	1	1	0
1	0	0.506462	0.106822	0.444444	0.0740741	0.111111	0	0	0.037037	0.4444444444444444	0.07407407407407407	0.037037037037037035	0.	0.	0.037037037037037035	1	1	0	0	0	2	0	1	0	1	2	0
1	0	0.599483	0.0163352	0.555556	0	0.111111	0	0	0.037037	0.5555555555555556	0.	0.037037037037037035	0.	0.	0.037037037037037035	1	2	0	0	0	0	0	1	0	2	0	0
1	0	0.609591	0.0370298	0.555556	0	0.111111	0	0	0.037037	0.5925925925925926	0.	0.037037037037037035	0.	0.	0.037037037037037035	1	2	1	0	0	0	0	1	0	2	0	1
1	0	0.666445	0.0738892	0.555556	0.037037	0.111111	0	0	0.037037	0.5555555555555556	0.037037037037037035	0.037037037037037035	0.	0.	0.037037037037037035	1	2	0	0	0	1	0	1	0	2	1	0
1	0	0.650006	0.0974641	0.555556	0.0740741	0.111111	0	0	0.037037	0.5555555555555556	0.07407407407407407	0.037037037037037035	0.	0.	0.037037037037037035	1	2	0	0	0	2	0	1	0	2	2	0
1	0	0.35828	0.148134	0.333333	0.111111	0.111111	0	0	0.037037	0.3333333333333333	0.1111111111111111	0.037037037037037035	0.	0.	0.037037037037037035	1	0	0	0	1	0	0	1	1	0	0	0
1	0	0.409923	0.121213	0.333333	0.111111	0.111111	0	0	0.037037	0.37037037037037035	0.1111111111111111	0.037037037037037035	0.	0.	0.037037037037037035	1	0	1	0	1	0	0	1	1	0	0	1
1	0	0.425376	0.185158	0.333333	0.148148	0.111111	0	0	0.037037	0.3333333333333333	0.14814814814814814	0.037037037037037035	0.	0.	0.037037037037037035	1	0	0	0	1	1	0	1	1	0	1	0
1	0	0.376644	0.206918	0.333333	0.185185	0.111111	0	0	0.037037	0.3333333333333333	0.18518518518518517	0.037037037037037035	0.	0.	0.037037037037037035	1	0	0	0	1	2	0	1	1	0	2	0
1	0	0.555538	0.141911	0.444444	0.111111	0.111111	0	0	0.037037	0.4444444444444444	0.1111111111111111	0.037037037037037035	0.	0.	0.037037037037037035	1	1	0	0	1	0	0	1	1	1	0	0
1	0	0.552677	0.136283	0.444444	0.111111	0.111111	0	0	0.037037	0.48148148148148145	0.1111111111111111	0.037037037037037035	0.	0.	0.037037037037037035	1	1	1	0	1	0	0	1	1	1	0	1
1	0	0.534399	0.181804	0.444444	0.148148	0.111111	0	0	0.037037	0.4444444444444444	0.14814814814814814	0.037037037037037035	0.	0.	0.037037037037037035	1	1	0	0	1	1	0	1	1	1	1	0
1	0	0.555544	0.198711	0.444444	0.185185	0.111111	0	0	0.037037	0.4444444444444444	0.18518518518518517	0.037037037037037035	0.	0.	0.037037037037037035	1	1	0	0	1	2	0	1	1	1	2	0
1	0	0.636466	0.145636	0.555556	0.111111	0.111111	0	0	0.037037	0.5555555555555556	0.1111111111111111	0.037037037037037035	0.	0.	0.037037037037037035	1	2	0	0	1	0	0	1	1	2	0	0
1	0	0.629286	0.185054	0.555556	0.148148	0.111111	0	0	0.037037	0.5555555555555556	0.14814814814814814	0.037037037037037035	0.	0.	0.037037037037037035	1	2	0	0	1	1	0	1	1	2	1	0
1	0	0.615414	0.217741	0.555556	0.185185	0.111111	0	0	0.037037	0.5555555555555556	0.18518518518518517	0.037037037037037035	0.	0.	0.037037037037037035	1	2	0	0	1	2	0	1	1	2	2	0
1	0	0.390889	0.234247	0.333333	0.222222	0.111111	0	0	0.037037	0.3333333333333333	0.2222222222222222	0.037037037037037035	0.	0.	0.037037037037037035	1	0	0	0	2	0	0	1	2	0	0	0
1	0	0.444419	0.259208	0.333333	0.222222	0.111111	0	0	0.037037	0.37037037037037035	0.2222222222222222	0.037037037037037035	0.	0.	0.037037037037037035	1	0	1	0	2	0	0	1	2	0	0	1
1	0	0.35418	0.29628	0.333333	0.259259	0.111111	0	0	0.037037	0.3333333333333333	0.25925925925925924	0.037037037037037035	0.	0.	0.037037037037037035	1	0	0	0	2	1	0	1	2	0	1	0
1	0	0.444343	0.313173	0.333333	0.296296	0.111111	0	0	0.037037	0.3333333333333333	0.2962962962962963	0.037037037037037035	0.	0.	0.037037037037037035	1	0	0	0	2	2	0	1	2	0	2	0
1	0	0.464439	0.225874	0.444444	0.222222	0.111111	0	0	0.037037	0.4444444444444444	0.2222222222222222	0.037037037037037035	0.	0.	0.037037037037037035	1	1	0	0	2	0	0	1	2	1	0	0
1	0	0.484985	0.230412	0.444444	0.222222	0.111111	0	0	0.037037	0.48148148148148145	0.2222222222222222	0.037037037037037035	0.	0.	0.037037037037037035	1	1	1	0	2	0	0	1	2	1	0	1
1	0	0.526383	0.278599	0.444444	0.259259	0.111111	0	0	0.037037	0.4444444444444444	0.25925925925925924	0.037037037037037035	0.	0.	0.037037037037037035	1	1	0	0	2	1	0	1	2	1	1	0
1	0	0.514134	0.304525	0.444444	0.296296	0.111111	0	0	0.037037	0.4444444444444444	0.2962962962962963	0.037037037037037035	0.	0.	0.037037037037037035	1	1	0	0	2	2	0	1	2	1	2	0
1	0	0.657268	0.257024	0.555556	0.222222	0.111111	0	0	0.037037	0.5555555555555556	0.2222222222222222	0.037037037037037035	0.	0.	0.037037037037037035	1	2	0	0	2	0	0	1	2	2	0	0
1	0	0.584899	0.274401	0.555556	0.259259	0.111111	0	0	0.037037	0.5555555555555556	0.25925925925925924	0.037037037037037035	0.	0.	0.037037037037037035	1	2	0	0	2	1	0	1	2	2	1	0
1	0	0.666652	0.322473	0.555556	0.296296	0.111111	0	0	0.037037	0.5555555555555556	0.2962962962962963	0.037037037037037035	0.	0.	0.037037037037037035	1	2	0	0	2	2	0	1	2	2	2	0
1	0	0.745594	0.0369388	0.666667	0	0.111111	0	0	0.037037	0.6666666666666666	0.	0.037037037037037035	0.	0.	0.037037037037037035	2	0	0	0	0	0	0	2	0	0	0	0
1	0	0.777755	0.00534557	0.666667	0	0.111111	0	0	0.037037	0.7037037037037037	0.	0.037037037037037035	0.	0.	0.037037037037037035	2	0	1	0	0	0	0	2	0	0	0	1
1	0	0.75287	0.0716489	0.666667	0.037037	0.111111	0	0	0.037037	0.6666666666666666	0.037037037037037035	0.037037037037037035	0.	0.	0.037037037037037035	2	0	0	0	0	1	0	2	0	0	1	0
1	0	0.701731	0.0861901	0.666667	0.0740741	0.111111	0	0	0.037037	0.6666666666666666	0.07407407407407407	0.037037037037037035	0.	0.	0.037037037037037035	2	0	0	0	0	2	0	2	0	0	2	0
1	0	0.888814	0.0181965	0.777778	0	0.111111	0	0	0.037037	0.7777777777777778	0.	0.037037037037037035	0.	0.	0.037037037037037035	2	1	0	0	0	0	0	2	0	1	0	0
1	0	0.888887	0.0317065	0.777778	0	0.111111	0	0	0.037037	0.8148148148148148	0.	0.037037037037037035	0.	0.	0.037037037037037035	2	1	1	0	0	0	0	2	0	1	0	1
1	0	0.809462	0.0612681	0.777778	0.037037	0.111111	0	0	0.037037	0.7777777777777778	0.037037037037037035	0.037037037037037035	0.	0.	0.037037037037037035	2	1	0	0	0	1	0	2	0	1	1	0
1	0	0.843418	0.103567	0.777778	0.0740741	0.111111	0	0	0.037037	0.7777777777777778	0.07407407407407407	0.037037037037037035	0.	0.	0.037037037037037035	2	1	0	0	0	2	0	2	0	1	2	0
1	0	0.972687	0.0343215	0.888889	0	0.111111	0	0	0.037037	0.8888888888888888	0.	0.037037037037037035	0.	0.	0.037037037037037035	2	2	0	0	0	0	0	2	0	2	0	0
1	0	0.951761	0.0369534	0.888889	0	0.111111	0	0	0.037037	0.9259259259259259	0.	0.037037037037037035	0.	0.	0.037037037037037035	2	2	1	0	0	0	0	2	0	2	0	1
1	0	0.999997	0.0465598	0.888889	0.037037	0.111111	0	0	0.037037	0.8888888888888888	0.037037037037037035	0.037037037037037035	0.	0.	0.037037037037037035	2	2	0	0	0	1	0	2	0	2	1	0
1	0	0.999994	0.0938987	0.888889	0.0740741	0.111111	0	0	0.037037	0.8888888888888888	0.07407407407407407	0.037037037037037035	0.	0.	0.037037037037037035	2	2	0	0	0	2	0	2	0	2	2	0
1	0	0.687997	0.148078	0.666667	0.111111	0.111111	0	0	0.037037	0.6666666666666666	0.1111111111111111	0.037037037037037035	0.	0.	0.037037037037037035	2	0	0	0	1	0	0	2	1	0	0	0
1	0	0.708304	0.128609	0.666667	0.111111	0.111111	0	0	0.037037	0.7037037037037037	0.1111111111111111	0.037037037037037035	0.	0.	0.037037037037037035	2	0	1	0	1	0	0	2	1	0	0	1
1	0	0.725919	0.174928	0.666667	0.148148	0.111111	0	0	0.037037	0.6666666666666666	0.14814814814814814	0.037037037037037035	0.	0.	0.037037037037037035	2	0	0	0	1	1	0	2	1	0	1	0
1	0	0.77777	0.213344	0.666667	0.185185	0.111111	0	0	0.037037	0.6666666666666666	0.18518518518518517	0.037037037037037035	0.	0.	0.037037037037037035	2	0	0	0	1	2	0	2	1	0	2	0
1	0	0.863552	0.117348	0.777778	0.111111	0.111111	0	0	0.037037	0.7777777777777778	0.1111111111111111	0.037037037037037035	0.	0.	0.037037037037037035	2	1	0	0	1	0	0	2	1	1	0	0
1	0	0.83054	0.139151	0.777778	0.111111	0.111111	0	0	0.037037	0.8148148148148148	0.1111111111111111	0.037037037037037035	0.	0.	0.037037037037037035	2	1	1	0	1	0	0	2	1	1	0	1
1	0	0.870176	0.168892	0.777778	0.148148	0.111111	0	0	0.037037	0.7777777777777778	0.14814814814814814	0.037037037037037035	0.	0.	0.037037037037037035	2	1	0	0	1	1	0	2	1	1	1	0
1	0	0.888859	0.197457	0.777778	0.185185	0.111111	0	0	0.037037	0.7777777777777778	0.18518518518518517	0.037037037037037035	0.	0.	0.037037037037037035	2	1	0	0	1	2	0	2	1	1	2	0
1	0	0.957595	0.123063	0.888889	0.111111	0.111111	0	0	0.037037	0.8888888888888888	0.1111111111111111	0.037037037037037035	0.	0.	0.037037037037037035	2	2	0	0	1	0	0	2	1	2	0	0
1	0	0.932059	0.165534	0.888889	0.148148	0.111111	0	0	0.037037	0.8888888888888888	0.14814814814814814	0.037037037037037035	0.	0.	0.037037037037037035	2	2	0	0	1	1	0	2	1	2	1	0
1	0	0.976764	0.208724	0.888889	0.185185	0.111111	0	0	0.037037	0.8888888888888888	0.18518518518518517	0.037037037037037035	0.	0.	0.037037037037037035	2	2	0	0	1	2	0	2	1	2	2	0
1	0	0.737292	0.242294	0.666667	0.222222	0.111111	0	0	0.037037	0.6666666666666666	0.2222222222222222	0.037037037037037035	0.	0.	0.037037037037037035	2	0	0	0	2	0	0	2	2	0	0	0
1	0	0.75691	0.249843	0.666667	0.222222	0.111111	0	0	0.037037	0.7037037037037037	0.2222222222222222	0.037037037037037035	0.	0.	0.037037037037037035	2	0	1	0	2	0	0	2	2	0	0	1
1	0	0.769834	0.285438	0.666667	0.259259	0.111111	0	0	0.037037	0.6666666666666666	0.25925925925925924	0.037037037037037035	0.	0.	0.037037037037037035	2	0	0	0	2	1	0	2	2	0	1	0
1	0	0.777737	0.315422	0.666667	0.296296	0.111111	0	0	0.037037	0.6666666666666666	0.2962962962962963	0.037037037037037035	0.	0.	0.037037037037037035	2	0	0	0	2	2	0	2	2	0	2	0
1	0	0.876694	0.240367	0.777778	0.222222	0.111111	0	0	0.037037	0.7777777777777778	0.2222222222222222	0.037037037037037035	0.	0.	0.037037037037037035	2	1	0	0	2	0	0	2	2	1	0	0
1	0	0.848522	0.259226	0.777778	0.222222	0.111111	0	0	0.037037	0.8148148148148148	0.2222222222222222	0.037037037037037035	0.	0.	0.037037037037037035	2	1	1	0	2	0	0	2	2	1	0	1
1	0	0.88885	0.295273	0.777778	0.259259	0.111111	0	0	0.037037	0.7777777777777778	0.25925925925925924	0.037037037037037035	0.	0.	0.037037037037037035	2	1	0	0	2	1	0	2	2	1	1	0
1	0	0.803006	0.301202	0.777778	0.296296	0.111111	0	0	0.037037	0.7777777777777778	0.2962962962962963	0.037037037037037035	0.	0.	0.037037037037037035	2	1	0	0	2	2	0	2	2	1	2	0
1	0	0.924877	0.223567	0.888889	0.222222	0.111111	0	0	0.037037	0.8888888888888888	0.2222222222222222	0.037037037037037035	0.	0.	0.037037037037037035	2	2	0	0	2	0	0	2	2	2	0	0
1	0	0.983679	0.276276	0.888889	0.259259	0.111111	0	0	0.037037	0.8888888888888888	0.25925925925925924	0.037037037037037035	0.	0.	0.037037037037037035	2	2	0	0	2	1	0	2	2	2	1	0
1	0	0.999999	0.304351	0.888889	0.296296	0.111111	0	0	0.037037	0.8888888888888888	0.2962962962962963	0.037037037037037035	0.	0.	0.037037037037037035	2	2	0	0	2	2	0	2	2	2	2	0
1	0	0.105349	0.370361	0	0.333333	0.111111	0	0	0.037037	0.	0.3333333333333333	0.037037037037037035	0.	0.	0.037037037037037035	0	0	0	1	0	0	1	0	0	0	0	0
1	0	0.0442209	0.342451	0	0.333333	0.111111	0	0	0.037037	0.037037037037037035	0.3333333333333333	0.037037037037037035	0.	0.	0.037037037037037035	0	0	1	1	0	0	1	0	0	0	0	1
1	0	0.0526193	0.404031	0	0.37037	0.111111	0	0	0.037037	0.	0.37037037037037035	0.037037037037037035	0.	0.	0.037037037037037035	0	0	0	1	0	1	1	0	0	0	1	0
1	0	0.0719004	0.430701	0	0.407407	0.111111	0	0	0.037037	0.	0.4074074074074074	0.037037037037037035	0.	0.	0.037037037037037035	0	0	0	1	0	2	1	0	0	0	2	0
1	0	0.138261	0.357575	0.111111	0.333333	0.111111	0	0	0.037037	0.1111111111111111	0.3333333333333333	0.037037037037037035	0.	0.	0.037037037037037035	0	1	0	1	0	0	1	0	0	1	0	0
1	0	0.171263	0.33498	0.111111	0.333333	0.111111	0	0	0.037037	0.14814814814814814	0.3333333333333333	0.037037037037037035	0.	0.	0.037037037037037035	0	1	1	1	0	0	1	0	0	1	0	1
1	0	0.215698	0.407378	0.111111	0.37037	0.111111	0	0	0.037037	0.1111111111111111	0.37037037037037035	0.037037037037037035	0.	0.	0.037037037037037035	0	1	0	1	0	1	1	0	0	1	1	0
1	0	0.150076	0.424023	0.111111	0.407407	0.111111	0	0	0.037037	0.1111111111111111	0.4074074074074074	0.037037037037037035	0.	0.	0.037037037037037035	0	1	0	1	0	2	1	0	0	1	2	0
1	0	0.323352	0.370319	0.222222	0.333333	0.111111	0	0	0.037037	0.2222222222222222	0.3333333333333333	0.037037037037037035	0.	0.	0.037037037037037035	0	2	0	1	0	0	1	0	0	2	0	0
1	0	0.297035	0.348028	0.222222	0.333333	0.111111	0	0	0.037037	0.25925925925925924	0.3333333333333333	0.037037037037037035	0.	0.	0.037037037037037035	0	2	1	1	0	0	1	0	0	2	0	1
1	0	0.301296	0.392886	0.222222	0.37037	0.111111	0	0	0.037037	0.2222222222222222	0.37037037037037035	0.037037037037037035	0.	0.	0.037037037037037035	0	2	0	1	0	1	1	0	0	2	1	0
1	0	0.267387	0.438451	0.222222	0.407407	0.111111	0	0	0.037037	0.2222222222222222	0.4074074074074074	0.037037037037037035	0.	0.	0.037037037037037035	0	2	0	1	0	2	1	0	0	2	2	0
1	0	0.0171835	0.447157	0	0.444444	0.111111	0	0	0.037037	0.	0.4444444444444444	0.037037037037037035	0.	0.	0.037037037037037035	0	0	0	1	1	0	1	0	1	0	0	0
1	0	0.0928631	0.481467	0	0.444444	0.111111	0	0	0.037037	0.037037037037037035	0.4444444444444444	0.037037037037037035	0.	0.	0.037037037037037035	0	0	1	1	1	0	1	0	1	0	0	1
1	0	0.0339626	0.518511	0	0.481481	0.111111	0	0	0.037037	0.	0.48148148148148145	0.037037037037037035	0.	0.	0.037037037037037035	0	0	0	1	1	1	1	0	1	0	1	0
1	0	0.111096	0.545776	0	0.518519	0.111111	0	0	0.037037	0.	0.5185185185185185	0.037037037037037035	0.	0.	0.037037037037037035	0	0	0	1	1	2	1	0	1	0	2	0
1	0	0.142863	0.453639	0.111111	0.444444	0.111111	0	0	0.037037	0.1111111111111111	0.4444444444444444	0.037037037037037035	0.	0.	0.037037037037037035	0	1	0	1	1	0	1	0	1	1	0	0
1	0	0.167645	0.466699	0.111111	0.444444	0.111111	0	0	0.037037	0.14814814814814814	0.4444444444444444	0.037037037037037035	0.	0.	0.037037037037037035	0	1	1	1	1	0	1	0	1	1	0	1
1	0	0.119763	0.503067	0.111111	0.481481	0.111111	0	0	0.037037	0.1111111111111111	0.48148148148148145	0.037037037037037035	0.	0.	0.037037037037037035	0	1	0	1	1	1	1	0	1	1	1	0
1	0	0.192714	0.551014	0.111111	0.518519	0.111111	0	0	0.037037	0.1111111111111111	0.5185185185185185	0.037037037037037035	0.	0.	0.037037037037037035	0	1	0	1	1	2	1	0	1	1	2	0
1	0	0.29228	0.47107	0.222222	0.444444	0.111111	0	0	0.037037	0.2222222222222222	0.4444444444444444	0.037037037037037035	0.	0.	0.037037037037037035	0	2	0	1	1	0	1	0	1	2	0	0
1	0	0.333246	0.478944	0.222222	0.444444	0.111111	0	0	0.037037	0.25925925925925924	0.4444444444444444	0.037037037037037035	0.	0.	0.037037037037037035	0	2	1	1	1	0	1	0	1	2	0	1
1	0	0.249641	0.507975	0.222222	0.481481	0.111111	0	0	0.037037	0.2222222222222222	0.48148148148148145	0.037037037037037035	0.	0.	0.037037037037037035	0	2	0	1	1	1	1	0	1	2	1	0
1	0	0.318956	0.539222	0.222222	0.518519	0.111111	0	0	0.037037	0.2222222222222222	0.5185185185185185	0.037037037037037035	0.	0.	0.037037037037037035	0	2	0	1	1	2	1	0	1	2	2	0
1	0	0.00878196	0.5611	0	0.555556	0.111111	0	0	0.037037	0.	0.5555555555555556	0.037037037037037035	0.	0.	0.037037037037037035	0	0	0	1	2	0	1	0	2	0	0	0
1	0	0.0618494	0.573847	0	0.555556	0.111111	0	0	0.037037	0.037037037037037035	0.5555555555555556	0.037037037037037035	0.	0.	0.037037037037037035	0	0	1	1	2	0	1	0	2	0	0	1
1	0	0.0497587	0.625047	0	0.592593	0.111111	0	0	0.037037	0.	0.5925925925925926	0.037037037037037035	0.	0.	0.037037037037037035	0	0	0	1	2	1	1	0	2	0	1	0
1	0	0.101435	0.660804	0	0.62963	0.111111	0	0	0.037037	0.	0.6296296296296297	0.037037037037037035	0.	0.	0.037037037037037035	0	0	0	1	2	2	1	0	2	0	2	0
1	0	0.219515	0.592495	0.111111	0.555556	0.111111	0	0	0.037037	0.1111111111111111	0.5555555555555556	0.037037037037037035	0.	0.	0.037037037037037035	0	1	0	1	2	0	1	0	2	1	0	0
1	0	0.22222	0.587493	0.111111	0.555556	0.111111	0	0	0.037037	0.14814814814814814	0.5555555555555556	0.037037037037037035	0.	0.	0.037037037037037035	0	1	1	1	2	0	1	0	2	1	0	1
1	0	0.12386	0.609324	0.111111	0.592593	0.111111	0	0	0.037037	0.1111111111111111	0.5925925925925926	0.037037037037037035	0.	0.	0.037037037037037035	0	1	0	1	2	1	1	0	2	1	1	0
1	0	0.146503	0.63998	0.111111	0.62963	0.111111	0	0	0.037037	0.1111111111111111	0.6296296296296297	0.037037037037037035	0.	0.	0.037037037037037035	0	1	0	1	2	2	1	0	2	1	2	0
1	0	0.275606	0.592535	0.222222	0.555556	0.111111	0	0	0.037037	0.2222222222222222	0.5555555555555556	0.037037037037037035	0.	0.	0.037037037037037035	0	2	0	1	2	0	1	0	2	2	0	0
1	0	0.259704	0.62962	0.222222	0.592593	0.111111	0	0	0.037037	0.2222222222222222	0.5925925925925926	0.037037037037037035	0.	0.	0.037037037037037035	0	2	0	1	2	1	1	0	2	2	1	0
1	0	0.331014	0.653872	0.222222	0.62963	0.111111	0	0	0.037037	0.2222222222222222	0.6296296296296297	0.037037037037037035	0.	0.	0.037037037037037035	0	2	0	1	2	2	1	0	2	2	2	0
1	0	0.414145	0.370239	0.333333	0.333333	0.111111	0	0	0.037037	0.3333333333333333	0.3333333333333333	0.037037037037037035	0.	0.	0.037037037037037035	1	0	0	1	0	0	1	1	0	0	0	0
1	0	0.385254	0.352391	0.333333	0.333333	0.111111	0	0	0.037037	0.37037037037037035	0.3333333333333333	0.037037037037037035	0.	0.	0.037037037037037035	1	0	1	1	0	0	1	1	0	0	0	1
1	0	0.348397	0.40012	0.333333	0.37037	0.111111	0	0	0.037037	0.3333333333333333	0.37037037037037035	0.037037037037037035	0.	0.	0.037037037037037035	1	0	0	1	0	1	1	1	0	0	1	0
1	0	0.420997	0.417869	0.333333	0.407407	0.111111	0	0	0.037037	0.3333333333333333	0.4074074074074074	0.037037037037037035	0.	0.	0.037037037037037035	1	0	0	1	0	2	1	1	0	0	2	0
1	0	0.555555	0.359882	0.444444	0.333333	0.111111	0	0	0.037037	0.4444444444444444	0.3333333333333333	0.037037037037037035	0.	0.	0.037037037037037035	1	1	0	1	0	0	1	1	0	1	0	0
1	0	0.519932	0.364525	0.444444	0.333333	0.111111	0	0	0.037037	0.48148148148148145	0.3333333333333333	0.037037037037037035	0.	0.	0.037037037037037035	1	1	1	1	0	0	1	1	0	1	0	1
1	0	0.471985	0.387636	0.444444	0.37037	0.111111	0	0	0.037037	0.4444444444444444	0.37037037037037035	0.037037037037037035	0.	0.	0.037037037037037035	1	1	0	1	0	1	1	1	0	1	1	0
1	0	0.547415	0.441954	0.444444	0.407407	0.111111	0	0	0.037037	0.4444444444444444	0.4074074074074074	0.037037037037037035	0.	0.	0.037037037037037035	1	1	0	1	0	2	1	1	0	1	2	0
1	0	0.623062	0.333408	0.555556	0.333333	0.111111	0	0	0.037037	0.5555555555555556	0.3333333333333333	0.037037037037037035	0.	0.	0.037037037037037035	1	2	0	1	0	0	1	1	0	2	0	0
1	0	0.64468	0.370364	0.555556	0.333333	0.111111	0	0	0.037037	0.5925925925925926	0.3333333333333333	0.037037037037037035	0.	0.	0.037037037037037035	1	2	1	1	0	0	1	1	0	2	0	1
1	0	0.595346	0.406905	0.555556	0.37037	0.111111	0	0	0.037037	0.5555555555555556	0.37037037037037035	0.037037037037037035	0.	0.	0.037037037037037035	1	2	0	1	0	1	1	1	0	2	1	0
1	0	0.661144	0.434638	0.555556	0.407407	0.111111	0	0	0.037037	0.5555555555555556	0.4074074074074074	0.037037037037037035	0.	0.	0.037037037037037035	1	2	0	1	0	2	1	1	0	2	2	0
1	0	0.405117	0.48146	0.333333	0.444444	0.111111	0	0	0.037037	0.3333333333333333	0.4444444444444444	0.037037037037037035	0.	0.	0.037037037037037035	1	0	0	1	1	0	1	1	1	0	0	0
1	0	0.431048	0.481453	0.333333	0.444444	0.111111	0	0	0.037037	0.37037037037037035	0.4444444444444444	0.037037037037037035	0.	0.	0.037037037037037035	1	0	1	1	1	0	1	1	1	0	0	1
1	0	0.443295	0.517279	0.333333	0.481481	0.111111	0	0	0.037037	0.3333333333333333	0.48148148148148145	0.037037037037037035	0.	0.	0.037037037037037035	1	0	0	1	1	1	1	1	1	0	1	0
1	0	0.372248	0.529328	0.333333	0.518519	0.111111	0	0	0.037037	0.3333333333333333	0.5185185185185185	0.037037037037037035	0.	0.	0.037037037037037035	1	0	0	1	1	2	1	1	1	0	2	0
1	0	0.555546	0.455818	0.444444	0.444444	0.111111	0	0	0.037037	0.4444444444444444	0.4444444444444444	0.037037037037037035	0.	0.	0.037037037037037035	1	1	0	1	1	0	1	1	1	1	0	0
1	0	0.510158	0.474986	0.444444	0.444444	0.111111	0	0	0.037037	0.48148148148148145	0.4444444444444444	0.037037037037037035	0.	0.	0.037037037037037035	1	1	1	1	1	0	1	1	1	1	0	1
1	0	0.491272	0.511625	0.444444	0.481481	0.111111	0	0	0.037037	0.4444444444444444	0.48148148148148145	0.037037037037037035	0.	0.	0.037037037037037035	1	1	0	1	1	1	1	1	1	1	1	0
1	0	0.530598	0.535678	0.444444	0.518519	0.111111	0	0	0.037037	0.4444444444444444	0.5185185185185185	0.037037037037037035	0.	0.	0.037037037037037035	1	1	0	1	1	2	1	1	1	1	2	0
1	0	0.589346	0.462974	0.555556	0.444444	0.111111	0	0	0.037037	0.5555555555555556	0.4444444444444444	0.037037037037037035	0.	0.	0.037037037037037035	1	2	0	1	1	0	1	1	1	2	0	0
1	0	0.61902	0.518513	0.555556	0.481481	0.111111	0	0	0.037037	0.5555555555555556	0.48148148148148145	0.037037037037037035	0.	0.	0.037037037037037035	1	2	0	1	1	1	1	1	1	2	1	0
1	0	0.639315	0.543217	0.555556	0.518519	0.111111	0	0	0.037037	0.5555555555555556	0.5185185185185185	0.037037037037037035	0.	0.	0.037037037037037035	1	2	0	1	1	2	1	1	1	2	2	0
1	0	0.344246	0.578134	0.333333	0.555556	0.111111	0	0	0.037037	0.3333333333333333	0.5555555555555556	0.037037037037037035	0.	0.	0.037037037037037035	1	0	0	1	2	0	1	1	2	0	0	0
1	0	0.381394	0.565501	0.333333	0.555556	0.111111	0	0	0.037037	0.37037037037037035	0.5555555555555556	0.037037037037037035	0.	0.	0.037037037037037035	1	0	1	1	2	0	1	1	2	0	0	1
1	0	0.397766	0.619575	0.333333	0.592593	0.111111	0	0	0.037037	0.3333333333333333	0.5925925925925926	0.037037037037037035	0.	0.	0.037037037037037035	1	0	0	1	2	1	1	1	2	0	1	0
1	0	0.362473	0.645386	0.333333	0.62963	0.111111	0	0	0.037037	0.3333333333333333	0.6296296296296297	0.037037037037037035	0.	0.	0.037037037037037035	1	0	0	1	2	2	1	1	2	0	2	0
1	0	0.50322	0.59258	0.444444	0.555556	0.111111	0	0	0.037037	0.4444444444444444	0.5555555555555556	0.037037037037037035	0.	0.	0.037037037037037035	1	1	0	1	2	0	1	1	2	1	0	0
1	0	0.538826	0.583912	0.444444	0.555556	0.111111	0	0	0.037037	0.48148148148148145	0.5555555555555556	0.037037037037037035	0.	0.	0.037037037037037035	1	1	1	1	2	0	1	1	2	1	0	1
1	0	0.475772	0.612968	0.444444	0.592593	0.111111	0	0	0.037037	0.4444444444444444	0.5925925925925926	0.037037037037037035	0.	0.	0.037037037037037035	1	1	0	1	2	1	1	1	2	1	1	0
1	0	0.487971	0.649374	0.444444	0.62963	0.111111	0	0	0.037037	0.4444444444444444	0.6296296296296297	0.037037037037037035	0.	0.	0.037037037037037035	1	1	0	1	2	2	1	1	2	1	2	0
1	0	0.581044	0.56943	0.555556	0.555556	0.111111	0	0	0.037037	0.5555555555555556	0.5555555555555556	0.037037037037037035	0.	0.	0.037037037037037035	1	2	0	1	2	0	1	1	2	2	0	0
1	0	0.652364	0.62834	0.555556	0.592593	0.111111	0	0	0.037037	0.5555555555555556	0.5925925925925926	0.037037037037037035	0.	0.	0.037037037037037035	1	2	0	1	2	1	1	1	2	2	1	0
1	0	0.664618	0.657288	0.555556	0.62963	0.111111	0	0	0.037037	0.5555555555555556	0.6296296296296297	0.037037037037037035	0.	0.	0.037037037037037035	1	2	0	1	2	2	1	1	2	2	2	0
1	0	0.774489	0.367581	0.666667	0.333333	0.111111	0	0	0.037037	0.6666666666666666	0.3333333333333333	0.037037037037037035	0.	0.	0.037037037037037035	2	0	0	1	0	0	1	2	0	0	0	0
1	0	0.719283	0.338178	0.666667	0.333333	0.111111	0	0	0.037037	0.7037037037037037	0.3333333333333333	0.037037037037037035	0.	0.	0.037037037037037035	2	0	1	1	0	0	1	2	0	0	0	1
1	0	0.680425	0.396877	0.666667	0.37037	0.111111	0	0	0.037037	0.6666666666666666	0.37037037037037035	0.037037037037037035	0.	0.	0.037037037037037035	2	0	0	1	0	1	1	2	0	0	1	0
1	0	0.714962	0.420967	0.666667	0.407407	0.111111	0	0	0.037037	0.6666666666666666	0.4074074074074074	0.037037037037037035	0.	0.	0.037037037037037035	2	0	0	1	0	2	1	2	0	0	2	0
1	0	0.817849	0.345162	0.777778	0.333333	0.111111	0	0	0.037037	0.7777777777777778	0.3333333333333333	0.037037037037037035	0.	0.	0.037037037037037035	2	1	0	1	0	0	1	2	0	1	0	0
1	0	0.882029	0.370347	0.777778	0.333333	0.111111	0	0	0.037037	0.8148148148148148	0.3333333333333333	0.037037037037037035	0.	0.	0.037037037037037035	2	1	1	1	0	0	1	2	0	1	0	1
1	0	0.822955	0.390553	0.777778	0.37037	0.111111	0	0	0.037037	0.7777777777777778	0.37037037037037035	0.037037037037037035	0.	0.	0.037037037037037035	2	1	0	1	0	1	1	2	0	1	1	0
1	0	0.812777	0.428174	0.777778	0.407407	0.111111	0	0	0.037037	0.7777777777777778	0.4074074074074074	0.037037037037037035	0.	0.	0.037037037037037035	2	1	0	1	0	2	1	2	0	1	2	0
1	0	0.988286	0.354485	0.888889	0.333333	0.111111	0	0	0.037037	0.8888888888888888	0.3333333333333333	0.037037037037037035	0.	0.	0.037037037037037035	2	2	0	1	0	0	1	2	0	2	0	0
1	0	0.941684	0.333358	0.888889	0.333333	0.111111	0	0	0.037037	0.9259259259259259	0.3333333333333333	0.037037037037037035	0.	0.	0.037037037037037035	2	2	1	1	0	0	1	2	0	2	0	1
1	0	0.992518	0.40594	0.888889	0.37037	0.111111	0	0	0.037037	0.8888888888888888	0.37037037037037035	0.037037037037037035	0.	0.	0.037037037037037035	2	2	0	1	0	1	1	2	0	2	1	0
1	0	0.915741	0.413496	0.888889	0.407407	0.111111	0	0	0.037037	0.8888888888888888	0.4074074074074074	0.037037037037037035	0.	0.	0.037037037037037035	2	2	0	1	0	2	1	2	0	2	2	0
1	0	0.764531	0.481311	0.666667	0.444444	0.111111	0	0	0.037037	0.6666666666666666	0.4444444444444444	0.037037037037037035	0.	0.	0.037037037037037035	2	0	0	1	1	0	1	2	1	0	0	0
1	0	0.730501	0.460039	0.666667	0.444444	0.111111	0	0	0.037037	0.7037037037037037	0.4444444444444444	0.037037037037037035	0.	0.	0.037037037037037035	2	0	1	1	1	0	1	2	1	0	0	1
1	0	0.691811	0.499945	0.666667	0.481481	0.111111	0	0	0.037037	0.6666666666666666	0.48148148148148145	0.037037037037037035	0.	0.	0.037037037037037035	2	0	0	1	1	1	1	2	1	0	1	0
1	0	0.760477	0.55456	0.666667	0.518519	0.111111	0	0	0.037037	0.6666666666666666	0.5185185185185185	0.037037037037037035	0.	0.	0.037037037037037035	2	0	0	1	1	2	1	2	1	0	2	0
1	0	0.853305	0.450228	0.777778	0.444444	0.111111	0	0	0.037037	0.7777777777777778	0.4444444444444444	0.037037037037037035	0.	0.	0.037037037037037035	2	1	0	1	1	0	1	2	1	1	0	0
1	0	0.839259	0.481468	0.777778	0.444444	0.111111	0	0	0.037037	0.8148148148148148	0.4444444444444444	0.037037037037037035	0.	0.	0.037037037037037035	2	1	1	1	1	0	1	2	1	1	0	1
1	0	0.857266	0.515065	0.777778	0.481481	0.111111	0	0	0.037037	0.7777777777777778	0.48148148148148145	0.037037037037037035	0.	0.	0.037037037037037035	2	1	0	1	1	1	1	2	1	1	1	0
1	0	0.79748	0.532474	0.777778	0.518519	0.111111	0	0	0.037037	0.7777777777777778	0.5185185185185185	0.037037037037037035	0.	0.	0.037037037037037035	2	1	0	1	1	2	1	2	1	1	2	0
1	0	0.945699	0.444464	0.888889	0.444444	0.111111	0	0	0.037037	0.8888888888888888	0.4444444444444444	0.037037037037037035	0.	0.	0.037037037037037035	2	2	0	1	1	0	1	2	1	2	0	0
1	0	0.935535	0.496346	0.888889	0.481481	0.111111	0	0	0.037037	0.8888888888888888	0.48148148148148145	0.037037037037037035	0.	0.	0.037037037037037035	2	2	0	1	1	1	1	2	1	2	1	0
1	0	0.963653	0.52524	0.888889	0.518519	0.111111	0	0	0.037037	0.8888888888888888	0.5185185185185185	0.037037037037037035	0.	0.	0.037037037037037035	2	2	0	1	1	2	1	2	1	2	2	0
1	0	0.698101	0.558496	0.666667	0.555556	0.111111	0	0	0.037037	0.6666666666666666	0.5555555555555556	0.037037037037037035	0.	0.	0.037037037037037035	2	0	0	1	2	0	1	2	2	0	0	0
1	0	0.711875	0.592579	0.666667	0.555556	0.111111	0	0	0.037037	0.7037037037037037	0.5555555555555556	0.037037037037037035	0.	0.	0.037037037037037035	2	0	1	1	2	0	1	2	2	0	0	1
1	0	0.734132	0.616172	0.666667	0.592593	0.111111	0	0	0.037037	0.6666666666666666	0.5925925925925926	0.037037037037037035	0.	0.	0.037037037037037035	2	0	0	1	2	1	1	2	2	0	1	0
1	0	0.68388	0.635908	0.666667	0.62963	0.111111	0	0	0.037037	0.6666666666666666	0.6296296296296297	0.037037037037037035	0.	0.	0.037037037037037035	2	0	0	1	2	2	1	2	2	0	2	0
1	0	0.825712	0.580785	0.777778	0.555556	0.111111	0	0	0.037037	0.7777777777777778	0.5555555555555556	0.037037037037037035	0.	0.	0.037037037037037035	2	1	0	1	2	0	1	2	2	1	0	0
1	0	0.884447	0.590441	0.777778	0.555556	0.111111	0	0	0.037037	0.8148148148148148	0.5555555555555556	0.037037037037037035	0.	0.	0.037037037037037035	2	1	1	1	2	0	1	2	2	1	0	1
1	0	0.888154	0.622685	0.777778	0.592593	0.111111	0	0	0.037037	0.7777777777777778	0.5925925925925926	0.037037037037037035	0.	0.	0.037037037037037035	2	1	0	1	2	1	1	2	2	1	1	0
1	0	0.835405	0.643402	0.777778	0.62963	0.111111	0	0	0.037037	0.7777777777777778	0.6296296296296297	0.037037037037037035	0.	0.	0.037037037037037035	2	1	0	1	2	2	1	2	2	1	2	0
1	0	0.920663	0.555772	0.888889	0.555556	0.111111	0	0	0.037037	0.8888888888888888	0.5555555555555556	0.037037037037037035	0.	0.	0.037037037037037035	2	2	0	1	2	0	1	2	2	2	0	0
1	0	0.959776	0.604798	0.888889	0.592593	0.111111	0	0	0.037037	0.8888888888888888	0.5925925925925926	0.037037037037037035	0.	0.	0.037037037037037035	2	2	0	1	2	1	1	2	2	2	1	0
1	0	0.995783	0.632697	0.888889	0.62963	0.111111	0	0	0.037037	0.8888888888888888	0.6296296296296297	0.037037037037037035	0.	0.	0.037037037037037035	2	2	0	1	2	2	1	2	2	2	2	0
1	0	0.0209109	0.667857	0	0.666667	0.111111	0	0	0.037037	0.	0.6666666666666666	0.037037037037037035	0.	0.	0.037037037037037035	0	0	0	2	0	0	2	0	0	0	0	0
1	0	0.0835848	0.687321	0	0.666667	0.111111	0	0	0.037037	0.037037037037037035	0.6666666666666666	0.037037037037037035	0.	0.	0.037037037037037035	0	0	1	2	0	0	2	0	0	0	0	1
1	0	0.00182834	0.736003	0	0.703704	0.111111	0	0	0.037037	0.	0.7037037037037037	0.037037037037037035	0.	0.	0.037037037037037035	0	0	0	2	0	1	2	0	0	0	1	0
1	0	0.108422	0.765968	0	0.740741	0.111111	0	0	0.037037	0.	0.7407407407407407	0.037037037037037035	0.	0.	0.037037037037037035	0	0	0	2	0	2	2	0	0	0	2	0
1	0	0.184762	0.698651	0.111111	0.666667	0.111111	0	0	0.037037	0.1111111111111111	0.6666666666666666	0.037037037037037035	0.	0.	0.037037037037037035	0	1	0	2	0	0	2	0	0	1	0	0
1	0	0.200942	0.703701	0.111111	0.666667	0.111111	0	0	0.037037	0.14814814814814814	0.6666666666666666	0.037037037037037035	0.	0.	0.037037037037037035	0	1	1	2	0	0	2	0	0	1	0	1
1	0	0.162918	0.740737	0.111111	0.703704	0.111111	0	0	0.037037	0.1111111111111111	0.7037037037037037	0.037037037037037035	0.	0.	0.037037037037037035	0	1	0	2	0	1	2	0	0	1	1	0
1	0	0.213181	0.777095	0.111111	0.740741	0.111111	0	0	0.037037	0.1111111111111111	0.7407407407407407	0.037037037037037035	0.	0.	0.037037037037037035	0	1	0	2	0	2	2	0	0	1	2	0
1	0	0.279876	0.677931	0.222222	0.666667	0.111111	0	0	0.037037	0.2222222222222222	0.6666666666666666	0.037037037037037035	0.	0.	0.037037037037037035	0	2	0	2	0	0	2	0	0	2	0	0
1	0	0.306606	0.703659	0.222222	0.666667	0.111111	0	0	0.037037	0.25925925925925924	0.6666666666666666	0.037037037037037035	0.	0.	0.037037037037037035	0	2	1	2	0	0	2	0	0	2	0	1
1	0	0.243206	0.725848	0.222222	0.703704	0.111111	0	0	0.037037	0.2222222222222222	0.7037037037037037	0.037037037037037035	0.	0.	0.037037037037037035	0	2	0	2	0	1	2	0	0	2	1	0
1	0	0.235876	0.753359	0.222222	0.740741	0.111111	0	0	0.037037	0.2222222222222222	0.7407407407407407	0.037037037037037035	0.	0.	0.037037037037037035	0	2	0	2	0	2	2	0	0	2	2	0
1	0	0.0274845	0.80268	0	0.777778	0.111111	0	0	0.037037	0.	0.7777777777777778	0.037037037037037035	0.	0.	0.037037037037037035	0	0	0	2	1	0	2	0	1	0	0	0
1	0	0.0690006	0.782344	0	0.777778	0.111111	0	0	0.037037	0.037037037037037035	0.7777777777777778	0.037037037037037035	0.	0.	0.037037037037037035	0	0	1	2	1	0	2	0	1	0	0	1
1	0	0.046735	0.841092	0	0.814815	0.111111	0	0	0.037037	0.	0.8148148148148148	0.037037037037037035	0.	0.	0.037037037037037035	0	0	0	2	1	1	2	0	1	0	1	0
1	0	0.0951464	0.881237	0	0.851852	0.111111	0	0	0.037037	0.	0.8518518518518519	0.037037037037037035	0.	0.	0.037037037037037035	0	0	0	2	1	2	2	0	1	0	2	0
1	0	0.135007	0.81474	0.111111	0.777778	0.111111	0	0	0.037037	0.1111111111111111	0.7777777777777778	0.037037037037037035	0.	0.	0.037037037037037035	0	1	0	2	1	0	2	0	1	1	0	0
1	0	0.153145	0.792516	0.111111	0.777778	0.111111	0	0	0.037037	0.14814814814814814	0.7777777777777778	0.037037037037037035	0.	0.	0.037037037037037035	0	1	1	2	1	0	2	0	1	1	0	1
1	0	0.174821	0.851168	0.111111	0.814815	0.111111	0	0	0.037037	0.1111111111111111	0.8148148148148148	0.037037037037037035	0.	0.	0.037037037037037035	0	1	0	2	1	1	2	0	1	1	1	0
1	0	0.195501	0.867696	0.111111	0.851852	0.111111	0	0	0.037037	0.1111111111111111	0.8518518518518519	0.037037037037037035	0.	0.	0.037037037037037035	0	1	0	2	1	2	2	0	1	1	2	0
1	0	0.302496	0.814803	0.222222	0.777778	0.111111	0	0	0.037037	0.2222222222222222	0.7777777777777778	0.037037037037037035	0.	0.	0.037037037037037035	0	2	0	2	1	0	2	0	1	2	0	0
1	0	0.256508	0.851832	0.222222	0.814815	0.111111	0	0	0.037037	0.2222222222222222	0.8148148148148148	0.037037037037037035	0.	0.	0.037037037037037035	0	2	0	2	1	1	2	0	1	2	1	0
1	0	0.316865	0.873797	0.222222	0.851852	0.111111	0	0	0.037037	0.2222222222222222	0.8518518518518519	0.037037037037037035	0.	0.	0.037037037037037035	0	2	0	2	1	2	2	0	1	2	2	0
1	0	0.0864764	0.925914	0	0.888889	0.111111	0	0	0.037037	0.	0.8888888888888888	0.037037037037037035	0.	0.	0.037037037037037035	0	0	0	2	2	0	2	0	2	0	0	0
1	0	0.0367388	0.897565	0	0.888889	0.111111	0	0	0.037037	0.037037037037037035	0.8888888888888888	0.037037037037037035	0.	0.	0.037037037037037035	0	0	1	2	2	0	2	0	2	0	0	1
1	0	0.0598915	0.954387	0	0.925926	0.111111	0	0	0.037037	0.	0.9259259259259259	0.037037037037037035	0.	0.	0.037037037037037035	0	0	0	2	2	1	2	0	2	0	1	0
1	0	0.0147391	0.978115	0	0.962963	0.111111	0	0	0.037037	0.	0.9629629629629629	0.037037037037037035	0.	0.	0.037037037037037035	0	0	0	2	2	2	2	0	2	0	2	0
1	0	0.129194	0.911939	0.111111	0.888889	0.111111	0	0	0.037037	0.1111111111111111	0.8888888888888888	0.037037037037037035	0.	0.	0.037037037037037035	0	1	0	2	2	0	2	0	2	1	0	0
1	0	0.222052	0.924994	0.111111	0.888889	0.111111	0	0	0.037037	0.14814814814814814	0.8888888888888888	0.037037037037037035	0.	0.	0.037037037037037035	0	1	1	2	2	0	2	0	2	1	0	1
1	0	0.165705	0.962187	0.111111	0.925926	0.111111	0	0	0.037037	0.1111111111111111	0.9259259259259259	0.037037037037037035	0.	0.	0.037037037037037035	0	1	0	2	2	1	2	0	2	1	1	0
1	0	0.208299	0.986402	0.111111	0.962963	0.111111	0	0	0.037037	0.1111111111111111	0.9629629629629629	0.037037037037037035	0.	0.	0.037037037037037035	0	1	0	2	2	2	2	0	2	1	2	0
1	0	0.285977	0.890667	0.222222	0.888889	0.111111	0	0	0.037037	0.2222222222222222	0.8888888888888888	0.037037037037037035	0.	0.	0.037037037037037035	0	2	0	2	2	0	2	0	2	2	0	0
1	0	0.269525	0.944107	0.222222	0.925926	0.111111	0	0	0.037037	0.2222222222222222	0.9259259259259259	0.037037037037037035	0.	0.	0.037037037037037035	0	2	0	2	2	1	2	0	2	2	1	0
1	0	0.294055	0.99679	0.222222	0.962963	0.111111	0	0	0.037037	0.2222222222222222	0.9629629629629629	0.037037037037037035	0.	0.	0.037037037037037035	0	2	0	2	2	2	2	0	2	2	2	0
1	0	0.417393	0.693422	0.333333	0.666667	0.111111	0	0	0.037037	0.3333333333333333	0.6666666666666666	0.037037037037037035	0.	0.	0.037037037037037035	1	0	0	2	0	0	2	1	0	0	0	0
1	0	0.44081	0.703687	0.333333	0.666667	0.111111	0	0	0.037037	0.37037037037037035	0.6666666666666666	0.037037037037037035	0.	0.	0.037037037037037035	1	0	1	2	0	0	2	1	0	0	0	1
1	0	0.394331	0.740731	0.333333	0.703704	0.111111	0	0	0.037037	0.3333333333333333	0.7037037037037037	0.037037037037037035	0.	0.	0.037037037037037035	1	0	0	2	0	1	2	1	0	0	1	0
1	0	0.350842	0.772309	0.333333	0.740741	0.111111	0	0	0.037037	0.3333333333333333	0.7407407407407407	0.037037037037037035	0.	0.	0.037037037037037035	1	0	0	2	0	2	2	1	0	0	2	0
1	0	0.459934	0.682267	0.444444	0.666667	0.111111	0	0	0.037037	0.4444444444444444	0.6666666666666666	0.037037037037037035	0.	0.	0.037037037037037035	1	1	0	2	0	0	2	1	0	1	0	0
1	0	0.554575	0.703686	0.444444	0.666667	0.111111	0	0	0.037037	0.48148148148148145	0.6666666666666666	0.037037037037037035	0.	0.	0.037037037037037035	1	1	1	2	0	0	2	1	0	1	0	1
1	0	0.466983	0.732301	0.444444	0.703704	0.111111	0	0	0.037037	0.4444444444444444	0.7037037037037037	0.037037037037037035	0.	0.	0.037037037037037035	1	1	0	2	0	1	2	1	0	1	1	0
1	0	0.523593	0.760317	0.444444	0.740741	0.111111	0	0	0.037037	0.4444444444444444	0.7407407407407407	0.037037037037037035	0.	0.	0.037037037037037035	1	1	0	2	0	2	2	1	0	1	2	0
1	0	0.606736	0.670488	0.555556	0.666667	0.111111	0	0	0.037037	0.5555555555555556	0.6666666666666666	0.037037037037037035	0.	0.	0.037037037037037035	1	2	0	2	0	0	2	1	0	2	0	0
1	0	0.602754	0.674458	0.555556	0.666667	0.111111	0	0	0.037037	0.5925925925925926	0.6666666666666666	0.037037037037037035	0.	0.	0.037037037037037035	1	2	1	2	0	0	2	1	0	2	0	1
1	0	0.576658	0.722066	0.555556	0.703704	0.111111	0	0	0.037037	0.5555555555555556	0.7037037037037037	0.037037037037037035	0.	0.	0.037037037037037035	1	2	0	2	0	1	2	1	0	2	1	0
1	0	0.632297	0.756203	0.555556	0.740741	0.111111	0	0	0.037037	0.5555555555555556	0.7407407407407407	0.037037037037037035	0.	0.	0.037037037037037035	1	2	0	2	0	2	2	1	0	2	2	0
1	0	0.432442	0.814809	0.333333	0.777778	0.111111	0	0	0.037037	0.3333333333333333	0.7777777777777778	0.037037037037037035	0.	0.	0.037037037037037035	1	0	0	2	1	0	2	1	1	0	0	0
1	0	0.365151	0.806256	0.333333	0.777778	0.111111	0	0	0.037037	0.37037037037037035	0.7777777777777778	0.037037037037037035	0.	0.	0.037037037037037035	1	0	1	2	1	0	2	1	1	0	0	1
1	0	0.387608	0.836744	0.333333	0.814815	0.111111	0	0	0.037037	0.3333333333333333	0.8148148148148148	0.037037037037037035	0.	0.	0.037037037037037035	1	0	0	2	1	1	2	1	1	0	1	0
1	0	0.427225	0.885949	0.333333	0.851852	0.111111	0	0	0.037037	0.3333333333333333	0.8518518518518519	0.037037037037037035	0.	0.	0.037037037037037035	1	0	0	2	1	2	2	1	1	0	2	0
1	0	0.555525	0.809868	0.444444	0.777778	0.111111	0	0	0.037037	0.4444444444444444	0.7777777777777778	0.037037037037037035	0.	0.	0.037037037037037035	1	1	0	2	1	0	2	1	1	1	0	0
1	0	0.499957	0.797504	0.444444	0.777778	0.111111	0	0	0.037037	0.48148148148148145	0.7777777777777778	0.037037037037037035	0.	0.	0.037037037037037035	1	1	1	2	1	0	2	1	1	1	0	1
1	0	0.469766	0.845651	0.444444	0.814815	0.111111	0	0	0.037037	0.4444444444444444	0.8148148148148148	0.037037037037037035	0.	0.	0.037037037037037035	1	1	0	2	1	1	2	1	1	1	1	0
1	0	0.517497	0.863932	0.444444	0.851852	0.111111	0	0	0.037037	0.4444444444444444	0.8518518518518519	0.037037037037037035	0.	0.	0.037037037037037035	1	1	0	2	1	2	2	1	1	1	2	0
1	0	0.591928	0.785148	0.555556	0.777778	0.111111	0	0	0.037037	0.5555555555555556	0.7777777777777778	0.037037037037037035	0.	0.	0.037037037037037035	1	2	0	2	1	0	2	1	1	2	0	0
1	0	0.612718	0.830057	0.555556	0.814815	0.111111	0	0	0.037037	0.5555555555555556	0.8148148148148148	0.037037037037037035	0.	0.	0.037037037037037035	1	2	0	2	1	1	2	1	1	2	1	0
1	0	0.642085	0.877923	0.555556	0.851852	0.111111	0	0	0.037037	0.5555555555555556	0.8518518518518519	0.037037037037037035	0.	0.	0.037037037037037035	1	2	0	2	1	2	2	1	1	2	2	0
1	0	0.341513	0.903711	0.333333	0.888889	0.111111	0	0	0.037037	0.3333333333333333	0.8888888888888888	0.037037037037037035	0.	0.	0.037037037037037035	1	0	0	2	2	0	2	1	2	0	0	0
1	0	0.378934	0.925888	0.333333	0.888889	0.111111	0	0	0.037037	0.37037037037037035	0.8888888888888888	0.037037037037037035	0.	0.	0.037037037037037035	1	0	1	2	2	0	2	1	2	0	0	1
1	0	0.407148	0.962938	0.333333	0.925926	0.111111	0	0	0.037037	0.3333333333333333	0.9259259259259259	0.037037037037037035	0.	0.	0.037037037037037035	1	0	0	2	2	1	2	1	2	0	1	0
1	0	0.338679	0.971698	0.333333	0.962963	0.111111	0	0	0.037037	0.3333333333333333	0.9629629629629629	0.037037037037037035	0.	0.	0.037037037037037035	1	0	0	2	2	2	2	1	2	0	2	0
1	0	0.544877	0.907343	0.444444	0.888889	0.111111	0	0	0.037037	0.4444444444444444	0.8888888888888888	0.037037037037037035	0.	0.	0.037037037037037035	1	1	0	2	2	0	2	1	2	1	0	0
1	0	0.493927	0.918065	0.444444	0.888889	0.111111	0	0	0.037037	0.48148148148148145	0.8888888888888888	0.037037037037037035	0.	0.	0.037037037037037035	1	1	1	2	2	0	2	1	2	1	0	1
1	0	0.456914	0.948548	0.444444	0.925926	0.111111	0	0	0.037037	0.4444444444444444	0.9259259259259259	0.037037037037037035	0.	0.	0.037037037037037035	1	1	0	2	2	1	2	1	2	1	1	0
1	0	0.481871	0.990075	0.444444	0.962963	0.111111	0	0	0.037037	0.4444444444444444	0.9629629629629629	0.037037037037037035	0.	0.	0.037037037037037035	1	1	0	2	2	2	2	1	2	1	2	0
1	0	0.626154	0.921737	0.555556	0.888889	0.111111	0	0	0.037037	0.5555555555555556	0.8888888888888888	0.037037037037037035	0.	0.	0.037037037037037035	1	2	0	2	2	0	2	1	2	2	0	0
1	0	0.578712	0.940081	0.555556	0.925926	0.111111	0	0	0.037037	0.5555555555555556	0.9259259259259259	0.037037037037037035	0.	0.	0.037037037037037035	1	2	0	2	2	1	2	1	2	2	1	0
1	0	0.573477	0.981375	0.555556	0.962963	0.111111	0	0	0.037037	0.5555555555555556	0.9629629629629629	0.037037037037037035	0.	0.	0.037037037037037035	1	2	0	2	2	2	2	1	2	2	2	0
1	0	0.777592	0.702574	0.666667	0.666667	0.111111	0	0	0.037037	0.6666666666666666	0.6666666666666666	0.037037037037037035	0.	0.	0.037037037037037035	2	0	0	2	0	0	2	2	0	0	0	0
1	0	0.74274	0.689974	0.666667	0.666667	0.111111	0	0	0.037037	0.7037037037037037	0.6666666666666666	0.037037037037037035	0.	0.	0.037037037037037035	2	0	1	2	0	0	2	2	0	0	0	1
1	0	0.694892	0.739729	0.666667	0.703704	0.111111	0	0	0.037037	0.6666666666666666	0.7037037037037037	0.037037037037037035	0.	0.	0.037037037037037035	2	0	0	2	0	1	2	2	0	0	1	0
1	0	0.722358	0.763331	0.666667	0.740741	0.111111	0	0	0.037037	0.6666666666666666	0.7407407407407407	0.037037037037037035	0.	0.	0.037037037037037035	2	0	0	2	0	2	2	2	0	0	2	0
1	0	0.888881	0.697631	0.777778	0.666667	0.111111	0	0	0.037037	0.7777777777777778	0.6666666666666666	0.037037037037037035	0.	0.	0.037037037037037035	2	1	0	2	0	0	2	2	0	1	0	0
1	0	0.859729	0.66668	0.777778	0.666667	0.111111	0	0	0.037037	0.8148148148148148	0.6666666666666666	0.037037037037037035	0.	0.	0.037037037037037035	2	1	1	2	0	0	2	2	0	1	0	1
1	0	0.793787	0.729098	0.777778	0.703704	0.111111	0	0	0.037037	0.7777777777777778	0.7037037037037037	0.037037037037037035	0.	0.	0.037037037037037035	2	1	0	2	0	1	2	2	0	1	1	0
1	0	0.866586	0.769883	0.777778	0.740741	0.111111	0	0	0.037037	0.7777777777777778	0.7407407407407407	0.037037037037037035	0.	0.	0.037037037037037035	2	1	0	2	0	2	2	2	0	1	2	0
1	0	0.980581	0.680535	0.888889	0.666667	0.111111	0	0	0.037037	0.8888888888888888	0.6666666666666666	0.037037037037037035	0.	0.	0.037037037037037035	2	2	0	2	0	0	2	2	0	2	0	0
1	0	0.968704	0.666693	0.888889	0.666667	0.111111	0	0	0.037037	0.9259259259259259	0.6666666666666666	0.037037037037037035	0.	0.	0.037037037037037035	2	2	1	2	0	0	2	2	0	2	0	1
1	0	0.911537	0.71827	0.888889	0.703704	0.111111	0	0	0.037037	0.8888888888888888	0.7037037037037037	0.037037037037037035	0.	0.	0.037037037037037035	2	2	0	2	0	1	2	2	0	2	1	0
1	0	0.928198	0.748349	0.888889	0.740741	0.111111	0	0	0.037037	0.8888888888888888	0.7407407407407407	0.037037037037037035	0.	0.	0.037037037037037035	2	2	0	2	0	2	2	2	0	2	2	0
1	0	0.76714	0.812702	0.666667	0.777778	0.111111	0	0	0.037037	0.6666666666666666	0.7777777777777778	0.037037037037037035	0.	0.	0.037037037037037035	2	0	0	2	1	0	2	2	1	0	0	0
1	0	0.749181	0.788143	0.666667	0.777778	0.111111	0	0	0.037037	0.7037037037037037	0.7777777777777778	0.037037037037037035	0.	0.	0.037037037037037035	2	0	1	2	1	0	2	2	1	0	0	1
1	0	0.67754	0.833611	0.666667	0.814815	0.111111	0	0	0.037037	0.6666666666666666	0.8148148148148148	0.037037037037037035	0.	0.	0.037037037037037035	2	0	0	2	1	1	2	2	1	0	1	0
1	0	0.674128	0.860189	0.666667	0.851852	0.111111	0	0	0.037037	0.6666666666666666	0.8518518518518519	0.037037037037037035	0.	0.	0.037037037037037035	2	0	0	2	1	2	2	2	1	0	2	0
1	0	0.832733	0.794932	0.777778	0.777778	0.111111	0	0	0.037037	0.7777777777777778	0.7777777777777778	0.037037037037037035	0.	0.	0.037037037037037035	2	1	0	2	1	0	2	2	1	1	0	0
1	0	0.873974	0.814792	0.777778	0.777778	0.111111	0	0	0.037037	0.8148148148148148	0.7777777777777778	0.037037037037037035	0.	0.	0.037037037037037035	2	1	1	2	1	0	2	2	1	1	0	1
1	0	0.79967	0.848044	0.777778	0.814815	0.111111	0	0	0.037037	0.7777777777777778	0.8148148148148148	0.037037037037037035	0.	0.	0.037037037037037035	2	1	0	2	1	1	2	2	1	1	1	0
1	0	0.806777	0.871431	0.777778	0.851852	0.111111	0	0	0.037037	0.7777777777777778	0.8518518518518519	0.037037037037037035	0.	0.	0.037037037037037035	2	1	0	2	1	2	2	2	1	1	2	0
1	0	0.949355	0.778101	0.888889	0.777778	0.111111	0	0	0.037037	0.8888888888888888	0.7777777777777778	0.037037037037037035	0.	0.	0.037037037037037035	2	2	0	2	1	0	2	2	1	2	0	0
1	0	0.938763	0.827793	0.888889	0.814815	0.111111	0	0	0.037037	0.8888888888888888	0.8148148148148148	0.037037037037037035	0.	0.	0.037037037037037035	2	2	0	2	1	1	2	2	1	2	1	0
1	0	0.917781	0.857879	0.888889	0.851852	0.111111	0	0	0.037037	0.8888888888888888	0.8518518518518519	0.037037037037037035	0.	0.	0.037037037037037035	2	2	0	2	1	2	2	2	1	2	2	0
1	0	0.705187	0.893637	0.666667	0.888889	0.111111	0	0	0.037037	0.6666666666666666	0.8888888888888888	0.037037037037037035	0.	0.	0.037037037037037035	2	0	0	2	2	0	2	2	2	0	0	0
1	0	0.739435	0.914746	0.666667	0.888889	0.111111	0	0	0.037037	0.7037037037037037	0.8888888888888888	0.037037037037037035	0.	0.	0.037037037037037035	2	0	1	2	2	0	2	2	2	0	0	1
1	0	0.671779	0.95847	0.666667	0.925926	0.111111	0	0	0.037037	0.6666666666666666	0.9259259259259259	0.037037037037037035	0.	0.	0.037037037037037035	2	0	0	2	2	1	2	2	2	0	1	0
1	0	0.716685	0.992773	0.666667	0.962963	0.111111	0	0	0.037037	0.6666666666666666	0.9629629629629629	0.037037037037037035	0.	0.	0.037037037037037035	2	0	0	2	2	2	2	2	2	0	2	0
1	0	0.820132	0.900681	0.777778	0.888889	0.111111	0	0	0.037037	0.7777777777777778	0.8888888888888888	0.037037037037037035	0.	0.	0.037037037037037035	2	1	0	2	2	0	2	2	2	1	0	0
1	0	0.850843	0.925906	0.777778	0.888889	0.111111	0	0	0.037037	0.8148148148148148	0.8888888888888888	0.037037037037037035	0.	0.	0.037037037037037035	2	1	1	2	2	0	2	2	2	1	0	1
1	0	0.788434	0.951527	0.777778	0.925926	0.111111	0	0	0.037037	0.7777777777777778	0.9259259259259259	0.037037037037037035	0.	0.	0.037037037037037035	2	1	0	2	2	1	2	2	2	1	1	0
1	0	0.790836	0.974812	0.777778	0.962963	0.111111	0	0	0.037037	0.7777777777777778	0.9629629629629629	0.037037037037037035	0.	0.	0.037037037037037035	2	1	0	2	2	2	2	2	2	1	2	0
1	0	0.966265	0.888903	0.888889	0.888889	0.111111	0	0	0.037037	0.8888888888888888	0.8888888888888888	0.037037037037037035	0.	0.	0.037037037037037035	2	2	0	2	2	0	2	2	2	2	0	0
1	0	0.908445	0.937236	0.888889	0.925926	0.111111	0	0	0.037037	0.8888888888888888	0.9259259259259259	0.037037037037037035	0.	0.	0.037037037037037035	2	2	0	2	2	1	2	2	2	2	1	0
1	0	0.90577	0.967663	0.888889	0.962963	0.111111	0	0	0.037037	0.8888888888888888	0.9629629629629629	0.037037037037037035	0.	0.	0.037037037037037035	2	2	0	2	2	2	2	2	2	2	2	0
