3	0	0.00975988	0.0190004	0	0	0.111111	0	0	0.111111	0.	0.	0.1111111111111111	0.	0.	0.037037037037037035	0	0	0	0	0	0	0	0	0	0
4	0	0.0559273	0.0447979	0	0	0.111111	0	0	0.111111	0.	0.037037037037037035	0.1111111111111111	0.	0.	0.037037037037037035	0	0	0	0	1	0	0	0	0	1
5	0	0.142472	0.0678286	0.111111	0	0.111111	0	0	0.111111	0.1111111111111111	0.	0.037037037037037035	0.	0.	0.1111111111111111	0	1	0	0	0	0	0	0	1	0
6	0	0.174825	0.0905572	0.111111	0	0.111111	0	0	0.111111	0.14814814814814814	0.	0.037037037037037035	0.	0.	0.1111111111111111	0	1	1	0	0	0	0	0	1	1
3	0	0.316168	0.0772856	0.222222	0	0.111111	0	0	0.111111	0.2222222222222222	0.	0.1111111111111111	0.	0.	0.037037037037037035	0	2	0	0	0	0	0	0	2	0
4	0	0.281296	0.0301505	0.222222	0	0.111111	0	0	0.111111	0.2222222222222222	0.037037037037037035	0.1111111111111111	0.	0.	0.037037037037037035	0	2	0	0	1	0	0	0	2	1
5	0	0.038021	0.213906	0	0.111111	0.111111	0	0	0.111111	0.	0.1111111111111111	0.037037037037037035	0.	0.	0.1111111111111111	0	0	0	0	1	0	0	1	0	0
6	0	0.0665049	0.143088	0	0.111111	0.111111	0	0	0.111111	0.037037037037037035	0.1111111111111111	0.037037037037037035	0.	0.	0.1111111111111111	0	0	1	0	1	0	0	1	0	1
3	0	0.118904	0.118276	0.111111	0.111111	0.111111	0	0	0.111111	0.1111111111111111	0.1111111111111111	0.1111111111111111	0.	0.	0.037037037037037035	0	1	0	1	0	0	0	1	1	0
4	0	0.19473	0.194439	0.111111	0.111111	0.111111	0	0	0.111111	0.1111111111111111	0.14814814814814814	0.1111111111111111	0.	0.	0.037037037037037035	0	1	0	1	1	0	0	1	1	1
5	0	0.226834	0.156153	0.222222	0.111111	0.111111	0	0	0.111111	0.2222222222222222	0.1111111111111111	0.037037037037037035	0.	0.	0.1111111111111111	0	2	0	0	1	0	0	1	2	0
6	0	0.254945	0.168055	0.222222	0.111111	0.111111	0	0	0.111111	0.25925925925925924	0.1111111111111111	0.037037037037037035	0.	0.	0.1111111111111111	0	2	1	0	1	0	0	1	2	1
3	0	0.0994107	0.310136	0	0.222222	0.111111	0	0	0.111111	0.	0.2222222222222222	0.1111111111111111	0.	0.	0.037037037037037035	0	0	0	2	0	0	0	2	0	0
4	0	0.0182796	0.325972	0	0.222222	0.111111	0	0	0.111111	0.	0.25925925925925924	0.1111111111111111	0.	0.	0.037037037037037035	0	0	0	2	1	0	0	2	0	1
5	0	0.215321	0.300824	0.111111	0.222222	0.111111	0	0	0.111111	0.1111111111111111	0.2222222222222222	0.037037037037037035	0.	0.	0.1111111111111111	0	1	0	0	2	0	0	2	1	0
6	0	0.151684	0.233077	0.111111	0.222222	0.111111	0	0	0.111111	0.14814814814814814	0.2222222222222222	0.037037037037037035	0.	0.	0.1111111111111111	0	1	1	0	2	0	0	2	1	1
3	0	0.291695	0.270166	0.222222	0.222222	0.111111	0	0	0.111111	0.2222222222222222	0.2222222222222222	0.1111111111111111	0.	0.	0.037037037037037035	0	2	0	2	0	0	0	2	2	0
4	0	0.305359	0.248519	0.222222	0.222222	0.111111	0	0	0.111111	0.2222222222222222	0.25925925925925924	0.1111111111111111	0.	0.	0.037037037037037035	0	2	0	2	1	0	0	2	2	1
3	0	0.413168	0.00460165	0.333333	0	0.111111	0	0	0.111111	0.3333333333333333	0.	0.1111111111111111	0.	0.	0.037037037037037035	1	0	0	0	0	0	1	0	0	0
4	0	0.433715	0.0984274	0.333333	0	0.111111	0	0	0.111111	0.3333333333333333	0.037037037037037035	0.1111111111111111	0.	0.	0.037037037037037035	1	0	0	0	1	0	1	0	0	1
5	0	0.351482	0.126846	0.333333	0.111111	0.111111	0	0	0.111111	0.3333333333333333	0.1111111111111111	0.037037037037037035	0.	0.	0.1111111111111111	1	0	0	0	1	0	1	0	1	0
6	0	0.400091	0.185192	0.333333	0.111111	0.111111	0	0	0.111111	0.37037037037037035	0.1111111111111111	0.037037037037037035	0.	0.	0.1111111111111111	1	0	1	0	1	0	1	0	1	1
3	0	0.444424	0.281838	0.333333	0.222222	0.111111	0	0	0.111111	0.3333333333333333	0.2222222222222222	0.1111111111111111	0.	0.	0.037037037037037035	1	0	0	2	0	0	1	0	2	0
4	0	0.383565	0.260883	0.333333	0.222222	0.111111	0	0	0.111111	0.3333333333333333	0.25925925925925924	0.1111111111111111	0.	0.	0.037037037037037035	1	0	0	2	1	0	1	0	2	1
5	0	0.550047	0.106352	0.444444	0	0.111111	0	0	0.111111	0.4444444444444444	0.	0.037037037037037035	0.	0.	0.1111111111111111	1	1	0	0	0	0	1	1	0	0
6	0	0.515829	0.0580496	0.444444	0	0.111111	0	0	0.111111	0.48148148148148145	0.	0.037037037037037035	0.	0.	0.1111111111111111	1	1	1	0	0	0	1	1	0	1
3	0	0.538032	0.221381	0.444444	0.111111	0.111111	0	0	0.111111	0.4444444444444444	0.1111111111111111	0.1111111111111111	0.	0.	0.037037037037037035	1	1	0	1	0	0	1	1	1	0
4	0	0.459669	0.175192	0.444444	0.111111	0.111111	0	0	0.111111	0.4444444444444444	0.14814814814814814	0.1111111111111111	0.	0.	0.037037037037037035	1	1	0	1	1	0	1	1	1	1
5	0	0.499551	0.240814	0.444444	0.222222	0.111111	0	0	0.111111	0.4444444444444444	0.2222222222222222	0.037037037037037035	0.	0.	0.1111111111111111	1	1	0	0	2	0	1	1	2	0
6	0	0.473172	0.290235	0.444444	0.222222	0.111111	0	0	0.111111	0.48148148148148145	0.2222222222222222	0.037037037037037035	0.	0.	0.1111111111111111	1	1	1	0	2	0	1	1	2	1
3	0	0.574323	0.0119962	0.555556	0	0.111111	0	0	0.111111	0.5555555555555556	0.	0.1111111111111111	0.	0.	0.037037037037037035	1	2	0	0	0	0	1	2	0	0
4	0	0.618248	0.0508429	0.555556	0	0.111111	0	0	0.111111	0.5555555555555556	0.037037037037037035	0.1111111111111111	0.	0.	0.037037037037037035	1	2	0	0	1	0	1	2	0	1
5	0	0.627678	0.200079	0.555556	0.111111	0.111111	0	0	0.111111	0.5555555555555556	0.1111111111111111	0.037037037037037035	0.	0.	0.1111111111111111	1	2	0	0	1	0	1	2	1	0
6	0	0.588868	0.135029	0.555556	0.111111	0.111111	0	0	0.111111	0.5925925925925926	0.1111111111111111	0.037037037037037035	0.	0.	0.1111111111111111	1	2	1	0	1	0	1	2	1	1
3	0	0.652023	0.318613	0.555556	0.222222	0.111111	0	0	0.111111	0.5555555555555556	0.2222222222222222	0.1111111111111111	0.	0.	0.037037037037037035	1	2	0	2	0	0	1	2	2	0
4	0	0.663441	0.295861	0.555556	0.222222	0.111111	0	0	0.111111	0.5555555555555556	0.25925925925925924	0.1111111111111111	0.	0.	0.037037037037037035	1	2	0	2	1	0	1	2	2	1
3	0	0.708322	0.0358705	0.666667	0	0.111111	0	0	0.111111	0.6666666666666666	0.	0.1111111111111111	0.	0.	0.037037037037037035	2	0	0	0	0	0	2	0	0	0
4	0	0.753939	0.0833357	0.666667	0	0.111111	0	0	0.111111	0.6666666666666666	0.037037037037037035	0.1111111111111111	0.	0.	0.037037037037037035	2	0	0	0	1	0	2	0	0	1
5	0	0.88887	0.0234484	0.777778	0	0.111111	0	0	0.111111	0.7777777777777778	0.	0.037037037037037035	0.	0.	0.1111111111111111	2	1	0	0	0	0	2	0	1	0
6	0	0.858975	0.063063	0.777778	0	0.111111	0	0	0.111111	0.8148148148148148	0.	0.037037037037037035	0.	0.	0.1111111111111111	2	1	1	0	0	0	2	0	1	1
3	0	0.97412	0.0731537	0.888889	0	0.111111	0	0	0.111111	0.8888888888888888	0.	0.1111111111111111	0.	0.	0.037037037037037035	2	2	0	0	0	0	2	0	2	0
4	0	0.929506	0.110233	0.888889	0	0.111111	0	0	0.111111	0.8888888888888888	0.037037037037037035	0.1111111111111111	0.	0.	0.037037037037037035	2	2	0	0	1	0	2	0	2	1
5	0	0.693151	0.148854	0.666667	0.111111	0.111111	0	0	0.111111	0.6666666666666666	0.1111111111111111	0.037037037037037035	0.	0.	0.1111111111111111	2	0	0	0	1	0	2	1	0	0
6	0	0.72575	0.205945	0.666667	0.111111	0.111111	0	0	0.111111	0.7037037037037037	0.1111111111111111	0.037037037037037035	0.	0.	0.1111111111111111	2	0	1	0	1	0	2	1	0	1
3	0	0.80447	0.113564	0.777778	0.111111	0.111111	0	0	0.111111	0.7777777777777778	0.1111111111111111	0.1111111111111111	0.	0.	0.037037037037037035	2	1	0	1	0	0	2	1	1	0
4	0	0.846593	0.162094	0.777778	0.111111	0.111111	0	0	0.111111	0.7777777777777778	0.14814814814814814	0.1111111111111111	0.	0.	0.037037037037037035	2	1	0	1	1	0	2	1	1	1
5	0	0.910704	0.181551	0.888889	0.111111	0.111111	0	0	0.111111	0.8888888888888888	0.1111111111111111	0.037037037037037035	0.	0.	0.1111111111111111	2	2	0	0	1	0	2	1	2	0
6	0	0.99237	0.217751	0.888889	0.111111	0.111111	0	0	0.111111	0.9259259259259259	0.1111111111111111	0.037037037037037035	0.	0.	0.1111111111111111	2	2	1	0	1	0	2	1	2	1
3	0	0.76624	0.332488	0.666667	0.222222	0.111111	0	0	0.111111	0.6666666666666666	0.2222222222222222	0.1111111111111111	0.	0.	0.037037037037037035	2	0	0	2	0	0	2	2	0	0
4	0	0.776509	0.254638	0.666667	0.222222	0.111111	0	0	0.111111	0.6666666666666666	0.25925925925925924	0.1111111111111111	0.	0.	0.037037037037037035	2	0	0	2	1	0	2	2	0	1
5	0	0.790857	0.226817	0.777778	0.222222	0.111111	0	0	0.111111	0.7777777777777778	0.2222222222222222	0.037037037037037035	0.	0.	0.1111111111111111	2	1	0	0	2	0	2	2	1	0
6	0	0.819944	0.276833	0.777778	0.222222	0.111111	0	0	0.111111	0.8148148148148148	0.2222222222222222	0.037037037037037035	0.	0.	0.1111111111111111	2	1	1	0	2	0	2	2	1	1
3	0	0.957	0.265489	0.888889	0.222222	0.111111	0	0	0.111111	0.8888888888888888	0.2222222222222222	0.1111111111111111	0.	0.	0.037037037037037035	2	2	0	2	0	0	2	2	2	0
3	0	0.0265449	0.433172	0	0.333333	0.111111	0	0	0.111111	0.	0.3333333333333333	0.1111111111111111	0.	0.	0.037037037037037035	0	0	1	0	0	1	0	0	0	0
4	0	0.0798948	0.376173	0	0.333333	0.111111	0	0	0.111111	0.	0.37037037037037035	0.1111111111111111	0.	0.	0.037037037037037035	0	0	1	0	1	1	0	0	0	1
5	0	0.0914804	0.518668	0	0.444444	0.111111	0	0	0.111111	0.	0.4444444444444444	0.037037037037037035	0.	0.	0.1111111111111111	0	0	0	1	1	1	0	0	1	0
6	0	0.0711789	0.555518	0	0.444444	0.111111	0	0	0.111111	0.037037037037037035	0.4444444444444444	0.037037037037037035	0.	0.	0.1111111111111111	0	0	1	1	1	1	0	0	1	1
3	0	0.106243	0.664365	0	0.555556	0.111111	0	0	0.111111	0.	0.5555555555555556	0.1111111111111111	0.	0.	0.037037037037037035	0	0	1	2	0	1	0	0	2	0
4	0	0.0446415	0.608721	0	0.555556	0.111111	0	0	0.111111	0.	0.5925925925925926	0.1111111111111111	0.	0.	0.037037037037037035	0	0	1	2	1	1	0	0	2	1
5	0	0.132073	0.362822	0.111111	0.333333	0.111111	0	0	0.111111	0.1111111111111111	0.3333333333333333	0.037037037037037035	0.	0.	0.1111111111111111	0	1	0	1	0	1	0	1	0	0
6	0	0.182724	0.405754	0.111111	0.333333	0.111111	0	0	0.111111	0.14814814814814814	0.3333333333333333	0.037037037037037035	0.	0.	0.1111111111111111	0	1	1	1	0	1	0	1	0	1
3	0	0.159159	0.468304	0.111111	0.444444	0.111111	0	0	0.111111	0.1111111111111111	0.4444444444444444	0.1111111111111111	0.	0.	0.037037037037037035	0	1	1	1	0	1	0	1	1	0
4	0	0.207919	0.533145	0.111111	0.444444	0.111111	0	0	0.111111	0.1111111111111111	0.48148148148148145	0.1111111111111111	0.	0.	0.037037037037037035	0	1	1	1	1	1	0	1	1	1
5	0	0.11372	0.595204	0.111111	0.555556	0.111111	0	0	0.111111	0.1111111111111111	0.5555555555555556	0.037037037037037035	0.	0.	0.1111111111111111	0	1	0	1	2	1	0	1	2	0
6	0	0.201107	0.642004	0.111111	0.555556	0.111111	0	0	0.111111	0.14814814814814814	0.5555555555555556	0.037037037037037035	0.	0.	0.1111111111111111	0	1	1	1	2	1	0	1	2	1
3	0	0.326633	0.441795	0.222222	0.333333	0.111111	0	0	0.111111	0.2222222222222222	0.3333333333333333	0.1111111111111111	0.	0.	0.037037037037037035	0	2	1	0	0	1	0	2	0	0
4	0	0.235736	0.391008	0.222222	0.333333	0.111111	0	0	0.111111	0.2222222222222222	0.37037037037037035	0.1111111111111111	0.	0.	0.037037037037037035	0	2	1	0	1	1	0	2	0	1
5	0	0.274228	0.453588	0.222222	0.444444	0.111111	0	0	0.111111	0.2222222222222222	0.4444444444444444	0.037037037037037035	0.	0.	0.1111111111111111	0	2	0	1	1	1	0	2	1	0
6	0	0.266162	0.493851	0.222222	0.444444	0.111111	0	0	0.111111	0.25925925925925924	0.4444444444444444	0.037037037037037035	0.	0.	0.1111111111111111	0	2	1	1	1	1	0	2	1	1
3	0	0.248596	0.580938	0.222222	0.555556	0.111111	0	0	0.111111	0.2222222222222222	0.5555555555555556	0.1111111111111111	0.	0.	0.037037037037037035	0	2	1	2	0	1	0	2	2	0
4	0	0.333209	0.621715	0.222222	0.555556	0.111111	0	0	0.111111	0.2222222222222222	0.5925925925925926	0.1111111111111111	0.	0.	0.037037037037037035	0	2	1	2	1	1	0	2	2	1
3	0	0.340941	0.338798	0.333333	0.333333	0.111111	0	0	0.111111	0.3333333333333333	0.3333333333333333	0.1111111111111111	0.	0.	0.037037037037037035	1	0	1	0	0	1	1	0	0	0
4	0	0.37333	0.349674	0.333333	0.333333	0.111111	0	0	0.111111	0.3333333333333333	0.37037037037037035	0.1111111111111111	0.	0.	0.037037037037037035	1	0	1	0	1	1	1	0	0	1
5	0	0.481152	0.412998	0.444444	0.333333	0.111111	0	0	0.111111	0.4444444444444444	0.3333333333333333	0.037037037037037035	0.	0.	0.1111111111111111	1	1	0	1	0	1	1	0	1	0
6	0	0.529868	0.425476	0.444444	0.333333	0.111111	0	0	0.111111	0.48148148148148145	0.3333333333333333	0.037037037037037035	0.	0.	0.1111111111111111	1	1	1	1	0	1	1	0	1	1
3	0	0.604141	0.356371	0.555556	0.333333	0.111111	0	0	0.111111	0.5555555555555556	0.3333333333333333	0.1111111111111111	0.	0.	0.037037037037037035	1	2	1	0	0	1	1	0	2	0
4	0	0.637701	0.382743	0.555556	0.333333	0.111111	0	0	0.111111	0.5555555555555556	0.37037037037037035	0.1111111111111111	0.	0.	0.037037037037037035	1	2	1	0	1	1	1	0	2	1
5	0	0.365347	0.510031	0.333333	0.444444	0.111111	0	0	0.111111	0.3333333333333333	0.4444444444444444	0.037037037037037035	0.	0.	0.1111111111111111	1	0	0	1	1	1	1	1	0	0
6	0	0.393286	0.47634	0.333333	0.444444	0.111111	0	0	0.111111	0.37037037037037035	0.4444444444444444	0.037037037037037035	0.	0.	0.1111111111111111	1	0	1	1	1	1	1	1	0	1
3	0	0.555518	0.549501	0.444444	0.444444	0.111111	0	0	0.111111	0.4444444444444444	0.4444444444444444	0.1111111111111111	0.	0.	0.037037037037037035	1	1	1	1	0	1	1	1	1	0
4	0	0.509188	0.501921	0.444444	0.444444	0.111111	0	0	0.111111	0.4444444444444444	0.48148148148148145	0.1111111111111111	0.	0.	0.037037037037037035	1	1	1	1	1	1	1	1	1	1
5	0	0.56639	0.483643	0.555556	0.444444	0.111111	0	0	0.111111	0.5555555555555556	0.4444444444444444	0.037037037037037035	0.	0.	0.1111111111111111	1	2	0	1	1	1	1	1	2	0
6	0	0.597315	0.539808	0.555556	0.444444	0.111111	0	0	0.111111	0.5925925925925926	0.4444444444444444	0.037037037037037035	0.	0.	0.1111111111111111	1	2	1	1	1	1	1	1	2	1
3	0	0.426383	0.573031	0.333333	0.555556	0.111111	0	0	0.111111	0.3333333333333333	0.5555555555555556	0.1111111111111111	0.	0.	0.037037037037037035	1	0	1	2	0	1	1	2	0	0
4	0	0.35852	0.631172	0.333333	0.555556	0.111111	0	0	0.111111	0.3333333333333333	0.5925925925925926	0.1111111111111111	0.	0.	0.037037037037037035	1	0	1	2	1	1	1	2	0	1
5	0	0.452134	0.655198	0.444444	0.555556	0.111111	0	0	0.111111	0.4444444444444444	0.5555555555555556	0.037037037037037035	0.	0.	0.1111111111111111	1	1	0	1	2	1	1	2	1	0
6	0	0.492511	0.565393	0.444444	0.555556	0.111111	0	0	0.111111	0.48148148148148145	0.5555555555555556	0.037037037037037035	0.	0.	0.1111111111111111	1	1	1	1	2	1	1	2	1	1
3	0	0.644282	0.648308	0.555556	0.555556	0.111111	0	0	0.111111	0.5555555555555556	0.5555555555555556	0.1111111111111111	0.	0.	0.037037037037037035	1	2	1	2	0	1	1	2	2	0
4	0	0.666625	0.61601	0.555556	0.555556	0.111111	0	0	0.111111	0.5555555555555556	0.5925925925925926	0.1111111111111111	0.	0.	0.037037037037037035	1	2	1	2	1	1	1	2	2	1
3	0	0.746255	0.420212	0.666667	0.333333	0.111111	0	0	0.111111	0.6666666666666666	0.3333333333333333	0.1111111111111111	0.	0.	0.037037037037037035	2	0	1	0	0	1	2	0	0	0
4	0	0.67742	0.398729	0.666667	0.333333	0.111111	0	0	0.111111	0.6666666666666666	0.37037037037037035	0.1111111111111111	0.	0.	0.037037037037037035	2	0	1	0	1	1	2	0	0	1
5	0	0.685934	0.461983	0.666667	0.444444	0.111111	0	0	0.111111	0.6666666666666666	0.4444444444444444	0.037037037037037035	0.	0.	0.1111111111111111	2	0	0	1	1	1	2	0	1	0
6	0	0.738976	0.524992	0.666667	0.444444	0.111111	0	0	0.111111	0.7037037037037037	0.4444444444444444	0.037037037037037035	0.	0.	0.1111111111111111	2	0	1	1	1	1	2	0	1	1
3	0	0.718052	0.586813	0.666667	0.555556	0.111111	0	0	0.111111	0.6666666666666666	0.5555555555555556	0.1111111111111111	0.	0.	0.037037037037037035	2	0	1	2	0	1	2	0	2	0
4	0	0.777746	0.666328	0.666667	0.555556	0.111111	0	0	0.111111	0.6666666666666666	0.5925925925925926	0.1111111111111111	0.	0.	0.037037037037037035	2	0	1	2	1	1	2	0	2	1
5	0	0.827575	0.444356	0.777778	0.333333	0.111111	0	0	0.111111	0.7777777777777778	0.3333333333333333	0.037037037037037035	0.	0.	0.1111111111111111	2	1	0	1	0	1	2	1	0	0
6	0	0.838047	0.369804	0.777778	0.333333	0.111111	0	0	0.111111	0.8148148148148148	0.3333333333333333	0.037037037037037035	0.	0.	0.1111111111111111	2	1	1	1	0	1	2	1	0	1
3	0	0.865739	0.488735	0.777778	0.444444	0.111111	0	0	0.111111	0.7777777777777778	0.4444444444444444	0.1111111111111111	0.	0.	0.037037037037037035	2	1	1	1	0	1	2	1	1	0
4	0	0.873188	0.545275	0.777778	0.444444	0.111111	0	0	0.111111	0.7777777777777778	0.48148148148148145	0.1111111111111111	0.	0.	0.037037037037037035	2	1	1	1	1	1	2	1	1	1
5	0	0.879876	0.636426	0.777778	0.555556	0.111111	0	0	0.111111	0.7777777777777778	0.5555555555555556	0.037037037037037035	0.	0.	0.1111111111111111	2	1	0	1	2	1	2	1	2	0
6	0	0.812071	0.602522	0.777778	0.555556	0.111111	0	0	0.111111	0.8148148148148148	0.5555555555555556	0.037037037037037035	0.	0.	0.1111111111111111	2	1	1	1	2	1	2	1	2	1
3	0	0.901192	0.343263	0.888889	0.333333	0.111111	0	0	0.111111	0.8888888888888888	0.3333333333333333	0.1111111111111111	0.	0.	0.037037037037037035	2	2	1	0	0	1	2	2	0	0
4	0	0.945777	0.387225	0.888889	0.333333	0.111111	0	0	0.111111	0.8888888888888888	0.37037037037037035	0.1111111111111111	0.	0.	0.037037037037037035	2	2	1	0	1	1	2	2	0	1
5	0	0.96596	0.457666	0.888889	0.444444	0.111111	0	0	0.111111	0.8888888888888888	0.4444444444444444	0.037037037037037035	0.	0.	0.1111111111111111	2	2	0	1	1	1	2	2	1	0
6	0	0.936856	0.513774	0.888889	0.444444	0.111111	0	0	0.111111	0.9259259259259259	0.4444444444444444	0.037037037037037035	0.	0.	0.1111111111111111	2	2	1	1	1	1	2	2	1	1
3	0	0.921531	0.591325	0.888889	0.555556	0.111111	0	0	0.111111	0.8888888888888888	0.5555555555555556	0.1111111111111111	0.	0.	0.037037037037037035	2	2	1	2	0	1	2	2	2	0
3	0	0.0850514	0.756028	0	0.666667	0.111111	0	0	0.111111	0.	0.6666666666666666	0.1111111111111111	0.	0.	0.037037037037037035	0	0	2	0	0	2	0	0	0	0
4	0	0.0037574	0.712713	0	0.666667	0.111111	0	0	0.111111	0.	0.7037037037037037	0.1111111111111111	0.	0.	0.037037037037037035	0	0	2	0	1	2	0	0	0	1
5	0	0.127363	0.777688	0.111111	0.666667	0.111111	0	0	0.111111	0.1111111111111111	0.6666666666666666	0.037037037037037035	0.	0.	0.1111111111111111	0	1	0	2	0	2	0	0	1	0
6	0	0.165653	0.698424	0.111111	0.666667	0.111111	0	0	0.111111	0.14814814814814814	0.6666666666666666	0.037037037037037035	0.	0.	0.1111111111111111	0	1	1	2	0	2	0	0	1	1
3	0	0.242096	0.681278	0.222222	0.666667	0.111111	0	0	0.111111	0.2222222222222222	0.6666666666666666	0.1111111111111111	0.	0.	0.037037037037037035	0	2	2	0	0	2	0	0	2	0
4	0	0.298162	0.743637	0.222222	0.666667	0.111111	0	0	0.111111	0.2222222222222222	0.7037037037037037	0.1111111111111111	0.	0.	0.037037037037037035	0	2	2	0	1	2	0	0	2	1
5	0	0.0499343	0.880323	0	0.777778	0.111111	0	0	0.111111	0.	0.7777777777777778	0.037037037037037035	0.	0.	0.1111111111111111	0	0	0	2	1	2	0	1	0	0
6	0	0.0310344	0.825733	0	0.777778	0.111111	0	0	0.111111	0.037037037037037035	0.7777777777777778	0.037037037037037035	0.	0.	0.1111111111111111	0	0	1	2	1	2	0	1	0	1
3	0	0.221239	0.865484	0.111111	0.777778	0.111111	0	0	0.111111	0.1111111111111111	0.7777777777777778	0.1111111111111111	0.	0.	0.037037037037037035	0	1	2	1	0	2	0	1	1	0
4	0	0.187885	0.811541	0.111111	0.777778	0.111111	0	0	0.111111	0.1111111111111111	0.8148148148148148	0.1111111111111111	0.	0.	0.037037037037037035	0	1	2	1	1	2	0	1	1	1
5	0	0.261732	0.851983	0.222222	0.777778	0.111111	0	0	0.111111	0.2222222222222222	0.7777777777777778	0.037037037037037035	0.	0.	0.1111111111111111	0	2	0	2	1	2	0	1	2	0
6	0	0.319651	0.790058	0.222222	0.777778	0.111111	0	0	0.111111	0.25925925925925924	0.7777777777777778	0.037037037037037035	0.	0.	0.1111111111111111	0	2	1	2	1	2	0	1	2	1
3	0	0.0608023	0.962101	0	0.888889	0.111111	0	0	0.111111	0.	0.8888888888888888	0.1111111111111111	0.	0.	0.037037037037037035	0	0	2	2	0	2	0	2	0	0
4	0	0.0904283	0.999999	0	0.888889	0.111111	0	0	0.111111	0.	0.9259259259259259	0.1111111111111111	0.	0.	0.037037037037037035	0	0	2	2	1	2	0	2	0	1
5	0	0.137565	0.911914	0.111111	0.888889	0.111111	0	0	0.111111	0.1111111111111111	0.8888888888888888	0.037037037037037035	0.	0.	0.1111111111111111	0	1	0	2	2	2	0	2	1	0
6	0	0.169053	0.937824	0.111111	0.888889	0.111111	0	0	0.111111	0.14814814814814814	0.8888888888888888	0.037037037037037035	0.	0.	0.1111111111111111	0	1	1	2	2	2	0	2	1	1
3	0	0.286538	0.927317	0.222222	0.888889	0.111111	0	0	0.111111	0.2222222222222222	0.8888888888888888	0.1111111111111111	0.	0.	0.037037037037037035	0	2	2	2	0	2	0	2	2	0
4	0	0.308864	0.974275	0.222222	0.888889	0.111111	0	0	0.111111	0.2222222222222222	0.9259259259259259	0.1111111111111111	0.	0.	0.037037037037037035	0	2	2	2	1	2	0	2	2	1
3	0	0.405407	0.765061	0.333333	0.666667	0.111111	0	0	0.111111	0.3333333333333333	0.6666666666666666	0.1111111111111111	0.	0.	0.037037037037037035	1	0	2	0	0	2	1	0	0	0
4	0	0.419369	0.720032	0.333333	0.666667	0.111111	0	0	0.111111	0.3333333333333333	0.7037037037037037	0.1111111111111111	0.	0.	0.037037037037037035	1	0	2	0	1	2	1	0	0	1
5	0	0.438873	0.888865	0.333333	0.777778	0.111111	0	0	0.111111	0.3333333333333333	0.7777777777777778	0.037037037037037035	0.	0.	0.1111111111111111	1	0	0	2	1	2	1	0	1	0
6	0	0.379289	0.843415	0.333333	0.777778	0.111111	0	0	0.111111	0.37037037037037035	0.7777777777777778	0.037037037037037035	0.	0.	0.1111111111111111	1	0	1	2	1	2	1	0	1	1
3	0	0.34674	0.899639	0.333333	0.888889	0.111111	0	0	0.111111	0.3333333333333333	0.8888888888888888	0.1111111111111111	0.	0.	0.037037037037037035	1	0	2	2	0	2	1	0	2	0
4	0	0.369	0.995926	0.333333	0.888889	0.111111	0	0	0.111111	0.3333333333333333	0.9259259259259259	0.1111111111111111	0.	0.	0.037037037037037035	1	0	2	2	1	2	1	0	2	1
5	0	0.466862	0.689741	0.444444	0.666667	0.111111	0	0	0.111111	0.4444444444444444	0.6666666666666666	0.037037037037037035	0.	0.	0.1111111111111111	1	1	0	2	0	2	1	1	0	0
6	0	0.524446	0.734643	0.444444	0.666667	0.111111	0	0	0.111111	0.48148148148148145	0.6666666666666666	0.037037037037037035	0.	0.	0.1111111111111111	1	1	1	2	0	2	1	1	0	1
3	0	0.487169	0.798202	0.444444	0.777778	0.111111	0	0	0.111111	0.4444444444444444	0.7777777777777778	0.1111111111111111	0.	0.	0.037037037037037035	1	1	2	1	0	2	1	1	1	0
4	0	0.543966	0.833725	0.444444	0.777778	0.111111	0	0	0.111111	0.4444444444444444	0.8148148148148148	0.1111111111111111	0.	0.	0.037037037037037035	1	1	2	1	1	2	1	1	1	1
5	0	0.504726	0.944746	0.444444	0.888889	0.111111	0	0	0.111111	0.4444444444444444	0.8888888888888888	0.037037037037037035	0.	0.	0.1111111111111111	1	1	0	2	2	2	1	1	2	0
6	0	0.448472	0.982638	0.444444	0.888889	0.111111	0	0	0.111111	0.48148148148148145	0.8888888888888888	0.037037037037037035	0.	0.	0.1111111111111111	1	1	1	2	2	2	1	1	2	1
3	0	0.611464	0.772113	0.555556	0.666667	0.111111	0	0	0.111111	0.5555555555555556	0.6666666666666666	0.1111111111111111	0.	0.	0.037037037037037035	1	2	2	0	0	2	1	2	0	0
4	0	0.580717	0.726735	0.555556	0.666667	0.111111	0	0	0.111111	0.5555555555555556	0.7037037037037037	0.1111111111111111	0.	0.	0.037037037037037035	1	2	2	0	1	2	1	2	0	1
5	0	0.631817	0.804735	0.555556	0.777778	0.111111	0	0	0.111111	0.5555555555555556	0.7777777777777778	0.037037037037037035	0.	0.	0.1111111111111111	1	2	0	2	1	2	1	2	1	0
6	0	0.658	0.873527	0.555556	0.777778	0.111111	0	0	0.111111	0.5925925925925926	0.7777777777777778	0.037037037037037035	0.	0.	0.1111111111111111	1	2	1	2	1	2	1	2	1	1
3	0	0.592954	0.919586	0.555556	0.888889	0.111111	0	0	0.111111	0.5555555555555556	0.8888888888888888	0.1111111111111111	0.	0.	0.037037037037037035	1	2	2	2	0	2	1	2	2	0
4	0	0.562429	0.954513	0.555556	0.888889	0.111111	0	0	0.111111	0.5555555555555556	0.9259259259259259	0.1111111111111111	0.	0.	0.037037037037037035	1	2	2	2	1	2	1	2	2	1
3	0	0.700073	0.675604	0.666667	0.666667	0.111111	0	0	0.111111	0.6666666666666666	0.6666666666666666	0.1111111111111111	0.	0.	0.037037037037037035	2	0	2	0	0	2	2	0	0	0
4	0	0.732761	0.705477	0.666667	0.666667	0.111111	0	0	0.111111	0.6666666666666666	0.7037037037037037	0.1111111111111111	0.	0.	0.037037037037037035	2	0	2	0	1	2	2	0	0	1
5	0	0.798891	0.751156	0.777778	0.666667	0.111111	0	0	0.111111	0.7777777777777778	0.6666666666666666	0.037037037037037035	0.	0.	0.1111111111111111	2	1	0	2	0	2	2	0	1	0
6	0	0.887169	0.738371	0.777778	0.666667	0.111111	0	0	0.111111	0.8148148148148148	0.6666666666666666	0.037037037037037035	0.	0.	0.1111111111111111	2	1	1	2	0	2	2	0	1	1
3	0	0.986891	0.715808	0.888889	0.666667	0.111111	0	0	0.111111	0.8888888888888888	0.6666666666666666	0.1111111111111111	0.	0.	0.037037037037037035	2	2	2	0	0	2	2	0	2	0
4	0	0.97981	0.685337	0.888889	0.666667	0.111111	0	0	0.111111	0.8888888888888888	0.7037037037037037	0.1111111111111111	0.	0.	0.037037037037037035	2	2	2	0	1	2	2	0	2	1
5	0	0.712262	0.859014	0.666667	0.777778	0.111111	0	0	0.111111	0.6666666666666666	0.7777777777777778	0.037037037037037035	0.	0.	0.1111111111111111	2	0	0	2	1	2	2	1	0	0
6	0	0.759931	0.81739	0.666667	0.777778	0.111111	0	0	0.111111	0.7037037037037037	0.7777777777777778	0.037037037037037035	0.	0.	0.1111111111111111	2	0	1	2	1	2	2	1	0	1
3	0	0.832481	0.886046	0.777778	0.777778	0.111111	0	0	0.111111	0.7777777777777778	0.7777777777777778	0.1111111111111111	0.	0.	0.037037037037037035	2	1	2	1	0	2	2	1	1	0
4	0	0.851907	0.83855	0.777778	0.777778	0.111111	0	0	0.111111	0.7777777777777778	0.8148148148148148	0.1111111111111111	0.	0.	0.037037037037037035	2	1	2	1	1	2	2	1	1	1
5	0	0.915321	0.783884	0.888889	0.777778	0.111111	0	0	0.111111	0.8888888888888888	0.7777777777777778	0.037037037037037035	0.	0.	0.1111111111111111	2	2	0	2	1	2	2	1	2	0
6	0	0.952594	0.821359	0.888889	0.777778	0.111111	0	0	0.111111	0.9259259259259259	0.7777777777777778	0.037037037037037035	0.	0.	0.1111111111111111	2	2	1	2	1	2	2	1	2	1
3	0	0.682219	0.988875	0.666667	0.888889	0.111111	0	0	0.111111	0.6666666666666666	0.8888888888888888	0.1111111111111111	0.	0.	0.037037037037037035	2	0	2	2	0	2	2	2	0	0
4	0	0.770945	0.906593	0.666667	0.888889	0.111111	0	0	0.111111	0.6666666666666666	0.9259259259259259	0.1111111111111111	0.	0.	0.037037037037037035	2	0	2	2	1	2	2	2	0	1
5	0	0.883707	0.949662	0.777778	0.888889	0.111111	0	0	0.111111	0.7777777777777778	0.8888888888888888	0.037037037037037035	0.	0.	0.1111111111111111	2	1	0	2	2	2	2	2	1	0
6	0	0.794788	0.968419	0.777778	0.888889	0.111111	0	0	0.111111	0.8148148148148148	0.8888888888888888	0.037037037037037035	0.	0.	0.1111111111111111	2	1	1	2	2	2	2	2	1	1
3	0	0.940973	0.930799	0.888889	0.888889	0.111111	0	0	0.111111	0.8888888888888888	0.8888888888888888	0.1111111111111111	0.	0.	0.037037037037037035	2	2	2	2	0	2	2	2	2	0
