2	0	0.101104	0.00665868	0	0	0.111111	0	0	0.111111	0.	0.	0.1111111111111111	0.	0.	0.037037037037037035	0	0	0	0	0	0	0	0	0	0
2	0	0.025703	0.0628008	0	0	0.111111	0	0	0.111111	0.	0.037037037037037035	0.1111111111111111	0.	0.	0.037037037037037035	0	0	0	0	1	0	0	0	0	1
2	0	0.0833928	0.0886678	0	0	0.111111	0	0	0.111111	0.	0.07407407407407407	0.1111111111111111	0.	0.	0.037037037037037035	0	0	0	0	2	0	0	0	0	2
2	0	0.213427	0.031478	0.111111	0	0.111111	0	0	0.111111	0.1111111111111111	0.	0.1111111111111111	0.	0.	0.037037037037037035	0	1	0	0	0	0	0	0	1	0
2	0	0.139783	0.0729515	0.111111	0	0.111111	0	0	0.111111	0.1111111111111111	0.037037037037037035	0.1111111111111111	0.	0.	0.037037037037037035	0	1	0	0	1	0	0	0	1	1
2	0	0.174608	0.106955	0.111111	0	0.111111	0	0	0.111111	0.1111111111111111	0.07407407407407407	0.1111111111111111	0.	0.	0.037037037037037035	0	1	0	0	2	0	0	0	1	2
2	0	0.277693	0.023828	0.222222	0	0.111111	0	0	0.111111	0.2222222222222222	0.	0.1111111111111111	0.	0.	0.037037037037037035	0	2	0	0	0	0	0	0	2	0
2	0	0.265475	0.111097	0.222222	0	0.111111	0	0	0.111111	0.2222222222222222	0.037037037037037035	0.1111111111111111	0.	0.	0.037037037037037035	0	2	0	0	1	0	0	0	2	1
2	0	0.0678489	0.148097	0	0.111111	0.111111	0	0	0.111111	0.	0.1111111111111111	0.1111111111111111	0.	0.	0.037037037037037035	0	0	0	1	0	0	0	1	0	0
2	0	0.111105	0.17631	0	0.111111	0.111111	0	0	0.111111	0.	0.14814814814814814	0.1111111111111111	0.	0.	0.037037037037037035	0	0	0	1	1	0	0	1	0	1
2	0	0.0362839	0.20081	0	0.111111	0.111111	0	0	0.111111	0.	0.18518518518518517	0.1111111111111111	0.	0.	0.037037037037037035	0	0	0	1	2	0	0	1	0	2
2	0	0.203442	0.185612	0.111111	0.111111	0.111111	0	0	0.111111	0.1111111111111111	0.1111111111111111	0.1111111111111111	0.	0.	0.037037037037037035	0	1	0	1	0	0	0	1	1	0
2	0	0.2221	0.160245	0.111111	0.111111	0.111111	0	0	0.111111	0.1111111111111111	0.14814814814814814	0.1111111111111111	0.	0.	0.037037037037037035	0	1	0	1	1	0	0	1	1	1
2	0	0.30617	0.124199	0.222222	0.111111	0.111111	0	0	0.111111	0.2222222222222222	0.1111111111111111	0.1111111111111111	0.	0.	0.037037037037037035	0	2	0	1	0	0	0	1	2	0
2	0	0.324975	0.20728	0.222222	0.111111	0.111111	0	0	0.111111	0.2222222222222222	0.14814814814814814	0.1111111111111111	0.	0.	0.037037037037037035	0	2	0	1	1	0	0	1	2	1
2	0	0.110782	0.326227	0	0.222222	0.111111	0	0	0.111111	0.	0.2222222222222222	0.1111111111111111	0.	0.	0.037037037037037035	0	0	0	2	0	0	0	2	0	0
2	0	0.0140972	0.269325	0	0.222222	0.111111	0	0	0.111111	0.	0.25925925925925924	0.1111111111111111	0.	0.	0.037037037037037035	0	0	0	2	1	0	0	2	0	1
2	0	0.0457789	0.30111	0	0.222222	0.111111	0	0	0.111111	0.	0.2962962962962963	0.1111111111111111	0.	0.	0.037037037037037035	0	0	0	2	2	0	0	2	0	2
2	0	0.154941	0.235717	0.111111	0.222222	0.111111	0	0	0.111111	0.1111111111111111	0.2222222222222222	0.1111111111111111	0.	0.	0.037037037037037035	0	1	0	2	0	0	0	2	1	0
2	0	0.186838	0.253263	0.111111	0.222222	0.111111	0	0	0.111111	0.1111111111111111	0.25925925925925924	0.1111111111111111	0.	0.	0.037037037037037035	0	1	0	2	1	0	0	2	1	1
2	0	0.332644	0.317841	0.222222	0.222222	0.111111	0	0	0.111111	0.2222222222222222	0.2222222222222222	0.1111111111111111	0.	0.	0.037037037037037035	0	2	0	2	0	0	0	2	2	0
2	0	0.285062	0.292172	0.222222	0.222222	0.111111	0	0	0.111111	0.2222222222222222	0.25925925925925924	0.1111111111111111	0.	0.	0.037037037037037035	0	2	0	2	1	0	0	2	2	1
2	0	0.408975	0.0130809	0.333333	0	0.111111	0	0	0.111111	0.3333333333333333	0.	0.1111111111111111	0.	0.	0.037037037037037035	1	0	0	0	0	0	1	0	0	0
2	0	0.368971	0.0465385	0.333333	0	0.111111	0	0	0.111111	0.3333333333333333	0.037037037037037035	0.1111111111111111	0.	0.	0.037037037037037035	1	0	0	0	1	0	1	0	0	1
2	0	0.444368	0.0942351	0.333333	0	0.111111	0	0	0.111111	0.3333333333333333	0.07407407407407407	0.1111111111111111	0.	0.	0.037037037037037035	1	0	0	0	2	0	1	0	0	2
2	0	0.494391	0.0386293	0.444444	0	0.111111	0	0	0.111111	0.4444444444444444	0.	0.1111111111111111	0.	0.	0.037037037037037035	1	1	0	0	0	0	1	0	1	0
2	0	0.534991	0.0573997	0.444444	0	0.111111	0	0	0.111111	0.4444444444444444	0.037037037037037035	0.1111111111111111	0.	0.	0.037037037037037035	1	1	0	0	1	0	1	0	1	1
2	0	0.623881	0.0781635	0.555556	0	0.111111	0	0	0.111111	0.5555555555555556	0.	0.1111111111111111	0.	0.	0.037037037037037035	1	2	0	0	0	0	1	0	2	0
2	0	0.606474	0.0506172	0.555556	0	0.111111	0	0	0.111111	0.5555555555555556	0.037037037037037035	0.1111111111111111	0.	0.	0.037037037037037035	1	2	0	0	1	0	1	0	2	1
2	0	0.353144	0.136485	0.333333	0.111111	0.111111	0	0	0.111111	0.3333333333333333	0.1111111111111111	0.1111111111111111	0.	0.	0.037037037037037035	1	0	0	1	0	0	1	1	0	0
2	0	0.444433	0.212328	0.333333	0.111111	0.111111	0	0	0.111111	0.3333333333333333	0.14814814814814814	0.1111111111111111	0.	0.	0.037037037037037035	1	0	0	1	1	0	1	1	0	1
2	0	0.43457	0.222141	0.333333	0.111111	0.111111	0	0	0.111111	0.3333333333333333	0.18518518518518517	0.1111111111111111	0.	0.	0.037037037037037035	1	0	0	1	2	0	1	1	0	2
2	0	0.546647	0.192797	0.444444	0.111111	0.111111	0	0	0.111111	0.4444444444444444	0.1111111111111111	0.1111111111111111	0.	0.	0.037037037037037035	1	1	0	1	0	0	1	1	1	0
2	0	0.520493	0.168966	0.444444	0.111111	0.111111	0	0	0.111111	0.4444444444444444	0.14814814814814814	0.1111111111111111	0.	0.	0.037037037037037035	1	1	0	1	1	0	1	1	1	1
2	0	0.572134	0.129055	0.555556	0.111111	0.111111	0	0	0.111111	0.5555555555555556	0.1111111111111111	0.1111111111111111	0.	0.	0.037037037037037035	1	2	0	1	0	0	1	1	2	0
2	0	0.656727	0.141583	0.555556	0.111111	0.111111	0	0	0.111111	0.5555555555555556	0.14814814814814814	0.1111111111111111	0.	0.	0.037037037037037035	1	2	0	1	1	0	1	1	2	1
2	0	0.3769	0.243953	0.333333	0.222222	0.111111	0	0	0.111111	0.3333333333333333	0.2222222222222222	0.1111111111111111	0.	0.	0.037037037037037035	1	0	0	2	0	0	1	2	0	0
2	0	0.44441	0.276455	0.333333	0.222222	0.111111	0	0	0.111111	0.3333333333333333	0.25925925925925924	0.1111111111111111	0.	0.	0.037037037037037035	1	0	0	2	1	0	1	2	0	1
2	0	0.426282	0.31122	0.333333	0.222222	0.111111	0	0	0.111111	0.3333333333333333	0.2962962962962963	0.1111111111111111	0.	0.	0.037037037037037035	1	0	0	2	2	0	1	2	0	2
2	0	0.555399	0.331207	0.444444	0.222222	0.111111	0	0	0.111111	0.4444444444444444	0.2222222222222222	0.1111111111111111	0.	0.	0.037037037037037035	1	1	0	2	0	0	1	2	1	0
2	0	0.486151	0.261375	0.444444	0.222222	0.111111	0	0	0.111111	0.4444444444444444	0.25925925925925924	0.1111111111111111	0.	0.	0.037037037037037035	1	1	0	2	1	0	1	2	1	1
2	0	0.649173	0.286629	0.555556	0.222222	0.111111	0	0	0.111111	0.5555555555555556	0.2222222222222222	0.1111111111111111	0.	0.	0.037037037037037035	1	2	0	2	0	0	1	2	2	0
2	0	0.582212	0.280693	0.555556	0.222222	0.111111	0	0	0.111111	0.5555555555555556	0.25925925925925924	0.1111111111111111	0.	0.	0.037037037037037035	1	2	0	2	1	0	1	2	2	1
2	0	0.777768	0.0817725	0.666667	0	0.111111	0	0	0.111111	0.6666666666666666	0.	0.1111111111111111	0.	0.	0.037037037037037035	2	0	0	0	0	0	2	0	0	0
2	0	0.737245	0.0186745	0.666667	0	0.111111	0	0	0.111111	0.6666666666666666	0.037037037037037035	0.1111111111111111	0.	0.	0.037037037037037035	2	0	0	0	1	0	2	0	0	1
2	0	0.685202	0.101219	0.666667	0	0.111111	0	0	0.111111	0.6666666666666666	0.07407407407407407	0.1111111111111111	0.	0.	0.037037037037037035	2	0	0	0	2	0	2	0	0	2
2	0	0.824009	0.00261626	0.777778	0	0.111111	0	0	0.111111	0.7777777777777778	0.	0.1111111111111111	0.	0.	0.037037037037037035	2	1	0	0	0	0	2	0	1	0
2	0	0.884461	0.0673328	0.777778	0	0.111111	0	0	0.111111	0.7777777777777778	0.037037037037037035	0.1111111111111111	0.	0.	0.037037037037037035	2	1	0	0	1	0	2	0	1	1
2	0	0.965804	0.0988247	0.888889	0	0.111111	0	0	0.111111	0.8888888888888888	0.	0.1111111111111111	0.	0.	0.037037037037037035	2	2	0	0	0	0	2	0	2	0
2	0	0.91068	0.0355771	0.888889	0	0.111111	0	0	0.111111	0.8888888888888888	0.037037037037037035	0.1111111111111111	0.	0.	0.037037037037037035	2	2	0	0	1	0	2	0	2	1
2	0	0.766514	0.153294	0.666667	0.111111	0.111111	0	0	0.111111	0.6666666666666666	0.1111111111111111	0.1111111111111111	0.	0.	0.037037037037037035	2	0	0	1	0	0	2	1	0	0
2	0	0.700158	0.164653	0.666667	0.111111	0.111111	0	0	0.111111	0.6666666666666666	0.14814814814814814	0.1111111111111111	0.	0.	0.037037037037037035	2	0	0	1	1	0	2	1	0	1
2	0	0.727005	0.217531	0.666667	0.111111	0.111111	0	0	0.111111	0.6666666666666666	0.18518518518518517	0.1111111111111111	0.	0.	0.037037037037037035	2	0	0	1	2	0	2	1	0	2
2	0	0.834129	0.119146	0.777778	0.111111	0.111111	0	0	0.111111	0.7777777777777778	0.1111111111111111	0.1111111111111111	0.	0.	0.037037037037037035	2	1	0	1	0	0	2	1	1	0
2	0	0.8684	0.189897	0.777778	0.111111	0.111111	0	0	0.111111	0.7777777777777778	0.14814814814814814	0.1111111111111111	0.	0.	0.037037037037037035	2	1	0	1	1	0	2	1	1	1
2	0	0.922601	0.178749	0.888889	0.111111	0.111111	0	0	0.111111	0.8888888888888888	0.1111111111111111	0.1111111111111111	0.	0.	0.037037037037037035	2	2	0	1	0	0	2	1	2	0
2	0	0.988288	0.13254	0.888889	0.111111	0.111111	0	0	0.111111	0.8888888888888888	0.14814814814814814	0.1111111111111111	0.	0.	0.037037037037037035	2	2	0	1	1	0	2	1	2	1
2	0	0.669843	0.229179	0.666667	0.222222	0.111111	0	0	0.111111	0.6666666666666666	0.2222222222222222	0.1111111111111111	0.	0.	0.037037037037037035	2	0	0	2	0	0	2	2	0	0
2	0	0.715957	0.333328	0.666667	0.222222	0.111111	0	0	0.111111	0.6666666666666666	0.25925925925925924	0.1111111111111111	0.	0.	0.037037037037037035	2	0	0	2	1	0	2	2	0	1
2	0	0.755401	0.305755	0.666667	0.222222	0.111111	0	0	0.111111	0.6666666666666666	0.2962962962962963	0.1111111111111111	0.	0.	0.037037037037037035	2	0	0	2	2	0	2	2	0	2
2	0	0.858275	0.239351	0.777778	0.222222	0.111111	0	0	0.111111	0.7777777777777778	0.2222222222222222	0.1111111111111111	0.	0.	0.037037037037037035	2	1	0	2	0	0	2	2	1	0
2	0	0.80976	0.258529	0.777778	0.222222	0.111111	0	0	0.111111	0.7777777777777778	0.25925925925925924	0.1111111111111111	0.	0.	0.037037037037037035	2	1	0	2	1	0	2	2	1	1
2	0	0.932846	0.248405	0.888889	0.222222	0.111111	0	0	0.111111	0.8888888888888888	0.2222222222222222	0.1111111111111111	0.	0.	0.037037037037037035	2	2	0	2	0	0	2	2	2	0
2	0	0.953159	0.296118	0.888889	0.222222	0.111111	0	0	0.111111	0.8888888888888888	0.25925925925925924	0.1111111111111111	0.	0.	0.037037037037037035	2	2	0	2	1	0	2	2	2	1
2	0	0.0531483	0.381803	0	0.333333	0.111111	0	0	0.111111	0.	0.3333333333333333	0.1111111111111111	0.	0.	0.037037037037037035	0	0	1	0	0	1	0	0	0	0
2	0	0.074469	0.444419	0	0.333333	0.111111	0	0	0.111111	0.	0.37037037037037035	0.1111111111111111	0.	0.	0.037037037037037035	0	0	1	0	1	1	0	0	0	1
2	0	0.00346461	0.408049	0	0.333333	0.111111	0	0	0.111111	0.	0.4074074074074074	0.1111111111111111	0.	0.	0.037037037037037035	0	0	1	0	2	1	0	0	0	2
2	0	0.147257	0.351293	0.111111	0.333333	0.111111	0	0	0.111111	0.1111111111111111	0.3333333333333333	0.1111111111111111	0.	0.	0.037037037037037035	0	1	1	0	0	1	0	0	1	0
2	0	0.222099	0.41688	0.111111	0.333333	0.111111	0	0	0.111111	0.1111111111111111	0.37037037037037035	0.1111111111111111	0.	0.	0.037037037037037035	0	1	1	0	1	1	0	0	1	1
2	0	0.222195	0.441266	0.111111	0.333333	0.111111	0	0	0.111111	0.1111111111111111	0.4074074074074074	0.1111111111111111	0.	0.	0.037037037037037035	0	1	1	0	2	1	0	0	1	2
2	0	0.313418	0.370198	0.222222	0.333333	0.111111	0	0	0.111111	0.2222222222222222	0.3333333333333333	0.1111111111111111	0.	0.	0.037037037037037035	0	2	1	0	0	1	0	0	2	0
2	0	0.24844	0.390766	0.222222	0.333333	0.111111	0	0	0.111111	0.2222222222222222	0.37037037037037035	0.1111111111111111	0.	0.	0.037037037037037035	0	2	1	0	1	1	0	0	2	1
2	0	0.111063	0.524747	0	0.444444	0.111111	0	0	0.111111	0.	0.4444444444444444	0.1111111111111111	0.	0.	0.037037037037037035	0	0	1	1	0	1	0	1	0	0
2	0	0.0949765	0.547649	0	0.444444	0.111111	0	0	0.111111	0.	0.48148148148148145	0.1111111111111111	0.	0.	0.037037037037037035	0	0	1	1	1	1	0	1	0	1
2	0	0.0574582	0.555515	0	0.444444	0.111111	0	0	0.111111	0.	0.5185185185185185	0.1111111111111111	0.	0.	0.037037037037037035	0	0	1	1	2	1	0	1	0	2
2	0	0.165178	0.465657	0.111111	0.444444	0.111111	0	0	0.111111	0.1111111111111111	0.4444444444444444	0.1111111111111111	0.	0.	0.037037037037037035	0	1	1	1	0	1	0	1	1	0
2	0	0.195891	0.499076	0.111111	0.444444	0.111111	0	0	0.111111	0.1111111111111111	0.48148148148148145	0.1111111111111111	0.	0.	0.037037037037037035	0	1	1	1	1	1	0	1	1	1
2	0	0.254792	0.477985	0.222222	0.444444	0.111111	0	0	0.111111	0.2222222222222222	0.4444444444444444	0.1111111111111111	0.	0.	0.037037037037037035	0	2	1	1	0	1	0	1	2	0
2	0	0.296848	0.490043	0.222222	0.444444	0.111111	0	0	0.111111	0.2222222222222222	0.48148148148148145	0.1111111111111111	0.	0.	0.037037037037037035	0	2	1	1	1	1	0	1	2	1
2	0	0.111	0.631135	0	0.555556	0.111111	0	0	0.111111	0.	0.5555555555555556	0.1111111111111111	0.	0.	0.037037037037037035	0	0	1	2	0	1	0	2	0	0
2	0	0.0211305	0.608048	0	0.555556	0.111111	0	0	0.111111	0.	0.5925925925925926	0.1111111111111111	0.	0.	0.037037037037037035	0	0	1	2	1	1	0	2	0	1
2	0	0.0887913	0.651541	0	0.555556	0.111111	0	0	0.111111	0.	0.6296296296296297	0.1111111111111111	0.	0.	0.037037037037037035	0	0	1	2	2	1	0	2	0	2
2	0	0.218002	0.666665	0.111111	0.555556	0.111111	0	0	0.111111	0.1111111111111111	0.5555555555555556	0.1111111111111111	0.	0.	0.037037037037037035	0	1	1	2	0	1	0	2	1	0
2	0	0.180086	0.598774	0.111111	0.555556	0.111111	0	0	0.111111	0.1111111111111111	0.5925925925925926	0.1111111111111111	0.	0.	0.037037037037037035	0	1	1	2	1	1	0	2	1	1
2	0	0.292309	0.664757	0.222222	0.555556	0.111111	0	0	0.111111	0.2222222222222222	0.5555555555555556	0.1111111111111111	0.	0.	0.037037037037037035	0	2	1	2	0	1	0	2	2	0
2	0	0.31976	0.619086	0.222222	0.555556	0.111111	0	0	0.111111	0.2222222222222222	0.5925925925925926	0.1111111111111111	0.	0.	0.037037037037037035	0	2	1	2	1	1	0	2	2	1
2	0	0.341309	0.343713	0.333333	0.333333	0.111111	0	0	0.111111	0.3333333333333333	0.3333333333333333	0.1111111111111111	0.	0.	0.037037037037037035	1	0	1	0	0	1	1	0	0	0
2	0	0.420449	0.427454	0.333333	0.333333	0.111111	0	0	0.111111	0.3333333333333333	0.37037037037037035	0.1111111111111111	0.	0.	0.037037037037037035	1	0	1	0	1	1	1	0	0	1
2	0	0.391055	0.434674	0.333333	0.333333	0.111111	0	0	0.111111	0.3333333333333333	0.4074074074074074	0.1111111111111111	0.	0.	0.037037037037037035	1	0	1	0	2	1	1	0	0	2
2	0	0.510879	0.358456	0.444444	0.333333	0.111111	0	0	0.111111	0.4444444444444444	0.3333333333333333	0.1111111111111111	0.	0.	0.037037037037037035	1	1	1	0	0	1	1	0	1	0
2	0	0.501396	0.40117	0.444444	0.333333	0.111111	0	0	0.111111	0.4444444444444444	0.37037037037037035	0.1111111111111111	0.	0.	0.037037037037037035	1	1	1	0	1	1	1	0	1	1
2	0	0.59877	0.364601	0.555556	0.333333	0.111111	0	0	0.111111	0.5555555555555556	0.3333333333333333	0.1111111111111111	0.	0.	0.037037037037037035	1	2	1	0	0	1	1	0	2	0
2	0	0.639293	0.376603	0.555556	0.333333	0.111111	0	0	0.111111	0.5555555555555556	0.37037037037037035	0.1111111111111111	0.	0.	0.037037037037037035	1	2	1	0	1	1	1	0	2	1
2	0	0.44444	0.554298	0.333333	0.444444	0.111111	0	0	0.111111	0.3333333333333333	0.4444444444444444	0.1111111111111111	0.	0.	0.037037037037037035	1	0	1	1	0	1	1	1	0	0
2	0	0.403329	0.504228	0.333333	0.444444	0.111111	0	0	0.111111	0.3333333333333333	0.48148148148148145	0.1111111111111111	0.	0.	0.037037037037037035	1	0	1	1	1	1	1	1	0	1
2	0	0.382078	0.537158	0.333333	0.444444	0.111111	0	0	0.111111	0.3333333333333333	0.5185185185185185	0.1111111111111111	0.	0.	0.037037037037037035	1	0	1	1	2	1	1	1	0	2
2	0	0.527235	0.512599	0.444444	0.444444	0.111111	0	0	0.111111	0.4444444444444444	0.4444444444444444	0.1111111111111111	0.	0.	0.037037037037037035	1	1	1	1	0	1	1	1	1	0
2	0	0.555466	0.519871	0.444444	0.444444	0.111111	0	0	0.111111	0.4444444444444444	0.48148148148148145	0.1111111111111111	0.	0.	0.037037037037037035	1	1	1	1	1	1	1	1	1	1
2	0	0.632055	0.457738	0.555556	0.444444	0.111111	0	0	0.111111	0.5555555555555556	0.4444444444444444	0.1111111111111111	0.	0.	0.037037037037037035	1	2	1	1	0	1	1	1	2	0
2	0	0.59135	0.483399	0.555556	0.444444	0.111111	0	0	0.111111	0.5555555555555556	0.48148148148148145	0.1111111111111111	0.	0.	0.037037037037037035	1	2	1	1	1	1	1	1	2	1
2	0	0.397369	0.573109	0.333333	0.555556	0.111111	0	0	0.111111	0.3333333333333333	0.5555555555555556	0.1111111111111111	0.	0.	0.037037037037037035	1	0	1	2	0	1	1	2	0	0
2	0	0.362494	0.592506	0.333333	0.555556	0.111111	0	0	0.111111	0.3333333333333333	0.5925925925925926	0.1111111111111111	0.	0.	0.037037037037037035	1	0	1	2	1	1	1	2	0	1
2	0	0.444421	0.658767	0.333333	0.555556	0.111111	0	0	0.111111	0.3333333333333333	0.6296296296296297	0.1111111111111111	0.	0.	0.037037037037037035	1	0	1	2	2	1	1	2	0	2
2	0	0.481882	0.58115	0.444444	0.555556	0.111111	0	0	0.111111	0.4444444444444444	0.5555555555555556	0.1111111111111111	0.	0.	0.037037037037037035	1	1	1	2	0	1	1	2	1	0
2	0	0.551342	0.642302	0.444444	0.555556	0.111111	0	0	0.111111	0.4444444444444444	0.5925925925925926	0.1111111111111111	0.	0.	0.037037037037037035	1	1	1	2	1	1	1	2	1	1
2	0	0.618048	0.587225	0.555556	0.555556	0.111111	0	0	0.111111	0.5555555555555556	0.5555555555555556	0.1111111111111111	0.	0.	0.037037037037037035	1	2	1	2	0	1	1	2	2	0
2	0	0.611494	0.624745	0.555556	0.555556	0.111111	0	0	0.111111	0.5555555555555556	0.5925925925925926	0.1111111111111111	0.	0.	0.037037037037037035	1	2	1	2	1	1	1	2	2	1
2	0	0.74828	0.423	0.666667	0.333333	0.111111	0	0	0.111111	0.6666666666666666	0.3333333333333333	0.1111111111111111	0.	0.	0.037037037037037035	2	0	1	0	0	1	2	0	0	0
2	0	0.77567	0.444281	0.666667	0.333333	0.111111	0	0	0.111111	0.6666666666666666	0.37037037037037035	0.1111111111111111	0.	0.	0.037037037037037035	2	0	1	0	1	1	2	0	0	1
2	0	0.777738	0.394561	0.666667	0.333333	0.111111	0	0	0.111111	0.6666666666666666	0.4074074074074074	0.1111111111111111	0.	0.	0.037037037037037035	2	0	1	0	2	1	2	0	0	2
2	0	0.84397	0.339253	0.777778	0.333333	0.111111	0	0	0.111111	0.7777777777777778	0.3333333333333333	0.1111111111111111	0.	0.	0.037037037037037035	2	1	1	0	0	1	2	0	1	0
2	0	0.851013	0.412836	0.777778	0.333333	0.111111	0	0	0.111111	0.7777777777777778	0.37037037037037035	0.1111111111111111	0.	0.	0.037037037037037035	2	1	1	0	1	1	2	0	1	1
2	0	0.903396	0.38619	0.888889	0.333333	0.111111	0	0	0.111111	0.8888888888888888	0.3333333333333333	0.1111111111111111	0.	0.	0.037037037037037035	2	2	1	0	0	1	2	0	2	0
2	0	0.940787	0.3547	0.888889	0.333333	0.111111	0	0	0.111111	0.8888888888888888	0.37037037037037035	0.1111111111111111	0.	0.	0.037037037037037035	2	2	1	0	1	1	2	0	2	1
2	0	0.691832	0.469511	0.666667	0.444444	0.111111	0	0	0.111111	0.6666666666666666	0.4444444444444444	0.1111111111111111	0.	0.	0.037037037037037035	2	0	1	1	0	1	2	1	0	0
2	0	0.67672	0.531336	0.666667	0.444444	0.111111	0	0	0.111111	0.6666666666666666	0.48148148148148145	0.1111111111111111	0.	0.	0.037037037037037035	2	0	1	1	1	1	2	1	0	1
2	0	0.709085	0.543216	0.666667	0.444444	0.111111	0	0	0.111111	0.6666666666666666	0.5185185185185185	0.1111111111111111	0.	0.	0.037037037037037035	2	0	1	1	2	1	2	1	0	2
2	0	0.888889	0.473684	0.777778	0.444444	0.111111	0	0	0.111111	0.7777777777777778	0.4444444444444444	0.1111111111111111	0.	0.	0.037037037037037035	2	1	1	1	0	1	2	1	1	0
2	0	0.820213	0.507719	0.777778	0.444444	0.111111	0	0	0.111111	0.7777777777777778	0.48148148148148145	0.1111111111111111	0.	0.	0.037037037037037035	2	1	1	1	1	1	2	1	1	1
2	0	0.982171	0.452639	0.888889	0.444444	0.111111	0	0	0.111111	0.8888888888888888	0.4444444444444444	0.1111111111111111	0.	0.	0.037037037037037035	2	2	1	1	0	1	2	1	2	0
2	0	0.975339	0.494804	0.888889	0.444444	0.111111	0	0	0.111111	0.8888888888888888	0.48148148148148145	0.1111111111111111	0.	0.	0.037037037037037035	2	2	1	1	1	1	2	1	2	1
2	0	0.721595	0.613086	0.666667	0.555556	0.111111	0	0	0.111111	0.6666666666666666	0.5555555555555556	0.1111111111111111	0.	0.	0.037037037037037035	2	0	1	2	0	1	2	2	0	0
2	0	0.666698	0.637761	0.666667	0.555556	0.111111	0	0	0.111111	0.6666666666666666	0.5925925925925926	0.1111111111111111	0.	0.	0.037037037037037035	2	0	1	2	1	1	2	2	0	1
2	0	0.777693	0.647034	0.666667	0.555556	0.111111	0	0	0.111111	0.6666666666666666	0.6296296296296297	0.1111111111111111	0.	0.	0.037037037037037035	2	0	1	2	2	1	2	2	0	2
2	0	0.805776	0.566514	0.777778	0.555556	0.111111	0	0	0.111111	0.7777777777777778	0.5555555555555556	0.1111111111111111	0.	0.	0.037037037037037035	2	1	1	2	0	1	2	2	1	0
2	0	0.873227	0.576936	0.777778	0.555556	0.111111	0	0	0.111111	0.7777777777777778	0.5925925925925926	0.1111111111111111	0.	0.	0.037037037037037035	2	1	1	2	1	1	2	2	1	1
2	0	0.95902	0.561992	0.888889	0.555556	0.111111	0	0	0.111111	0.8888888888888888	0.5555555555555556	0.1111111111111111	0.	0.	0.037037037037037035	2	2	1	2	0	1	2	2	2	0
2	0	0.946516	0.603652	0.888889	0.555556	0.111111	0	0	0.111111	0.8888888888888888	0.5925925925925926	0.1111111111111111	0.	0.	0.037037037037037035	2	2	1	2	1	1	2	2	2	1
2	0	0.064392	0.777639	0	0.666667	0.111111	0	0	0.111111	0.	0.6666666666666666	0.1111111111111111	0.	0.	0.037037037037037035	0	0	2	0	0	2	0	0	0	0
2	0	0.00860711	0.718438	0	0.666667	0.111111	0	0	0.111111	0.	0.7037037037037037	0.1111111111111111	0.	0.	0.037037037037037035	0	0	2	0	1	2	0	0	0	1
2	0	0.10695	0.749064	0	0.666667	0.111111	0	0	0.111111	0.	0.7407407407407407	0.1111111111111111	0.	0.	0.037037037037037035	0	0	2	0	2	2	0	0	0	2
2	0	0.159354	0.700829	0.111111	0.666667	0.111111	0	0	0.111111	0.1111111111111111	0.6666666666666666	0.1111111111111111	0.	0.	0.037037037037037035	0	1	2	0	0	2	0	0	1	0
2	0	0.22209	0.773578	0.111111	0.666667	0.111111	0	0	0.111111	0.1111111111111111	0.7037037037037037	0.1111111111111111	0.	0.	0.037037037037037035	0	1	2	0	1	2	0	0	1	1
2	0	0.192786	0.777725	0.111111	0.666667	0.111111	0	0	0.111111	0.1111111111111111	0.7407407407407407	0.1111111111111111	0.	0.	0.037037037037037035	0	1	2	0	2	2	0	0	1	2
2	0	0.260254	0.692488	0.222222	0.666667	0.111111	0	0	0.111111	0.2222222222222222	0.6666666666666666	0.1111111111111111	0.	0.	0.037037037037037035	0	2	2	0	0	2	0	0	2	0
2	0	0.272176	0.7264	0.222222	0.666667	0.111111	0	0	0.111111	0.2222222222222222	0.7037037037037037	0.1111111111111111	0.	0.	0.037037037037037035	0	2	2	0	1	2	0	0	2	1
2	0	0.0408881	0.814211	0	0.777778	0.111111	0	0	0.111111	0.	0.7777777777777778	0.1111111111111111	0.	0.	0.037037037037037035	0	0	2	1	0	2	0	1	0	0
2	0	0.110985	0.847566	0	0.777778	0.111111	0	0	0.111111	0.	0.8148148148148148	0.1111111111111111	0.	0.	0.037037037037037035	0	0	2	1	1	2	0	1	0	1
2	0	0.0315103	0.888853	0	0.777778	0.111111	0	0	0.111111	0.	0.8518518518518519	0.1111111111111111	0.	0.	0.037037037037037035	0	0	2	1	2	2	0	1	0	2
2	0	0.168929	0.877216	0.111111	0.777778	0.111111	0	0	0.111111	0.1111111111111111	0.7777777777777778	0.1111111111111111	0.	0.	0.037037037037037035	0	1	2	1	0	2	0	1	1	0
2	0	0.207874	0.8657	0.111111	0.777778	0.111111	0	0	0.111111	0.1111111111111111	0.8148148148148148	0.1111111111111111	0.	0.	0.037037037037037035	0	1	2	1	1	2	0	1	1	1
2	0	0.281785	0.88488	0.222222	0.777778	0.111111	0	0	0.111111	0.2222222222222222	0.7777777777777778	0.1111111111111111	0.	0.	0.037037037037037035	0	2	2	1	0	2	0	1	2	0
2	0	0.302995	0.827316	0.222222	0.777778	0.111111	0	0	0.111111	0.2222222222222222	0.8148148148148148	0.1111111111111111	0.	0.	0.037037037037037035	0	2	2	1	1	2	0	1	2	1
2	0	0.0798705	0.921176	0	0.888889	0.111111	0	0	0.111111	0.	0.8888888888888888	0.1111111111111111	0.	0.	0.037037037037037035	0	0	2	2	0	2	0	2	0	0
2	0	0.0505149	1	0	0.888889	0.111111	0	0	0.111111	0.	0.9259259259259259	0.1111111111111111	0.	0.	0.037037037037037035	0	0	2	2	1	2	0	2	0	1
2	0	0.0494842	0.980679	0	0.888889	0.111111	0	0	0.111111	0.	0.9629629629629629	0.1111111111111111	0.	0.	0.037037037037037035	0	0	2	2	2	2	0	2	0	2
2	0	0.175401	0.999999	0.111111	0.888889	0.111111	0	0	0.111111	0.1111111111111111	0.8888888888888888	0.1111111111111111	0.	0.	0.037037037037037035	0	1	2	2	0	2	0	2	1	0
2	0	0.143713	0.967775	0.111111	0.888889	0.111111	0	0	0.111111	0.1111111111111111	0.9259259259259259	0.1111111111111111	0.	0.	0.037037037037037035	0	1	2	2	1	2	0	2	1	1
2	0	0.242948	0.959531	0.222222	0.888889	0.111111	0	0	0.111111	0.2222222222222222	0.8888888888888888	0.1111111111111111	0.	0.	0.037037037037037035	0	2	2	2	0	2	0	2	2	0
2	0	0.310239	0.997239	0.222222	0.888889	0.111111	0	0	0.111111	0.2222222222222222	0.9259259259259259	0.1111111111111111	0.	0.	0.037037037037037035	0	2	2	2	1	2	0	2	2	1
2	0	0.34783	0.685494	0.333333	0.666667	0.111111	0	0	0.111111	0.3333333333333333	0.6666666666666666	0.1111111111111111	0.	0.	0.037037037037037035	1	0	2	0	0	2	1	0	0	0
2	0	0.416485	0.732915	0.333333	0.666667	0.111111	0	0	0.111111	0.3333333333333333	0.7037037037037037	0.1111111111111111	0.	0.	0.037037037037037035	1	0	2	0	1	2	1	0	0	1
2	0	0.359602	0.760626	0.333333	0.666667	0.111111	0	0	0.111111	0.3333333333333333	0.7407407407407407	0.1111111111111111	0.	0.	0.037037037037037035	1	0	2	0	2	2	1	0	0	2
2	0	0.516646	0.766236	0.444444	0.666667	0.111111	0	0	0.111111	0.4444444444444444	0.6666666666666666	0.1111111111111111	0.	0.	0.037037037037037035	1	1	2	0	0	2	1	0	1	0
2	0	0.539795	0.708981	0.444444	0.666667	0.111111	0	0	0.111111	0.4444444444444444	0.7037037037037037	0.1111111111111111	0.	0.	0.037037037037037035	1	1	2	0	1	2	1	0	1	1
2	0	0.644702	0.753774	0.555556	0.666667	0.111111	0	0	0.111111	0.5555555555555556	0.6666666666666666	0.1111111111111111	0.	0.	0.037037037037037035	1	2	2	0	0	2	1	0	2	0
2	0	0.587388	0.741004	0.555556	0.666667	0.111111	0	0	0.111111	0.5555555555555556	0.7037037037037037	0.1111111111111111	0.	0.	0.037037037037037035	1	2	2	0	1	2	1	0	2	1
2	0	0.441517	0.820097	0.333333	0.777778	0.111111	0	0	0.111111	0.3333333333333333	0.7777777777777778	0.1111111111111111	0.	0.	0.037037037037037035	1	0	2	1	0	2	1	1	0	0
2	0	0.386802	0.855489	0.333333	0.777778	0.111111	0	0	0.111111	0.3333333333333333	0.8148148148148148	0.1111111111111111	0.	0.	0.037037037037037035	1	0	2	1	1	2	1	1	0	1
2	0	0.43295	0.888856	0.333333	0.777778	0.111111	0	0	0.111111	0.3333333333333333	0.8518518518518519	0.1111111111111111	0.	0.	0.037037037037037035	1	0	2	1	2	2	1	1	0	2
2	0	0.477463	0.800324	0.444444	0.777778	0.111111	0	0	0.111111	0.4444444444444444	0.7777777777777778	0.1111111111111111	0.	0.	0.037037037037037035	1	1	2	1	0	2	1	1	1	0
2	0	0.506176	0.840614	0.444444	0.777778	0.111111	0	0	0.111111	0.4444444444444444	0.8148148148148148	0.1111111111111111	0.	0.	0.037037037037037035	1	1	2	1	1	2	1	1	1	1
2	0	0.5763	0.831961	0.555556	0.777778	0.111111	0	0	0.111111	0.5555555555555556	0.7777777777777778	0.1111111111111111	0.	0.	0.037037037037037035	1	2	2	1	0	2	1	1	2	0
2	0	0.627989	0.888415	0.555556	0.777778	0.111111	0	0	0.111111	0.5555555555555556	0.8148148148148148	0.1111111111111111	0.	0.	0.037037037037037035	1	2	2	1	1	2	1	1	2	1
2	0	0.334955	0.927161	0.333333	0.888889	0.111111	0	0	0.111111	0.3333333333333333	0.8888888888888888	0.1111111111111111	0.	0.	0.037037037037037035	1	0	2	2	0	2	1	2	0	0
2	0	0.338975	0.94829	0.333333	0.888889	0.111111	0	0	0.111111	0.3333333333333333	0.9259259259259259	0.1111111111111111	0.	0.	0.037037037037037035	1	0	2	2	1	2	1	2	0	1
2	0	0.411426	0.986671	0.333333	0.888889	0.111111	0	0	0.111111	0.3333333333333333	0.9629629629629629	0.1111111111111111	0.	0.	0.037037037037037035	1	0	2	2	2	2	1	2	0	2
2	0	0.552405	0.999994	0.444444	0.888889	0.111111	0	0	0.111111	0.4444444444444444	0.8888888888888888	0.1111111111111111	0.	0.	0.037037037037037035	1	1	2	2	0	2	1	2	1	0
2	0	0.473348	0.938499	0.444444	0.888889	0.111111	0	0	0.111111	0.4444444444444444	0.9259259259259259	0.1111111111111111	0.	0.	0.037037037037037035	1	1	2	2	1	2	1	2	1	1
2	0	0.564597	0.931936	0.555556	0.888889	0.111111	0	0	0.111111	0.5555555555555556	0.8888888888888888	0.1111111111111111	0.	0.	0.037037037037037035	1	2	2	2	0	2	1	2	2	0
2	0	0.60153	0.954268	0.555556	0.888889	0.111111	0	0	0.111111	0.5555555555555556	0.9259259259259259	0.1111111111111111	0.	0.	0.037037037037037035	1	2	2	2	1	2	1	2	2	1
2	0	0.761638	0.73672	0.666667	0.666667	0.111111	0	0	0.111111	0.6666666666666666	0.6666666666666666	0.1111111111111111	0.	0.	0.037037037037037035	2	0	2	0	0	2	2	0	0	0
2	0	0.704501	0.77776	0.666667	0.666667	0.111111	0	0	0.111111	0.6666666666666666	0.7037037037037037	0.1111111111111111	0.	0.	0.037037037037037035	2	0	2	0	1	2	2	0	0	1
2	0	0.742926	0.704107	0.666667	0.666667	0.111111	0	0	0.111111	0.6666666666666666	0.7407407407407407	0.1111111111111111	0.	0.	0.037037037037037035	2	0	2	0	2	2	2	0	0	2
2	0	0.87809	0.715283	0.777778	0.666667	0.111111	0	0	0.111111	0.7777777777777778	0.6666666666666666	0.1111111111111111	0.	0.	0.037037037037037035	2	1	2	0	0	2	2	0	1	0
2	0	0.800049	0.681148	0.777778	0.666667	0.111111	0	0	0.111111	0.7777777777777778	0.7037037037037037	0.1111111111111111	0.	0.	0.037037037037037035	2	1	2	0	1	2	2	0	1	1
2	0	0.898057	0.67779	0.888889	0.666667	0.111111	0	0	0.111111	0.8888888888888888	0.6666666666666666	0.1111111111111111	0.	0.	0.037037037037037035	2	2	2	0	0	2	2	0	2	0
2	0	0.916819	0.673211	0.888889	0.666667	0.111111	0	0	0.111111	0.8888888888888888	0.7037037037037037	0.1111111111111111	0.	0.	0.037037037037037035	2	2	2	0	1	2	2	0	2	1
2	0	0.772238	0.859275	0.666667	0.777778	0.111111	0	0	0.111111	0.6666666666666666	0.7777777777777778	0.1111111111111111	0.	0.	0.037037037037037035	2	0	2	1	0	2	2	1	0	0
2	0	0.681411	0.870142	0.666667	0.777778	0.111111	0	0	0.111111	0.6666666666666666	0.8148148148148148	0.1111111111111111	0.	0.	0.037037037037037035	2	0	2	1	1	2	2	1	0	1
2	0	0.731958	0.808416	0.666667	0.777778	0.111111	0	0	0.111111	0.6666666666666666	0.8518518518518519	0.1111111111111111	0.	0.	0.037037037037037035	2	0	2	1	2	2	2	1	0	2
2	0	0.839034	0.794111	0.777778	0.777778	0.111111	0	0	0.111111	0.7777777777777778	0.7777777777777778	0.1111111111111111	0.	0.	0.037037037037037035	2	1	2	1	0	2	2	1	1	0
2	0	0.861767	0.836154	0.777778	0.777778	0.111111	0	0	0.111111	0.7777777777777778	0.8148148148148148	0.1111111111111111	0.	0.	0.037037037037037035	2	1	2	1	1	2	2	1	1	1
2	0	0.970571	0.789203	0.888889	0.777778	0.111111	0	0	0.111111	0.8888888888888888	0.7777777777777778	0.1111111111111111	0.	0.	0.037037037037037035	2	2	2	1	0	2	2	1	2	0
2	0	0.927384	0.803867	0.888889	0.777778	0.111111	0	0	0.111111	0.8888888888888888	0.8148148148148148	0.1111111111111111	0.	0.	0.037037037037037035	2	2	2	1	1	2	2	1	2	1
2	0	0.695617	0.972964	0.666667	0.888889	0.111111	0	0	0.111111	0.6666666666666666	0.8888888888888888	0.1111111111111111	0.	0.	0.037037037037037035	2	0	2	2	0	2	2	2	0	0
2	0	0.666713	0.912523	0.666667	0.888889	0.111111	0	0	0.111111	0.6666666666666666	0.9259259259259259	0.1111111111111111	0.	0.	0.037037037037037035	2	0	2	2	1	2	2	2	0	1
2	0	0.752624	0.990661	0.666667	0.888889	0.111111	0	0	0.111111	0.6666666666666666	0.9629629629629629	0.1111111111111111	0.	0.	0.037037037037037035	2	0	2	2	2	2	2	2	0	2
2	0	0.829612	0.943657	0.777778	0.888889	0.111111	0	0	0.111111	0.7777777777777778	0.8888888888888888	0.1111111111111111	0.	0.	0.037037037037037035	2	1	2	2	0	2	2	2	1	0
2	0	0.814293	0.90751	0.777778	0.888889	0.111111	0	0	0.111111	0.7777777777777778	0.9259259259259259	0.1111111111111111	0.	0.	0.037037037037037035	2	1	2	2	1	2	2	2	1	1
2	0	0.894757	0.902151	0.888889	0.888889	0.111111	0	0	0.111111	0.8888888888888888	0.8888888888888888	0.1111111111111111	0.	0.	0.037037037037037035	2	2	2	2	0	2	2	2	2	0
2	0	0.937064	0.916981	0.888889	0.888889	0.111111	0	0	0.111111	0.8888888888888888	0.9259259259259259	0.1111111111111111	0.	0.	0.037037037037037035	2	2	2	2	1	2	2	2	2	1
