2	0	0.00737272	0.0126966	0	0	0.111111	0	0	0.111111	0.	0.	0.1111111111111111	0.	0.	0.037037037037037035	0	0	0	0	0	0	0	0	0	0
2	0	0.0443814	0.0437815	0	0	0.111111	0	0	0.111111	0.	0.037037037037037035	0.1111111111111111	0.	0.	0.037037037037037035	0	0	0	0	1	0	0	0	0	1
2	0	0.108373	0.0816183	0	0	0.111111	0	0	0.111111	0.	0.07407407407407407	0.1111111111111111	0.	0.	0.037037037037037035	0	0	0	0	2	0	0	0	0	2
2	0	0.219766	0.0254324	0.111111	0	0.111111	0	0	0.111111	0.1111111111111111	0.	0.1111111111111111	0.	0.	0.037037037037037035	0	1	0	0	0	0	0	0	1	0
2	0	0.159331	0.0663568	0.111111	0	0.111111	0	0	0.111111	0.1111111111111111	0.037037037037037035	0.1111111111111111	0.	0.	0.037037037037037035	0	1	0	0	1	0	0	0	1	1
2	0	0.222194	0.0945352	0.111111	0	0.111111	0	0	0.111111	0.1111111111111111	0.07407407407407407	0.1111111111111111	0.	0.	0.037037037037037035	0	1	0	0	2	0	0	0	1	2
2	0	0.273362	0.107904	0.222222	0	0.111111	0	0	0.111111	0.2222222222222222	0.	0.1111111111111111	0.	0.	0.037037037037037035	0	2	0	0	0	0	0	0	2	0
2	0	0.312628	0.0504934	0.222222	0	0.111111	0	0	0.111111	0.2222222222222222	0.037037037037037035	0.1111111111111111	0.	0.	0.037037037037037035	0	2	0	0	1	0	0	0	2	1
2	0	0.0650681	0.143337	0	0.111111	0.111111	0	0	0.111111	0.	0.1111111111111111	0.1111111111111111	0.	0.	0.037037037037037035	0	0	0	1	0	0	0	1	0	0
2	0	0.0932709	0.17636	0	0.111111	0.111111	0	0	0.111111	0.	0.14814814814814814	0.1111111111111111	0.	0.	0.037037037037037035	0	0	0	1	1	0	0	1	0	1
2	0	0.0346491	0.219436	0	0.111111	0.111111	0	0	0.111111	0.	0.18518518518518517	0.1111111111111111	0.	0.	0.037037037037037035	0	0	0	1	2	0	0	1	0	2
2	0	0.139277	0.12866	0.111111	0.111111	0.111111	0	0	0.111111	0.1111111111111111	0.1111111111111111	0.1111111111111111	0.	0.	0.037037037037037035	0	1	0	1	0	0	0	1	1	0
2	0	0.174303	0.160366	0.111111	0.111111	0.111111	0	0	0.111111	0.1111111111111111	0.14814814814814814	0.1111111111111111	0.	0.	0.037037037037037035	0	1	0	1	1	0	0	1	1	1
2	0	0.204051	0.202331	0.111111	0.111111	0.111111	0	0	0.111111	0.1111111111111111	0.18518518518518517	0.1111111111111111	0.	0.	0.037037037037037035	0	1	0	1	2	0	0	1	1	2
2	0	0.298562	0.122496	0.222222	0.111111	0.111111	0	0	0.111111	0.2222222222222222	0.1111111111111111	0.1111111111111111	0.	0.	0.037037037037037035	0	2	0	1	0	0	0	1	2	0
2	0	0.263774	0.153009	0.222222	0.111111	0.111111	0	0	0.111111	0.2222222222222222	0.14814814814814814	0.1111111111111111	0.	0.	0.037037037037037035	0	2	0	1	1	0	0	1	2	1
2	0	0.0832309	0.236529	0	0.222222	0.111111	0	0	0.111111	0.	0.2222222222222222	0.1111111111111111	0.	0.	0.037037037037037035	0	0	0	2	0	0	0	2	0	0
2	0	0.0179147	0.280431	0	0.222222	0.111111	0	0	0.111111	0.	0.25925925925925924	0.1111111111111111	0.	0.	0.037037037037037035	0	0	0	2	1	0	0	2	0	1
2	0	0.0501254	0.33327	0	0.222222	0.111111	0	0	0.111111	0.	0.2962962962962963	0.1111111111111111	0.	0.	0.037037037037037035	0	0	0	2	2	0	0	2	0	2
2	0	0.222141	0.320417	0.111111	0.222222	0.111111	0	0	0.111111	0.1111111111111111	0.2222222222222222	0.1111111111111111	0.	0.	0.037037037037037035	0	1	0	2	0	0	0	2	1	0
2	0	0.191805	0.256441	0.111111	0.222222	0.111111	0	0	0.111111	0.1111111111111111	0.25925925925925924	0.1111111111111111	0.	0.	0.037037037037037035	0	1	0	2	1	0	0	2	1	1
2	0	0.12736	0.298478	0.111111	0.222222	0.111111	0	0	0.111111	0.1111111111111111	0.2962962962962963	0.1111111111111111	0.	0.	0.037037037037037035	0	1	0	2	2	0	0	2	1	2
2	0	0.248757	0.24414	0.222222	0.222222	0.111111	0	0	0.111111	0.2222222222222222	0.2222222222222222	0.1111111111111111	0.	0.	0.037037037037037035	0	2	0	2	0	0	0	2	2	0
2	0	0.289682	0.288005	0.222222	0.222222	0.111111	0	0	0.111111	0.2222222222222222	0.25925925925925924	0.1111111111111111	0.	0.	0.037037037037037035	0	2	0	2	1	0	0	2	2	1
2	0	0.411385	0.00369448	0.333333	0	0.111111	0	0	0.111111	0.3333333333333333	0.	0.1111111111111111	0.	0.	0.037037037037037035	1	0	0	0	0	0	1	0	0	0
2	0	0.346542	0.0341123	0.333333	0	0.111111	0	0	0.111111	0.3333333333333333	0.037037037037037035	0.1111111111111111	0.	0.	0.037037037037037035	1	0	0	0	1	0	1	0	0	1
2	0	0.371509	0.0739689	0.333333	0	0.111111	0	0	0.111111	0.3333333333333333	0.07407407407407407	0.1111111111111111	0.	0.	0.037037037037037035	1	0	0	0	2	0	1	0	0	2
2	0	0.509844	0.056227	0.444444	0	0.111111	0	0	0.111111	0.4444444444444444	0.	0.1111111111111111	0.	0.	0.037037037037037035	1	1	0	0	0	0	1	0	1	0
2	0	0.555543	0.087941	0.444444	0	0.111111	0	0	0.111111	0.4444444444444444	0.037037037037037035	0.1111111111111111	0.	0.	0.037037037037037035	1	1	0	0	1	0	1	0	1	1
2	0	0.482758	0.101677	0.444444	0	0.111111	0	0	0.111111	0.4444444444444444	0.07407407407407407	0.1111111111111111	0.	0.	0.037037037037037035	1	1	0	0	2	0	1	0	1	2
2	0	0.583256	0.0192024	0.555556	0	0.111111	0	0	0.111111	0.5555555555555556	0.	0.1111111111111111	0.	0.	0.037037037037037035	1	2	0	0	0	0	1	0	2	0
2	0	0.615722	0.0618261	0.555556	0	0.111111	0	0	0.111111	0.5555555555555556	0.037037037037037035	0.1111111111111111	0.	0.	0.037037037037037035	1	2	0	0	1	0	1	0	2	1
2	0	0.393283	0.182104	0.333333	0.111111	0.111111	0	0	0.111111	0.3333333333333333	0.1111111111111111	0.1111111111111111	0.	0.	0.037037037037037035	1	0	0	1	0	0	1	1	0	0
2	0	0.437841	0.193763	0.333333	0.111111	0.111111	0	0	0.111111	0.3333333333333333	0.14814814814814814	0.1111111111111111	0.	0.	0.037037037037037035	1	0	0	1	1	0	1	1	0	1
2	0	0.425567	0.214829	0.333333	0.111111	0.111111	0	0	0.111111	0.3333333333333333	0.18518518518518517	0.1111111111111111	0.	0.	0.037037037037037035	1	0	0	1	2	0	1	1	0	2
2	0	0.555512	0.134558	0.444444	0.111111	0.111111	0	0	0.111111	0.4444444444444444	0.1111111111111111	0.1111111111111111	0.	0.	0.037037037037037035	1	1	0	1	0	0	1	1	1	0
2	0	0.458942	0.164609	0.444444	0.111111	0.111111	0	0	0.111111	0.4444444444444444	0.14814814814814814	0.1111111111111111	0.	0.	0.037037037037037035	1	1	0	1	1	0	1	1	1	1
2	0	0.502362	0.187737	0.444444	0.111111	0.111111	0	0	0.111111	0.4444444444444444	0.18518518518518517	0.1111111111111111	0.	0.	0.037037037037037035	1	1	0	1	2	0	1	1	1	2
2	0	0.597029	0.114312	0.555556	0.111111	0.111111	0	0	0.111111	0.5555555555555556	0.1111111111111111	0.1111111111111111	0.	0.	0.037037037037037035	1	2	0	1	0	0	1	1	2	0
2	0	0.654033	0.207837	0.555556	0.111111	0.111111	0	0	0.111111	0.5555555555555556	0.14814814814814814	0.1111111111111111	0.	0.	0.037037037037037035	1	2	0	1	1	0	1	1	2	1
2	0	0.387244	0.326914	0.333333	0.222222	0.111111	0	0	0.111111	0.3333333333333333	0.2222222222222222	0.1111111111111111	0.	0.	0.037037037037037035	1	0	0	2	0	0	1	2	0	0
2	0	0.338454	0.270422	0.333333	0.222222	0.111111	0	0	0.111111	0.3333333333333333	0.25925925925925924	0.1111111111111111	0.	0.	0.037037037037037035	1	0	0	2	1	0	1	2	0	1
2	0	0.357	0.310897	0.333333	0.222222	0.111111	0	0	0.111111	0.3333333333333333	0.2962962962962963	0.1111111111111111	0.	0.	0.037037037037037035	1	0	0	2	2	0	1	2	0	2
2	0	0.469969	0.227404	0.444444	0.222222	0.111111	0	0	0.111111	0.4444444444444444	0.2222222222222222	0.1111111111111111	0.	0.	0.037037037037037035	1	1	0	2	0	0	1	2	1	0
2	0	0.490248	0.263216	0.444444	0.222222	0.111111	0	0	0.111111	0.4444444444444444	0.25925925925925924	0.1111111111111111	0.	0.	0.037037037037037035	1	1	0	2	1	0	1	2	1	1
2	0	0.523384	0.30501	0.444444	0.222222	0.111111	0	0	0.111111	0.4444444444444444	0.2962962962962963	0.1111111111111111	0.	0.	0.037037037037037035	1	1	0	2	2	0	1	2	1	2
2	0	0.644682	0.276607	0.555556	0.222222	0.111111	0	0	0.111111	0.5555555555555556	0.2222222222222222	0.1111111111111111	0.	0.	0.037037037037037035	1	2	0	2	0	0	1	2	2	0
2	0	0.621611	0.248846	0.555556	0.222222	0.111111	0	0	0.111111	0.5555555555555556	0.25925925925925924	0.1111111111111111	0.	0.	0.037037037037037035	1	2	0	2	1	0	1	2	2	1
2	0	0.685083	0.00883256	0.666667	0	0.111111	0	0	0.111111	0.6666666666666666	0.	0.1111111111111111	0.	0.	0.037037037037037035	2	0	0	0	0	0	2	0	0	0
2	0	0.737694	0.0406934	0.666667	0	0.111111	0	0	0.111111	0.6666666666666666	0.037037037037037035	0.1111111111111111	0.	0.	0.037037037037037035	2	0	0	0	1	0	2	0	0	1
2	0	0.777712	0.0904789	0.666667	0	0.111111	0	0	0.111111	0.6666666666666666	0.07407407407407407	0.1111111111111111	0.	0.	0.037037037037037035	2	0	0	0	2	0	2	0	0	2
2	0	0.888876	0.0199939	0.777778	0	0.111111	0	0	0.111111	0.7777777777777778	0.	0.1111111111111111	0.	0.	0.037037037037037035	2	1	0	0	0	0	2	0	1	0
2	0	0.818032	0.0313062	0.777778	0	0.111111	0	0	0.111111	0.7777777777777778	0.037037037037037035	0.1111111111111111	0.	0.	0.037037037037037035	2	1	0	0	1	0	2	0	1	1
2	0	0.879668	0.0775424	0.777778	0	0.111111	0	0	0.111111	0.7777777777777778	0.07407407407407407	0.1111111111111111	0.	0.	0.037037037037037035	2	1	0	0	2	0	2	0	1	2
2	0	0.968785	0.0589468	0.888889	0	0.111111	0	0	0.111111	0.8888888888888888	0.	0.1111111111111111	0.	0.	0.037037037037037035	2	2	0	0	0	0	2	0	2	0
2	0	0.988587	0.105503	0.888889	0	0.111111	0	0	0.111111	0.8888888888888888	0.037037037037037035	0.1111111111111111	0.	0.	0.037037037037037035	2	2	0	0	1	0	2	0	2	1
2	0	0.756396	0.119104	0.666667	0.111111	0.111111	0	0	0.111111	0.6666666666666666	0.1111111111111111	0.1111111111111111	0.	0.	0.037037037037037035	2	0	0	1	0	0	2	1	0	0
2	0	0.70214	0.139855	0.666667	0.111111	0.111111	0	0	0.111111	0.6666666666666666	0.14814814814814814	0.1111111111111111	0.	0.	0.037037037037037035	2	0	0	1	1	0	2	1	0	1
2	0	0.721627	0.197563	0.666667	0.111111	0.111111	0	0	0.111111	0.6666666666666666	0.18518518518518517	0.1111111111111111	0.	0.	0.037037037037037035	2	0	0	1	2	0	2	1	0	2
2	0	0.832905	0.149638	0.777778	0.111111	0.111111	0	0	0.111111	0.7777777777777778	0.1111111111111111	0.1111111111111111	0.	0.	0.037037037037037035	2	1	0	1	0	0	2	1	1	0
2	0	0.863424	0.168701	0.777778	0.111111	0.111111	0	0	0.111111	0.7777777777777778	0.14814814814814814	0.1111111111111111	0.	0.	0.037037037037037035	2	1	0	1	1	0	2	1	1	1
2	0	0.799696	0.172625	0.777778	0.111111	0.111111	0	0	0.111111	0.7777777777777778	0.18518518518518517	0.1111111111111111	0.	0.	0.037037037037037035	2	1	0	1	2	0	2	1	1	2
2	0	0.937536	0.111366	0.888889	0.111111	0.111111	0	0	0.111111	0.8888888888888888	0.1111111111111111	0.1111111111111111	0.	0.	0.037037037037037035	2	2	0	1	0	0	2	1	2	0
2	0	0.920934	0.211544	0.888889	0.111111	0.111111	0	0	0.111111	0.8888888888888888	0.14814814814814814	0.1111111111111111	0.	0.	0.037037037037037035	2	2	0	1	1	0	2	1	2	1
2	0	0.671616	0.232149	0.666667	0.222222	0.111111	0	0	0.111111	0.6666666666666666	0.2222222222222222	0.1111111111111111	0.	0.	0.037037037037037035	2	0	0	2	0	0	2	2	0	0
2	0	0.710775	0.292825	0.666667	0.222222	0.111111	0	0	0.111111	0.6666666666666666	0.25925925925925924	0.1111111111111111	0.	0.	0.037037037037037035	2	0	0	2	1	0	2	2	0	1
2	0	0.747705	0.316202	0.666667	0.222222	0.111111	0	0	0.111111	0.6666666666666666	0.2962962962962963	0.1111111111111111	0.	0.	0.037037037037037035	2	0	0	2	2	0	2	2	0	2
2	0	0.856375	0.252588	0.777778	0.222222	0.111111	0	0	0.111111	0.7777777777777778	0.2222222222222222	0.1111111111111111	0.	0.	0.037037037037037035	2	1	0	2	0	0	2	2	1	0
2	0	0.88886	0.300478	0.777778	0.222222	0.111111	0	0	0.111111	0.7777777777777778	0.25925925925925924	0.1111111111111111	0.	0.	0.037037037037037035	2	1	0	2	1	0	2	2	1	1
2	0	0.809392	0.267541	0.777778	0.222222	0.111111	0	0	0.111111	0.7777777777777778	0.2962962962962963	0.1111111111111111	0.	0.	0.037037037037037035	2	1	0	2	2	0	2	2	1	2
2	0	0.954638	0.224449	0.888889	0.222222	0.111111	0	0	0.111111	0.8888888888888888	0.2222222222222222	0.1111111111111111	0.	0.	0.037037037037037035	2	2	0	2	0	0	2	2	2	0
2	0	0.981736	0.323298	0.888889	0.222222	0.111111	0	0	0.111111	0.8888888888888888	0.25925925925925924	0.1111111111111111	0.	0.	0.037037037037037035	2	2	0	2	1	0	2	2	2	1
2	0	0.0289061	0.415604	0	0.333333	0.111111	0	0	0.111111	0.	0.3333333333333333	0.1111111111111111	0.	0.	0.037037037037037035	0	0	1	0	0	1	0	0	0	0
2	0	0.076614	0.352651	0	0.333333	0.111111	0	0	0.111111	0.	0.37037037037037035	0.1111111111111111	0.	0.	0.037037037037037035	0	0	1	0	1	1	0	0	0	1
2	0	0.100878	0.387615	0	0.333333	0.111111	0	0	0.111111	0.	0.4074074074074074	0.1111111111111111	0.	0.	0.037037037037037035	0	0	1	0	2	1	0	0	0	2
2	0	0.146592	0.36086	0.111111	0.333333	0.111111	0	0	0.111111	0.1111111111111111	0.3333333333333333	0.1111111111111111	0.	0.	0.037037037037037035	0	1	1	0	0	1	0	0	1	0
2	0	0.180991	0.402755	0.111111	0.333333	0.111111	0	0	0.111111	0.1111111111111111	0.37037037037037035	0.1111111111111111	0.	0.	0.037037037037037035	0	1	1	0	1	1	0	0	1	1
2	0	0.215486	0.422216	0.111111	0.333333	0.111111	0	0	0.111111	0.1111111111111111	0.4074074074074074	0.1111111111111111	0.	0.	0.037037037037037035	0	1	1	0	2	1	0	0	1	2
2	0	0.31803	0.432788	0.222222	0.333333	0.111111	0	0	0.111111	0.2222222222222222	0.3333333333333333	0.1111111111111111	0.	0.	0.037037037037037035	0	2	1	0	0	1	0	0	2	0
2	0	0.324487	0.444383	0.222222	0.333333	0.111111	0	0	0.111111	0.2222222222222222	0.37037037037037035	0.1111111111111111	0.	0.	0.037037037037037035	0	2	1	0	1	1	0	0	2	1
2	0	0.110972	0.479138	0	0.444444	0.111111	0	0	0.111111	0.	0.4444444444444444	0.1111111111111111	0.	0.	0.037037037037037035	0	0	1	1	0	1	0	1	0	0
2	0	0.110793	0.555339	0	0.444444	0.111111	0	0	0.111111	0.	0.48148148148148145	0.1111111111111111	0.	0.	0.037037037037037035	0	0	1	1	1	1	0	1	0	1
2	0	0.0591285	0.542958	0	0.444444	0.111111	0	0	0.111111	0.	0.5185185185185185	0.1111111111111111	0.	0.	0.037037037037037035	0	0	1	1	2	1	0	1	0	2
2	0	0.15228	0.462909	0.111111	0.444444	0.111111	0	0	0.111111	0.1111111111111111	0.4444444444444444	0.1111111111111111	0.	0.	0.037037037037037035	0	1	1	1	0	1	0	1	1	0
2	0	0.198385	0.500563	0.111111	0.444444	0.111111	0	0	0.111111	0.1111111111111111	0.48148148148148145	0.1111111111111111	0.	0.	0.037037037037037035	0	1	1	1	1	1	0	1	1	1
2	0	0.165393	0.525321	0.111111	0.444444	0.111111	0	0	0.111111	0.1111111111111111	0.5185185185185185	0.1111111111111111	0.	0.	0.037037037037037035	0	1	1	1	2	1	0	1	1	2
2	0	0.2783	0.51499	0.222222	0.444444	0.111111	0	0	0.111111	0.2222222222222222	0.4444444444444444	0.1111111111111111	0.	0.	0.037037037037037035	0	2	1	1	0	1	0	1	2	0
2	0	0.257438	0.486766	0.222222	0.444444	0.111111	0	0	0.111111	0.2222222222222222	0.48148148148148145	0.1111111111111111	0.	0.	0.037037037037037035	0	2	1	1	1	1	0	1	2	1
2	0	0.0125578	0.589442	0	0.555556	0.111111	0	0	0.111111	0.	0.5555555555555556	0.1111111111111111	0.	0.	0.037037037037037035	0	0	1	2	0	1	0	2	0	0
2	0	0.0248104	0.626911	0	0.555556	0.111111	0	0	0.111111	0.	0.5925925925925926	0.1111111111111111	0.	0.	0.037037037037037035	0	0	1	2	1	1	0	2	0	1
2	0	0.0706706	0.656889	0	0.555556	0.111111	0	0	0.111111	0.	0.6296296296296297	0.1111111111111111	0.	0.	0.037037037037037035	0	0	1	2	2	1	0	2	0	2
2	0	0.221986	0.646493	0.111111	0.555556	0.111111	0	0	0.111111	0.1111111111111111	0.5555555555555556	0.1111111111111111	0.	0.	0.037037037037037035	0	1	1	2	0	1	0	2	1	0
2	0	0.135373	0.606025	0.111111	0.555556	0.111111	0	0	0.111111	0.1111111111111111	0.5925925925925926	0.1111111111111111	0.	0.	0.037037037037037035	0	1	1	2	1	1	0	2	1	1
2	0	0.20863	0.666611	0.111111	0.555556	0.111111	0	0	0.111111	0.1111111111111111	0.6296296296296297	0.1111111111111111	0.	0.	0.037037037037037035	0	1	1	2	2	1	0	2	1	2
2	0	0.284204	0.579086	0.222222	0.555556	0.111111	0	0	0.111111	0.2222222222222222	0.5555555555555556	0.1111111111111111	0.	0.	0.037037037037037035	0	2	1	2	0	1	0	2	2	0
2	0	0.303995	0.613256	0.222222	0.555556	0.111111	0	0	0.111111	0.2222222222222222	0.5925925925925926	0.1111111111111111	0.	0.	0.037037037037037035	0	2	1	2	1	1	0	2	2	1
2	0	0.333343	0.366911	0.333333	0.333333	0.111111	0	0	0.111111	0.3333333333333333	0.3333333333333333	0.1111111111111111	0.	0.	0.037037037037037035	1	0	1	0	0	1	1	0	0	0
2	0	0.444407	0.439927	0.333333	0.333333	0.111111	0	0	0.111111	0.3333333333333333	0.37037037037037035	0.1111111111111111	0.	0.	0.037037037037037035	1	0	1	0	1	1	1	0	0	1
2	0	0.401431	0.393661	0.333333	0.333333	0.111111	0	0	0.111111	0.3333333333333333	0.4074074074074074	0.1111111111111111	0.	0.	0.037037037037037035	1	0	1	0	2	1	1	0	0	2
2	0	0.538978	0.339254	0.444444	0.333333	0.111111	0	0	0.111111	0.4444444444444444	0.3333333333333333	0.1111111111111111	0.	0.	0.037037037037037035	1	1	1	0	0	1	1	0	1	0
2	0	0.453493	0.376968	0.444444	0.333333	0.111111	0	0	0.111111	0.4444444444444444	0.37037037037037035	0.1111111111111111	0.	0.	0.037037037037037035	1	1	1	0	1	1	1	0	1	1
2	0	0.553129	0.426087	0.444444	0.333333	0.111111	0	0	0.111111	0.4444444444444444	0.4074074074074074	0.1111111111111111	0.	0.	0.037037037037037035	1	1	1	0	2	1	1	0	1	2
2	0	0.606196	0.347923	0.555556	0.333333	0.111111	0	0	0.111111	0.5555555555555556	0.3333333333333333	0.1111111111111111	0.	0.	0.037037037037037035	1	2	1	0	0	1	1	0	2	0
2	0	0.632297	0.37137	0.555556	0.333333	0.111111	0	0	0.111111	0.5555555555555556	0.37037037037037035	0.1111111111111111	0.	0.	0.037037037037037035	1	2	1	0	1	1	1	0	2	1
2	0	0.377582	0.469975	0.333333	0.444444	0.111111	0	0	0.111111	0.3333333333333333	0.4444444444444444	0.1111111111111111	0.	0.	0.037037037037037035	1	0	1	1	0	1	1	1	0	0
2	0	0.43235	0.508351	0.333333	0.444444	0.111111	0	0	0.111111	0.3333333333333333	0.48148148148148145	0.1111111111111111	0.	0.	0.037037037037037035	1	0	1	1	1	1	1	1	0	1
2	0	0.362075	0.55033	0.333333	0.444444	0.111111	0	0	0.111111	0.3333333333333333	0.5185185185185185	0.1111111111111111	0.	0.	0.037037037037037035	1	0	1	1	2	1	1	1	0	2
2	0	0.514349	0.457294	0.444444	0.444444	0.111111	0	0	0.111111	0.4444444444444444	0.4444444444444444	0.1111111111111111	0.	0.	0.037037037037037035	1	1	1	1	0	1	1	1	1	0
2	0	0.547994	0.532795	0.444444	0.444444	0.111111	0	0	0.111111	0.4444444444444444	0.48148148148148145	0.1111111111111111	0.	0.	0.037037037037037035	1	1	1	1	1	1	1	1	1	1
2	0	0.532962	0.538512	0.444444	0.444444	0.111111	0	0	0.111111	0.4444444444444444	0.5185185185185185	0.1111111111111111	0.	0.	0.037037037037037035	1	1	1	1	2	1	1	1	1	2
2	0	0.638229	0.451237	0.555556	0.444444	0.111111	0	0	0.111111	0.5555555555555556	0.4444444444444444	0.1111111111111111	0.	0.	0.037037037037037035	1	2	1	1	0	1	1	1	2	0
2	0	0.577791	0.491584	0.555556	0.444444	0.111111	0	0	0.111111	0.5555555555555556	0.48148148148148145	0.1111111111111111	0.	0.	0.037037037037037035	1	2	1	1	1	1	1	1	2	1
2	0	0.421077	0.573163	0.333333	0.555556	0.111111	0	0	0.111111	0.3333333333333333	0.5555555555555556	0.1111111111111111	0.	0.	0.037037037037037035	1	0	1	2	0	1	1	2	0	0
2	0	0.416748	0.663301	0.333333	0.555556	0.111111	0	0	0.111111	0.3333333333333333	0.5925925925925926	0.1111111111111111	0.	0.	0.037037037037037035	1	0	1	2	1	1	1	2	0	1
2	0	0.350803	0.639838	0.333333	0.555556	0.111111	0	0	0.111111	0.3333333333333333	0.6296296296296297	0.1111111111111111	0.	0.	0.037037037037037035	1	0	1	2	2	1	1	2	0	2
2	0	0.475837	0.566991	0.444444	0.555556	0.111111	0	0	0.111111	0.4444444444444444	0.5555555555555556	0.1111111111111111	0.	0.	0.037037037037037035	1	1	1	2	0	1	1	2	1	0
2	0	0.527294	0.59867	0.444444	0.555556	0.111111	0	0	0.111111	0.4444444444444444	0.5925925925925926	0.1111111111111111	0.	0.	0.037037037037037035	1	1	1	2	1	1	1	2	1	1
2	0	0.555531	0.636109	0.444444	0.555556	0.111111	0	0	0.111111	0.4444444444444444	0.6296296296296297	0.1111111111111111	0.	0.	0.037037037037037035	1	1	1	2	2	1	1	2	1	2
2	0	0.592735	0.584073	0.555556	0.555556	0.111111	0	0	0.111111	0.5555555555555556	0.5555555555555556	0.1111111111111111	0.	0.	0.037037037037037035	1	2	1	2	0	1	1	2	2	0
2	0	0.626807	0.618398	0.555556	0.555556	0.111111	0	0	0.111111	0.5555555555555556	0.5925925925925926	0.1111111111111111	0.	0.	0.037037037037037035	1	2	1	2	1	1	1	2	2	1
2	0	0.731349	0.408213	0.666667	0.333333	0.111111	0	0	0.111111	0.6666666666666666	0.3333333333333333	0.1111111111111111	0.	0.	0.037037037037037035	2	0	1	0	0	1	2	0	0	0
2	0	0.666709	0.381935	0.666667	0.333333	0.111111	0	0	0.111111	0.6666666666666666	0.37037037037037035	0.1111111111111111	0.	0.	0.037037037037037035	2	0	1	0	1	1	2	0	0	1
2	0	0.771616	0.397676	0.666667	0.333333	0.111111	0	0	0.111111	0.6666666666666666	0.4074074074074074	0.1111111111111111	0.	0.	0.037037037037037035	2	0	1	0	2	1	2	0	0	2
2	0	0.839273	0.411838	0.777778	0.333333	0.111111	0	0	0.111111	0.7777777777777778	0.3333333333333333	0.1111111111111111	0.	0.	0.037037037037037035	2	1	1	0	0	1	2	0	1	0
2	0	0.873805	0.436719	0.777778	0.333333	0.111111	0	0	0.111111	0.7777777777777778	0.37037037037037035	0.1111111111111111	0.	0.	0.037037037037037035	2	1	1	0	1	1	2	0	1	1
2	0	0.78573	0.343346	0.777778	0.333333	0.111111	0	0	0.111111	0.7777777777777778	0.4074074074074074	0.1111111111111111	0.	0.	0.037037037037037035	2	1	1	0	2	1	2	0	1	2
2	0	0.909578	0.358223	0.888889	0.333333	0.111111	0	0	0.111111	0.8888888888888888	0.3333333333333333	0.1111111111111111	0.	0.	0.037037037037037035	2	2	1	0	0	1	2	0	2	0
2	0	0.944519	0.335536	0.888889	0.333333	0.111111	0	0	0.111111	0.8888888888888888	0.37037037037037035	0.1111111111111111	0.	0.	0.037037037037037035	2	2	1	0	1	1	2	0	2	1
2	0	0.692802	0.474514	0.666667	0.444444	0.111111	0	0	0.111111	0.6666666666666666	0.4444444444444444	0.1111111111111111	0.	0.	0.037037037037037035	2	0	1	1	0	1	2	1	0	0
2	0	0.679729	0.519827	0.666667	0.444444	0.111111	0	0	0.111111	0.6666666666666666	0.48148148148148145	0.1111111111111111	0.	0.	0.037037037037037035	2	0	1	1	1	1	2	1	0	1
2	0	0.76603	0.555472	0.666667	0.444444	0.111111	0	0	0.111111	0.6666666666666666	0.5185185185185185	0.1111111111111111	0.	0.	0.037037037037037035	2	0	1	1	2	1	2	1	0	2
2	0	0.844961	0.505437	0.777778	0.444444	0.111111	0	0	0.111111	0.7777777777777778	0.4444444444444444	0.1111111111111111	0.	0.	0.037037037037037035	2	1	1	1	0	1	2	1	1	0
2	0	0.794041	0.49565	0.777778	0.444444	0.111111	0	0	0.111111	0.7777777777777778	0.48148148148148145	0.1111111111111111	0.	0.	0.037037037037037035	2	1	1	1	1	1	2	1	1	1
2	0	0.82301	0.529984	0.777778	0.444444	0.111111	0	0	0.111111	0.7777777777777778	0.5185185185185185	0.1111111111111111	0.	0.	0.037037037037037035	2	1	1	1	2	1	2	1	1	2
2	0	0.927958	0.454633	0.888889	0.444444	0.111111	0	0	0.111111	0.8888888888888888	0.4444444444444444	0.1111111111111111	0.	0.	0.037037037037037035	2	2	1	1	0	1	2	1	2	0
2	0	0.963341	0.482229	0.888889	0.444444	0.111111	0	0	0.111111	0.8888888888888888	0.48148148148148145	0.1111111111111111	0.	0.	0.037037037037037035	2	2	1	1	1	1	2	1	2	1
2	0	0.716228	0.623252	0.666667	0.555556	0.111111	0	0	0.111111	0.6666666666666666	0.5555555555555556	0.1111111111111111	0.	0.	0.037037037037037035	2	0	1	2	0	1	2	2	0	0
2	0	0.760879	0.602644	0.666667	0.555556	0.111111	0	0	0.111111	0.6666666666666666	0.5925925925925926	0.1111111111111111	0.	0.	0.037037037037037035	2	0	1	2	1	1	2	2	0	1
2	0	0.697801	0.652378	0.666667	0.555556	0.111111	0	0	0.111111	0.6666666666666666	0.6296296296296297	0.1111111111111111	0.	0.	0.037037037037037035	2	0	1	2	2	1	2	2	0	2
2	0	0.868098	0.666438	0.777778	0.555556	0.111111	0	0	0.111111	0.7777777777777778	0.5555555555555556	0.1111111111111111	0.	0.	0.037037037037037035	2	1	1	2	0	1	2	2	1	0
2	0	0.88884	0.632281	0.777778	0.555556	0.111111	0	0	0.111111	0.7777777777777778	0.5925925925925926	0.1111111111111111	0.	0.	0.037037037037037035	2	1	1	2	1	1	2	2	1	1
2	0	0.849696	0.593453	0.777778	0.555556	0.111111	0	0	0.111111	0.7777777777777778	0.6296296296296297	0.1111111111111111	0.	0.	0.037037037037037035	2	1	1	2	2	1	2	2	1	2
2	0	0.97503	0.570464	0.888889	0.555556	0.111111	0	0	0.111111	0.8888888888888888	0.5555555555555556	0.1111111111111111	0.	0.	0.037037037037037035	2	2	1	2	0	1	2	2	2	0
2	0	0.915387	0.562785	0.888889	0.555556	0.111111	0	0	0.111111	0.8888888888888888	0.5925925925925926	0.1111111111111111	0.	0.	0.037037037037037035	2	2	1	2	1	1	2	2	2	1
2	0	0.0886451	0.689223	0	0.666667	0.111111	0	0	0.111111	0.	0.6666666666666666	0.1111111111111111	0.	0.	0.037037037037037035	0	0	2	0	0	2	0	0	0	0
2	0	0.00254971	0.716276	0	0.666667	0.111111	0	0	0.111111	0.	0.7037037037037037	0.1111111111111111	0.	0.	0.037037037037037035	0	0	2	0	1	2	0	0	0	1
2	0	0.054228	0.746108	0	0.666667	0.111111	0	0	0.111111	0.	0.7407407407407407	0.1111111111111111	0.	0.	0.037037037037037035	0	0	2	0	2	2	0	0	0	2
2	0	0.169487	0.759168	0.111111	0.666667	0.111111	0	0	0.111111	0.1111111111111111	0.6666666666666666	0.1111111111111111	0.	0.	0.037037037037037035	0	1	2	0	0	2	0	0	1	0
2	0	0.185368	0.731012	0.111111	0.666667	0.111111	0	0	0.111111	0.1111111111111111	0.7037037037037037	0.1111111111111111	0.	0.	0.037037037037037035	0	1	2	0	1	2	0	0	1	1
2	0	0.1243	0.777733	0.111111	0.666667	0.111111	0	0	0.111111	0.1111111111111111	0.7407407407407407	0.1111111111111111	0.	0.	0.037037037037037035	0	1	2	0	2	2	0	0	1	2
2	0	0.253028	0.696324	0.222222	0.666667	0.111111	0	0	0.111111	0.2222222222222222	0.6666666666666666	0.1111111111111111	0.	0.	0.037037037037037035	0	2	2	0	0	2	0	0	2	0
2	0	0.309156	0.765286	0.222222	0.666667	0.111111	0	0	0.111111	0.2222222222222222	0.7037037037037037	0.1111111111111111	0.	0.	0.037037037037037035	0	2	2	0	1	2	0	0	2	1
2	0	0.0396348	0.854856	0	0.777778	0.111111	0	0	0.111111	0.	0.7777777777777778	0.1111111111111111	0.	0.	0.037037037037037035	0	0	2	1	0	2	0	1	0	0
2	0	0.0974847	0.888832	0	0.777778	0.111111	0	0	0.111111	0.	0.8148148148148148	0.1111111111111111	0.	0.	0.037037037037037035	0	0	2	1	1	2	0	1	0	1
2	0	0.0726904	0.888879	0	0.777778	0.111111	0	0	0.111111	0.	0.8518518518518519	0.1111111111111111	0.	0.	0.037037037037037035	0	0	2	1	2	2	0	1	0	2
2	0	0.221987	0.794829	0.111111	0.777778	0.111111	0	0	0.111111	0.1111111111111111	0.7777777777777778	0.1111111111111111	0.	0.	0.037037037037037035	0	1	2	1	0	2	0	1	1	0
2	0	0.188817	0.821523	0.111111	0.777778	0.111111	0	0	0.111111	0.1111111111111111	0.8148148148148148	0.1111111111111111	0.	0.	0.037037037037037035	0	1	2	1	1	2	0	1	1	1
2	0	0.132214	0.864991	0.111111	0.777778	0.111111	0	0	0.111111	0.1111111111111111	0.8518518518518519	0.1111111111111111	0.	0.	0.037037037037037035	0	1	2	1	2	2	0	1	1	2
2	0	0.268256	0.810596	0.222222	0.777778	0.111111	0	0	0.111111	0.2222222222222222	0.7777777777777778	0.1111111111111111	0.	0.	0.037037037037037035	0	2	2	1	0	2	0	1	2	0
2	0	0.294612	0.848843	0.222222	0.777778	0.111111	0	0	0.111111	0.2222222222222222	0.8148148148148148	0.1111111111111111	0.	0.	0.037037037037037035	0	2	2	1	1	2	0	1	2	1
2	0	0.0523226	0.999999	0	0.888889	0.111111	0	0	0.111111	0.	0.8888888888888888	0.1111111111111111	0.	0.	0.037037037037037035	0	0	2	2	0	2	0	2	0	0
2	0	0.021823	0.948792	0	0.888889	0.111111	0	0	0.111111	0.	0.9259259259259259	0.1111111111111111	0.	0.	0.037037037037037035	0	0	2	2	1	2	0	2	0	1
2	0	0.104825	0.982602	0	0.888889	0.111111	0	0	0.111111	0.	0.9629629629629629	0.1111111111111111	0.	0.	0.037037037037037035	0	0	2	2	2	2	0	2	0	2
2	0	0.15667	0.911973	0.111111	0.888889	0.111111	0	0	0.111111	0.1111111111111111	0.8888888888888888	0.1111111111111111	0.	0.	0.037037037037037035	0	1	2	2	0	2	0	2	1	0
2	0	0.203298	0.999996	0.111111	0.888889	0.111111	0	0	0.111111	0.1111111111111111	0.9259259259259259	0.1111111111111111	0.	0.	0.037037037037037035	0	1	2	2	1	2	0	2	1	1
2	0	0.211625	0.972354	0.111111	0.888889	0.111111	0	0	0.111111	0.1111111111111111	0.9629629629629629	0.1111111111111111	0.	0.	0.037037037037037035	0	1	2	2	2	2	0	2	1	2
2	0	0.244155	0.924824	0.222222	0.888889	0.111111	0	0	0.111111	0.2222222222222222	0.8888888888888888	0.1111111111111111	0.	0.	0.037037037037037035	0	2	2	2	0	2	0	2	2	0
2	0	0.281911	0.959737	0.222222	0.888889	0.111111	0	0	0.111111	0.2222222222222222	0.9259259259259259	0.1111111111111111	0.	0.	0.037037037037037035	0	2	2	2	1	2	0	2	2	1
2	0	0.382662	0.678151	0.333333	0.666667	0.111111	0	0	0.111111	0.3333333333333333	0.6666666666666666	0.1111111111111111	0.	0.	0.037037037037037035	1	0	2	0	0	2	1	0	0	0
2	0	0.406258	0.724344	0.333333	0.666667	0.111111	0	0	0.111111	0.3333333333333333	0.7037037037037037	0.1111111111111111	0.	0.	0.037037037037037035	1	0	2	0	1	2	1	0	0	1
2	0	0.367388	0.777693	0.333333	0.666667	0.111111	0	0	0.111111	0.3333333333333333	0.7407407407407407	0.1111111111111111	0.	0.	0.037037037037037035	1	0	2	0	2	2	1	0	0	2
2	0	0.465261	0.701246	0.444444	0.666667	0.111111	0	0	0.111111	0.4444444444444444	0.6666666666666666	0.1111111111111111	0.	0.	0.037037037037037035	1	1	2	0	0	2	1	0	1	0
2	0	0.498037	0.736607	0.444444	0.666667	0.111111	0	0	0.111111	0.4444444444444444	0.7037037037037037	0.1111111111111111	0.	0.	0.037037037037037035	1	1	2	0	1	2	1	0	1	1
2	0	0.544095	0.770537	0.444444	0.666667	0.111111	0	0	0.111111	0.4444444444444444	0.7407407407407407	0.1111111111111111	0.	0.	0.037037037037037035	1	1	2	0	2	2	1	0	1	2
2	0	0.647932	0.754322	0.555556	0.666667	0.111111	0	0	0.111111	0.5555555555555556	0.6666666666666666	0.1111111111111111	0.	0.	0.037037037037037035	1	2	2	0	0	2	1	0	2	0
2	0	0.602955	0.710364	0.555556	0.666667	0.111111	0	0	0.111111	0.5555555555555556	0.7037037037037037	0.1111111111111111	0.	0.	0.037037037037037035	1	2	2	0	1	2	1	0	2	1
2	0	0.442141	0.840245	0.333333	0.777778	0.111111	0	0	0.111111	0.3333333333333333	0.7777777777777778	0.1111111111111111	0.	0.	0.037037037037037035	1	0	2	1	0	2	1	1	0	0
2	0	0.334317	0.833707	0.333333	0.777778	0.111111	0	0	0.111111	0.3333333333333333	0.8148148148148148	0.1111111111111111	0.	0.	0.037037037037037035	1	0	2	1	1	2	1	1	0	1
2	0	0.396765	0.879858	0.333333	0.777778	0.111111	0	0	0.111111	0.3333333333333333	0.8518518518518519	0.1111111111111111	0.	0.	0.037037037037037035	1	0	2	1	2	2	1	1	0	2
2	0	0.492948	0.799506	0.444444	0.777778	0.111111	0	0	0.111111	0.4444444444444444	0.7777777777777778	0.1111111111111111	0.	0.	0.037037037037037035	1	1	2	1	0	2	1	1	1	0
2	0	0.519846	0.828217	0.444444	0.777778	0.111111	0	0	0.111111	0.4444444444444444	0.8148148148148148	0.1111111111111111	0.	0.	0.037037037037037035	1	1	2	1	1	2	1	1	1	1
2	0	0.480028	0.873684	0.444444	0.777778	0.111111	0	0	0.111111	0.4444444444444444	0.8518518518518519	0.1111111111111111	0.	0.	0.037037037037037035	1	1	2	1	2	2	1	1	1	2
2	0	0.612342	0.884653	0.555556	0.777778	0.111111	0	0	0.111111	0.5555555555555556	0.7777777777777778	0.1111111111111111	0.	0.	0.037037037037037035	1	2	2	1	0	2	1	1	2	0
2	0	0.588157	0.805111	0.555556	0.777778	0.111111	0	0	0.111111	0.5555555555555556	0.8148148148148148	0.1111111111111111	0.	0.	0.037037037037037035	1	2	2	1	1	2	1	1	2	1
2	0	0.343136	0.91778	0.333333	0.888889	0.111111	0	0	0.111111	0.3333333333333333	0.8888888888888888	0.1111111111111111	0.	0.	0.037037037037037035	1	0	2	2	0	2	1	2	0	0
2	0	0.439633	0.999995	0.333333	0.888889	0.111111	0	0	0.111111	0.3333333333333333	0.9259259259259259	0.1111111111111111	0.	0.	0.037037037037037035	1	0	2	2	1	2	1	2	0	1
2	0	0.374403	0.990533	0.333333	0.888889	0.111111	0	0	0.111111	0.3333333333333333	0.9629629629629629	0.1111111111111111	0.	0.	0.037037037037037035	1	0	2	2	2	2	1	2	0	2
2	0	0.555375	0.942042	0.444444	0.888889	0.111111	0	0	0.111111	0.4444444444444444	0.8888888888888888	0.1111111111111111	0.	0.	0.037037037037037035	1	1	2	2	0	2	1	2	1	0
2	0	0.448598	0.932662	0.444444	0.888889	0.111111	0	0	0.111111	0.4444444444444444	0.9259259259259259	0.1111111111111111	0.	0.	0.037037037037037035	1	1	2	2	1	2	1	2	1	1
2	0	0.461859	0.96636	0.444444	0.888889	0.111111	0	0	0.111111	0.4444444444444444	0.9629629629629629	0.1111111111111111	0.	0.	0.037037037037037035	1	1	2	2	2	2	1	2	1	2
2	0	0.623172	0.995339	0.555556	0.888889	0.111111	0	0	0.111111	0.5555555555555556	0.8888888888888888	0.1111111111111111	0.	0.	0.037037037037037035	1	2	2	2	0	2	1	2	2	0
2	0	0.575072	0.954614	0.555556	0.888889	0.111111	0	0	0.111111	0.5555555555555556	0.9259259259259259	0.1111111111111111	0.	0.	0.037037037037037035	1	2	2	2	1	2	1	2	2	1
2	0	0.666915	0.682997	0.666667	0.666667	0.111111	0	0	0.111111	0.6666666666666666	0.6666666666666666	0.1111111111111111	0.	0.	0.037037037037037035	2	0	2	0	0	2	2	0	0	0
2	0	0.727013	0.705097	0.666667	0.666667	0.111111	0	0	0.111111	0.6666666666666666	0.7037037037037037	0.1111111111111111	0.	0.	0.037037037037037035	2	0	2	0	1	2	2	0	0	1
2	0	0.743016	0.750186	0.666667	0.666667	0.111111	0	0	0.111111	0.6666666666666666	0.7407407407407407	0.1111111111111111	0.	0.	0.037037037037037035	2	0	2	0	2	2	2	0	0	2
2	0	0.884306	0.774997	0.777778	0.666667	0.111111	0	0	0.111111	0.7777777777777778	0.6666666666666666	0.1111111111111111	0.	0.	0.037037037037037035	2	1	2	0	0	2	2	0	1	0
2	0	0.804821	0.739953	0.777778	0.666667	0.111111	0	0	0.111111	0.7777777777777778	0.7037037037037037	0.1111111111111111	0.	0.	0.037037037037037035	2	1	2	0	1	2	2	0	1	1
2	0	0.82793	0.719977	0.777778	0.666667	0.111111	0	0	0.111111	0.7777777777777778	0.7407407407407407	0.1111111111111111	0.	0.	0.037037037037037035	2	1	2	0	2	2	2	0	1	2
2	0	0.933251	0.674278	0.888889	0.666667	0.111111	0	0	0.111111	0.8888888888888888	0.6666666666666666	0.1111111111111111	0.	0.	0.037037037037037035	2	2	2	0	0	2	2	0	2	0
2	0	0.949545	0.692468	0.888889	0.666667	0.111111	0	0	0.111111	0.8888888888888888	0.7037037037037037	0.1111111111111111	0.	0.	0.037037037037037035	2	2	2	0	1	2	2	0	2	1
2	0	0.752421	0.844475	0.666667	0.777778	0.111111	0	0	0.111111	0.6666666666666666	0.7777777777777778	0.1111111111111111	0.	0.	0.037037037037037035	2	0	2	1	0	2	2	1	0	0
2	0	0.707287	0.868008	0.666667	0.777778	0.111111	0	0	0.111111	0.6666666666666666	0.8148148148148148	0.1111111111111111	0.	0.	0.037037037037037035	2	0	2	1	1	2	2	1	0	1
2	0	0.675534	0.815842	0.666667	0.777778	0.111111	0	0	0.111111	0.6666666666666666	0.8518518518518519	0.1111111111111111	0.	0.	0.037037037037037035	2	0	2	1	2	2	2	1	0	2
2	0	0.789531	0.790443	0.777778	0.777778	0.111111	0	0	0.111111	0.7777777777777778	0.7777777777777778	0.1111111111111111	0.	0.	0.037037037037037035	2	1	2	1	0	2	2	1	1	0
2	0	0.887296	0.888867	0.777778	0.777778	0.111111	0	0	0.111111	0.7777777777777778	0.8148148148148148	0.1111111111111111	0.	0.	0.037037037037037035	2	1	2	1	1	2	2	1	1	1
2	0	0.853767	0.858934	0.777778	0.777778	0.111111	0	0	0.111111	0.7777777777777778	0.8518518518518519	0.1111111111111111	0.	0.	0.037037037037037035	2	1	2	1	2	2	2	1	1	2
2	0	0.959095	0.7868	0.888889	0.777778	0.111111	0	0	0.111111	0.8888888888888888	0.7777777777777778	0.1111111111111111	0.	0.	0.037037037037037035	2	2	2	1	0	2	2	1	2	0
2	0	0.906584	0.823906	0.888889	0.777778	0.111111	0	0	0.111111	0.8888888888888888	0.8148148148148148	0.1111111111111111	0.	0.	0.037037037037037035	2	2	2	1	1	2	2	1	2	1
2	0	0.666698	0.906342	0.666667	0.888889	0.111111	0	0	0.111111	0.6666666666666666	0.8888888888888888	0.1111111111111111	0.	0.	0.037037037037037035	2	0	2	2	0	2	2	2	0	0
2	0	0.688476	0.937891	0.666667	0.888889	0.111111	0	0	0.111111	0.6666666666666666	0.9259259259259259	0.1111111111111111	0.	0.	0.037037037037037035	2	0	2	2	1	2	2	2	0	1
2	0	0.734988	0.976768	0.666667	0.888889	0.111111	0	0	0.111111	0.6666666666666666	0.9629629629629629	0.1111111111111111	0.	0.	0.037037037037037035	2	0	2	2	2	2	2	2	0	2
2	0	0.813985	0.902794	0.777778	0.888889	0.111111	0	0	0.111111	0.7777777777777778	0.8888888888888888	0.1111111111111111	0.	0.	0.037037037037037035	2	1	2	2	0	2	2	2	1	0
2	0	0.78149	0.928071	0.777778	0.888889	0.111111	0	0	0.111111	0.7777777777777778	0.9259259259259259	0.1111111111111111	0.	0.	0.037037037037037035	2	1	2	2	1	2	2	2	1	1
2	0	0.841873	0.985982	0.777778	0.888889	0.111111	0	0	0.111111	0.7777777777777778	0.9629629629629629	0.1111111111111111	0.	0.	0.037037037037037035	2	1	2	2	2	2	2	2	1	2
2	0	0.978125	0.897636	0.888889	0.888889	0.111111	0	0	0.111111	0.8888888888888888	0.8888888888888888	0.1111111111111111	0.	0.	0.037037037037037035	2	2	2	2	0	2	2	2	2	0
2	0	0.925145	0.945874	0.888889	0.888889	0.111111	0	0	0.111111	0.8888888888888888	0.9259259259259259	0.1111111111111111	0.	0.	0.037037037037037035	2	2	2	2	1	2	2	2	2	1
