1	0	0.0871136	0.0370028	0	0	0.111111	0	0	0.037037	0.	0.	0.037037037037037035	0.	0.	0.037037037037037035	0	0	0	0	0	0	0	0	0	0	0	0
1	0	0.110971	0.0369342	0	0	0.111111	0	0	0.037037	0.037037037037037035	0.	0.037037037037037035	0.	0.	0.037037037037037035	0	0	1	0	0	0	0	0	0	0	0	1
1	0	0.0998015	0.0740454	0	0.037037	0.111111	0	0	0.037037	0.	0.037037037037037035	0.037037037037037035	0.	0.	0.037037037037037035	0	0	0	0	0	1	0	0	0	0	1	0
1	0	0.0310881	0.0501148	0	0.037037	0.111111	0	0	0.037037	0.037037037037037035	0.037037037037037035	0.037037037037037035	0.	0.	0.037037037037037035	0	0	1	0	0	1	0	0	0	0	1	1
1	0	0.0236611	0.0972142	0	0.0740741	0.111111	0	0	0.037037	0.	0.07407407407407407	0.037037037037037035	0.	0.	0.037037037037037035	0	0	0	0	0	2	0	0	0	0	2	0
1	0	0.145069	0.0186536	0.111111	0	0.111111	0	0	0.037037	0.1111111111111111	0.	0.037037037037037035	0.	0.	0.037037037037037035	0	1	0	0	0	0	0	0	0	1	0	0
1	0	0.184763	0.00226395	0.111111	0	0.111111	0	0	0.037037	0.14814814814814814	0.	0.037037037037037035	0.	0.	0.037037037037037035	0	1	1	0	0	0	0	0	0	1	0	1
1	0	0.164315	0.0672094	0.111111	0.037037	0.111111	0	0	0.037037	0.1111111111111111	0.037037037037037035	0.037037037037037035	0.	0.	0.037037037037037035	0	1	0	0	0	1	0	0	0	1	1	0
1	0	0.2222	0.0726856	0.111111	0.037037	0.111111	0	0	0.037037	0.14814814814814814	0.037037037037037035	0.037037037037037035	0.	0.	0.037037037037037035	0	1	1	0	0	1	0	0	0	1	1	1
1	0	0.213295	0.11048	0.111111	0.0740741	0.111111	0	0	0.037037	0.1111111111111111	0.07407407407407407	0.037037037037037035	0.	0.	0.037037037037037035	0	1	0	0	0	2	0	0	0	1	2	0
1	0	0.255122	0.00789489	0.222222	0	0.111111	0	0	0.037037	0.2222222222222222	0.	0.037037037037037035	0.	0.	0.037037037037037035	0	2	0	0	0	0	0	0	0	2	0	0
1	0	0.264552	0.0249298	0.222222	0	0.111111	0	0	0.037037	0.25925925925925924	0.	0.037037037037037035	0.	0.	0.037037037037037035	0	2	1	0	0	0	0	0	0	2	0	1
1	0	0.278162	0.0740727	0.222222	0.037037	0.111111	0	0	0.037037	0.2222222222222222	0.037037037037037035	0.037037037037037035	0.	0.	0.037037037037037035	0	2	0	0	0	1	0	0	0	2	1	0
1	0	0.328221	0.105564	0.222222	0.0740741	0.111111	0	0	0.037037	0.2222222222222222	0.07407407407407407	0.037037037037037035	0.	0.	0.037037037037037035	0	2	0	0	0	2	0	0	0	2	2	0
1	0	0.0710279	0.1481	0	0.111111	0.111111	0	0	0.037037	0.	0.1111111111111111	0.037037037037037035	0.	0.	0.037037037037037035	0	0	0	0	1	0	0	0	1	0	0	0
1	0	0.104878	0.145941	0	0.111111	0.111111	0	0	0.037037	0.037037037037037035	0.1111111111111111	0.037037037037037035	0.	0.	0.037037037037037035	0	0	1	0	1	0	0	0	1	0	0	1
1	0	0.0454052	0.165884	0	0.148148	0.111111	0	0	0.037037	0.	0.14814814814814814	0.037037037037037035	0.	0.	0.037037037037037035	0	0	0	0	1	1	0	0	1	0	1	0
1	0	0.0799313	0.185184	0	0.148148	0.111111	0	0	0.037037	0.037037037037037035	0.14814814814814814	0.037037037037037035	0.	0.	0.037037037037037035	0	0	1	0	1	1	0	0	1	0	1	1
1	0	0.0385428	0.213893	0	0.185185	0.111111	0	0	0.037037	0.	0.18518518518518517	0.037037037037037035	0.	0.	0.037037037037037035	0	0	0	0	1	2	0	0	1	0	2	0
1	0	0.193347	0.134418	0.111111	0.111111	0.111111	0	0	0.037037	0.1111111111111111	0.1111111111111111	0.037037037037037035	0.	0.	0.037037037037037035	0	1	0	0	1	0	0	0	1	1	0	0
1	0	0.222186	0.126069	0.111111	0.111111	0.111111	0	0	0.037037	0.14814814814814814	0.1111111111111111	0.037037037037037035	0.	0.	0.037037037037037035	0	1	1	0	1	0	0	0	1	1	0	1
1	0	0.135185	0.185083	0.111111	0.148148	0.111111	0	0	0.037037	0.1111111111111111	0.14814814814814814	0.037037037037037035	0.	0.	0.037037037037037035	0	1	0	0	1	1	0	0	1	1	1	0
1	0	0.208343	0.178216	0.111111	0.148148	0.111111	0	0	0.037037	0.14814814814814814	0.14814814814814814	0.037037037037037035	0.	0.	0.037037037037037035	0	1	1	0	1	1	0	0	1	1	1	1
1	0	0.12497	0.20857	0.111111	0.185185	0.111111	0	0	0.037037	0.1111111111111111	0.18518518518518517	0.037037037037037035	0.	0.	0.037037037037037035	0	1	0	0	1	2	0	0	1	1	2	0
1	0	0.312282	0.148101	0.222222	0.111111	0.111111	0	0	0.037037	0.2222222222222222	0.1111111111111111	0.037037037037037035	0.	0.	0.037037037037037035	0	2	0	0	1	0	0	0	1	2	0	0
1	0	0.297744	0.138692	0.222222	0.111111	0.111111	0	0	0.037037	0.25925925925925924	0.1111111111111111	0.037037037037037035	0.	0.	0.037037037037037035	0	2	1	0	1	0	0	0	1	2	0	1
1	0	0.286239	0.18513	0.222222	0.148148	0.111111	0	0	0.037037	0.2222222222222222	0.14814814814814814	0.037037037037037035	0.	0.	0.037037037037037035	0	2	0	0	1	1	0	0	1	2	1	0
1	0	0.317952	0.222215	0.222222	0.185185	0.111111	0	0	0.037037	0.2222222222222222	0.18518518518518517	0.037037037037037035	0.	0.	0.037037037037037035	0	2	0	0	1	2	0	0	1	2	2	0
1	0	0.00232065	0.254872	0	0.222222	0.111111	0	0	0.037037	0.	0.2222222222222222	0.037037037037037035	0.	0.	0.037037037037037035	0	0	0	0	2	0	0	0	2	0	0	0
1	0	0.0665467	0.229326	0	0.222222	0.111111	0	0	0.037037	0.037037037037037035	0.2222222222222222	0.037037037037037035	0.	0.	0.037037037037037035	0	0	1	0	2	0	0	0	2	0	0	1
1	0	0.0204757	0.278518	0	0.259259	0.111111	0	0	0.037037	0.	0.25925925925925924	0.037037037037037035	0.	0.	0.037037037037037035	0	0	0	0	2	1	0	0	2	0	1	0
1	0	0.0499047	0.296258	0	0.259259	0.111111	0	0	0.037037	0.037037037037037035	0.25925925925925924	0.037037037037037035	0.	0.	0.037037037037037035	0	0	1	0	2	1	0	0	2	0	1	1
1	0	0.0575056	0.32998	0	0.296296	0.111111	0	0	0.037037	0.	0.2962962962962963	0.037037037037037035	0.	0.	0.037037037037037035	0	0	0	0	2	2	0	0	2	0	2	0
1	0	0.175318	0.25923	0.111111	0.222222	0.111111	0	0	0.037037	0.1111111111111111	0.2222222222222222	0.037037037037037035	0.	0.	0.037037037037037035	0	1	0	0	2	0	0	0	2	1	0	0
1	0	0.150748	0.241696	0.111111	0.222222	0.111111	0	0	0.037037	0.14814814814814814	0.2222222222222222	0.037037037037037035	0.	0.	0.037037037037037035	0	1	1	0	2	0	0	0	2	1	0	1
1	0	0.158712	0.296287	0.111111	0.259259	0.111111	0	0	0.037037	0.1111111111111111	0.25925925925925924	0.037037037037037035	0.	0.	0.037037037037037035	0	1	0	0	2	1	0	0	2	1	1	0
1	0	0.140718	0.317101	0.111111	0.296296	0.111111	0	0	0.037037	0.1111111111111111	0.2962962962962963	0.037037037037037035	0.	0.	0.037037037037037035	0	1	0	0	2	2	0	0	2	1	2	0
1	0	0.245797	0.248382	0.222222	0.222222	0.111111	0	0	0.037037	0.2222222222222222	0.2222222222222222	0.037037037037037035	0.	0.	0.037037037037037035	0	2	0	0	2	0	0	0	2	2	0	0
1	0	0.3021	0.259257	0.222222	0.222222	0.111111	0	0	0.037037	0.25925925925925924	0.2222222222222222	0.037037037037037035	0.	0.	0.037037037037037035	0	2	1	0	2	0	0	0	2	2	0	1
1	0	0.333141	0.285006	0.222222	0.259259	0.111111	0	0	0.037037	0.2222222222222222	0.25925925925925924	0.037037037037037035	0.	0.	0.037037037037037035	0	2	0	0	2	1	0	0	2	2	1	0
1	0	0.241328	0.310111	0.222222	0.296296	0.111111	0	0	0.037037	0.2222222222222222	0.2962962962962963	0.037037037037037035	0.	0.	0.037037037037037035	0	2	0	0	2	2	0	0	2	2	2	0
1	0	0.374468	0.0136851	0.333333	0	0.111111	0	0	0.037037	0.3333333333333333	0.	0.037037037037037035	0.	0.	0.037037037037037035	1	0	0	0	0	0	0	1	0	0	0	0
1	0	0.387724	0.0282585	0.333333	0	0.111111	0	0	0.037037	0.37037037037037035	0.	0.037037037037037035	0.	0.	0.037037037037037035	1	0	1	0	0	0	0	1	0	0	0	1
1	0	0.342922	0.059389	0.333333	0.037037	0.111111	0	0	0.037037	0.3333333333333333	0.037037037037037035	0.037037037037037035	0.	0.	0.037037037037037035	1	0	0	0	0	1	0	1	0	0	1	0
1	0	0.426897	0.074034	0.333333	0.037037	0.111111	0	0	0.037037	0.37037037037037035	0.037037037037037035	0.037037037037037035	0.	0.	0.037037037037037035	1	0	1	0	0	1	0	1	0	0	1	1
1	0	0.444439	0.0939214	0.333333	0.0740741	0.111111	0	0	0.037037	0.3333333333333333	0.07407407407407407	0.037037037037037035	0.	0.	0.037037037037037035	1	0	0	0	0	2	0	1	0	0	2	0
1	0	0.555551	0.0361161	0.444444	0	0.111111	0	0	0.037037	0.4444444444444444	0.	0.037037037037037035	0.	0.	0.037037037037037035	1	1	0	0	0	0	0	1	0	1	0	0
1	0	0.51558	0.0329395	0.444444	0	0.111111	0	0	0.037037	0.48148148148148145	0.	0.037037037037037035	0.	0.	0.037037037037037035	1	1	1	0	0	0	0	1	0	1	0	1
1	0	0.466151	0.0553696	0.444444	0.037037	0.111111	0	0	0.037037	0.4444444444444444	0.037037037037037035	0.037037037037037035	0.	0.	0.037037037037037035	1	1	0	0	0	1	0	1	0	1	1	0
1	0	0.500907	0.0630211	0.444444	0.037037	0.111111	0	0	0.037037	0.48148148148148145	0.037037037037037035	0.037037037037037035	0.	0.	0.037037037037037035	1	1	1	0	0	1	0	1	0	1	1	1
1	0	0.536519	0.102061	0.444444	0.0740741	0.111111	0	0	0.037037	0.4444444444444444	0.07407407407407407	0.037037037037037035	0.	0.	0.037037037037037035	1	1	0	0	0	2	0	1	0	1	2	0
1	0	0.663818	0.0213996	0.555556	0	0.111111	0	0	0.037037	0.5555555555555556	0.	0.037037037037037035	0.	0.	0.037037037037037035	1	2	0	0	0	0	0	1	0	2	0	0
1	0	0.666649	0.0108588	0.555556	0	0.111111	0	0	0.037037	0.5925925925925926	0.	0.037037037037037035	0.	0.	0.037037037037037035	1	2	1	0	0	0	0	1	0	2	0	1
1	0	0.611847	0.0526302	0.555556	0.037037	0.111111	0	0	0.037037	0.5555555555555556	0.037037037037037035	0.037037037037037035	0.	0.	0.037037037037037035	1	2	0	0	0	1	0	1	0	2	1	0
1	0	0.636516	0.0898482	0.555556	0.0740741	0.111111	0	0	0.037037	0.5555555555555556	0.07407407407407407	0.037037037037037035	0.	0.	0.037037037037037035	1	2	0	0	0	2	0	1	0	2	2	0
1	0	0.432481	0.114098	0.333333	0.111111	0.111111	0	0	0.037037	0.3333333333333333	0.1111111111111111	0.037037037037037035	0.	0.	0.037037037037037035	1	0	0	0	1	0	0	1	1	0	0	0
1	0	0.355173	0.120237	0.333333	0.111111	0.111111	0	0	0.037037	0.37037037037037035	0.1111111111111111	0.037037037037037035	0.	0.	0.037037037037037035	1	0	1	0	1	0	0	1	1	0	0	1
1	0	0.411238	0.185183	0.333333	0.148148	0.111111	0	0	0.037037	0.3333333333333333	0.14814814814814814	0.037037037037037035	0.	0.	0.037037037037037035	1	0	0	0	1	1	0	1	1	0	1	0
1	0	0.399018	0.170343	0.333333	0.148148	0.111111	0	0	0.037037	0.37037037037037035	0.14814814814814814	0.037037037037037035	0.	0.	0.037037037037037035	1	0	1	0	1	1	0	1	1	0	1	1
1	0	0.444418	0.217015	0.333333	0.185185	0.111111	0	0	0.037037	0.3333333333333333	0.18518518518518517	0.037037037037037035	0.	0.	0.037037037037037035	1	0	0	0	1	2	0	1	1	0	2	0
1	0	0.490957	0.131154	0.444444	0.111111	0.111111	0	0	0.037037	0.4444444444444444	0.1111111111111111	0.037037037037037035	0.	0.	0.037037037037037035	1	1	0	0	1	0	0	1	1	1	0	0
1	0	0.509397	0.143342	0.444444	0.111111	0.111111	0	0	0.037037	0.48148148148148145	0.1111111111111111	0.037037037037037035	0.	0.	0.037037037037037035	1	1	1	0	1	0	0	1	1	1	0	1
1	0	0.555531	0.175587	0.444444	0.148148	0.111111	0	0	0.037037	0.4444444444444444	0.14814814814814814	0.037037037037037035	0.	0.	0.037037037037037035	1	1	0	0	1	1	0	1	1	1	1	0
1	0	0.54944	0.162887	0.444444	0.148148	0.111111	0	0	0.037037	0.48148148148148145	0.14814814814814814	0.037037037037037035	0.	0.	0.037037037037037035	1	1	1	0	1	1	0	1	1	1	1	1
1	0	0.477772	0.205043	0.444444	0.185185	0.111111	0	0	0.037037	0.4444444444444444	0.18518518518518517	0.037037037037037035	0.	0.	0.037037037037037035	1	1	0	0	1	2	0	1	1	1	2	0
1	0	0.602729	0.148111	0.555556	0.111111	0.111111	0	0	0.037037	0.5555555555555556	0.1111111111111111	0.037037037037037035	0.	0.	0.037037037037037035	1	2	0	0	1	0	0	1	1	2	0	0
1	0	0.597445	0.116955	0.555556	0.111111	0.111111	0	0	0.037037	0.5925925925925926	0.1111111111111111	0.037037037037037035	0.	0.	0.037037037037037035	1	2	1	0	1	0	0	1	1	2	0	1
1	0	0.625516	0.181405	0.555556	0.148148	0.111111	0	0	0.037037	0.5555555555555556	0.14814814814814814	0.037037037037037035	0.	0.	0.037037037037037035	1	2	0	0	1	1	0	1	1	2	1	0
1	0	0.65938	0.219713	0.555556	0.185185	0.111111	0	0	0.037037	0.5555555555555556	0.18518518518518517	0.037037037037037035	0.	0.	0.037037037037037035	1	2	0	0	1	2	0	1	1	2	2	0
1	0	0.367156	0.237867	0.333333	0.222222	0.111111	0	0	0.037037	0.3333333333333333	0.2222222222222222	0.037037037037037035	0.	0.	0.037037037037037035	1	0	0	0	2	0	0	1	2	0	0	0
1	0	0.39271	0.258612	0.333333	0.222222	0.111111	0	0	0.037037	0.37037037037037035	0.2222222222222222	0.037037037037037035	0.	0.	0.037037037037037035	1	0	1	0	2	0	0	1	2	0	0	1
1	0	0.382653	0.294345	0.333333	0.259259	0.111111	0	0	0.037037	0.3333333333333333	0.25925925925925924	0.037037037037037035	0.	0.	0.037037037037037035	1	0	0	0	2	1	0	1	2	0	1	0
1	0	0.441796	0.290466	0.333333	0.259259	0.111111	0	0	0.037037	0.37037037037037035	0.25925925925925924	0.037037037037037035	0.	0.	0.037037037037037035	1	0	1	0	2	1	0	1	2	0	1	1
1	0	0.349847	0.322789	0.333333	0.296296	0.111111	0	0	0.037037	0.3333333333333333	0.2962962962962963	0.037037037037037035	0.	0.	0.037037037037037035	1	0	0	0	2	2	0	1	2	0	2	0
1	0	0.527976	0.259133	0.444444	0.222222	0.111111	0	0	0.037037	0.4444444444444444	0.2222222222222222	0.037037037037037035	0.	0.	0.037037037037037035	1	1	0	0	2	0	0	1	2	1	0	0
1	0	0.518858	0.23464	0.444444	0.222222	0.111111	0	0	0.037037	0.48148148148148145	0.2222222222222222	0.037037037037037035	0.	0.	0.037037037037037035	1	1	1	0	2	0	0	1	2	1	0	1
1	0	0.555525	0.28133	0.444444	0.259259	0.111111	0	0	0.037037	0.4444444444444444	0.25925925925925924	0.037037037037037035	0.	0.	0.037037037037037035	1	1	0	0	2	1	0	1	2	1	1	0
1	0	0.553454	0.326029	0.444444	0.296296	0.111111	0	0	0.037037	0.4444444444444444	0.2962962962962963	0.037037037037037035	0.	0.	0.037037037037037035	1	1	0	0	2	2	0	1	2	1	2	0
1	0	0.66662	0.259148	0.555556	0.222222	0.111111	0	0	0.037037	0.5555555555555556	0.2222222222222222	0.037037037037037035	0.	0.	0.037037037037037035	1	2	0	0	2	0	0	1	2	2	0	0
1	0	0.640824	0.251484	0.555556	0.222222	0.111111	0	0	0.037037	0.5925925925925926	0.2222222222222222	0.037037037037037035	0.	0.	0.037037037037037035	1	2	1	0	2	0	0	1	2	2	0	1
1	0	0.649513	0.29624	0.555556	0.259259	0.111111	0	0	0.037037	0.5555555555555556	0.25925925925925924	0.037037037037037035	0.	0.	0.037037037037037035	1	2	0	0	2	1	0	1	2	2	1	0
1	0	0.583232	0.312827	0.555556	0.296296	0.111111	0	0	0.037037	0.5555555555555556	0.2962962962962963	0.037037037037037035	0.	0.	0.037037037037037035	1	2	0	0	2	2	0	1	2	2	2	0
1	0	0.763519	0.0306773	0.666667	0	0.111111	0	0	0.037037	0.6666666666666666	0.	0.037037037037037035	0.	0.	0.037037037037037035	2	0	0	0	0	0	0	2	0	0	0	0
1	0	0.777761	0.00327653	0.666667	0	0.111111	0	0	0.037037	0.7037037037037037	0.	0.037037037037037035	0.	0.	0.037037037037037035	2	0	1	0	0	0	0	2	0	0	0	1
1	0	0.777775	0.0707568	0.666667	0.037037	0.111111	0	0	0.037037	0.6666666666666666	0.037037037037037035	0.037037037037037035	0.	0.	0.037037037037037035	2	0	0	0	0	1	0	2	0	0	1	0
1	0	0.71755	0.0739973	0.666667	0.037037	0.111111	0	0	0.037037	0.7037037037037037	0.037037037037037035	0.037037037037037035	0.	0.	0.037037037037037035	2	0	1	0	0	1	0	2	0	0	1	1
1	0	0.740013	0.0997885	0.666667	0.0740741	0.111111	0	0	0.037037	0.6666666666666666	0.07407407407407407	0.037037037037037035	0.	0.	0.037037037037037035	2	0	0	0	0	2	0	2	0	0	2	0
1	0	0.820511	0.0369985	0.777778	0	0.111111	0	0	0.037037	0.7777777777777778	0.	0.037037037037037035	0.	0.	0.037037037037037035	2	1	0	0	0	0	0	2	0	1	0	0
1	0	0.888849	0.0165814	0.777778	0	0.111111	0	0	0.037037	0.8148148148148148	0.	0.037037037037037035	0.	0.	0.037037037037037035	2	1	1	0	0	0	0	2	0	1	0	1
1	0	0.855386	0.0740606	0.777778	0.037037	0.111111	0	0	0.037037	0.7777777777777778	0.037037037037037035	0.037037037037037035	0.	0.	0.037037037037037035	2	1	0	0	0	1	0	2	0	1	1	0
1	0	0.888881	0.0641615	0.777778	0.037037	0.111111	0	0	0.037037	0.8148148148148148	0.037037037037037035	0.037037037037037035	0.	0.	0.037037037037037035	2	1	1	0	0	1	0	2	0	1	1	1
1	0	0.888882	0.108594	0.777778	0.0740741	0.111111	0	0	0.037037	0.7777777777777778	0.07407407407407407	0.037037037037037035	0.	0.	0.037037037037037035	2	1	0	0	0	2	0	2	0	1	2	0
1	0	0.959311	0.0370111	0.888889	0	0.111111	0	0	0.037037	0.8888888888888888	0.	0.037037037037037035	0.	0.	0.037037037037037035	2	2	0	0	0	0	0	2	0	2	0	0
1	0	0.947964	0.0369239	0.888889	0	0.111111	0	0	0.037037	0.9259259259259259	0.	0.037037037037037035	0.	0.	0.037037037037037035	2	2	1	0	0	0	0	2	0	2	0	1
1	0	0.999998	0.052269	0.888889	0.037037	0.111111	0	0	0.037037	0.8888888888888888	0.037037037037037035	0.037037037037037035	0.	0.	0.037037037037037035	2	2	0	0	0	1	0	2	0	2	1	0
1	0	0.991741	0.0956374	0.888889	0.0740741	0.111111	0	0	0.037037	0.8888888888888888	0.07407407407407407	0.037037037037037035	0.	0.	0.037037037037037035	2	2	0	0	0	2	0	2	0	2	2	0
1	0	0.696558	0.123054	0.666667	0.111111	0.111111	0	0	0.037037	0.6666666666666666	0.1111111111111111	0.037037037037037035	0.	0.	0.037037037037037035	2	0	0	0	1	0	0	2	1	0	0	0
1	0	0.777626	0.147997	0.666667	0.111111	0.111111	0	0	0.037037	0.7037037037037037	0.1111111111111111	0.037037037037037035	0.	0.	0.037037037037037035	2	0	1	0	1	0	0	2	1	0	0	1
1	0	0.732642	0.185185	0.666667	0.148148	0.111111	0	0	0.037037	0.6666666666666666	0.14814814814814814	0.037037037037037035	0.	0.	0.037037037037037035	2	0	0	0	1	1	0	2	1	0	1	0
1	0	0.770049	0.172513	0.666667	0.148148	0.111111	0	0	0.037037	0.7037037037037037	0.14814814814814814	0.037037037037037035	0.	0.	0.037037037037037035	2	0	1	0	1	1	0	2	1	0	1	1
1	0	0.685867	0.201908	0.666667	0.185185	0.111111	0	0	0.037037	0.6666666666666666	0.18518518518518517	0.037037037037037035	0.	0.	0.037037037037037035	2	0	0	0	1	2	0	2	1	0	2	0
1	0	0.829196	0.12872	0.777778	0.111111	0.111111	0	0	0.037037	0.7777777777777778	0.1111111111111111	0.037037037037037035	0.	0.	0.037037037037037035	2	1	0	0	1	0	0	2	1	1	0	0
1	0	0.862178	0.140935	0.777778	0.111111	0.111111	0	0	0.037037	0.8148148148148148	0.1111111111111111	0.037037037037037035	0.	0.	0.037037037037037035	2	1	1	0	1	0	0	2	1	1	0	1
1	0	0.838454	0.183931	0.777778	0.148148	0.111111	0	0	0.037037	0.7777777777777778	0.14814814814814814	0.037037037037037035	0.	0.	0.037037037037037035	2	1	0	0	1	1	0	2	1	1	1	0
1	0	0.876094	0.210703	0.777778	0.185185	0.111111	0	0	0.037037	0.7777777777777778	0.18518518518518517	0.037037037037037035	0.	0.	0.037037037037037035	2	1	0	0	1	2	0	2	1	1	2	0
1	0	0.984752	0.148133	0.888889	0.111111	0.111111	0	0	0.037037	0.8888888888888888	0.1111111111111111	0.037037037037037035	0.	0.	0.037037037037037035	2	2	0	0	1	0	0	2	1	2	0	0
1	0	0.973122	0.135603	0.888889	0.111111	0.111111	0	0	0.037037	0.9259259259259259	0.1111111111111111	0.037037037037037035	0.	0.	0.037037037037037035	2	2	1	0	1	0	0	2	1	2	0	1
1	0	0.929803	0.161125	0.888889	0.148148	0.111111	0	0	0.037037	0.8888888888888888	0.14814814814814814	0.037037037037037035	0.	0.	0.037037037037037035	2	2	0	0	1	1	0	2	1	2	1	0
1	0	0.997161	0.22094	0.888889	0.185185	0.111111	0	0	0.037037	0.8888888888888888	0.18518518518518517	0.037037037037037035	0.	0.	0.037037037037037035	2	2	0	0	1	2	0	2	1	2	2	0
1	0	0.708386	0.244581	0.666667	0.222222	0.111111	0	0	0.037037	0.6666666666666666	0.2222222222222222	0.037037037037037035	0.	0.	0.037037037037037035	2	0	0	0	2	0	0	2	2	0	0	0
1	0	0.70395	0.231696	0.666667	0.222222	0.111111	0	0	0.037037	0.7037037037037037	0.2222222222222222	0.037037037037037035	0.	0.	0.037037037037037035	2	0	1	0	2	0	0	2	2	0	0	1
1	0	0.747684	0.288075	0.666667	0.259259	0.111111	0	0	0.037037	0.6666666666666666	0.25925925925925924	0.037037037037037035	0.	0.	0.037037037037037035	2	0	0	0	2	1	0	2	2	0	1	0
1	0	0.723922	0.275953	0.666667	0.259259	0.111111	0	0	0.037037	0.7037037037037037	0.25925925925925924	0.037037037037037035	0.	0.	0.037037037037037035	2	0	1	0	2	1	0	2	2	0	1	1
1	0	0.691372	0.319925	0.666667	0.296296	0.111111	0	0	0.037037	0.6666666666666666	0.2962962962962963	0.037037037037037035	0.	0.	0.037037037037037035	2	0	0	0	2	2	0	2	2	0	2	0
1	0	0.888883	0.247657	0.777778	0.222222	0.111111	0	0	0.037037	0.7777777777777778	0.2222222222222222	0.037037037037037035	0.	0.	0.037037037037037035	2	1	0	0	2	0	0	2	2	1	0	0
1	0	0.803823	0.22603	0.777778	0.222222	0.111111	0	0	0.037037	0.8148148148148148	0.2222222222222222	0.037037037037037035	0.	0.	0.037037037037037035	2	1	1	0	2	0	0	2	2	1	0	1
1	0	0.886286	0.27308	0.777778	0.259259	0.111111	0	0	0.037037	0.7777777777777778	0.25925925925925924	0.037037037037037035	0.	0.	0.037037037037037035	2	1	0	0	2	1	0	2	2	1	1	0
1	0	0.808621	0.306778	0.777778	0.296296	0.111111	0	0	0.037037	0.7777777777777778	0.2962962962962963	0.037037037037037035	0.	0.	0.037037037037037035	2	1	0	0	2	2	0	2	2	1	2	0
1	0	0.999997	0.248521	0.888889	0.222222	0.111111	0	0	0.037037	0.8888888888888888	0.2222222222222222	0.037037037037037035	0.	0.	0.037037037037037035	2	2	0	0	2	0	0	2	2	2	0	0
1	0	0.95252	0.223593	0.888889	0.222222	0.111111	0	0	0.037037	0.9259259259259259	0.2222222222222222	0.037037037037037035	0.	0.	0.037037037037037035	2	2	1	0	2	0	0	2	2	2	0	1
1	0	0.999998	0.295666	0.888889	0.259259	0.111111	0	0	0.037037	0.8888888888888888	0.25925925925925924	0.037037037037037035	0.	0.	0.037037037037037035	2	2	0	0	2	1	0	2	2	2	1	0
1	0	0.922391	0.30265	0.888889	0.296296	0.111111	0	0	0.037037	0.8888888888888888	0.2962962962962963	0.037037037037037035	0.	0.	0.037037037037037035	2	2	0	0	2	2	0	2	2	2	2	0
1	0	0.012053	0.359246	0	0.333333	0.111111	0	0	0.037037	0.	0.3333333333333333	0.037037037037037035	0.	0.	0.037037037037037035	0	0	0	1	0	0	1	0	0	0	0	0
1	0	0.11106	0.37016	0	0.333333	0.111111	0	0	0.037037	0.037037037037037035	0.3333333333333333	0.037037037037037035	0.	0.	0.037037037037037035	0	0	1	1	0	0	1	0	0	0	0	1
1	0	0.0966475	0.395947	0	0.37037	0.111111	0	0	0.037037	0.	0.37037037037037035	0.037037037037037035	0.	0.	0.037037037037037035	0	0	0	1	0	1	1	0	0	0	1	0
1	0	0.0633581	0.407395	0	0.37037	0.111111	0	0	0.037037	0.037037037037037035	0.37037037037037035	0.037037037037037035	0.	0.	0.037037037037037035	0	0	1	1	0	1	1	0	0	0	1	1
1	0	0.00808517	0.437246	0	0.407407	0.111111	0	0	0.037037	0.	0.4074074074074074	0.037037037037037035	0.	0.	0.037037037037037035	0	0	0	1	0	2	1	0	0	0	2	0
1	0	0.222115	0.369854	0.111111	0.333333	0.111111	0	0	0.037037	0.1111111111111111	0.3333333333333333	0.037037037037037035	0.	0.	0.037037037037037035	0	1	0	1	0	0	1	0	0	1	0	0
1	0	0.180855	0.335831	0.111111	0.333333	0.111111	0	0	0.037037	0.14814814814814814	0.3333333333333333	0.037037037037037035	0.	0.	0.037037037037037035	0	1	1	1	0	0	1	0	0	1	0	1
1	0	0.219958	0.407403	0.111111	0.37037	0.111111	0	0	0.037037	0.1111111111111111	0.37037037037037035	0.037037037037037035	0.	0.	0.037037037037037035	0	1	0	1	0	1	1	0	0	1	1	0
1	0	0.196992	0.388882	0.111111	0.37037	0.111111	0	0	0.037037	0.14814814814814814	0.37037037037037035	0.037037037037037035	0.	0.	0.037037037037037035	0	1	1	1	0	1	1	0	0	1	1	1
1	0	0.170603	0.430967	0.111111	0.407407	0.111111	0	0	0.037037	0.1111111111111111	0.4074074074074074	0.037037037037037035	0.	0.	0.037037037037037035	0	1	0	1	0	2	1	0	0	1	2	0
1	0	0.273443	0.346128	0.222222	0.333333	0.111111	0	0	0.037037	0.2222222222222222	0.3333333333333333	0.037037037037037035	0.	0.	0.037037037037037035	0	2	0	1	0	0	1	0	0	2	0	0
1	0	0.333319	0.353472	0.222222	0.333333	0.111111	0	0	0.037037	0.25925925925925924	0.3333333333333333	0.037037037037037035	0.	0.	0.037037037037037035	0	2	1	1	0	0	1	0	0	2	0	1
1	0	0.307133	0.405639	0.222222	0.37037	0.111111	0	0	0.037037	0.2222222222222222	0.37037037037037035	0.037037037037037035	0.	0.	0.037037037037037035	0	2	0	1	0	1	1	0	0	2	1	0
1	0	0.251291	0.426042	0.222222	0.407407	0.111111	0	0	0.037037	0.2222222222222222	0.4074074074074074	0.037037037037037035	0.	0.	0.037037037037037035	0	2	0	1	0	2	1	0	0	2	2	0
1	0	0.0173331	0.47051	0	0.444444	0.111111	0	0	0.037037	0.	0.4444444444444444	0.037037037037037035	0.	0.	0.037037037037037035	0	0	0	1	1	0	1	0	1	0	0	0
1	0	0.0359553	0.481471	0	0.444444	0.111111	0	0	0.037037	0.037037037037037035	0.4444444444444444	0.037037037037037035	0.	0.	0.037037037037037035	0	0	1	1	1	0	1	0	1	0	0	1
1	0	0.0743875	0.517031	0	0.481481	0.111111	0	0	0.037037	0.	0.48148148148148145	0.037037037037037035	0.	0.	0.037037037037037035	0	0	0	1	1	1	1	0	1	0	1	0
1	0	0.108651	0.518498	0	0.481481	0.111111	0	0	0.037037	0.037037037037037035	0.48148148148148145	0.037037037037037035	0.	0.	0.037037037037037035	0	0	1	1	1	1	1	0	1	0	1	1
1	0	0.0918155	0.553938	0	0.518519	0.111111	0	0	0.037037	0.	0.5185185185185185	0.037037037037037035	0.	0.	0.037037037037037035	0	0	0	1	1	2	1	0	1	0	2	0
1	0	0.130652	0.462302	0.111111	0.444444	0.111111	0	0	0.037037	0.1111111111111111	0.4444444444444444	0.037037037037037035	0.	0.	0.037037037037037035	0	1	0	1	1	0	1	0	1	1	0	0
1	0	0.202042	0.481444	0.111111	0.444444	0.111111	0	0	0.037037	0.14814814814814814	0.4444444444444444	0.037037037037037035	0.	0.	0.037037037037037035	0	1	1	1	1	0	1	0	1	1	0	1
1	0	0.188792	0.518515	0.111111	0.481481	0.111111	0	0	0.037037	0.1111111111111111	0.48148148148148145	0.037037037037037035	0.	0.	0.037037037037037035	0	1	0	1	1	1	1	0	1	1	1	0
1	0	0.153181	0.499718	0.111111	0.481481	0.111111	0	0	0.037037	0.14814814814814814	0.48148148148148145	0.037037037037037035	0.	0.	0.037037037037037035	0	1	1	1	1	1	1	0	1	1	1	1
1	0	0.216955	0.548615	0.111111	0.518519	0.111111	0	0	0.037037	0.1111111111111111	0.5185185185185185	0.037037037037037035	0.	0.	0.037037037037037035	0	1	0	1	1	2	1	0	1	1	2	0
1	0	0.269701	0.456275	0.222222	0.444444	0.111111	0	0	0.037037	0.2222222222222222	0.4444444444444444	0.037037037037037035	0.	0.	0.037037037037037035	0	2	0	1	1	0	1	0	1	2	0	0
1	0	0.291361	0.447808	0.222222	0.444444	0.111111	0	0	0.037037	0.25925925925925924	0.4444444444444444	0.037037037037037035	0.	0.	0.037037037037037035	0	2	1	1	1	0	1	0	1	2	0	1
1	0	0.324949	0.510433	0.222222	0.481481	0.111111	0	0	0.037037	0.2222222222222222	0.48148148148148145	0.037037037037037035	0.	0.	0.037037037037037035	0	2	0	1	1	1	1	0	1	2	1	0
1	0	0.321212	0.540963	0.222222	0.518519	0.111111	0	0	0.037037	0.2222222222222222	0.5185185185185185	0.037037037037037035	0.	0.	0.037037037037037035	0	2	0	1	1	2	1	0	1	2	2	0
1	0	0.0535802	0.581564	0	0.555556	0.111111	0	0	0.037037	0.	0.5555555555555556	0.037037037037037035	0.	0.	0.037037037037037035	0	0	0	1	2	0	1	0	2	0	0	0
1	0	0.0841674	0.592577	0	0.555556	0.111111	0	0	0.037037	0.037037037037037035	0.5555555555555556	0.037037037037037035	0.	0.	0.037037037037037035	0	0	1	1	2	0	1	0	2	0	0	1
1	0	0.111036	0.623336	0	0.592593	0.111111	0	0	0.037037	0.	0.5925925925925926	0.037037037037037035	0.	0.	0.037037037037037035	0	0	0	1	2	1	1	0	2	0	1	0
1	0	0.0772498	0.629613	0	0.592593	0.111111	0	0	0.037037	0.037037037037037035	0.5925925925925926	0.037037037037037035	0.	0.	0.037037037037037035	0	0	1	1	2	1	1	0	2	0	1	1
1	0	0.00510115	0.661243	0	0.62963	0.111111	0	0	0.037037	0.	0.6296296296296297	0.037037037037037035	0.	0.	0.037037037037037035	0	0	0	1	2	2	1	0	2	0	2	0
1	0	0.222022	0.592564	0.111111	0.555556	0.111111	0	0	0.037037	0.1111111111111111	0.5555555555555556	0.037037037037037035	0.	0.	0.037037037037037035	0	1	0	1	2	0	1	0	2	1	0	0
1	0	0.205421	0.587453	0.111111	0.555556	0.111111	0	0	0.037037	0.14814814814814814	0.5555555555555556	0.037037037037037035	0.	0.	0.037037037037037035	0	1	1	1	2	0	1	0	2	1	0	1
1	0	0.167655	0.61881	0.111111	0.592593	0.111111	0	0	0.037037	0.1111111111111111	0.5925925925925926	0.037037037037037035	0.	0.	0.037037037037037035	0	1	0	1	2	1	1	0	2	1	1	0
1	0	0.128125	0.65202	0.111111	0.62963	0.111111	0	0	0.037037	0.1111111111111111	0.6296296296296297	0.037037037037037035	0.	0.	0.037037037037037035	0	1	0	1	2	2	1	0	2	1	2	0
1	0	0.295028	0.562492	0.222222	0.555556	0.111111	0	0	0.037037	0.2222222222222222	0.5555555555555556	0.037037037037037035	0.	0.	0.037037037037037035	0	2	0	1	2	0	1	0	2	2	0	0
1	0	0.281552	0.578315	0.222222	0.555556	0.111111	0	0	0.037037	0.25925925925925924	0.5555555555555556	0.037037037037037035	0.	0.	0.037037037037037035	0	2	1	1	2	0	1	0	2	2	0	1
1	0	0.260791	0.612116	0.222222	0.592593	0.111111	0	0	0.037037	0.2222222222222222	0.5925925925925926	0.037037037037037035	0.	0.	0.037037037037037035	0	2	0	1	2	1	1	0	2	2	1	0
1	0	0.257475	0.645586	0.222222	0.62963	0.111111	0	0	0.037037	0.2222222222222222	0.6296296296296297	0.037037037037037035	0.	0.	0.037037037037037035	0	2	0	1	2	2	1	0	2	2	2	0
1	0	0.404591	0.367554	0.333333	0.333333	0.111111	0	0	0.037037	0.3333333333333333	0.3333333333333333	0.037037037037037035	0.	0.	0.037037037037037035	1	0	0	1	0	0	1	1	0	0	0	0
1	0	0.415894	0.34112	0.333333	0.333333	0.111111	0	0	0.037037	0.37037037037037035	0.3333333333333333	0.037037037037037035	0.	0.	0.037037037037037035	1	0	1	1	0	0	1	1	0	0	0	1
1	0	0.444433	0.385372	0.333333	0.37037	0.111111	0	0	0.037037	0.3333333333333333	0.37037037037037035	0.037037037037037035	0.	0.	0.037037037037037035	1	0	0	1	0	1	1	1	0	0	1	0
1	0	0.41985	0.401166	0.333333	0.37037	0.111111	0	0	0.037037	0.37037037037037035	0.37037037037037035	0.037037037037037035	0.	0.	0.037037037037037035	1	0	1	1	0	1	1	1	0	0	1	1
1	0	0.361625	0.440576	0.333333	0.407407	0.111111	0	0	0.037037	0.3333333333333333	0.4074074074074074	0.037037037037037035	0.	0.	0.037037037037037035	1	0	0	1	0	2	1	1	0	0	2	0
1	0	0.539344	0.364275	0.444444	0.333333	0.111111	0	0	0.037037	0.4444444444444444	0.3333333333333333	0.037037037037037035	0.	0.	0.037037037037037035	1	1	0	1	0	0	1	1	0	1	0	0
1	0	0.481795	0.349697	0.444444	0.333333	0.111111	0	0	0.037037	0.48148148148148145	0.3333333333333333	0.037037037037037035	0.	0.	0.037037037037037035	1	1	1	1	0	0	1	1	0	1	0	1
1	0	0.543452	0.407379	0.444444	0.37037	0.111111	0	0	0.037037	0.4444444444444444	0.37037037037037035	0.037037037037037035	0.	0.	0.037037037037037035	1	1	0	1	0	1	1	1	0	1	1	0
1	0	0.555546	0.393291	0.444444	0.37037	0.111111	0	0	0.037037	0.48148148148148145	0.37037037037037035	0.037037037037037035	0.	0.	0.037037037037037035	1	1	1	1	0	1	1	1	0	1	1	1
1	0	0.469106	0.422563	0.444444	0.407407	0.111111	0	0	0.037037	0.4444444444444444	0.4074074074074074	0.037037037037037035	0.	0.	0.037037037037037035	1	1	0	1	0	2	1	1	0	1	2	0
1	0	0.619629	0.338674	0.555556	0.333333	0.111111	0	0	0.037037	0.5555555555555556	0.3333333333333333	0.037037037037037035	0.	0.	0.037037037037037035	1	2	0	1	0	0	1	1	0	2	0	0
1	0	0.629698	0.370347	0.555556	0.333333	0.111111	0	0	0.037037	0.5925925925925926	0.3333333333333333	0.037037037037037035	0.	0.	0.037037037037037035	1	2	1	1	0	0	1	1	0	2	0	1
1	0	0.59255	0.383062	0.555556	0.37037	0.111111	0	0	0.037037	0.5555555555555556	0.37037037037037035	0.037037037037037035	0.	0.	0.037037037037037035	1	2	0	1	0	1	1	1	0	2	1	0
1	0	0.615455	0.443162	0.555556	0.407407	0.111111	0	0	0.037037	0.5555555555555556	0.4074074074074074	0.037037037037037035	0.	0.	0.037037037037037035	1	2	0	1	0	2	1	1	0	2	2	0
1	0	0.444426	0.478863	0.333333	0.444444	0.111111	0	0	0.037037	0.3333333333333333	0.4444444444444444	0.037037037037037035	0.	0.	0.037037037037037035	1	0	0	1	1	0	1	1	1	0	0	0
1	0	0.438284	0.47423	0.333333	0.444444	0.111111	0	0	0.037037	0.37037037037037035	0.4444444444444444	0.037037037037037035	0.	0.	0.037037037037037035	1	0	1	1	1	0	1	1	1	0	0	1
1	0	0.346036	0.50546	0.333333	0.481481	0.111111	0	0	0.037037	0.3333333333333333	0.48148148148148145	0.037037037037037035	0.	0.	0.037037037037037035	1	0	0	1	1	1	1	1	1	0	1	0
1	0	0.378481	0.495639	0.333333	0.481481	0.111111	0	0	0.037037	0.37037037037037035	0.48148148148148145	0.037037037037037035	0.	0.	0.037037037037037035	1	0	1	1	1	1	1	1	1	0	1	1
1	0	0.35804	0.545152	0.333333	0.518519	0.111111	0	0	0.037037	0.3333333333333333	0.5185185185185185	0.037037037037037035	0.	0.	0.037037037037037035	1	0	0	1	1	2	1	1	1	0	2	0
1	0	0.522405	0.466324	0.444444	0.444444	0.111111	0	0	0.037037	0.4444444444444444	0.4444444444444444	0.037037037037037035	0.	0.	0.037037037037037035	1	1	0	1	1	0	1	1	1	1	0	0
1	0	0.495773	0.452309	0.444444	0.444444	0.111111	0	0	0.037037	0.48148148148148145	0.4444444444444444	0.037037037037037035	0.	0.	0.037037037037037035	1	1	1	1	1	0	1	1	1	1	0	1
1	0	0.555518	0.513705	0.444444	0.481481	0.111111	0	0	0.037037	0.4444444444444444	0.48148148148148145	0.037037037037037035	0.	0.	0.037037037037037035	1	1	0	1	1	1	1	1	1	1	1	0
1	0	0.506378	0.535073	0.444444	0.518519	0.111111	0	0	0.037037	0.4444444444444444	0.5185185185185185	0.037037037037037035	0.	0.	0.037037037037037035	1	1	0	1	1	2	1	1	1	1	2	0
1	0	0.646223	0.459569	0.555556	0.444444	0.111111	0	0	0.037037	0.5555555555555556	0.4444444444444444	0.037037037037037035	0.	0.	0.037037037037037035	1	2	0	1	1	0	1	1	1	2	0	0
1	0	0.579288	0.481445	0.555556	0.444444	0.111111	0	0	0.037037	0.5925925925925926	0.4444444444444444	0.037037037037037035	0.	0.	0.037037037037037035	1	2	1	1	1	0	1	1	1	2	0	1
1	0	0.652883	0.518486	0.555556	0.481481	0.111111	0	0	0.037037	0.5555555555555556	0.48148148148148145	0.037037037037037035	0.	0.	0.037037037037037035	1	2	0	1	1	1	1	1	1	2	1	0
1	0	0.605851	0.538583	0.555556	0.518519	0.111111	0	0	0.037037	0.5555555555555556	0.5185185185185185	0.037037037037037035	0.	0.	0.037037037037037035	1	2	0	1	1	2	1	1	1	2	2	0
1	0	0.370682	0.571195	0.333333	0.555556	0.111111	0	0	0.037037	0.3333333333333333	0.5555555555555556	0.037037037037037035	0.	0.	0.037037037037037035	1	0	0	1	2	0	1	1	2	0	0	0
1	0	0.422663	0.592577	0.333333	0.555556	0.111111	0	0	0.037037	0.37037037037037035	0.5555555555555556	0.037037037037037035	0.	0.	0.037037037037037035	1	0	1	1	2	0	1	1	2	0	0	1
1	0	0.435393	0.629616	0.333333	0.592593	0.111111	0	0	0.037037	0.3333333333333333	0.5925925925925926	0.037037037037037035	0.	0.	0.037037037037037035	1	0	0	1	2	1	1	1	2	0	1	0
1	0	0.408037	0.629585	0.333333	0.592593	0.111111	0	0	0.037037	0.37037037037037035	0.5925925925925926	0.037037037037037035	0.	0.	0.037037037037037035	1	0	1	1	2	1	1	1	2	0	1	1
1	0	0.400938	0.657751	0.333333	0.62963	0.111111	0	0	0.037037	0.3333333333333333	0.6296296296296297	0.037037037037037035	0.	0.	0.037037037037037035	1	0	0	1	2	2	1	1	2	0	2	0
1	0	0.474501	0.575564	0.444444	0.555556	0.111111	0	0	0.037037	0.4444444444444444	0.5555555555555556	0.037037037037037035	0.	0.	0.037037037037037035	1	1	0	1	2	0	1	1	2	1	0	0
1	0	0.484744	0.558842	0.444444	0.555556	0.111111	0	0	0.037037	0.48148148148148145	0.5555555555555556	0.037037037037037035	0.	0.	0.037037037037037035	1	1	1	1	2	0	1	1	2	1	0	1
1	0	0.488435	0.606803	0.444444	0.592593	0.111111	0	0	0.037037	0.4444444444444444	0.5925925925925926	0.037037037037037035	0.	0.	0.037037037037037035	1	1	0	1	2	1	1	1	2	1	1	0
1	0	0.53178	0.642199	0.444444	0.62963	0.111111	0	0	0.037037	0.4444444444444444	0.6296296296296297	0.037037037037037035	0.	0.	0.037037037037037035	1	1	0	1	2	2	1	1	2	1	2	0
1	0	0.585859	0.565613	0.555556	0.555556	0.111111	0	0	0.037037	0.5555555555555556	0.5555555555555556	0.037037037037037035	0.	0.	0.037037037037037035	1	2	0	1	2	0	1	1	2	2	0	0
1	0	0.657058	0.590538	0.555556	0.555556	0.111111	0	0	0.037037	0.5925925925925926	0.5555555555555556	0.037037037037037035	0.	0.	0.037037037037037035	1	2	1	1	2	0	1	1	2	2	0	1
1	0	0.589238	0.615485	0.555556	0.592593	0.111111	0	0	0.037037	0.5555555555555556	0.5925925925925926	0.037037037037037035	0.	0.	0.037037037037037035	1	2	0	1	2	1	1	1	2	2	1	0
1	0	0.632055	0.648549	0.555556	0.62963	0.111111	0	0	0.037037	0.5555555555555556	0.6296296296296297	0.037037037037037035	0.	0.	0.037037037037037035	1	2	0	1	2	2	1	1	2	2	2	0
1	0	0.727711	0.356175	0.666667	0.333333	0.111111	0	0	0.037037	0.6666666666666666	0.3333333333333333	0.037037037037037035	0.	0.	0.037037037037037035	2	0	0	1	0	0	1	2	0	0	0	0
1	0	0.777768	0.361835	0.666667	0.333333	0.111111	0	0	0.037037	0.7037037037037037	0.3333333333333333	0.037037037037037035	0.	0.	0.037037037037037035	2	0	1	1	0	0	1	2	0	0	0	1
1	0	0.754357	0.40738	0.666667	0.37037	0.111111	0	0	0.037037	0.6666666666666666	0.37037037037037035	0.037037037037037035	0.	0.	0.037037037037037035	2	0	0	1	0	1	1	2	0	0	1	0
1	0	0.77776	0.404085	0.666667	0.37037	0.111111	0	0	0.037037	0.7037037037037037	0.37037037037037035	0.037037037037037035	0.	0.	0.037037037037037035	2	0	1	1	0	1	1	2	0	0	1	1
1	0	0.742469	0.433944	0.666667	0.407407	0.111111	0	0	0.037037	0.6666666666666666	0.4074074074074074	0.037037037037037035	0.	0.	0.037037037037037035	2	0	0	1	0	2	1	2	0	0	2	0
1	0	0.868218	0.344013	0.777778	0.333333	0.111111	0	0	0.037037	0.7777777777777778	0.3333333333333333	0.037037037037037035	0.	0.	0.037037037037037035	2	1	0	1	0	0	1	2	0	1	0	0
1	0	0.845557	0.333477	0.777778	0.333333	0.111111	0	0	0.037037	0.8148148148148148	0.3333333333333333	0.037037037037037035	0.	0.	0.037037037037037035	2	1	1	1	0	0	1	2	0	1	0	1
1	0	0.823528	0.380638	0.777778	0.37037	0.111111	0	0	0.037037	0.7777777777777778	0.37037037037037035	0.037037037037037035	0.	0.	0.037037037037037035	2	1	0	1	0	1	1	2	0	1	1	0
1	0	0.881062	0.398392	0.777778	0.37037	0.111111	0	0	0.037037	0.8148148148148148	0.37037037037037035	0.037037037037037035	0.	0.	0.037037037037037035	2	1	1	1	0	1	1	2	0	1	1	1
1	0	0.851891	0.427983	0.777778	0.407407	0.111111	0	0	0.037037	0.7777777777777778	0.4074074074074074	0.037037037037037035	0.	0.	0.037037037037037035	2	1	0	1	0	2	1	2	0	1	2	0
1	0	0.964789	0.333489	0.888889	0.333333	0.111111	0	0	0.037037	0.8888888888888888	0.3333333333333333	0.037037037037037035	0.	0.	0.037037037037037035	2	2	0	1	0	0	1	2	0	2	0	0
1	0	0.939045	0.333385	0.888889	0.333333	0.111111	0	0	0.037037	0.9259259259259259	0.3333333333333333	0.037037037037037035	0.	0.	0.037037037037037035	2	2	1	1	0	0	1	2	0	2	0	1
1	0	0.933898	0.377647	0.888889	0.37037	0.111111	0	0	0.037037	0.8888888888888888	0.37037037037037035	0.037037037037037035	0.	0.	0.037037037037037035	2	2	0	1	0	1	1	2	0	2	1	0
1	0	0.979861	0.418693	0.888889	0.407407	0.111111	0	0	0.037037	0.8888888888888888	0.4074074074074074	0.037037037037037035	0.	0.	0.037037037037037035	2	2	0	1	0	2	1	2	0	2	2	0
1	0	0.750626	0.481264	0.666667	0.444444	0.111111	0	0	0.037037	0.6666666666666666	0.4444444444444444	0.037037037037037035	0.	0.	0.037037037037037035	2	0	0	1	1	0	1	2	1	0	0	0
1	0	0.777778	0.478078	0.666667	0.444444	0.111111	0	0	0.037037	0.7037037037037037	0.4444444444444444	0.037037037037037035	0.	0.	0.037037037037037035	2	0	1	1	1	0	1	2	1	0	0	1
1	0	0.758751	0.51847	0.666667	0.481481	0.111111	0	0	0.037037	0.6666666666666666	0.48148148148148145	0.037037037037037035	0.	0.	0.037037037037037035	2	0	0	1	1	1	1	2	1	0	1	0
1	0	0.711021	0.502407	0.666667	0.481481	0.111111	0	0	0.037037	0.7037037037037037	0.48148148148148145	0.037037037037037035	0.	0.	0.037037037037037035	2	0	1	1	1	1	1	2	1	0	1	1
1	0	0.679778	0.53237	0.666667	0.518519	0.111111	0	0	0.037037	0.6666666666666666	0.5185185185185185	0.037037037037037035	0.	0.	0.037037037037037035	2	0	0	1	1	2	1	2	1	0	2	0
1	0	0.872969	0.46846	0.777778	0.444444	0.111111	0	0	0.037037	0.7777777777777778	0.4444444444444444	0.037037037037037035	0.	0.	0.037037037037037035	2	1	0	1	1	0	1	2	1	1	0	0
1	0	0.831737	0.450087	0.777778	0.444444	0.111111	0	0	0.037037	0.8148148148148148	0.4444444444444444	0.037037037037037035	0.	0.	0.037037037037037035	2	1	1	1	1	0	1	2	1	1	0	1
1	0	0.841266	0.508554	0.777778	0.481481	0.111111	0	0	0.037037	0.7777777777777778	0.48148148148148145	0.037037037037037035	0.	0.	0.037037037037037035	2	1	0	1	1	1	1	2	1	1	1	0
1	0	0.88884	0.550184	0.777778	0.518519	0.111111	0	0	0.037037	0.7777777777777778	0.5185185185185185	0.037037037037037035	0.	0.	0.037037037037037035	2	1	0	1	1	2	1	2	1	1	2	0
1	0	0.918585	0.44447	0.888889	0.444444	0.111111	0	0	0.037037	0.8888888888888888	0.4444444444444444	0.037037037037037035	0.	0.	0.037037037037037035	2	2	0	1	1	0	1	2	1	2	0	0
1	0	0.96928	0.454361	0.888889	0.444444	0.111111	0	0	0.037037	0.9259259259259259	0.4444444444444444	0.037037037037037035	0.	0.	0.037037037037037035	2	2	1	1	1	0	1	2	1	2	0	1
1	0	0.915166	0.493303	0.888889	0.481481	0.111111	0	0	0.037037	0.8888888888888888	0.48148148148148145	0.037037037037037035	0.	0.	0.037037037037037035	2	2	0	1	1	1	1	2	1	2	1	0
1	0	0.976194	0.529852	0.888889	0.518519	0.111111	0	0	0.037037	0.8888888888888888	0.5185185185185185	0.037037037037037035	0.	0.	0.037037037037037035	2	2	0	1	1	2	1	2	1	2	2	0
1	0	0.700866	0.568805	0.666667	0.555556	0.111111	0	0	0.037037	0.6666666666666666	0.5555555555555556	0.037037037037037035	0.	0.	0.037037037037037035	2	0	0	1	2	0	1	2	2	0	0	0
1	0	0.773671	0.592591	0.666667	0.555556	0.111111	0	0	0.037037	0.7037037037037037	0.5555555555555556	0.037037037037037035	0.	0.	0.037037037037037035	2	0	1	1	2	0	1	2	2	0	0	1
1	0	0.683247	0.625318	0.666667	0.592593	0.111111	0	0	0.037037	0.6666666666666666	0.5925925925925926	0.037037037037037035	0.	0.	0.037037037037037035	2	0	0	1	2	1	1	2	2	0	1	0
1	0	0.734503	0.609677	0.666667	0.592593	0.111111	0	0	0.037037	0.7037037037037037	0.5925925925925926	0.037037037037037035	0.	0.	0.037037037037037035	2	0	1	1	2	1	1	2	2	0	1	1
1	0	0.760682	0.655111	0.666667	0.62963	0.111111	0	0	0.037037	0.6666666666666666	0.6296296296296297	0.037037037037037035	0.	0.	0.037037037037037035	2	0	0	1	2	2	1	2	2	0	2	0
1	0	0.864836	0.585656	0.777778	0.555556	0.111111	0	0	0.037037	0.7777777777777778	0.5555555555555556	0.037037037037037035	0.	0.	0.037037037037037035	2	1	0	1	2	0	1	2	2	1	0	0
1	0	0.810994	0.556463	0.777778	0.555556	0.111111	0	0	0.037037	0.8148148148148148	0.5555555555555556	0.037037037037037035	0.	0.	0.037037037037037035	2	1	1	1	2	0	1	2	2	1	0	1
1	0	0.848742	0.627737	0.777778	0.592593	0.111111	0	0	0.037037	0.7777777777777778	0.5925925925925926	0.037037037037037035	0.	0.	0.037037037037037035	2	1	0	1	2	1	1	2	2	1	1	0
1	0	0.813925	0.639432	0.777778	0.62963	0.111111	0	0	0.037037	0.7777777777777778	0.6296296296296297	0.037037037037037035	0.	0.	0.037037037037037035	2	1	0	1	2	2	1	2	2	1	2	0
1	0	0.911672	0.573551	0.888889	0.555556	0.111111	0	0	0.037037	0.8888888888888888	0.5555555555555556	0.037037037037037035	0.	0.	0.037037037037037035	2	2	0	1	2	0	1	2	2	2	0	0
1	0	0.942284	0.555581	0.888889	0.555556	0.111111	0	0	0.037037	0.9259259259259259	0.5555555555555556	0.037037037037037035	0.	0.	0.037037037037037035	2	2	1	1	2	0	1	2	2	2	0	1
1	0	0.945329	0.604427	0.888889	0.592593	0.111111	0	0	0.037037	0.8888888888888888	0.5925925925925926	0.037037037037037035	0.	0.	0.037037037037037035	2	2	0	1	2	1	1	2	2	2	1	0
1	0	0.987866	0.636462	0.888889	0.62963	0.111111	0	0	0.037037	0.8888888888888888	0.6296296296296297	0.037037037037037035	0.	0.	0.037037037037037035	2	2	0	1	2	2	1	2	2	2	2	0
1	0	0.0286732	0.683692	0	0.666667	0.111111	0	0	0.037037	0.	0.6666666666666666	0.037037037037037035	0.	0.	0.037037037037037035	0	0	0	2	0	0	2	0	0	0	0	0
1	0	0.0419023	0.703695	0	0.666667	0.111111	0	0	0.037037	0.037037037037037035	0.6666666666666666	0.037037037037037035	0.	0.	0.037037037037037035	0	0	1	2	0	0	2	0	0	0	0	1
1	0	0.0600077	0.730301	0	0.703704	0.111111	0	0	0.037037	0.	0.7037037037037037	0.037037037037037035	0.	0.	0.037037037037037035	0	0	0	2	0	1	2	0	0	0	1	0
1	0	0.110995	0.740712	0	0.703704	0.111111	0	0	0.037037	0.037037037037037035	0.7037037037037037	0.037037037037037035	0.	0.	0.037037037037037035	0	0	1	2	0	1	2	0	0	0	1	1
1	0	0.0144694	0.766103	0	0.740741	0.111111	0	0	0.037037	0.	0.7407407407407407	0.037037037037037035	0.	0.	0.037037037037037035	0	0	0	2	0	2	2	0	0	0	2	0
1	0	0.178847	0.701879	0.111111	0.666667	0.111111	0	0	0.037037	0.1111111111111111	0.6666666666666666	0.037037037037037035	0.	0.	0.037037037037037035	0	1	0	2	0	0	2	0	0	1	0	0
1	0	0.161651	0.677917	0.111111	0.666667	0.111111	0	0	0.037037	0.14814814814814814	0.6666666666666666	0.037037037037037035	0.	0.	0.037037037037037035	0	1	1	2	0	0	2	0	0	1	0	1
1	0	0.138546	0.717143	0.111111	0.703704	0.111111	0	0	0.037037	0.1111111111111111	0.7037037037037037	0.037037037037037035	0.	0.	0.037037037037037035	0	1	0	2	0	1	2	0	0	1	1	0
1	0	0.19877	0.740735	0.111111	0.703704	0.111111	0	0	0.037037	0.14814814814814814	0.7037037037037037	0.037037037037037035	0.	0.	0.037037037037037035	0	1	1	2	0	1	2	0	0	1	1	1
1	0	0.222218	0.776106	0.111111	0.740741	0.111111	0	0	0.037037	0.1111111111111111	0.7407407407407407	0.037037037037037035	0.	0.	0.037037037037037035	0	1	0	2	0	2	2	0	0	1	2	0
1	0	0.288867	0.689346	0.222222	0.666667	0.111111	0	0	0.037037	0.2222222222222222	0.6666666666666666	0.037037037037037035	0.	0.	0.037037037037037035	0	2	0	2	0	0	2	0	0	2	0	0
1	0	0.267091	0.6667	0.222222	0.666667	0.111111	0	0	0.037037	0.25925925925925924	0.6666666666666666	0.037037037037037035	0.	0.	0.037037037037037035	0	2	1	2	0	0	2	0	0	2	0	1
1	0	0.315658	0.740589	0.222222	0.703704	0.111111	0	0	0.037037	0.2222222222222222	0.7037037037037037	0.037037037037037035	0.	0.	0.037037037037037035	0	2	0	2	0	1	2	0	0	2	1	0
1	0	0.248587	0.769873	0.222222	0.740741	0.111111	0	0	0.037037	0.2222222222222222	0.7407407407407407	0.037037037037037035	0.	0.	0.037037037037037035	0	2	0	2	0	2	2	0	0	2	2	0
1	0	0.0944012	0.790779	0	0.777778	0.111111	0	0	0.037037	0.	0.7777777777777778	0.037037037037037035	0.	0.	0.037037037037037035	0	0	0	2	1	0	2	0	1	0	0	0
1	0	0.0504561	0.814799	0	0.777778	0.111111	0	0	0.037037	0.037037037037037035	0.7777777777777778	0.037037037037037035	0.	0.	0.037037037037037035	0	0	1	2	1	0	2	0	1	0	0	1
1	0	0.0689545	0.851851	0	0.814815	0.111111	0	0	0.037037	0.	0.8148148148148148	0.037037037037037035	0.	0.	0.037037037037037035	0	0	0	2	1	1	2	0	1	0	1	0
1	0	0.105887	0.851828	0	0.814815	0.111111	0	0	0.037037	0.037037037037037035	0.8148148148148148	0.037037037037037035	0.	0.	0.037037037037037035	0	0	1	2	1	1	2	0	1	0	1	1
1	0	0.0261111	0.87703	0	0.851852	0.111111	0	0	0.037037	0.	0.8518518518518519	0.037037037037037035	0.	0.	0.037037037037037035	0	0	0	2	1	2	2	0	1	0	2	0
1	0	0.222183	0.814637	0.111111	0.777778	0.111111	0	0	0.037037	0.1111111111111111	0.7777777777777778	0.037037037037037035	0.	0.	0.037037037037037035	0	1	0	2	1	0	2	0	1	1	0	0
1	0	0.190712	0.803283	0.111111	0.777778	0.111111	0	0	0.037037	0.14814814814814814	0.7777777777777778	0.037037037037037035	0.	0.	0.037037037037037035	0	1	1	2	1	0	2	0	1	1	0	1
1	0	0.156673	0.840072	0.111111	0.814815	0.111111	0	0	0.037037	0.1111111111111111	0.8148148148148148	0.037037037037037035	0.	0.	0.037037037037037035	0	1	0	2	1	1	2	0	1	1	1	0
1	0	0.147533	0.834569	0.111111	0.814815	0.111111	0	0	0.037037	0.14814814814814814	0.8148148148148148	0.037037037037037035	0.	0.	0.037037037037037035	0	1	1	2	1	1	2	0	1	1	1	1
1	0	0.21144	0.883711	0.111111	0.851852	0.111111	0	0	0.037037	0.1111111111111111	0.8518518518518519	0.037037037037037035	0.	0.	0.037037037037037035	0	1	0	2	1	2	2	0	1	1	2	0
1	0	0.309664	0.807357	0.222222	0.777778	0.111111	0	0	0.037037	0.2222222222222222	0.7777777777777778	0.037037037037037035	0.	0.	0.037037037037037035	0	2	0	2	1	0	2	0	1	2	0	0
1	0	0.303671	0.79499	0.222222	0.777778	0.111111	0	0	0.037037	0.25925925925925924	0.7777777777777778	0.037037037037037035	0.	0.	0.037037037037037035	0	2	1	2	1	0	2	0	1	2	0	1
1	0	0.331204	0.849568	0.222222	0.814815	0.111111	0	0	0.037037	0.2222222222222222	0.8148148148148148	0.037037037037037035	0.	0.	0.037037037037037035	0	2	0	2	1	1	2	0	1	2	1	0
1	0	0.274806	0.887832	0.222222	0.851852	0.111111	0	0	0.037037	0.2222222222222222	0.8518518518518519	0.037037037037037035	0.	0.	0.037037037037037035	0	2	0	2	1	2	2	0	1	2	2	0
1	0	0.0881846	0.925912	0	0.888889	0.111111	0	0	0.037037	0.	0.8888888888888888	0.037037037037037035	0.	0.	0.037037037037037035	0	0	0	2	2	0	2	0	2	0	0	0
1	0	0.0406667	0.906658	0	0.888889	0.111111	0	0	0.037037	0.037037037037037035	0.8888888888888888	0.037037037037037035	0.	0.	0.037037037037037035	0	0	1	2	2	0	2	0	2	0	0	1
1	0	0.00994516	0.954432	0	0.925926	0.111111	0	0	0.037037	0.	0.9259259259259259	0.037037037037037035	0.	0.	0.037037037037037035	0	0	0	2	2	1	2	0	2	0	1	0
1	0	0.109345	0.962961	0	0.925926	0.111111	0	0	0.037037	0.037037037037037035	0.9259259259259259	0.037037037037037035	0.	0.	0.037037037037037035	0	0	1	2	2	1	2	0	2	0	1	1
1	0	0.0613088	0.997759	0	0.962963	0.111111	0	0	0.037037	0.	0.9629629629629629	0.037037037037037035	0.	0.	0.037037037037037035	0	0	0	2	2	2	2	0	2	0	2	0
1	0	0.133398	0.900944	0.111111	0.888889	0.111111	0	0	0.037037	0.1111111111111111	0.8888888888888888	0.037037037037037035	0.	0.	0.037037037037037035	0	1	0	2	2	0	2	0	2	1	0	0
1	0	0.173749	0.922473	0.111111	0.888889	0.111111	0	0	0.037037	0.14814814814814814	0.8888888888888888	0.037037037037037035	0.	0.	0.037037037037037035	0	1	1	2	2	0	2	0	2	1	0	1
1	0	0.215269	0.962954	0.111111	0.925926	0.111111	0	0	0.037037	0.1111111111111111	0.9259259259259259	0.037037037037037035	0.	0.	0.037037037037037035	0	1	0	2	2	1	2	0	2	1	1	0
1	0	0.142951	0.980888	0.111111	0.962963	0.111111	0	0	0.037037	0.1111111111111111	0.9629629629629629	0.037037037037037035	0.	0.	0.037037037037037035	0	1	0	2	2	2	2	0	2	1	2	0
1	0	0.283656	0.911968	0.222222	0.888889	0.111111	0	0	0.037037	0.2222222222222222	0.8888888888888888	0.037037037037037035	0.	0.	0.037037037037037035	0	2	0	2	2	0	2	0	2	2	0	0
1	0	0.247473	0.925912	0.222222	0.888889	0.111111	0	0	0.037037	0.25925925925925924	0.8888888888888888	0.037037037037037035	0.	0.	0.037037037037037035	0	2	1	2	2	0	2	0	2	2	0	1
1	0	0.322646	0.958582	0.222222	0.925926	0.111111	0	0	0.037037	0.2222222222222222	0.9259259259259259	0.037037037037037035	0.	0.	0.037037037037037035	0	2	0	2	2	1	2	0	2	2	1	0
1	0	0.239262	0.989302	0.222222	0.962963	0.111111	0	0	0.037037	0.2222222222222222	0.9629629629629629	0.037037037037037035	0.	0.	0.037037037037037035	0	2	0	2	2	2	2	0	2	2	2	0
1	0	0.444351	0.698811	0.333333	0.666667	0.111111	0	0	0.037037	0.3333333333333333	0.6666666666666666	0.037037037037037035	0.	0.	0.037037037037037035	1	0	0	2	0	0	2	1	0	0	0	0
1	0	0.395394	0.703658	0.333333	0.666667	0.111111	0	0	0.037037	0.37037037037037035	0.6666666666666666	0.037037037037037035	0.	0.	0.037037037037037035	1	0	1	2	0	0	2	1	0	0	0	1
1	0	0.36386	0.721662	0.333333	0.703704	0.111111	0	0	0.037037	0.3333333333333333	0.7037037037037037	0.037037037037037035	0.	0.	0.037037037037037035	1	0	0	2	0	1	2	1	0	0	1	0
1	0	0.429456	0.734005	0.333333	0.703704	0.111111	0	0	0.037037	0.37037037037037035	0.7037037037037037	0.037037037037037035	0.	0.	0.037037037037037035	1	0	1	2	0	1	2	1	0	0	1	1
1	0	0.339638	0.756866	0.333333	0.740741	0.111111	0	0	0.037037	0.3333333333333333	0.7407407407407407	0.037037037037037035	0.	0.	0.037037037037037035	1	0	0	2	0	2	2	1	0	0	2	0
1	0	0.471525	0.671831	0.444444	0.666667	0.111111	0	0	0.037037	0.4444444444444444	0.6666666666666666	0.037037037037037035	0.	0.	0.037037037037037035	1	1	0	2	0	0	2	1	0	1	0	0
1	0	0.525624	0.695433	0.444444	0.666667	0.111111	0	0	0.037037	0.48148148148148145	0.6666666666666666	0.037037037037037035	0.	0.	0.037037037037037035	1	1	1	2	0	0	2	1	0	1	0	1
1	0	0.555539	0.737074	0.444444	0.703704	0.111111	0	0	0.037037	0.4444444444444444	0.7037037037037037	0.037037037037037035	0.	0.	0.037037037037037035	1	1	0	2	0	1	2	1	0	1	1	0
1	0	0.498337	0.725304	0.444444	0.703704	0.111111	0	0	0.037037	0.48148148148148145	0.7037037037037037	0.037037037037037035	0.	0.	0.037037037037037035	1	1	1	2	0	1	2	1	0	1	1	1
1	0	0.546139	0.760244	0.444444	0.740741	0.111111	0	0	0.037037	0.4444444444444444	0.7407407407407407	0.037037037037037035	0.	0.	0.037037037037037035	1	1	0	2	0	2	2	1	0	1	2	0
1	0	0.62254	0.692373	0.555556	0.666667	0.111111	0	0	0.037037	0.5555555555555556	0.6666666666666666	0.037037037037037035	0.	0.	0.037037037037037035	1	2	0	2	0	0	2	1	0	2	0	0
1	0	0.608484	0.674933	0.555556	0.666667	0.111111	0	0	0.037037	0.5925925925925926	0.6666666666666666	0.037037037037037035	0.	0.	0.037037037037037035	1	2	1	2	0	0	2	1	0	2	0	1
1	0	0.643173	0.740731	0.555556	0.703704	0.111111	0	0	0.037037	0.5555555555555556	0.7037037037037037	0.037037037037037035	0.	0.	0.037037037037037035	1	2	0	2	0	1	2	1	0	2	1	0
1	0	0.665836	0.772728	0.555556	0.740741	0.111111	0	0	0.037037	0.5555555555555556	0.7407407407407407	0.037037037037037035	0.	0.	0.037037037037037035	1	2	0	2	0	2	2	1	0	2	2	0
1	0	0.389805	0.781782	0.333333	0.777778	0.111111	0	0	0.037037	0.3333333333333333	0.7777777777777778	0.037037037037037035	0.	0.	0.037037037037037035	1	0	0	2	1	0	2	1	1	0	0	0
1	0	0.381043	0.814787	0.333333	0.777778	0.111111	0	0	0.037037	0.37037037037037035	0.7777777777777778	0.037037037037037035	0.	0.	0.037037037037037035	1	0	1	2	1	0	2	1	1	0	0	1
1	0	0.444433	0.844045	0.333333	0.814815	0.111111	0	0	0.037037	0.3333333333333333	0.8148148148148148	0.037037037037037035	0.	0.	0.037037037037037035	1	0	0	2	1	1	2	1	1	0	1	0
1	0	0.414019	0.851838	0.333333	0.814815	0.111111	0	0	0.037037	0.37037037037037035	0.8148148148148148	0.037037037037037035	0.	0.	0.037037037037037035	1	0	1	2	1	1	2	1	1	0	1	1
1	0	0.352398	0.870911	0.333333	0.851852	0.111111	0	0	0.037037	0.3333333333333333	0.8518518518518519	0.037037037037037035	0.	0.	0.037037037037037035	1	0	0	2	1	2	2	1	1	0	2	0
1	0	0.512847	0.800174	0.444444	0.777778	0.111111	0	0	0.037037	0.4444444444444444	0.7777777777777778	0.037037037037037035	0.	0.	0.037037037037037035	1	1	0	2	1	0	2	1	1	1	0	0
1	0	0.50378	0.813015	0.444444	0.777778	0.111111	0	0	0.037037	0.48148148148148145	0.7777777777777778	0.037037037037037035	0.	0.	0.037037037037037035	1	1	1	2	1	0	2	1	1	1	0	1
1	0	0.534166	0.832064	0.444444	0.814815	0.111111	0	0	0.037037	0.4444444444444444	0.8148148148148148	0.037037037037037035	0.	0.	0.037037037037037035	1	1	0	2	1	1	2	1	1	1	1	0
1	0	0.551506	0.880583	0.444444	0.851852	0.111111	0	0	0.037037	0.4444444444444444	0.8518518518518519	0.037037037037037035	0.	0.	0.037037037037037035	1	1	0	2	1	2	2	1	1	1	2	0
1	0	0.59497	0.78474	0.555556	0.777778	0.111111	0	0	0.037037	0.5555555555555556	0.7777777777777778	0.037037037037037035	0.	0.	0.037037037037037035	1	2	0	2	1	0	2	1	1	2	0	0
1	0	0.576738	0.787911	0.555556	0.777778	0.111111	0	0	0.037037	0.5925925925925926	0.7777777777777778	0.037037037037037035	0.	0.	0.037037037037037035	1	2	1	2	1	0	2	1	1	2	0	1
1	0	0.634431	0.846343	0.555556	0.814815	0.111111	0	0	0.037037	0.5555555555555556	0.8148148148148148	0.037037037037037035	0.	0.	0.037037037037037035	1	2	0	2	1	1	2	1	1	2	1	0
1	0	0.600148	0.866105	0.555556	0.851852	0.111111	0	0	0.037037	0.5555555555555556	0.8518518518518519	0.037037037037037035	0.	0.	0.037037037037037035	1	2	0	2	1	2	2	1	1	2	2	0
1	0	0.376333	0.915865	0.333333	0.888889	0.111111	0	0	0.037037	0.3333333333333333	0.8888888888888888	0.037037037037037035	0.	0.	0.037037037037037035	1	0	0	2	2	0	2	1	2	0	0	0
1	0	0.443601	0.925721	0.333333	0.888889	0.111111	0	0	0.037037	0.37037037037037035	0.8888888888888888	0.037037037037037035	0.	0.	0.037037037037037035	1	0	1	2	2	0	2	1	2	0	0	1
1	0	0.41809	0.943802	0.333333	0.925926	0.111111	0	0	0.037037	0.3333333333333333	0.9259259259259259	0.037037037037037035	0.	0.	0.037037037037037035	1	0	0	2	2	1	2	1	2	0	1	0
1	0	0.347674	0.949211	0.333333	0.925926	0.111111	0	0	0.037037	0.37037037037037035	0.9259259259259259	0.037037037037037035	0.	0.	0.037037037037037035	1	0	1	2	2	1	2	1	2	0	1	1
1	0	0.368855	0.993415	0.333333	0.962963	0.111111	0	0	0.037037	0.3333333333333333	0.9629629629629629	0.037037037037037035	0.	0.	0.037037037037037035	1	0	0	2	2	2	2	1	2	0	2	0
1	0	0.492644	0.897966	0.444444	0.888889	0.111111	0	0	0.037037	0.4444444444444444	0.8888888888888888	0.037037037037037035	0.	0.	0.037037037037037035	1	1	0	2	2	0	2	1	2	1	0	0
1	0	0.463957	0.891783	0.444444	0.888889	0.111111	0	0	0.037037	0.48148148148148145	0.8888888888888888	0.037037037037037035	0.	0.	0.037037037037037035	1	1	1	2	2	0	2	1	2	1	0	1
1	0	0.52355	0.962925	0.444444	0.925926	0.111111	0	0	0.037037	0.4444444444444444	0.9259259259259259	0.037037037037037035	0.	0.	0.037037037037037035	1	1	0	2	2	1	2	1	2	1	1	0
1	0	0.4619	0.976676	0.444444	0.962963	0.111111	0	0	0.037037	0.4444444444444444	0.9629629629629629	0.037037037037037035	0.	0.	0.037037037037037035	1	1	0	2	2	2	2	1	2	1	2	0
1	0	0.655295	0.925911	0.555556	0.888889	0.111111	0	0	0.037037	0.5555555555555556	0.8888888888888888	0.037037037037037035	0.	0.	0.037037037037037035	1	2	0	2	2	0	2	1	2	2	0	0
1	0	0.6175	0.918556	0.555556	0.888889	0.111111	0	0	0.037037	0.5925925925925926	0.8888888888888888	0.037037037037037035	0.	0.	0.037037037037037035	1	2	1	2	2	0	2	1	2	2	0	1
1	0	0.574367	0.940037	0.555556	0.925926	0.111111	0	0	0.037037	0.5555555555555556	0.9259259259259259	0.037037037037037035	0.	0.	0.037037037037037035	1	2	0	2	2	1	2	1	2	2	1	0
1	0	0.57226	0.986065	0.555556	0.962963	0.111111	0	0	0.037037	0.5555555555555556	0.9629629629629629	0.037037037037037035	0.	0.	0.037037037037037035	1	2	0	2	2	2	2	1	2	2	2	0
1	0	0.675626	0.66817	0.666667	0.666667	0.111111	0	0	0.037037	0.6666666666666666	0.6666666666666666	0.037037037037037035	0.	0.	0.037037037037037035	2	0	0	2	0	0	2	2	0	0	0	0
1	0	0.721667	0.68647	0.666667	0.666667	0.111111	0	0	0.037037	0.7037037037037037	0.6666666666666666	0.037037037037037035	0.	0.	0.037037037037037035	2	0	1	2	0	0	2	2	0	0	0	1
1	0	0.76693	0.739933	0.666667	0.703704	0.111111	0	0	0.037037	0.6666666666666666	0.7037037037037037	0.037037037037037035	0.	0.	0.037037037037037035	2	0	0	2	0	1	2	2	0	0	1	0
1	0	0.713928	0.713871	0.666667	0.703704	0.111111	0	0	0.037037	0.7037037037037037	0.7037037037037037	0.037037037037037035	0.	0.	0.037037037037037035	2	0	1	2	0	1	2	2	0	0	1	1
1	0	0.689464	0.762818	0.666667	0.740741	0.111111	0	0	0.037037	0.6666666666666666	0.7407407407407407	0.037037037037037035	0.	0.	0.037037037037037035	2	0	0	2	0	2	2	2	0	0	2	0
1	0	0.835031	0.680719	0.777778	0.666667	0.111111	0	0	0.037037	0.7777777777777778	0.6666666666666666	0.037037037037037035	0.	0.	0.037037037037037035	2	1	0	2	0	0	2	2	0	1	0	0
1	0	0.88347	0.703682	0.777778	0.666667	0.111111	0	0	0.037037	0.8148148148148148	0.6666666666666666	0.037037037037037035	0.	0.	0.037037037037037035	2	1	1	2	0	0	2	2	0	1	0	1
1	0	0.817884	0.727674	0.777778	0.703704	0.111111	0	0	0.037037	0.7777777777777778	0.7037037037037037	0.037037037037037035	0.	0.	0.037037037037037035	2	1	0	2	0	1	2	2	0	1	1	0
1	0	0.858559	0.719706	0.777778	0.703704	0.111111	0	0	0.037037	0.8148148148148148	0.7037037037037037	0.037037037037037035	0.	0.	0.037037037037037035	2	1	1	2	0	1	2	2	0	1	1	1
1	0	0.888886	0.754919	0.777778	0.740741	0.111111	0	0	0.037037	0.7777777777777778	0.7407407407407407	0.037037037037037035	0.	0.	0.037037037037037035	2	1	0	2	0	2	2	2	0	1	2	0
1	0	0.961786	0.6694	0.888889	0.666667	0.111111	0	0	0.037037	0.8888888888888888	0.6666666666666666	0.037037037037037035	0.	0.	0.037037037037037035	2	2	0	2	0	0	2	2	0	2	0	0
1	0	0.925016	0.666758	0.888889	0.666667	0.111111	0	0	0.037037	0.9259259259259259	0.6666666666666666	0.037037037037037035	0.	0.	0.037037037037037035	2	2	1	2	0	0	2	2	0	2	0	1
1	0	0.955591	0.711616	0.888889	0.703704	0.111111	0	0	0.037037	0.8888888888888888	0.7037037037037037	0.037037037037037035	0.	0.	0.037037037037037035	2	2	0	2	0	1	2	2	0	2	1	0
1	0	0.993959	0.752081	0.888889	0.740741	0.111111	0	0	0.037037	0.8888888888888888	0.7407407407407407	0.037037037037037035	0.	0.	0.037037037037037035	2	2	0	2	0	2	2	2	0	2	2	0
1	0	0.737138	0.810051	0.666667	0.777778	0.111111	0	0	0.037037	0.6666666666666666	0.7777777777777778	0.037037037037037035	0.	0.	0.037037037037037035	2	0	0	2	1	0	2	2	1	0	0	0
1	0	0.777646	0.814811	0.666667	0.777778	0.111111	0	0	0.037037	0.7037037037037037	0.7777777777777778	0.037037037037037035	0.	0.	0.037037037037037035	2	0	1	2	1	0	2	2	1	0	0	1
1	0	0.7745	0.851834	0.666667	0.814815	0.111111	0	0	0.037037	0.6666666666666666	0.8148148148148148	0.037037037037037035	0.	0.	0.037037037037037035	2	0	0	2	1	1	2	2	1	0	1	0
1	0	0.698722	0.828906	0.666667	0.814815	0.111111	0	0	0.037037	0.7037037037037037	0.8148148148148148	0.037037037037037035	0.	0.	0.037037037037037035	2	0	1	2	1	1	2	2	1	0	1	1
1	0	0.719002	0.874577	0.666667	0.851852	0.111111	0	0	0.037037	0.6666666666666666	0.8518518518518519	0.037037037037037035	0.	0.	0.037037037037037035	2	0	0	2	1	2	2	2	1	0	2	0
1	0	0.799192	0.777799	0.777778	0.777778	0.111111	0	0	0.037037	0.7777777777777778	0.7777777777777778	0.037037037037037035	0.	0.	0.037037037037037035	2	1	0	2	1	0	2	2	1	1	0	0
1	0	0.805695	0.797137	0.777778	0.777778	0.111111	0	0	0.037037	0.8148148148148148	0.7777777777777778	0.037037037037037035	0.	0.	0.037037037037037035	2	1	1	2	1	0	2	2	1	1	0	1
1	0	0.870282	0.837654	0.777778	0.814815	0.111111	0	0	0.037037	0.7777777777777778	0.8148148148148148	0.037037037037037035	0.	0.	0.037037037037037035	2	1	0	2	1	1	2	2	1	1	1	0
1	0	0.826642	0.868568	0.777778	0.851852	0.111111	0	0	0.037037	0.7777777777777778	0.8518518518518519	0.037037037037037035	0.	0.	0.037037037037037035	2	1	0	2	1	2	2	2	1	1	2	0
1	0	0.936248	0.778995	0.888889	0.777778	0.111111	0	0	0.037037	0.8888888888888888	0.7777777777777778	0.037037037037037035	0.	0.	0.037037037037037035	2	2	0	2	1	0	2	2	1	2	0	0
1	0	0.981705	0.793136	0.888889	0.777778	0.111111	0	0	0.037037	0.9259259259259259	0.7777777777777778	0.037037037037037035	0.	0.	0.037037037037037035	2	2	1	2	1	0	2	2	1	2	0	1
1	0	0.927171	0.825082	0.888889	0.814815	0.111111	0	0	0.037037	0.8888888888888888	0.8148148148148148	0.037037037037037035	0.	0.	0.037037037037037035	2	2	0	2	1	1	2	2	1	2	1	0
1	0	0.909802	0.861888	0.888889	0.851852	0.111111	0	0	0.037037	0.8888888888888888	0.8518518518518519	0.037037037037037035	0.	0.	0.037037037037037035	2	2	0	2	1	2	2	2	1	2	2	0
1	0	0.75223	0.909891	0.666667	0.888889	0.111111	0	0	0.037037	0.6666666666666666	0.8888888888888888	0.037037037037037035	0.	0.	0.037037037037037035	2	0	0	2	2	0	2	2	2	0	0	0
1	0	0.677368	0.894988	0.666667	0.888889	0.111111	0	0	0.037037	0.7037037037037037	0.8888888888888888	0.037037037037037035	0.	0.	0.037037037037037035	2	0	1	2	2	0	2	2	2	0	0	1
1	0	0.694009	0.946529	0.666667	0.925926	0.111111	0	0	0.037037	0.6666666666666666	0.9259259259259259	0.037037037037037035	0.	0.	0.037037037037037035	2	0	0	2	2	1	2	2	2	0	1	0
1	0	0.744431	0.96131	0.666667	0.925926	0.111111	0	0	0.037037	0.7037037037037037	0.9259259259259259	0.037037037037037035	0.	0.	0.037037037037037035	2	0	1	2	2	1	2	2	2	0	1	1
1	0	0.671771	0.983489	0.666667	0.962963	0.111111	0	0	0.037037	0.6666666666666666	0.9629629629629629	0.037037037037037035	0.	0.	0.037037037037037035	2	0	0	2	2	2	2	2	2	0	2	0
1	0	0.878526	0.924848	0.777778	0.888889	0.111111	0	0	0.037037	0.7777777777777778	0.8888888888888888	0.037037037037037035	0.	0.	0.037037037037037035	2	1	0	2	2	0	2	2	2	1	0	0
1	0	0.843962	0.90393	0.777778	0.888889	0.111111	0	0	0.037037	0.8148148148148148	0.8888888888888888	0.037037037037037035	0.	0.	0.037037037037037035	2	1	1	2	2	0	2	2	2	1	0	1
1	0	0.816044	0.95161	0.777778	0.925926	0.111111	0	0	0.037037	0.7777777777777778	0.9259259259259259	0.037037037037037035	0.	0.	0.037037037037037035	2	1	0	2	2	1	2	2	2	1	1	0
1	0	0.795794	0.974202	0.777778	0.962963	0.111111	0	0	0.037037	0.7777777777777778	0.9629629629629629	0.037037037037037035	0.	0.	0.037037037037037035	2	1	0	2	2	2	2	2	2	1	2	0
1	0	0.907493	0.888949	0.888889	0.888889	0.111111	0	0	0.037037	0.8888888888888888	0.8888888888888888	0.037037037037037035	0.	0.	0.037037037037037035	2	2	0	2	2	0	2	2	2	2	0	0
1	0	0.967185	0.889391	0.888889	0.888889	0.111111	0	0	0.037037	0.9259259259259259	0.8888888888888888	0.037037037037037035	0.	0.	0.037037037037037035	2	2	1	2	2	0	2	2	2	2	0	1
1	0	0.94993	0.936861	0.888889	0.925926	0.111111	0	0	0.037037	0.8888888888888888	0.9259259259259259	0.037037037037037035	0.	0.	0.037037037037037035	2	2	0	2	2	1	2	2	2	2	1	0
1	0	0.904652	0.971184	0.888889	0.962963	0.111111	0	0	0.037037	0.8888888888888888	0.9629629629629629	0.037037037037037035	0.	0.	0.037037037037037035	2	2	0	2	2	2	2	2	2	2	2	0
