1	0	0.0040126	0.00638594	0	0	0.111111	0	0	0.037037	0.	0.	0.037037037037037035	0.	0.	0.037037037037037035	0	0	0	0	0	0	0	0	0	0	0	0
1	0	0.111091	0.0302948	0	0	0.111111	0	0	0.037037	0.037037037037037035	0.	0.037037037037037035	0.	0.	0.037037037037037035	0	0	1	0	0	0	0	0	0	0	0	1
1	0	0.0899348	0.0697279	0	0.037037	0.111111	0	0	0.037037	0.	0.037037037037037035	0.037037037037037035	0.	0.	0.037037037037037035	0	0	0	0	0	1	0	0	0	0	1	0
1	0	0.0514175	0.0491095	0	0.037037	0.111111	0	0	0.037037	0.037037037037037035	0.037037037037037035	0.037037037037037035	0.	0.	0.037037037037037035	0	0	1	0	0	1	0	0	0	0	1	1
1	0	0.0950983	0.111061	0	0.0740741	0.111111	0	0	0.037037	0.	0.07407407407407407	0.037037037037037035	0.	0.	0.037037037037037035	0	0	0	0	0	2	0	0	0	0	2	0
1	0	0.0686157	0.0973866	0	0.0740741	0.111111	0	0	0.037037	0.037037037037037035	0.07407407407407407	0.037037037037037035	0.	0.	0.037037037037037035	0	0	1	0	0	2	0	0	0	0	2	1
1	0	0.204122	0.037014	0.111111	0	0.111111	0	0	0.037037	0.1111111111111111	0.	0.037037037037037035	0.	0.	0.037037037037037035	0	1	0	0	0	0	0	0	0	1	0	0
1	0	0.143944	0.019757	0.111111	0	0.111111	0	0	0.037037	0.14814814814814814	0.	0.037037037037037035	0.	0.	0.037037037037037035	0	1	1	0	0	0	0	0	0	1	0	1
1	0	0.19541	0.0740528	0.111111	0.037037	0.111111	0	0	0.037037	0.1111111111111111	0.037037037037037035	0.037037037037037035	0.	0.	0.037037037037037035	0	1	0	0	0	1	0	0	0	1	1	0
1	0	0.155686	0.0579699	0.111111	0.037037	0.111111	0	0	0.037037	0.14814814814814814	0.037037037037037035	0.037037037037037035	0.	0.	0.037037037037037035	0	1	1	0	0	1	0	0	0	1	1	1
1	0	0.172065	0.0932907	0.111111	0.0740741	0.111111	0	0	0.037037	0.1111111111111111	0.07407407407407407	0.037037037037037035	0.	0.	0.037037037037037035	0	1	0	0	0	2	0	0	0	1	2	0
1	0	0.25958	0.0100778	0.222222	0	0.111111	0	0	0.037037	0.2222222222222222	0.	0.037037037037037035	0.	0.	0.037037037037037035	0	2	0	0	0	0	0	0	0	2	0	0
1	0	0.27299	0.0241145	0.222222	0	0.111111	0	0	0.037037	0.25925925925925924	0.	0.037037037037037035	0.	0.	0.037037037037037035	0	2	1	0	0	0	0	0	0	2	0	1
1	0	0.332711	0.074064	0.222222	0.037037	0.111111	0	0	0.037037	0.2222222222222222	0.037037037037037035	0.037037037037037035	0.	0.	0.037037037037037035	0	2	0	0	0	1	0	0	0	2	1	0
1	0	0.250461	0.0452886	0.222222	0.037037	0.111111	0	0	0.037037	0.25925925925925924	0.037037037037037035	0.037037037037037035	0.	0.	0.037037037037037035	0	2	1	0	0	1	0	0	0	2	1	1
1	0	0.27857	0.088252	0.222222	0.0740741	0.111111	0	0	0.037037	0.2222222222222222	0.07407407407407407	0.037037037037037035	0.	0.	0.037037037037037035	0	2	0	0	0	2	0	0	0	2	2	0
1	0	0.013237	0.135461	0	0.111111	0.111111	0	0	0.037037	0.	0.1111111111111111	0.037037037037037035	0.	0.	0.037037037037037035	0	0	0	0	1	0	0	0	1	0	0	0
1	0	0.0830618	0.148138	0	0.111111	0.111111	0	0	0.037037	0.037037037037037035	0.1111111111111111	0.037037037037037035	0.	0.	0.037037037037037035	0	0	1	0	1	0	0	0	1	0	0	1
1	0	0.0174439	0.185183	0	0.148148	0.111111	0	0	0.037037	0.	0.14814814814814814	0.037037037037037035	0.	0.	0.037037037037037035	0	0	0	0	1	1	0	0	1	0	1	0
1	0	0.043422	0.172995	0	0.148148	0.111111	0	0	0.037037	0.037037037037037035	0.14814814814814814	0.037037037037037035	0.	0.	0.037037037037037035	0	0	1	0	1	1	0	0	1	0	1	1
1	0	0.03422	0.212158	0	0.185185	0.111111	0	0	0.037037	0.	0.18518518518518517	0.037037037037037035	0.	0.	0.037037037037037035	0	0	0	0	1	2	0	0	1	0	2	0
1	0	0.128839	0.122349	0.111111	0.111111	0.111111	0	0	0.037037	0.1111111111111111	0.1111111111111111	0.037037037037037035	0.	0.	0.037037037037037035	0	1	0	0	1	0	0	0	1	1	0	0
1	0	0.166716	0.130556	0.111111	0.111111	0.111111	0	0	0.037037	0.14814814814814814	0.1111111111111111	0.037037037037037035	0.	0.	0.037037037037037035	0	1	1	0	1	0	0	0	1	1	0	1
1	0	0.216296	0.184879	0.111111	0.148148	0.111111	0	0	0.037037	0.1111111111111111	0.14814814814814814	0.037037037037037035	0.	0.	0.037037037037037035	0	1	0	0	1	1	0	0	1	1	1	0
1	0	0.212542	0.185167	0.111111	0.148148	0.111111	0	0	0.037037	0.14814814814814814	0.14814814814814814	0.037037037037037035	0.	0.	0.037037037037037035	0	1	1	0	1	1	0	0	1	1	1	1
1	0	0.222194	0.220789	0.111111	0.185185	0.111111	0	0	0.037037	0.1111111111111111	0.18518518518518517	0.037037037037037035	0.	0.	0.037037037037037035	0	1	0	0	1	2	0	0	1	1	2	0
1	0	0.31141	0.141101	0.222222	0.111111	0.111111	0	0	0.037037	0.2222222222222222	0.1111111111111111	0.037037037037037035	0.	0.	0.037037037037037035	0	2	0	0	1	0	0	0	1	2	0	0
1	0	0.321551	0.147209	0.222222	0.111111	0.111111	0	0	0.037037	0.25925925925925924	0.1111111111111111	0.037037037037037035	0.	0.	0.037037037037037035	0	2	1	0	1	0	0	0	1	2	0	1
1	0	0.233067	0.159797	0.222222	0.148148	0.111111	0	0	0.037037	0.2222222222222222	0.14814814814814814	0.037037037037037035	0.	0.	0.037037037037037035	0	2	0	0	1	1	0	0	1	2	1	0
1	0	0.282336	0.168465	0.222222	0.148148	0.111111	0	0	0.037037	0.25925925925925924	0.14814814814814814	0.037037037037037035	0.	0.	0.037037037037037035	0	2	1	0	1	1	0	0	1	2	1	1
1	0	0.240586	0.20246	0.222222	0.185185	0.111111	0	0	0.037037	0.2222222222222222	0.18518518518518517	0.037037037037037035	0.	0.	0.037037037037037035	0	2	0	0	1	2	0	0	1	2	2	0
1	0	0.102587	0.256452	0	0.222222	0.111111	0	0	0.037037	0.	0.2222222222222222	0.037037037037037035	0.	0.	0.037037037037037035	0	0	0	0	2	0	0	0	2	0	0	0
1	0	0.0590029	0.228888	0	0.222222	0.111111	0	0	0.037037	0.037037037037037035	0.2222222222222222	0.037037037037037035	0.	0.	0.037037037037037035	0	0	1	0	2	0	0	0	2	0	0	1
1	0	0.110971	0.296279	0	0.259259	0.111111	0	0	0.037037	0.	0.25925925925925924	0.037037037037037035	0.	0.	0.037037037037037035	0	0	0	0	2	1	0	0	2	0	1	0
1	0	0.0291639	0.284673	0	0.259259	0.111111	0	0	0.037037	0.037037037037037035	0.25925925925925924	0.037037037037037035	0.	0.	0.037037037037037035	0	0	1	0	2	1	0	0	2	0	1	1
1	0	0.0624967	0.318102	0	0.296296	0.111111	0	0	0.037037	0.	0.2962962962962963	0.037037037037037035	0.	0.	0.037037037037037035	0	0	0	0	2	2	0	0	2	0	2	0
1	0	0.135957	0.249814	0.111111	0.222222	0.111111	0	0	0.037037	0.1111111111111111	0.2222222222222222	0.037037037037037035	0.	0.	0.037037037037037035	0	1	0	0	2	0	0	0	2	1	0	0
1	0	0.160541	0.234645	0.111111	0.222222	0.111111	0	0	0.037037	0.14814814814814814	0.2222222222222222	0.037037037037037035	0.	0.	0.037037037037037035	0	1	1	0	2	0	0	0	2	1	0	1
1	0	0.152369	0.272307	0.111111	0.259259	0.111111	0	0	0.037037	0.1111111111111111	0.25925925925925924	0.037037037037037035	0.	0.	0.037037037037037035	0	1	0	0	2	1	0	0	2	1	1	0
1	0	0.178938	0.280164	0.111111	0.259259	0.111111	0	0	0.037037	0.14814814814814814	0.25925925925925924	0.037037037037037035	0.	0.	0.037037037037037035	0	1	1	0	2	1	0	0	2	1	1	1
1	0	0.12061	0.313791	0.111111	0.296296	0.111111	0	0	0.037037	0.1111111111111111	0.2962962962962963	0.037037037037037035	0.	0.	0.037037037037037035	0	1	0	0	2	2	0	0	2	1	2	0
1	0	0.297545	0.244904	0.222222	0.222222	0.111111	0	0	0.037037	0.2222222222222222	0.2222222222222222	0.037037037037037035	0.	0.	0.037037037037037035	0	2	0	0	2	0	0	0	2	2	0	0
1	0	0.326639	0.259069	0.222222	0.222222	0.111111	0	0	0.037037	0.25925925925925924	0.2222222222222222	0.037037037037037035	0.	0.	0.037037037037037035	0	2	1	0	2	0	0	0	2	2	0	1
1	0	0.302264	0.296267	0.222222	0.259259	0.111111	0	0	0.037037	0.2222222222222222	0.25925925925925924	0.037037037037037035	0.	0.	0.037037037037037035	0	2	0	0	2	1	0	0	2	2	1	0
1	0	0.288782	0.289358	0.222222	0.259259	0.111111	0	0	0.037037	0.25925925925925924	0.25925925925925924	0.037037037037037035	0.	0.	0.037037037037037035	0	2	1	0	2	1	0	0	2	2	1	1
1	0	0.333271	0.327721	0.222222	0.296296	0.111111	0	0	0.037037	0.2222222222222222	0.2962962962962963	0.037037037037037035	0.	0.	0.037037037037037035	0	2	0	0	2	2	0	0	2	2	2	0
1	0	0.384104	0.0146524	0.333333	0	0.111111	0	0	0.037037	0.3333333333333333	0.	0.037037037037037035	0.	0.	0.037037037037037035	1	0	0	0	0	0	0	1	0	0	0	0
1	0	0.444369	0.0331802	0.333333	0	0.111111	0	0	0.037037	0.37037037037037035	0.	0.037037037037037035	0.	0.	0.037037037037037035	1	0	1	0	0	0	0	1	0	0	0	1
1	0	0.36212	0.060847	0.333333	0.037037	0.111111	0	0	0.037037	0.3333333333333333	0.037037037037037035	0.037037037037037035	0.	0.	0.037037037037037035	1	0	0	0	0	1	0	1	0	0	1	0
1	0	0.421917	0.0740584	0.333333	0.037037	0.111111	0	0	0.037037	0.37037037037037035	0.037037037037037035	0.037037037037037035	0.	0.	0.037037037037037035	1	0	1	0	0	1	0	1	0	0	1	1
1	0	0.351921	0.102519	0.333333	0.0740741	0.111111	0	0	0.037037	0.3333333333333333	0.07407407407407407	0.037037037037037035	0.	0.	0.037037037037037035	1	0	0	0	0	2	0	1	0	0	2	0
1	0	0.444428	0.109346	0.333333	0.0740741	0.111111	0	0	0.037037	0.37037037037037035	0.07407407407407407	0.037037037037037035	0.	0.	0.037037037037037035	1	0	1	0	0	2	0	1	0	0	2	1
1	0	0.529374	0.00394031	0.444444	0	0.111111	0	0	0.037037	0.4444444444444444	0.	0.037037037037037035	0.	0.	0.037037037037037035	1	1	0	0	0	0	0	1	0	1	0	0
1	0	0.555508	0.0267101	0.444444	0	0.111111	0	0	0.037037	0.48148148148148145	0.	0.037037037037037035	0.	0.	0.037037037037037035	1	1	1	0	0	0	0	1	0	1	0	1
1	0	0.516859	0.0648316	0.444444	0.037037	0.111111	0	0	0.037037	0.4444444444444444	0.037037037037037035	0.037037037037037035	0.	0.	0.037037037037037035	1	1	0	0	0	1	0	1	0	1	1	0
1	0	0.490966	0.0541013	0.444444	0.037037	0.111111	0	0	0.037037	0.48148148148148145	0.037037037037037035	0.037037037037037035	0.	0.	0.037037037037037035	1	1	1	0	0	1	0	1	0	1	1	1
1	0	0.476129	0.105485	0.444444	0.0740741	0.111111	0	0	0.037037	0.4444444444444444	0.07407407407407407	0.037037037037037035	0.	0.	0.037037037037037035	1	1	0	0	0	2	0	1	0	1	2	0
1	0	0.648977	0.00137961	0.555556	0	0.111111	0	0	0.037037	0.5555555555555556	0.	0.037037037037037035	0.	0.	0.037037037037037035	1	2	0	0	0	0	0	1	0	2	0	0
1	0	0.666654	0.0353793	0.555556	0	0.111111	0	0	0.037037	0.5925925925925926	0.	0.037037037037037035	0.	0.	0.037037037037037035	1	2	1	0	0	0	0	1	0	2	0	1
1	0	0.629661	0.0726638	0.555556	0.037037	0.111111	0	0	0.037037	0.5555555555555556	0.037037037037037035	0.037037037037037035	0.	0.	0.037037037037037035	1	2	0	0	0	1	0	1	0	2	1	0
1	0	0.615882	0.0517478	0.555556	0.037037	0.111111	0	0	0.037037	0.5925925925925926	0.037037037037037035	0.037037037037037035	0.	0.	0.037037037037037035	1	2	1	0	0	1	0	1	0	2	1	1
1	0	0.601145	0.0995417	0.555556	0.0740741	0.111111	0	0	0.037037	0.5555555555555556	0.07407407407407407	0.037037037037037035	0.	0.	0.037037037037037035	1	2	0	0	0	2	0	1	0	2	2	0
1	0	0.440837	0.125629	0.333333	0.111111	0.111111	0	0	0.037037	0.3333333333333333	0.1111111111111111	0.037037037037037035	0.	0.	0.037037037037037035	1	0	0	0	1	0	0	1	1	0	0	0
1	0	0.399053	0.117734	0.333333	0.111111	0.111111	0	0	0.037037	0.37037037037037035	0.1111111111111111	0.037037037037037035	0.	0.	0.037037037037037035	1	0	1	0	1	0	0	1	1	0	0	1
1	0	0.342975	0.163402	0.333333	0.148148	0.111111	0	0	0.037037	0.3333333333333333	0.14814814814814814	0.037037037037037035	0.	0.	0.037037037037037035	1	0	0	0	1	1	0	1	1	0	1	0
1	0	0.413868	0.176068	0.333333	0.148148	0.111111	0	0	0.037037	0.37037037037037035	0.14814814814814814	0.037037037037037035	0.	0.	0.037037037037037035	1	0	1	0	1	1	0	1	1	0	1	1
1	0	0.393139	0.215242	0.333333	0.185185	0.111111	0	0	0.037037	0.3333333333333333	0.18518518518518517	0.037037037037037035	0.	0.	0.037037037037037035	1	0	0	0	1	2	0	1	1	0	2	0
1	0	0.553218	0.148094	0.444444	0.111111	0.111111	0	0	0.037037	0.4444444444444444	0.1111111111111111	0.037037037037037035	0.	0.	0.037037037037037035	1	1	0	0	1	0	0	1	1	1	0	0
1	0	0.547022	0.13764	0.444444	0.111111	0.111111	0	0	0.037037	0.48148148148148145	0.1111111111111111	0.037037037037037035	0.	0.	0.037037037037037035	1	1	1	0	1	0	0	1	1	1	0	1
1	0	0.540093	0.185145	0.444444	0.148148	0.111111	0	0	0.037037	0.4444444444444444	0.14814814814814814	0.037037037037037035	0.	0.	0.037037037037037035	1	1	0	0	1	1	0	1	1	1	1	0
1	0	0.496851	0.181687	0.444444	0.148148	0.111111	0	0	0.037037	0.48148148148148145	0.14814814814814814	0.037037037037037035	0.	0.	0.037037037037037035	1	1	1	0	1	1	0	1	1	1	1	1
1	0	0.480939	0.208079	0.444444	0.185185	0.111111	0	0	0.037037	0.4444444444444444	0.18518518518518517	0.037037037037037035	0.	0.	0.037037037037037035	1	1	0	0	1	2	0	1	1	1	2	0
1	0	0.580702	0.143714	0.555556	0.111111	0.111111	0	0	0.037037	0.5555555555555556	0.1111111111111111	0.037037037037037035	0.	0.	0.037037037037037035	1	2	0	0	1	0	0	1	1	2	0	0
1	0	0.666272	0.148042	0.555556	0.111111	0.111111	0	0	0.037037	0.5925925925925926	0.1111111111111111	0.037037037037037035	0.	0.	0.037037037037037035	1	2	1	0	1	0	0	1	1	2	0	1
1	0	0.610977	0.185152	0.555556	0.148148	0.111111	0	0	0.037037	0.5555555555555556	0.14814814814814814	0.037037037037037035	0.	0.	0.037037037037037035	1	2	0	0	1	1	0	1	1	2	1	0
1	0	0.641941	0.178672	0.555556	0.148148	0.111111	0	0	0.037037	0.5925925925925926	0.14814814814814814	0.037037037037037035	0.	0.	0.037037037037037035	1	2	1	0	1	1	0	1	1	2	1	1
1	0	0.585371	0.205184	0.555556	0.185185	0.111111	0	0	0.037037	0.5555555555555556	0.18518518518518517	0.037037037037037035	0.	0.	0.037037037037037035	1	2	0	0	1	2	0	1	1	2	2	0
1	0	0.370681	0.224973	0.333333	0.222222	0.111111	0	0	0.037037	0.3333333333333333	0.2222222222222222	0.037037037037037035	0.	0.	0.037037037037037035	1	0	0	0	2	0	0	1	2	0	0	0
1	0	0.433308	0.259218	0.333333	0.222222	0.111111	0	0	0.037037	0.37037037037037035	0.2222222222222222	0.037037037037037035	0.	0.	0.037037037037037035	1	0	1	0	2	0	0	1	2	0	0	1
1	0	0.35741	0.294758	0.333333	0.259259	0.111111	0	0	0.037037	0.3333333333333333	0.25925925925925924	0.037037037037037035	0.	0.	0.037037037037037035	1	0	0	0	2	1	0	1	2	0	1	0
1	0	0.404806	0.266896	0.333333	0.259259	0.111111	0	0	0.037037	0.37037037037037035	0.25925925925925924	0.037037037037037035	0.	0.	0.037037037037037035	1	0	1	0	2	1	0	1	2	0	1	1
1	0	0.437658	0.320703	0.333333	0.296296	0.111111	0	0	0.037037	0.3333333333333333	0.2962962962962963	0.037037037037037035	0.	0.	0.037037037037037035	1	0	0	0	2	2	0	1	2	0	2	0
1	0	0.46072	0.23874	0.444444	0.222222	0.111111	0	0	0.037037	0.4444444444444444	0.2222222222222222	0.037037037037037035	0.	0.	0.037037037037037035	1	1	0	0	2	0	0	1	2	1	0	0
1	0	0.520798	0.241875	0.444444	0.222222	0.111111	0	0	0.037037	0.48148148148148145	0.2222222222222222	0.037037037037037035	0.	0.	0.037037037037037035	1	1	1	0	2	0	0	1	2	1	0	1
1	0	0.507615	0.296283	0.444444	0.259259	0.111111	0	0	0.037037	0.4444444444444444	0.25925925925925924	0.037037037037037035	0.	0.	0.037037037037037035	1	1	0	0	2	1	0	1	2	1	1	0
1	0	0.503365	0.277297	0.444444	0.259259	0.111111	0	0	0.037037	0.48148148148148145	0.25925925925925924	0.037037037037037035	0.	0.	0.037037037037037035	1	1	1	0	2	1	0	1	2	1	1	1
1	0	0.555527	0.323668	0.444444	0.296296	0.111111	0	0	0.037037	0.4444444444444444	0.2962962962962963	0.037037037037037035	0.	0.	0.037037037037037035	1	1	0	0	2	2	0	1	2	1	2	0
1	0	0.635804	0.252899	0.555556	0.222222	0.111111	0	0	0.037037	0.5555555555555556	0.2222222222222222	0.037037037037037035	0.	0.	0.037037037037037035	1	2	0	0	2	0	0	1	2	2	0	0
1	0	0.666661	0.231862	0.555556	0.222222	0.111111	0	0	0.037037	0.5925925925925926	0.2222222222222222	0.037037037037037035	0.	0.	0.037037037037037035	1	2	1	0	2	0	0	1	2	2	0	1
1	0	0.591569	0.269699	0.555556	0.259259	0.111111	0	0	0.037037	0.5555555555555556	0.25925925925925924	0.037037037037037035	0.	0.	0.037037037037037035	1	2	0	0	2	1	0	1	2	2	1	0
1	0	0.658106	0.291683	0.555556	0.259259	0.111111	0	0	0.037037	0.5925925925925926	0.25925925925925924	0.037037037037037035	0.	0.	0.037037037037037035	1	2	1	0	2	1	0	1	2	2	1	1
1	0	0.567833	0.308618	0.555556	0.296296	0.111111	0	0	0.037037	0.5555555555555556	0.2962962962962963	0.037037037037037035	0.	0.	0.037037037037037035	1	2	0	0	2	2	0	1	2	2	2	0
1	0	0.692012	0.0370221	0.666667	0	0.111111	0	0	0.037037	0.6666666666666666	0.	0.037037037037037035	0.	0.	0.037037037037037035	2	0	0	0	0	0	0	2	0	0	0	0
1	0	0.721068	0.017471	0.666667	0	0.111111	0	0	0.037037	0.7037037037037037	0.	0.037037037037037035	0.	0.	0.037037037037037035	2	0	1	0	0	0	0	2	0	0	0	1
1	0	0.706678	0.0739998	0.666667	0.037037	0.111111	0	0	0.037037	0.6666666666666666	0.037037037037037035	0.037037037037037035	0.	0.	0.037037037037037035	2	0	0	0	0	1	0	2	0	0	1	0
1	0	0.774403	0.0669151	0.666667	0.037037	0.111111	0	0	0.037037	0.7037037037037037	0.037037037037037035	0.037037037037037035	0.	0.	0.037037037037037035	2	0	1	0	0	1	0	2	0	0	1	1
1	0	0.753724	0.0915489	0.666667	0.0740741	0.111111	0	0	0.037037	0.6666666666666666	0.07407407407407407	0.037037037037037035	0.	0.	0.037037037037037035	2	0	0	0	0	2	0	2	0	0	2	0
1	0	0.818628	0.0120776	0.777778	0	0.111111	0	0	0.037037	0.7777777777777778	0.	0.037037037037037035	0.	0.	0.037037037037037035	2	1	0	0	0	0	0	2	0	1	0	0
1	0	0.888876	0.0226535	0.777778	0	0.111111	0	0	0.037037	0.8148148148148148	0.	0.037037037037037035	0.	0.	0.037037037037037035	2	1	1	0	0	0	0	2	0	1	0	1
1	0	0.887333	0.0627661	0.777778	0.037037	0.111111	0	0	0.037037	0.7777777777777778	0.037037037037037035	0.037037037037037035	0.	0.	0.037037037037037035	2	1	0	0	0	1	0	2	0	1	1	0
1	0	0.856265	0.0430694	0.777778	0.037037	0.111111	0	0	0.037037	0.8148148148148148	0.037037037037037035	0.037037037037037035	0.	0.	0.037037037037037035	2	1	1	0	0	1	0	2	0	1	1	1
1	0	0.80247	0.0862858	0.777778	0.0740741	0.111111	0	0	0.037037	0.7777777777777778	0.07407407407407407	0.037037037037037035	0.	0.	0.037037037037037035	2	1	0	0	0	2	0	2	0	1	2	0
1	0	0.987301	0.0283531	0.888889	0	0.111111	0	0	0.037037	0.8888888888888888	0.	0.037037037037037035	0.	0.	0.037037037037037035	2	2	0	0	0	0	0	2	0	2	0	0
1	0	0.999998	0.00686551	0.888889	0	0.111111	0	0	0.037037	0.9259259259259259	0.	0.037037037037037035	0.	0.	0.037037037037037035	2	2	1	0	0	0	0	2	0	2	0	1
1	0	0.977612	0.0740495	0.888889	0.037037	0.111111	0	0	0.037037	0.8888888888888888	0.037037037037037035	0.037037037037037035	0.	0.	0.037037037037037035	2	2	0	0	0	1	0	2	0	2	1	0
1	0	0.939235	0.0470335	0.888889	0.037037	0.111111	0	0	0.037037	0.9259259259259259	0.037037037037037035	0.037037037037037035	0.	0.	0.037037037037037035	2	2	1	0	0	1	0	2	0	2	1	1
1	0	1	0.075253	0.888889	0.0740741	0.111111	0	0	0.037037	0.8888888888888888	0.07407407407407407	0.037037037037037035	0.	0.	0.037037037037037035	2	2	0	0	0	2	0	2	0	2	2	0
1	0	0.74179	0.12786	0.666667	0.111111	0.111111	0	0	0.037037	0.6666666666666666	0.1111111111111111	0.037037037037037035	0.	0.	0.037037037037037035	2	0	0	0	1	0	0	2	1	0	0	0
1	0	0.728483	0.115169	0.666667	0.111111	0.111111	0	0	0.037037	0.7037037037037037	0.1111111111111111	0.037037037037037035	0.	0.	0.037037037037037035	2	0	1	0	1	0	0	2	1	0	0	1
1	0	0.777751	0.18516	0.666667	0.148148	0.111111	0	0	0.037037	0.6666666666666666	0.14814814814814814	0.037037037037037035	0.	0.	0.037037037037037035	2	0	0	0	1	1	0	2	1	0	1	0
1	0	0.732467	0.165795	0.666667	0.148148	0.111111	0	0	0.037037	0.7037037037037037	0.14814814814814814	0.037037037037037035	0.	0.	0.037037037037037035	2	0	1	0	1	1	0	2	1	0	1	1
1	0	0.697546	0.218031	0.666667	0.185185	0.111111	0	0	0.037037	0.6666666666666666	0.18518518518518517	0.037037037037037035	0.	0.	0.037037037037037035	2	0	0	0	1	2	0	2	1	0	2	0
1	0	0.806692	0.133237	0.777778	0.111111	0.111111	0	0	0.037037	0.7777777777777778	0.1111111111111111	0.037037037037037035	0.	0.	0.037037037037037035	2	1	0	0	1	0	0	2	1	1	0	0
1	0	0.842616	0.119583	0.777778	0.111111	0.111111	0	0	0.037037	0.8148148148148148	0.1111111111111111	0.037037037037037035	0.	0.	0.037037037037037035	2	1	1	0	1	0	0	2	1	1	0	1
1	0	0.82586	0.170233	0.777778	0.148148	0.111111	0	0	0.037037	0.7777777777777778	0.14814814814814814	0.037037037037037035	0.	0.	0.037037037037037035	2	1	0	0	1	1	0	2	1	1	1	0
1	0	0.888832	0.158415	0.777778	0.148148	0.111111	0	0	0.037037	0.8148148148148148	0.14814814814814814	0.037037037037037035	0.	0.	0.037037037037037035	2	1	1	0	1	1	0	2	1	1	1	1
1	0	0.869132	0.209415	0.777778	0.185185	0.111111	0	0	0.037037	0.7777777777777778	0.18518518518518517	0.037037037037037035	0.	0.	0.037037037037037035	2	1	0	0	1	2	0	2	1	1	2	0
1	0	0.92576	0.111267	0.888889	0.111111	0.111111	0	0	0.037037	0.8888888888888888	0.1111111111111111	0.037037037037037035	0.	0.	0.037037037037037035	2	2	0	0	1	0	0	2	1	2	0	0
1	0	0.965763	0.113228	0.888889	0.111111	0.111111	0	0	0.037037	0.9259259259259259	0.1111111111111111	0.037037037037037035	0.	0.	0.037037037037037035	2	2	1	0	1	0	0	2	1	2	0	1
1	0	0.911112	0.180153	0.888889	0.148148	0.111111	0	0	0.037037	0.8888888888888888	0.14814814814814814	0.037037037037037035	0.	0.	0.037037037037037035	2	2	0	0	1	1	0	2	1	2	1	0
1	0	0.943986	0.155328	0.888889	0.148148	0.111111	0	0	0.037037	0.9259259259259259	0.14814814814814814	0.037037037037037035	0.	0.	0.037037037037037035	2	2	1	0	1	1	0	2	1	2	1	1
1	0	0.955183	0.200033	0.888889	0.185185	0.111111	0	0	0.037037	0.8888888888888888	0.18518518518518517	0.037037037037037035	0.	0.	0.037037037037037035	2	2	0	0	1	2	0	2	1	2	2	0
1	0	0.759097	0.236715	0.666667	0.222222	0.111111	0	0	0.037037	0.6666666666666666	0.2222222222222222	0.037037037037037035	0.	0.	0.037037037037037035	2	0	0	0	2	0	0	2	2	0	0	0
1	0	0.77774	0.247717	0.666667	0.222222	0.111111	0	0	0.037037	0.7037037037037037	0.2222222222222222	0.037037037037037035	0.	0.	0.037037037037037035	2	0	1	0	2	0	0	2	2	0	0	1
1	0	0.777736	0.286451	0.666667	0.259259	0.111111	0	0	0.037037	0.6666666666666666	0.25925925925925924	0.037037037037037035	0.	0.	0.037037037037037035	2	0	0	0	2	1	0	2	2	0	1	0
1	0	0.76399	0.274969	0.666667	0.259259	0.111111	0	0	0.037037	0.7037037037037037	0.25925925925925924	0.037037037037037035	0.	0.	0.037037037037037035	2	0	1	0	2	1	0	2	2	0	1	1
1	0	0.681602	0.311434	0.666667	0.296296	0.111111	0	0	0.037037	0.6666666666666666	0.2962962962962963	0.037037037037037035	0.	0.	0.037037037037037035	2	0	0	0	2	2	0	2	2	0	2	0
1	0	0.875315	0.254511	0.777778	0.222222	0.111111	0	0	0.037037	0.7777777777777778	0.2222222222222222	0.037037037037037035	0.	0.	0.037037037037037035	2	1	0	0	2	0	0	2	2	1	0	0
1	0	0.832336	0.222534	0.777778	0.222222	0.111111	0	0	0.037037	0.8148148148148148	0.2222222222222222	0.037037037037037035	0.	0.	0.037037037037037035	2	1	1	0	2	0	0	2	2	1	0	1
1	0	0.880004	0.296286	0.777778	0.259259	0.111111	0	0	0.037037	0.7777777777777778	0.25925925925925924	0.037037037037037035	0.	0.	0.037037037037037035	2	1	0	0	2	1	0	2	2	1	1	0
1	0	0.861115	0.296232	0.777778	0.259259	0.111111	0	0	0.037037	0.8148148148148148	0.25925925925925924	0.037037037037037035	0.	0.	0.037037037037037035	2	1	1	0	2	1	0	2	2	1	1	1
1	0	0.845605	0.325155	0.777778	0.296296	0.111111	0	0	0.037037	0.7777777777777778	0.2962962962962963	0.037037037037037035	0.	0.	0.037037037037037035	2	1	0	0	2	2	0	2	2	1	2	0
1	0	0.999346	0.245813	0.888889	0.222222	0.111111	0	0	0.037037	0.8888888888888888	0.2222222222222222	0.037037037037037035	0.	0.	0.037037037037037035	2	2	0	0	2	0	0	2	2	2	0	0
1	0	0.961918	0.227621	0.888889	0.222222	0.111111	0	0	0.037037	0.9259259259259259	0.2222222222222222	0.037037037037037035	0.	0.	0.037037037037037035	2	2	1	0	2	0	0	2	2	2	0	1
1	0	0.919715	0.26426	0.888889	0.259259	0.111111	0	0	0.037037	0.8888888888888888	0.25925925925925924	0.037037037037037035	0.	0.	0.037037037037037035	2	2	0	0	2	1	0	2	2	2	1	0
1	0	0.932186	0.282306	0.888889	0.259259	0.111111	0	0	0.037037	0.9259259259259259	0.25925925925925924	0.037037037037037035	0.	0.	0.037037037037037035	2	2	1	0	2	1	0	2	2	2	1	1
1	0	0.916083	0.33012	0.888889	0.296296	0.111111	0	0	0.037037	0.8888888888888888	0.2962962962962963	0.037037037037037035	0.	0.	0.037037037037037035	2	2	0	0	2	2	0	2	2	2	2	0
1	0	0.00823945	0.350391	0	0.333333	0.111111	0	0	0.037037	0.	0.3333333333333333	0.037037037037037035	0.	0.	0.037037037037037035	0	0	0	1	0	0	1	0	0	0	0	0
1	0	0.0761781	0.334615	0	0.333333	0.111111	0	0	0.037037	0.037037037037037035	0.3333333333333333	0.037037037037037035	0.	0.	0.037037037037037035	0	0	1	1	0	0	1	0	0	0	0	1
1	0	0.0378203	0.382482	0	0.37037	0.111111	0	0	0.037037	0.	0.37037037037037035	0.037037037037037035	0.	0.	0.037037037037037035	0	0	0	1	0	1	1	0	0	0	1	0
1	0	0.0797468	0.394541	0	0.37037	0.111111	0	0	0.037037	0.037037037037037035	0.37037037037037035	0.037037037037037035	0.	0.	0.037037037037037035	0	0	1	1	0	1	1	0	0	0	1	1
1	0	0.0258376	0.418975	0	0.407407	0.111111	0	0	0.037037	0.	0.4074074074074074	0.037037037037037035	0.	0.	0.037037037037037035	0	0	0	1	0	2	1	0	0	0	2	0
1	0	0.0973286	0.441069	0	0.407407	0.111111	0	0	0.037037	0.037037037037037035	0.4074074074074074	0.037037037037037035	0.	0.	0.037037037037037035	0	0	1	1	0	2	1	0	0	0	2	1
1	0	0.222215	0.367138	0.111111	0.333333	0.111111	0	0	0.037037	0.1111111111111111	0.3333333333333333	0.037037037037037035	0.	0.	0.037037037037037035	0	1	0	1	0	0	1	0	0	1	0	0
1	0	0.184937	0.358877	0.111111	0.333333	0.111111	0	0	0.037037	0.14814814814814814	0.3333333333333333	0.037037037037037035	0.	0.	0.037037037037037035	0	1	1	1	0	0	1	0	0	1	0	1
1	0	0.190221	0.398285	0.111111	0.37037	0.111111	0	0	0.037037	0.1111111111111111	0.37037037037037035	0.037037037037037035	0.	0.	0.037037037037037035	0	1	0	1	0	1	1	0	0	1	1	0
1	0	0.207488	0.405586	0.111111	0.37037	0.111111	0	0	0.037037	0.14814814814814814	0.37037037037037035	0.037037037037037035	0.	0.	0.037037037037037035	0	1	1	1	0	1	1	0	0	1	1	1
1	0	0.139423	0.430435	0.111111	0.407407	0.111111	0	0	0.037037	0.1111111111111111	0.4074074074074074	0.037037037037037035	0.	0.	0.037037037037037035	0	1	0	1	0	2	1	0	0	1	2	0
1	0	0.292495	0.355564	0.222222	0.333333	0.111111	0	0	0.037037	0.2222222222222222	0.3333333333333333	0.037037037037037035	0.	0.	0.037037037037037035	0	2	0	1	0	0	1	0	0	2	0	0
1	0	0.318286	0.370325	0.222222	0.333333	0.111111	0	0	0.037037	0.25925925925925924	0.3333333333333333	0.037037037037037035	0.	0.	0.037037037037037035	0	2	1	1	0	0	1	0	0	2	0	1
1	0	0.244066	0.387565	0.222222	0.37037	0.111111	0	0	0.037037	0.2222222222222222	0.37037037037037035	0.037037037037037035	0.	0.	0.037037037037037035	0	2	0	1	0	1	1	0	0	2	1	0
1	0	0.265845	0.407306	0.222222	0.37037	0.111111	0	0	0.037037	0.25925925925925924	0.37037037037037035	0.037037037037037035	0.	0.	0.037037037037037035	0	2	1	1	0	1	1	0	0	2	1	1
1	0	0.285899	0.426932	0.222222	0.407407	0.111111	0	0	0.037037	0.2222222222222222	0.4074074074074074	0.037037037037037035	0.	0.	0.037037037037037035	0	2	0	1	0	2	1	0	0	2	2	0
1	0	0.019469	0.453013	0	0.444444	0.111111	0	0	0.037037	0.	0.4444444444444444	0.037037037037037035	0.	0.	0.037037037037037035	0	0	0	1	1	0	1	0	1	0	0	0
1	0	0.0545565	0.470487	0	0.444444	0.111111	0	0	0.037037	0.037037037037037035	0.4444444444444444	0.037037037037037035	0.	0.	0.037037037037037035	0	0	1	1	1	0	1	0	1	0	0	1
1	0	0.107291	0.518449	0	0.481481	0.111111	0	0	0.037037	0.	0.48148148148148145	0.037037037037037035	0.	0.	0.037037037037037035	0	0	0	1	1	1	1	0	1	0	1	0
1	0	0.0463919	0.502524	0	0.481481	0.111111	0	0	0.037037	0.037037037037037035	0.48148148148148145	0.037037037037037035	0.	0.	0.037037037037037035	0	0	1	1	1	1	1	0	1	0	1	1
1	0	0.0715268	0.550881	0	0.518519	0.111111	0	0	0.037037	0.	0.5185185185185185	0.037037037037037035	0.	0.	0.037037037037037035	0	0	0	1	1	2	1	0	1	0	2	0
1	0	0.200757	0.481462	0.111111	0.444444	0.111111	0	0	0.037037	0.1111111111111111	0.4444444444444444	0.037037037037037035	0.	0.	0.037037037037037035	0	1	0	1	1	0	1	0	1	1	0	0
1	0	0.181676	0.463325	0.111111	0.444444	0.111111	0	0	0.037037	0.14814814814814814	0.4444444444444444	0.037037037037037035	0.	0.	0.037037037037037035	0	1	1	1	1	0	1	0	1	1	0	1
1	0	0.123374	0.49426	0.111111	0.481481	0.111111	0	0	0.037037	0.1111111111111111	0.48148148148148145	0.037037037037037035	0.	0.	0.037037037037037035	0	1	0	1	1	1	1	0	1	1	1	0
1	0	0.174325	0.518487	0.111111	0.481481	0.111111	0	0	0.037037	0.14814814814814814	0.48148148148148145	0.037037037037037035	0.	0.	0.037037037037037035	0	1	1	1	1	1	1	0	1	1	1	1
1	0	0.131731	0.5353	0.111111	0.518519	0.111111	0	0	0.037037	0.1111111111111111	0.5185185185185185	0.037037037037037035	0.	0.	0.037037037037037035	0	1	0	1	1	2	1	0	1	1	2	0
1	0	0.254166	0.447232	0.222222	0.444444	0.111111	0	0	0.037037	0.2222222222222222	0.4444444444444444	0.037037037037037035	0.	0.	0.037037037037037035	0	2	0	1	1	0	1	0	1	2	0	0
1	0	0.315083	0.474863	0.222222	0.444444	0.111111	0	0	0.037037	0.25925925925925924	0.4444444444444444	0.037037037037037035	0.	0.	0.037037037037037035	0	2	1	1	1	0	1	0	1	2	0	1
1	0	0.237724	0.513303	0.222222	0.481481	0.111111	0	0	0.037037	0.2222222222222222	0.48148148148148145	0.037037037037037035	0.	0.	0.037037037037037035	0	2	0	1	1	1	1	0	1	2	1	0
1	0	0.308069	0.48862	0.222222	0.481481	0.111111	0	0	0.037037	0.25925925925925924	0.48148148148148145	0.037037037037037035	0.	0.	0.037037037037037035	0	2	1	1	1	1	1	0	1	2	1	1
1	0	0.263814	0.541225	0.222222	0.518519	0.111111	0	0	0.037037	0.2222222222222222	0.5185185185185185	0.037037037037037035	0.	0.	0.037037037037037035	0	2	0	1	1	2	1	0	1	2	2	0
1	0	0.0855827	0.592551	0	0.555556	0.111111	0	0	0.037037	0.	0.5555555555555556	0.037037037037037035	0.	0.	0.037037037037037035	0	0	0	1	2	0	1	0	2	0	0	0
1	0	0.0223321	0.574708	0	0.555556	0.111111	0	0	0.037037	0.037037037037037035	0.5555555555555556	0.037037037037037035	0.	0.	0.037037037037037035	0	0	1	1	2	0	1	0	2	0	0	1
1	0	0.0646046	0.629557	0	0.592593	0.111111	0	0	0.037037	0.	0.5925925925925926	0.037037037037037035	0.	0.	0.037037037037037035	0	0	0	1	2	1	1	0	2	0	1	0
1	0	0.111046	0.62153	0	0.592593	0.111111	0	0	0.037037	0.037037037037037035	0.5925925925925926	0.037037037037037035	0.	0.	0.037037037037037035	0	0	1	1	2	1	1	0	2	0	1	1
1	0	0.00155326	0.644095	0	0.62963	0.111111	0	0	0.037037	0.	0.6296296296296297	0.037037037037037035	0.	0.	0.037037037037037035	0	0	0	1	2	2	1	0	2	0	2	0
1	0	0.220239	0.589707	0.111111	0.555556	0.111111	0	0	0.037037	0.1111111111111111	0.5555555555555556	0.037037037037037035	0.	0.	0.037037037037037035	0	1	0	1	2	0	1	0	2	1	0	0
1	0	0.163202	0.567813	0.111111	0.555556	0.111111	0	0	0.037037	0.14814814814814814	0.5555555555555556	0.037037037037037035	0.	0.	0.037037037037037035	0	1	1	1	2	0	1	0	2	1	0	1
1	0	0.19817	0.629571	0.111111	0.592593	0.111111	0	0	0.037037	0.1111111111111111	0.5925925925925926	0.037037037037037035	0.	0.	0.037037037037037035	0	1	0	1	2	1	1	0	2	1	1	0
1	0	0.150379	0.614033	0.111111	0.592593	0.111111	0	0	0.037037	0.14814814814814814	0.5925925925925926	0.037037037037037035	0.	0.	0.037037037037037035	0	1	1	1	2	1	1	0	2	1	1	1
1	0	0.147714	0.652339	0.111111	0.62963	0.111111	0	0	0.037037	0.1111111111111111	0.6296296296296297	0.037037037037037035	0.	0.	0.037037037037037035	0	1	0	1	2	2	1	0	2	1	2	0
1	0	0.229679	0.557437	0.222222	0.555556	0.111111	0	0	0.037037	0.2222222222222222	0.5555555555555556	0.037037037037037035	0.	0.	0.037037037037037035	0	2	0	1	2	0	1	0	2	2	0	0
1	0	0.329045	0.580372	0.222222	0.555556	0.111111	0	0	0.037037	0.25925925925925924	0.5555555555555556	0.037037037037037035	0.	0.	0.037037037037037035	0	2	1	1	2	0	1	0	2	2	0	1
1	0	0.271097	0.598224	0.222222	0.592593	0.111111	0	0	0.037037	0.2222222222222222	0.5925925925925926	0.037037037037037035	0.	0.	0.037037037037037035	0	2	0	1	2	1	1	0	2	2	1	0
1	0	0.246511	0.609286	0.222222	0.592593	0.111111	0	0	0.037037	0.25925925925925924	0.5925925925925926	0.037037037037037035	0.	0.	0.037037037037037035	0	2	1	1	2	1	1	0	2	2	1	1
1	0	0.305587	0.655808	0.222222	0.62963	0.111111	0	0	0.037037	0.2222222222222222	0.6296296296296297	0.037037037037037035	0.	0.	0.037037037037037035	0	2	0	1	2	2	1	0	2	2	2	0
1	0	0.388292	0.341801	0.333333	0.333333	0.111111	0	0	0.037037	0.3333333333333333	0.3333333333333333	0.037037037037037035	0.	0.	0.037037037037037035	1	0	0	1	0	0	1	1	0	0	0	0
1	0	0.373968	0.347684	0.333333	0.333333	0.111111	0	0	0.037037	0.37037037037037035	0.3333333333333333	0.037037037037037035	0.	0.	0.037037037037037035	1	0	1	1	0	0	1	1	0	0	0	1
1	0	0.418352	0.379947	0.333333	0.37037	0.111111	0	0	0.037037	0.3333333333333333	0.37037037037037035	0.037037037037037035	0.	0.	0.037037037037037035	1	0	0	1	0	1	1	1	0	0	1	0
1	0	0.380554	0.376576	0.333333	0.37037	0.111111	0	0	0.037037	0.37037037037037035	0.37037037037037035	0.037037037037037035	0.	0.	0.037037037037037035	1	0	1	1	0	1	1	1	0	0	1	1
1	0	0.407893	0.437666	0.333333	0.407407	0.111111	0	0	0.037037	0.3333333333333333	0.4074074074074074	0.037037037037037035	0.	0.	0.037037037037037035	1	0	0	1	0	2	1	1	0	0	2	0
1	0	0.464693	0.363435	0.444444	0.333333	0.111111	0	0	0.037037	0.4444444444444444	0.3333333333333333	0.037037037037037035	0.	0.	0.037037037037037035	1	1	0	1	0	0	1	1	0	1	0	0
1	0	0.472722	0.3334	0.444444	0.333333	0.111111	0	0	0.037037	0.48148148148148145	0.3333333333333333	0.037037037037037035	0.	0.	0.037037037037037035	1	1	1	1	0	0	1	1	0	1	0	1
1	0	0.487004	0.407402	0.444444	0.37037	0.111111	0	0	0.037037	0.4444444444444444	0.37037037037037035	0.037037037037037035	0.	0.	0.037037037037037035	1	1	0	1	0	1	1	1	0	1	1	0
1	0	0.512426	0.401072	0.444444	0.37037	0.111111	0	0	0.037037	0.48148148148148145	0.37037037037037035	0.037037037037037035	0.	0.	0.037037037037037035	1	1	1	1	0	1	1	1	0	1	1	1
1	0	0.524751	0.433533	0.444444	0.407407	0.111111	0	0	0.037037	0.4444444444444444	0.4074074074074074	0.037037037037037035	0.	0.	0.037037037037037035	1	1	0	1	0	2	1	1	0	1	2	0
1	0	0.621642	0.339748	0.555556	0.333333	0.111111	0	0	0.037037	0.5555555555555556	0.3333333333333333	0.037037037037037035	0.	0.	0.037037037037037035	1	2	0	1	0	0	1	1	0	2	0	0
1	0	0.59596	0.345467	0.555556	0.333333	0.111111	0	0	0.037037	0.5925925925925926	0.3333333333333333	0.037037037037037035	0.	0.	0.037037037037037035	1	2	1	1	0	0	1	1	0	2	0	1
1	0	0.654172	0.391834	0.555556	0.37037	0.111111	0	0	0.037037	0.5555555555555556	0.37037037037037035	0.037037037037037035	0.	0.	0.037037037037037035	1	2	0	1	0	1	1	1	0	2	1	0
1	0	0.661876	0.407208	0.555556	0.37037	0.111111	0	0	0.037037	0.5925925925925926	0.37037037037037035	0.037037037037037035	0.	0.	0.037037037037037035	1	2	1	1	0	1	1	1	0	2	1	1
1	0	0.573078	0.421717	0.555556	0.407407	0.111111	0	0	0.037037	0.5555555555555556	0.4074074074074074	0.037037037037037035	0.	0.	0.037037037037037035	1	2	0	1	0	2	1	1	0	2	2	0
1	0	0.348654	0.45844	0.333333	0.444444	0.111111	0	0	0.037037	0.3333333333333333	0.4444444444444444	0.037037037037037035	0.	0.	0.037037037037037035	1	0	0	1	1	0	1	1	1	0	0	0
1	0	0.425055	0.48066	0.333333	0.444444	0.111111	0	0	0.037037	0.37037037037037035	0.4444444444444444	0.037037037037037035	0.	0.	0.037037037037037035	1	0	1	1	1	0	1	1	1	0	0	1
1	0	0.364526	0.505364	0.333333	0.481481	0.111111	0	0	0.037037	0.3333333333333333	0.48148148148148145	0.037037037037037035	0.	0.	0.037037037037037035	1	0	0	1	1	1	1	1	1	0	1	0
1	0	0.430017	0.508795	0.333333	0.481481	0.111111	0	0	0.037037	0.37037037037037035	0.48148148148148145	0.037037037037037035	0.	0.	0.037037037037037035	1	0	1	1	1	1	1	1	1	0	1	1
1	0	0.367688	0.547228	0.333333	0.518519	0.111111	0	0	0.037037	0.3333333333333333	0.5185185185185185	0.037037037037037035	0.	0.	0.037037037037037035	1	0	0	1	1	2	1	1	1	0	2	0
1	0	0.54383	0.466111	0.444444	0.444444	0.111111	0	0	0.037037	0.4444444444444444	0.4444444444444444	0.037037037037037035	0.	0.	0.037037037037037035	1	1	0	1	1	0	1	1	1	1	0	0
1	0	0.555537	0.478294	0.444444	0.444444	0.111111	0	0	0.037037	0.48148148148148145	0.4444444444444444	0.037037037037037035	0.	0.	0.037037037037037035	1	1	1	1	1	0	1	1	1	1	0	1
1	0	0.531405	0.518514	0.444444	0.481481	0.111111	0	0	0.037037	0.4444444444444444	0.48148148148148145	0.037037037037037035	0.	0.	0.037037037037037035	1	1	0	1	1	1	1	1	1	1	1	0
1	0	0.537335	0.518505	0.444444	0.481481	0.111111	0	0	0.037037	0.48148148148148145	0.48148148148148145	0.037037037037037035	0.	0.	0.037037037037037035	1	1	1	1	1	1	1	1	1	1	1	1
1	0	0.45714	0.531916	0.444444	0.518519	0.111111	0	0	0.037037	0.4444444444444444	0.5185185185185185	0.037037037037037035	0.	0.	0.037037037037037035	1	1	0	1	1	2	1	1	1	1	2	0
1	0	0.604725	0.444463	0.555556	0.444444	0.111111	0	0	0.037037	0.5555555555555556	0.4444444444444444	0.037037037037037035	0.	0.	0.037037037037037035	1	2	0	1	1	0	1	1	1	2	0	0
1	0	0.624735	0.455348	0.555556	0.444444	0.111111	0	0	0.037037	0.5925925925925926	0.4444444444444444	0.037037037037037035	0.	0.	0.037037037037037035	1	2	1	1	1	0	1	1	1	2	0	1
1	0	0.646177	0.500022	0.555556	0.481481	0.111111	0	0	0.037037	0.5555555555555556	0.48148148148148145	0.037037037037037035	0.	0.	0.037037037037037035	1	2	0	1	1	1	1	1	1	2	1	0
1	0	0.577826	0.491128	0.555556	0.481481	0.111111	0	0	0.037037	0.5925925925925926	0.48148148148148145	0.037037037037037035	0.	0.	0.037037037037037035	1	2	1	1	1	1	1	1	1	2	1	1
1	0	0.58817	0.544372	0.555556	0.518519	0.111111	0	0	0.037037	0.5555555555555556	0.5185185185185185	0.037037037037037035	0.	0.	0.037037037037037035	1	2	0	1	1	2	1	1	1	2	2	0
1	0	0.41066	0.563869	0.333333	0.555556	0.111111	0	0	0.037037	0.3333333333333333	0.5555555555555556	0.037037037037037035	0.	0.	0.037037037037037035	1	0	0	1	2	0	1	1	2	0	0	0
1	0	0.444306	0.585624	0.333333	0.555556	0.111111	0	0	0.037037	0.37037037037037035	0.5555555555555556	0.037037037037037035	0.	0.	0.037037037037037035	1	0	1	1	2	0	1	1	2	0	0	1
1	0	0.345812	0.604418	0.333333	0.592593	0.111111	0	0	0.037037	0.3333333333333333	0.5925925925925926	0.037037037037037035	0.	0.	0.037037037037037035	1	0	0	1	2	1	1	1	2	0	1	0
1	0	0.395614	0.62713	0.333333	0.592593	0.111111	0	0	0.037037	0.37037037037037035	0.5925925925925926	0.037037037037037035	0.	0.	0.037037037037037035	1	0	1	1	2	1	1	1	2	0	1	1
1	0	0.401303	0.658956	0.333333	0.62963	0.111111	0	0	0.037037	0.3333333333333333	0.6296296296296297	0.037037037037037035	0.	0.	0.037037037037037035	1	0	0	1	2	2	1	1	2	0	2	0
1	0	0.467424	0.571451	0.444444	0.555556	0.111111	0	0	0.037037	0.4444444444444444	0.5555555555555556	0.037037037037037035	0.	0.	0.037037037037037035	1	1	0	1	2	0	1	1	2	1	0	0
1	0	0.483848	0.560488	0.444444	0.555556	0.111111	0	0	0.037037	0.48148148148148145	0.5555555555555556	0.037037037037037035	0.	0.	0.037037037037037035	1	1	1	1	2	0	1	1	2	1	0	1
1	0	0.493659	0.629602	0.444444	0.592593	0.111111	0	0	0.037037	0.4444444444444444	0.5925925925925926	0.037037037037037035	0.	0.	0.037037037037037035	1	1	0	1	2	1	1	1	2	1	1	0
1	0	0.509813	0.617677	0.444444	0.592593	0.111111	0	0	0.037037	0.48148148148148145	0.5925925925925926	0.037037037037037035	0.	0.	0.037037037037037035	1	1	1	1	2	1	1	1	2	1	1	1
1	0	0.535001	0.649479	0.444444	0.62963	0.111111	0	0	0.037037	0.4444444444444444	0.6296296296296297	0.037037037037037035	0.	0.	0.037037037037037035	1	1	0	1	2	2	1	1	2	1	2	0
1	0	0.638819	0.577553	0.555556	0.555556	0.111111	0	0	0.037037	0.5555555555555556	0.5555555555555556	0.037037037037037035	0.	0.	0.037037037037037035	1	2	0	1	2	0	1	1	2	2	0	0
1	0	0.607979	0.555698	0.555556	0.555556	0.111111	0	0	0.037037	0.5925925925925926	0.5555555555555556	0.037037037037037035	0.	0.	0.037037037037037035	1	2	1	1	2	0	1	1	2	2	0	1
1	0	0.569795	0.601404	0.555556	0.592593	0.111111	0	0	0.037037	0.5555555555555556	0.5925925925925926	0.037037037037037035	0.	0.	0.037037037037037035	1	2	0	1	2	1	1	1	2	2	1	0
1	0	0.618289	0.624274	0.555556	0.592593	0.111111	0	0	0.037037	0.5925925925925926	0.5925925925925926	0.037037037037037035	0.	0.	0.037037037037037035	1	2	1	1	2	1	1	1	2	2	1	1
1	0	0.632339	0.646697	0.555556	0.62963	0.111111	0	0	0.037037	0.5555555555555556	0.6296296296296297	0.037037037037037035	0.	0.	0.037037037037037035	1	2	0	1	2	2	1	1	2	2	2	0
1	0	0.701233	0.369694	0.666667	0.333333	0.111111	0	0	0.037037	0.6666666666666666	0.3333333333333333	0.037037037037037035	0.	0.	0.037037037037037035	2	0	0	1	0	0	1	2	0	0	0	0
1	0	0.716124	0.33677	0.666667	0.333333	0.111111	0	0	0.037037	0.7037037037037037	0.3333333333333333	0.037037037037037035	0.	0.	0.037037037037037035	2	0	1	1	0	0	1	2	0	0	0	1
1	0	0.744801	0.389677	0.666667	0.37037	0.111111	0	0	0.037037	0.6666666666666666	0.37037037037037035	0.037037037037037035	0.	0.	0.037037037037037035	2	0	0	1	0	1	1	2	0	0	1	0
1	0	0.770761	0.40739	0.666667	0.37037	0.111111	0	0	0.037037	0.7037037037037037	0.37037037037037035	0.037037037037037035	0.	0.	0.037037037037037035	2	0	1	1	0	1	1	2	0	0	1	1
1	0	0.684831	0.424339	0.666667	0.407407	0.111111	0	0	0.037037	0.6666666666666666	0.4074074074074074	0.037037037037037035	0.	0.	0.037037037037037035	2	0	0	1	0	2	1	2	0	0	2	0
1	0	0.794456	0.352974	0.777778	0.333333	0.111111	0	0	0.037037	0.7777777777777778	0.3333333333333333	0.037037037037037035	0.	0.	0.037037037037037035	2	1	0	1	0	0	1	2	0	1	0	0
1	0	0.838385	0.365046	0.777778	0.333333	0.111111	0	0	0.037037	0.8148148148148148	0.3333333333333333	0.037037037037037035	0.	0.	0.037037037037037035	2	1	1	1	0	0	1	2	0	1	0	1
1	0	0.866261	0.403597	0.777778	0.37037	0.111111	0	0	0.037037	0.7777777777777778	0.37037037037037035	0.037037037037037035	0.	0.	0.037037037037037035	2	1	0	1	0	1	1	2	0	1	1	0
1	0	0.811101	0.384516	0.777778	0.37037	0.111111	0	0	0.037037	0.8148148148148148	0.37037037037037035	0.037037037037037035	0.	0.	0.037037037037037035	2	1	1	1	0	1	1	2	0	1	1	1
1	0	0.828824	0.435449	0.777778	0.407407	0.111111	0	0	0.037037	0.7777777777777778	0.4074074074074074	0.037037037037037035	0.	0.	0.037037037037037035	2	1	0	1	0	2	1	2	0	1	2	0
1	0	0.902442	0.360518	0.888889	0.333333	0.111111	0	0	0.037037	0.8888888888888888	0.3333333333333333	0.037037037037037035	0.	0.	0.037037037037037035	2	2	0	1	0	0	1	2	0	2	0	0
1	0	0.951349	0.370332	0.888889	0.333333	0.111111	0	0	0.037037	0.9259259259259259	0.3333333333333333	0.037037037037037035	0.	0.	0.037037037037037035	2	2	1	1	0	0	1	2	0	2	0	1
1	0	0.980923	0.378108	0.888889	0.37037	0.111111	0	0	0.037037	0.8888888888888888	0.37037037037037035	0.037037037037037035	0.	0.	0.037037037037037035	2	2	0	1	0	1	1	2	0	2	1	0
1	0	0.969821	0.407347	0.888889	0.37037	0.111111	0	0	0.037037	0.9259259259259259	0.37037037037037035	0.037037037037037035	0.	0.	0.037037037037037035	2	2	1	1	0	1	1	2	0	2	1	1
1	0	0.989793	0.428864	0.888889	0.407407	0.111111	0	0	0.037037	0.8888888888888888	0.4074074074074074	0.037037037037037035	0.	0.	0.037037037037037035	2	2	0	1	0	2	1	2	0	2	2	0
1	0	0.749897	0.46087	0.666667	0.444444	0.111111	0	0	0.037037	0.6666666666666666	0.4444444444444444	0.037037037037037035	0.	0.	0.037037037037037035	2	0	0	1	1	0	1	2	1	0	0	0
1	0	0.709555	0.449582	0.666667	0.444444	0.111111	0	0	0.037037	0.7037037037037037	0.4444444444444444	0.037037037037037035	0.	0.	0.037037037037037035	2	0	1	1	1	0	1	2	1	0	0	1
1	0	0.723948	0.516147	0.666667	0.481481	0.111111	0	0	0.037037	0.6666666666666666	0.48148148148148145	0.037037037037037035	0.	0.	0.037037037037037035	2	0	0	1	1	1	1	2	1	0	1	0
1	0	0.734992	0.496405	0.666667	0.481481	0.111111	0	0	0.037037	0.7037037037037037	0.48148148148148145	0.037037037037037035	0.	0.	0.037037037037037035	2	0	1	1	1	1	1	2	1	0	1	1
1	0	0.6875	0.539303	0.666667	0.518519	0.111111	0	0	0.037037	0.6666666666666666	0.5185185185185185	0.037037037037037035	0.	0.	0.037037037037037035	2	0	0	1	1	2	1	2	1	0	2	0
1	0	0.789982	0.472447	0.777778	0.444444	0.111111	0	0	0.037037	0.7777777777777778	0.4444444444444444	0.037037037037037035	0.	0.	0.037037037037037035	2	1	0	1	1	0	1	2	1	1	0	0
1	0	0.850119	0.4813	0.777778	0.444444	0.111111	0	0	0.037037	0.8148148148148148	0.4444444444444444	0.037037037037037035	0.	0.	0.037037037037037035	2	1	1	1	1	0	1	2	1	1	0	1
1	0	0.797276	0.511155	0.777778	0.481481	0.111111	0	0	0.037037	0.7777777777777778	0.48148148148148145	0.037037037037037035	0.	0.	0.037037037037037035	2	1	0	1	1	1	1	2	1	1	1	0
1	0	0.814541	0.518512	0.777778	0.481481	0.111111	0	0	0.037037	0.8148148148148148	0.48148148148148145	0.037037037037037035	0.	0.	0.037037037037037035	2	1	1	1	1	1	1	2	1	1	1	1
1	0	0.884672	0.537358	0.777778	0.518519	0.111111	0	0	0.037037	0.7777777777777778	0.5185185185185185	0.037037037037037035	0.	0.	0.037037037037037035	2	1	0	1	1	2	1	2	1	1	2	0
1	0	0.907885	0.46777	0.888889	0.444444	0.111111	0	0	0.037037	0.8888888888888888	0.4444444444444444	0.037037037037037035	0.	0.	0.037037037037037035	2	2	0	1	1	0	1	2	1	2	0	0
1	0	0.946384	0.445574	0.888889	0.444444	0.111111	0	0	0.037037	0.9259259259259259	0.4444444444444444	0.037037037037037035	0.	0.	0.037037037037037035	2	2	1	1	1	0	1	2	1	2	0	1
1	0	0.928694	0.49828	0.888889	0.481481	0.111111	0	0	0.037037	0.8888888888888888	0.48148148148148145	0.037037037037037035	0.	0.	0.037037037037037035	2	2	0	1	1	1	1	2	1	2	1	0
1	0	0.972888	0.517867	0.888889	0.481481	0.111111	0	0	0.037037	0.9259259259259259	0.48148148148148145	0.037037037037037035	0.	0.	0.037037037037037035	2	2	1	1	1	1	1	2	1	2	1	1
1	0	1	0.532734	0.888889	0.518519	0.111111	0	0	0.037037	0.8888888888888888	0.5185185185185185	0.037037037037037035	0.	0.	0.037037037037037035	2	2	0	1	1	2	1	2	1	2	2	0
1	0	0.713283	0.587732	0.666667	0.555556	0.111111	0	0	0.037037	0.6666666666666666	0.5555555555555556	0.037037037037037035	0.	0.	0.037037037037037035	2	0	0	1	2	0	1	2	2	0	0	0
1	0	0.767654	0.582185	0.666667	0.555556	0.111111	0	0	0.037037	0.7037037037037037	0.5555555555555556	0.037037037037037035	0.	0.	0.037037037037037035	2	0	1	1	2	0	1	2	2	0	0	1
1	0	0.756565	0.606666	0.666667	0.592593	0.111111	0	0	0.037037	0.6666666666666666	0.5925925925925926	0.037037037037037035	0.	0.	0.037037037037037035	2	0	0	1	2	1	1	2	2	0	1	0
1	0	0.737868	0.612162	0.666667	0.592593	0.111111	0	0	0.037037	0.7037037037037037	0.5925925925925926	0.037037037037037035	0.	0.	0.037037037037037035	2	0	1	1	2	1	1	2	2	0	1	1
1	0	0.676796	0.639536	0.666667	0.62963	0.111111	0	0	0.037037	0.6666666666666666	0.6296296296296297	0.037037037037037035	0.	0.	0.037037037037037035	2	0	0	1	2	2	1	2	2	0	2	0
1	0	0.852529	0.55564	0.777778	0.555556	0.111111	0	0	0.037037	0.7777777777777778	0.5555555555555556	0.037037037037037035	0.	0.	0.037037037037037035	2	1	0	1	2	0	1	2	2	1	0	0
1	0	0.820925	0.56648	0.777778	0.555556	0.111111	0	0	0.037037	0.8148148148148148	0.5555555555555556	0.037037037037037035	0.	0.	0.037037037037037035	2	1	1	1	2	0	1	2	2	1	0	1
1	0	0.872103	0.619808	0.777778	0.592593	0.111111	0	0	0.037037	0.7777777777777778	0.5925925925925926	0.037037037037037035	0.	0.	0.037037037037037035	2	1	0	1	2	1	1	2	2	1	1	0
1	0	0.888879	0.596222	0.777778	0.592593	0.111111	0	0	0.037037	0.8148148148148148	0.5925925925925926	0.037037037037037035	0.	0.	0.037037037037037035	2	1	1	1	2	1	1	2	2	1	1	1
1	0	0.881696	0.642844	0.777778	0.62963	0.111111	0	0	0.037037	0.7777777777777778	0.6296296296296297	0.037037037037037035	0.	0.	0.037037037037037035	2	1	0	1	2	2	1	2	2	1	2	0
1	0	0.996627	0.555857	0.888889	0.555556	0.111111	0	0	0.037037	0.8888888888888888	0.5555555555555556	0.037037037037037035	0.	0.	0.037037037037037035	2	2	0	1	2	0	1	2	2	2	0	0
1	0	0.992282	0.562564	0.888889	0.555556	0.111111	0	0	0.037037	0.9259259259259259	0.5555555555555556	0.037037037037037035	0.	0.	0.037037037037037035	2	2	1	1	2	0	1	2	2	2	0	1
1	0	0.983172	0.603289	0.888889	0.592593	0.111111	0	0	0.037037	0.8888888888888888	0.5925925925925926	0.037037037037037035	0.	0.	0.037037037037037035	2	2	0	1	2	1	1	2	2	2	1	0
1	0	0.934582	0.593431	0.888889	0.592593	0.111111	0	0	0.037037	0.9259259259259259	0.5925925925925926	0.037037037037037035	0.	0.	0.037037037037037035	2	2	1	1	2	1	1	2	2	2	1	1
1	0	0.905039	0.636736	0.888889	0.62963	0.111111	0	0	0.037037	0.8888888888888888	0.6296296296296297	0.037037037037037035	0.	0.	0.037037037037037035	2	2	0	1	2	2	1	2	2	2	2	0
1	0	0.104594	0.699063	0	0.666667	0.111111	0	0	0.037037	0.	0.6666666666666666	0.037037037037037035	0.	0.	0.037037037037037035	0	0	0	2	0	0	2	0	0	0	0	0
1	0	0.0398665	0.681719	0	0.666667	0.111111	0	0	0.037037	0.037037037037037035	0.6666666666666666	0.037037037037037035	0.	0.	0.037037037037037035	0	0	1	2	0	0	2	0	0	0	0	1
1	0	0.100175	0.740734	0	0.703704	0.111111	0	0	0.037037	0.	0.7037037037037037	0.037037037037037035	0.	0.	0.037037037037037035	0	0	0	2	0	1	2	0	0	0	1	0
1	0	0.0491648	0.731632	0	0.703704	0.111111	0	0	0.037037	0.037037037037037035	0.7037037037037037	0.037037037037037035	0.	0.	0.037037037037037035	0	0	1	2	0	1	2	0	0	0	1	1
1	0	0.0744673	0.772652	0	0.740741	0.111111	0	0	0.037037	0.	0.7407407407407407	0.037037037037037035	0.	0.	0.037037037037037035	0	0	0	2	0	2	2	0	0	0	2	0
1	0	0.0312866	0.750788	0	0.740741	0.111111	0	0	0.037037	0.037037037037037035	0.7407407407407407	0.037037037037037035	0.	0.	0.037037037037037035	0	0	1	2	0	2	2	0	0	0	2	1
1	0	0.125554	0.666714	0.111111	0.666667	0.111111	0	0	0.037037	0.1111111111111111	0.6666666666666666	0.037037037037037035	0.	0.	0.037037037037037035	0	1	0	2	0	0	2	0	0	1	0	0
1	0	0.187623	0.703165	0.111111	0.666667	0.111111	0	0	0.037037	0.14814814814814814	0.6666666666666666	0.037037037037037035	0.	0.	0.037037037037037035	0	1	1	2	0	0	2	0	0	1	0	1
1	0	0.210321	0.740553	0.111111	0.703704	0.111111	0	0	0.037037	0.1111111111111111	0.7037037037037037	0.037037037037037035	0.	0.	0.037037037037037035	0	1	0	2	0	1	2	0	0	1	1	0
1	0	0.141811	0.709879	0.111111	0.703704	0.111111	0	0	0.037037	0.14814814814814814	0.7037037037037037	0.037037037037037035	0.	0.	0.037037037037037035	0	1	1	2	0	1	2	0	0	1	1	1
1	0	0.176135	0.762005	0.111111	0.740741	0.111111	0	0	0.037037	0.1111111111111111	0.7407407407407407	0.037037037037037035	0.	0.	0.037037037037037035	0	1	0	2	0	2	2	0	0	1	2	0
1	0	0.256426	0.676154	0.222222	0.666667	0.111111	0	0	0.037037	0.2222222222222222	0.6666666666666666	0.037037037037037035	0.	0.	0.037037037037037035	0	2	0	2	0	0	2	0	0	2	0	0
1	0	0.276498	0.687252	0.222222	0.666667	0.111111	0	0	0.037037	0.25925925925925924	0.6666666666666666	0.037037037037037035	0.	0.	0.037037037037037035	0	2	1	2	0	0	2	0	0	2	0	1
1	0	0.333313	0.725895	0.222222	0.703704	0.111111	0	0	0.037037	0.2222222222222222	0.7037037037037037	0.037037037037037035	0.	0.	0.037037037037037035	0	2	0	2	0	1	2	0	0	2	1	0
1	0	0.294791	0.713215	0.222222	0.703704	0.111111	0	0	0.037037	0.25925925925925924	0.7037037037037037	0.037037037037037035	0.	0.	0.037037037037037035	0	2	1	2	0	1	2	0	0	2	1	1
1	0	0.300177	0.765888	0.222222	0.740741	0.111111	0	0	0.037037	0.2222222222222222	0.7407407407407407	0.037037037037037035	0.	0.	0.037037037037037035	0	2	0	2	0	2	2	0	0	2	2	0
1	0	0.0872742	0.814746	0	0.777778	0.111111	0	0	0.037037	0.	0.7777777777777778	0.037037037037037035	0.	0.	0.037037037037037035	0	0	0	2	1	0	2	0	1	0	0	0
1	0	0.0115626	0.786034	0	0.777778	0.111111	0	0	0.037037	0.037037037037037035	0.7777777777777778	0.037037037037037035	0.	0.	0.037037037037037035	0	0	1	2	1	0	2	0	1	0	0	1
1	0	0.00655904	0.851815	0	0.814815	0.111111	0	0	0.037037	0.	0.8148148148148148	0.037037037037037035	0.	0.	0.037037037037037035	0	0	0	2	1	1	2	0	1	0	1	0
1	0	0.0565256	0.838578	0	0.814815	0.111111	0	0	0.037037	0.037037037037037035	0.8148148148148148	0.037037037037037035	0.	0.	0.037037037037037035	0	0	1	2	1	1	2	0	1	0	1	1
1	0	0.0670239	0.878749	0	0.851852	0.111111	0	0	0.037037	0.	0.8518518518518519	0.037037037037037035	0.	0.	0.037037037037037035	0	0	0	2	1	2	2	0	1	0	2	0
1	0	0.21802	0.808848	0.111111	0.777778	0.111111	0	0	0.037037	0.1111111111111111	0.7777777777777778	0.037037037037037035	0.	0.	0.037037037037037035	0	1	0	2	1	0	2	0	1	1	0	0
1	0	0.192461	0.802671	0.111111	0.777778	0.111111	0	0	0.037037	0.14814814814814814	0.7777777777777778	0.037037037037037035	0.	0.	0.037037037037037035	0	1	1	2	1	0	2	0	1	1	0	1
1	0	0.134161	0.830688	0.111111	0.814815	0.111111	0	0	0.037037	0.1111111111111111	0.8148148148148148	0.037037037037037035	0.	0.	0.037037037037037035	0	1	0	2	1	1	2	0	1	1	1	0
1	0	0.167661	0.851847	0.111111	0.814815	0.111111	0	0	0.037037	0.14814814814814814	0.8148148148148148	0.037037037037037035	0.	0.	0.037037037037037035	0	1	1	2	1	1	2	0	1	1	1	1
1	0	0.157676	0.883047	0.111111	0.851852	0.111111	0	0	0.037037	0.1111111111111111	0.8518518518518519	0.037037037037037035	0.	0.	0.037037037037037035	0	1	0	2	1	2	2	0	1	1	2	0
1	0	0.235333	0.792639	0.222222	0.777778	0.111111	0	0	0.037037	0.2222222222222222	0.7777777777777778	0.037037037037037035	0.	0.	0.037037037037037035	0	2	0	2	1	0	2	0	1	2	0	0
1	0	0.323624	0.812618	0.222222	0.777778	0.111111	0	0	0.037037	0.25925925925925924	0.7777777777777778	0.037037037037037035	0.	0.	0.037037037037037035	0	2	1	2	1	0	2	0	1	2	0	1
1	0	0.261792	0.825281	0.222222	0.814815	0.111111	0	0	0.037037	0.2222222222222222	0.8148148148148148	0.037037037037037035	0.	0.	0.037037037037037035	0	2	0	2	1	1	2	0	1	2	1	0
1	0	0.248578	0.845407	0.222222	0.814815	0.111111	0	0	0.037037	0.25925925925925924	0.8148148148148148	0.037037037037037035	0.	0.	0.037037037037037035	0	2	1	2	1	1	2	0	1	2	1	1
1	0	0.269164	0.871477	0.222222	0.851852	0.111111	0	0	0.037037	0.2222222222222222	0.8518518518518519	0.037037037037037035	0.	0.	0.037037037037037035	0	2	0	2	1	2	2	0	1	2	2	0
1	0	0.0409571	0.925915	0	0.888889	0.111111	0	0	0.037037	0.	0.8888888888888888	0.037037037037037035	0.	0.	0.037037037037037035	0	0	0	2	2	0	2	0	2	0	0	0
1	0	0.0929387	0.922419	0	0.888889	0.111111	0	0	0.037037	0.037037037037037035	0.8888888888888888	0.037037037037037035	0.	0.	0.037037037037037035	0	0	1	2	2	0	2	0	2	0	0	1
1	0	0.0236431	0.937815	0	0.925926	0.111111	0	0	0.037037	0.	0.9259259259259259	0.037037037037037035	0.	0.	0.037037037037037035	0	0	0	2	2	1	2	0	2	0	1	0
1	0	0.108618	0.961131	0	0.925926	0.111111	0	0	0.037037	0.037037037037037035	0.9259259259259259	0.037037037037037035	0.	0.	0.037037037037037035	0	0	1	2	2	1	2	0	2	0	1	1
1	0	0.0524526	0.989307	0	0.962963	0.111111	0	0	0.037037	0.	0.9629629629629629	0.037037037037037035	0.	0.	0.037037037037037035	0	0	0	2	2	2	2	0	2	0	2	0
1	0	0.202169	0.911678	0.111111	0.888889	0.111111	0	0	0.037037	0.1111111111111111	0.8888888888888888	0.037037037037037035	0.	0.	0.037037037037037035	0	1	0	2	2	0	2	0	2	1	0	0
1	0	0.118883	0.898629	0.111111	0.888889	0.111111	0	0	0.037037	0.14814814814814814	0.8888888888888888	0.037037037037037035	0.	0.	0.037037037037037035	0	1	1	2	2	0	2	0	2	1	0	1
1	0	0.222018	0.96296	0.111111	0.925926	0.111111	0	0	0.037037	0.1111111111111111	0.9259259259259259	0.037037037037037035	0.	0.	0.037037037037037035	0	1	0	2	2	1	2	0	2	1	1	0
1	0	0.168683	0.962961	0.111111	0.925926	0.111111	0	0	0.037037	0.14814814814814814	0.9259259259259259	0.037037037037037035	0.	0.	0.037037037037037035	0	1	1	2	2	1	2	0	2	1	1	1
1	0	0.145841	0.983361	0.111111	0.962963	0.111111	0	0	0.037037	0.1111111111111111	0.9629629629629629	0.037037037037037035	0.	0.	0.037037037037037035	0	1	0	2	2	2	2	0	2	1	2	0
1	0	0.284289	0.891585	0.222222	0.888889	0.111111	0	0	0.037037	0.2222222222222222	0.8888888888888888	0.037037037037037035	0.	0.	0.037037037037037035	0	2	0	2	2	0	2	0	2	2	0	0
1	0	0.309861	0.917672	0.222222	0.888889	0.111111	0	0	0.037037	0.25925925925925924	0.8888888888888888	0.037037037037037035	0.	0.	0.037037037037037035	0	2	1	2	2	0	2	0	2	2	0	1
1	0	0.23132	0.950729	0.222222	0.925926	0.111111	0	0	0.037037	0.2222222222222222	0.9259259259259259	0.037037037037037035	0.	0.	0.037037037037037035	0	2	0	2	2	1	2	0	2	2	1	0
1	0	0.319536	0.956458	0.222222	0.925926	0.111111	0	0	0.037037	0.25925925925925924	0.9259259259259259	0.037037037037037035	0.	0.	0.037037037037037035	0	2	1	2	2	1	2	0	2	2	1	1
1	0	0.291009	0.992894	0.222222	0.962963	0.111111	0	0	0.037037	0.2222222222222222	0.9629629629629629	0.037037037037037035	0.	0.	0.037037037037037035	0	2	0	2	2	2	2	0	2	2	2	0
1	0	0.427384	0.696269	0.333333	0.666667	0.111111	0	0	0.037037	0.3333333333333333	0.6666666666666666	0.037037037037037035	0.	0.	0.037037037037037035	1	0	0	2	0	0	2	1	0	0	0	0
1	0	0.354554	0.672205	0.333333	0.666667	0.111111	0	0	0.037037	0.37037037037037035	0.6666666666666666	0.037037037037037035	0.	0.	0.037037037037037035	1	0	1	2	0	0	2	1	0	0	0	1
1	0	0.442713	0.738278	0.333333	0.703704	0.111111	0	0	0.037037	0.3333333333333333	0.7037037037037037	0.037037037037037035	0.	0.	0.037037037037037035	1	0	0	2	0	1	2	1	0	0	1	0
1	0	0.378118	0.718246	0.333333	0.703704	0.111111	0	0	0.037037	0.37037037037037035	0.7037037037037037	0.037037037037037035	0.	0.	0.037037037037037035	1	0	1	2	0	1	2	1	0	0	1	1
1	0	0.39083	0.757248	0.333333	0.740741	0.111111	0	0	0.037037	0.3333333333333333	0.7407407407407407	0.037037037037037035	0.	0.	0.037037037037037035	1	0	0	2	0	2	2	1	0	0	2	0
1	0	0.470193	0.68997	0.444444	0.666667	0.111111	0	0	0.037037	0.4444444444444444	0.6666666666666666	0.037037037037037035	0.	0.	0.037037037037037035	1	1	0	2	0	0	2	1	0	1	0	0
1	0	0.501027	0.666685	0.444444	0.666667	0.111111	0	0	0.037037	0.48148148148148145	0.6666666666666666	0.037037037037037035	0.	0.	0.037037037037037035	1	1	1	2	0	0	2	1	0	1	0	1
1	0	0.454863	0.72167	0.444444	0.703704	0.111111	0	0	0.037037	0.4444444444444444	0.7037037037037037	0.037037037037037035	0.	0.	0.037037037037037035	1	1	0	2	0	1	2	1	0	1	1	0
1	0	0.551392	0.729395	0.444444	0.703704	0.111111	0	0	0.037037	0.48148148148148145	0.7037037037037037	0.037037037037037035	0.	0.	0.037037037037037035	1	1	1	2	0	1	2	1	0	1	1	1
1	0	0.523017	0.768815	0.444444	0.740741	0.111111	0	0	0.037037	0.4444444444444444	0.7407407407407407	0.037037037037037035	0.	0.	0.037037037037037035	1	1	0	2	0	2	2	1	0	1	2	0
1	0	0.598063	0.678943	0.555556	0.666667	0.111111	0	0	0.037037	0.5555555555555556	0.6666666666666666	0.037037037037037035	0.	0.	0.037037037037037035	1	2	0	2	0	0	2	1	0	2	0	0
1	0	0.651565	0.693759	0.555556	0.666667	0.111111	0	0	0.037037	0.5925925925925926	0.6666666666666666	0.037037037037037035	0.	0.	0.037037037037037035	1	2	1	2	0	0	2	1	0	2	0	1
1	0	0.62661	0.735491	0.555556	0.703704	0.111111	0	0	0.037037	0.5555555555555556	0.7037037037037037	0.037037037037037035	0.	0.	0.037037037037037035	1	2	0	2	0	1	2	1	0	2	1	0
1	0	0.663478	0.715774	0.555556	0.703704	0.111111	0	0	0.037037	0.5925925925925926	0.7037037037037037	0.037037037037037035	0.	0.	0.037037037037037035	1	2	1	2	0	1	2	1	0	2	1	1
1	0	0.574903	0.752981	0.555556	0.740741	0.111111	0	0	0.037037	0.5555555555555556	0.7407407407407407	0.037037037037037035	0.	0.	0.037037037037037035	1	2	0	2	0	2	2	1	0	2	2	0
1	0	0.33983	0.798424	0.333333	0.777778	0.111111	0	0	0.037037	0.3333333333333333	0.7777777777777778	0.037037037037037035	0.	0.	0.037037037037037035	1	0	0	2	1	0	2	1	1	0	0	0
1	0	0.375777	0.781407	0.333333	0.777778	0.111111	0	0	0.037037	0.37037037037037035	0.7777777777777778	0.037037037037037035	0.	0.	0.037037037037037035	1	0	1	2	1	0	2	1	1	0	0	1
1	0	0.415776	0.834235	0.333333	0.814815	0.111111	0	0	0.037037	0.3333333333333333	0.8148148148148148	0.037037037037037035	0.	0.	0.037037037037037035	1	0	0	2	1	1	2	1	1	0	1	0
1	0	0.434602	0.851846	0.333333	0.814815	0.111111	0	0	0.037037	0.37037037037037035	0.8148148148148148	0.037037037037037035	0.	0.	0.037037037037037035	1	0	1	2	1	1	2	1	1	0	1	1
1	0	0.359466	0.86369	0.333333	0.851852	0.111111	0	0	0.037037	0.3333333333333333	0.8518518518518519	0.037037037037037035	0.	0.	0.037037037037037035	1	0	0	2	1	2	2	1	1	0	2	0
1	0	0.498715	0.789915	0.444444	0.777778	0.111111	0	0	0.037037	0.4444444444444444	0.7777777777777778	0.037037037037037035	0.	0.	0.037037037037037035	1	1	0	2	1	0	2	1	1	1	0	0
1	0	0.478363	0.777821	0.444444	0.777778	0.111111	0	0	0.037037	0.48148148148148145	0.7777777777777778	0.037037037037037035	0.	0.	0.037037037037037035	1	1	1	2	1	0	2	1	1	1	0	1
1	0	0.548991	0.841399	0.444444	0.814815	0.111111	0	0	0.037037	0.4444444444444444	0.8148148148148148	0.037037037037037035	0.	0.	0.037037037037037035	1	1	0	2	1	1	2	1	1	1	1	0
1	0	0.51471	0.820345	0.444444	0.814815	0.111111	0	0	0.037037	0.48148148148148145	0.8148148148148148	0.037037037037037035	0.	0.	0.037037037037037035	1	1	1	2	1	1	2	1	1	1	1	1
1	0	0.462158	0.868116	0.444444	0.851852	0.111111	0	0	0.037037	0.4444444444444444	0.8518518518518519	0.037037037037037035	0.	0.	0.037037037037037035	1	1	0	2	1	2	2	1	1	1	2	0
1	0	0.593019	0.806036	0.555556	0.777778	0.111111	0	0	0.037037	0.5555555555555556	0.7777777777777778	0.037037037037037035	0.	0.	0.037037037037037035	1	2	0	2	1	0	2	1	1	2	0	0
1	0	0.613197	0.795768	0.555556	0.777778	0.111111	0	0	0.037037	0.5925925925925926	0.7777777777777778	0.037037037037037035	0.	0.	0.037037037037037035	1	2	1	2	1	0	2	1	1	2	0	1
1	0	0.643337	0.850979	0.555556	0.814815	0.111111	0	0	0.037037	0.5555555555555556	0.8148148148148148	0.037037037037037035	0.	0.	0.037037037037037035	1	2	0	2	1	1	2	1	1	2	1	0
1	0	0.666644	0.848296	0.555556	0.814815	0.111111	0	0	0.037037	0.5925925925925926	0.8148148148148148	0.037037037037037035	0.	0.	0.037037037037037035	1	2	1	2	1	1	2	1	1	2	1	1
1	0	0.582772	0.874096	0.555556	0.851852	0.111111	0	0	0.037037	0.5555555555555556	0.8518518518518519	0.037037037037037035	0.	0.	0.037037037037037035	1	2	0	2	1	2	2	1	1	2	2	0
1	0	0.341697	0.904866	0.333333	0.888889	0.111111	0	0	0.037037	0.3333333333333333	0.8888888888888888	0.037037037037037035	0.	0.	0.037037037037037035	1	0	0	2	2	0	2	1	2	0	0	0
1	0	0.385806	0.888933	0.333333	0.888889	0.111111	0	0	0.037037	0.37037037037037035	0.8888888888888888	0.037037037037037035	0.	0.	0.037037037037037035	1	0	1	2	2	0	2	1	2	0	0	1
1	0	0.420504	0.94461	0.333333	0.925926	0.111111	0	0	0.037037	0.3333333333333333	0.9259259259259259	0.037037037037037035	0.	0.	0.037037037037037035	1	0	0	2	2	1	2	1	2	0	1	0
1	0	0.403179	0.947795	0.333333	0.925926	0.111111	0	0	0.037037	0.37037037037037035	0.9259259259259259	0.037037037037037035	0.	0.	0.037037037037037035	1	0	1	2	2	1	2	1	2	0	1	1
1	0	0.366487	0.974224	0.333333	0.962963	0.111111	0	0	0.037037	0.3333333333333333	0.9629629629629629	0.037037037037037035	0.	0.	0.037037037037037035	1	0	0	2	2	2	2	1	2	0	2	0
1	0	0.526882	0.901673	0.444444	0.888889	0.111111	0	0	0.037037	0.4444444444444444	0.8888888888888888	0.037037037037037035	0.	0.	0.037037037037037035	1	1	0	2	2	0	2	1	2	1	0	0
1	0	0.488717	0.908843	0.444444	0.888889	0.111111	0	0	0.037037	0.48148148148148145	0.8888888888888888	0.037037037037037035	0.	0.	0.037037037037037035	1	1	1	2	2	0	2	1	2	1	0	1
1	0	0.453325	0.934131	0.444444	0.925926	0.111111	0	0	0.037037	0.4444444444444444	0.9259259259259259	0.037037037037037035	0.	0.	0.037037037037037035	1	1	0	2	2	1	2	1	2	1	1	0
1	0	0.542006	0.94208	0.444444	0.925926	0.111111	0	0	0.037037	0.48148148148148145	0.9259259259259259	0.037037037037037035	0.	0.	0.037037037037037035	1	1	1	2	2	1	2	1	2	1	1	1
1	0	0.474782	0.980439	0.444444	0.962963	0.111111	0	0	0.037037	0.4444444444444444	0.9629629629629629	0.037037037037037035	0.	0.	0.037037037037037035	1	1	0	2	2	2	2	1	2	1	2	0
1	0	0.56501	0.894212	0.555556	0.888889	0.111111	0	0	0.037037	0.5555555555555556	0.8888888888888888	0.037037037037037035	0.	0.	0.037037037037037035	1	2	0	2	2	0	2	1	2	2	0	0
1	0	0.606259	0.914797	0.555556	0.888889	0.111111	0	0	0.037037	0.5925925925925926	0.8888888888888888	0.037037037037037035	0.	0.	0.037037037037037035	1	2	1	2	2	0	2	1	2	2	0	1
1	0	0.633644	0.932127	0.555556	0.925926	0.111111	0	0	0.037037	0.5555555555555556	0.9259259259259259	0.037037037037037035	0.	0.	0.037037037037037035	1	2	0	2	2	1	2	1	2	2	1	0
1	0	0.656606	0.929163	0.555556	0.925926	0.111111	0	0	0.037037	0.5925925925925926	0.9259259259259259	0.037037037037037035	0.	0.	0.037037037037037035	1	2	1	2	2	1	2	1	2	2	1	1
1	0	0.563558	0.976842	0.555556	0.962963	0.111111	0	0	0.037037	0.5555555555555556	0.9629629629629629	0.037037037037037035	0.	0.	0.037037037037037035	1	2	0	2	2	2	2	1	2	2	2	0
1	0	0.694778	0.669352	0.666667	0.666667	0.111111	0	0	0.037037	0.6666666666666666	0.6666666666666666	0.037037037037037035	0.	0.	0.037037037037037035	2	0	0	2	0	0	2	2	0	0	0	0
1	0	0.74731	0.683878	0.666667	0.666667	0.111111	0	0	0.037037	0.7037037037037037	0.6666666666666666	0.037037037037037035	0.	0.	0.037037037037037035	2	0	1	2	0	0	2	2	0	0	0	1
1	0	0.761964	0.740717	0.666667	0.703704	0.111111	0	0	0.037037	0.6666666666666666	0.7037037037037037	0.037037037037037035	0.	0.	0.037037037037037035	2	0	0	2	0	1	2	2	0	0	1	0
1	0	0.703799	0.706901	0.666667	0.703704	0.111111	0	0	0.037037	0.7037037037037037	0.7037037037037037	0.037037037037037035	0.	0.	0.037037037037037035	2	0	1	2	0	1	2	2	0	0	1	1
1	0	0.726551	0.76013	0.666667	0.740741	0.111111	0	0	0.037037	0.6666666666666666	0.7407407407407407	0.037037037037037035	0.	0.	0.037037037037037035	2	0	0	2	0	2	2	2	0	0	2	0
1	0	0.799862	0.666869	0.777778	0.666667	0.111111	0	0	0.037037	0.7777777777777778	0.6666666666666666	0.037037037037037035	0.	0.	0.037037037037037035	2	1	0	2	0	0	2	2	0	1	0	0
1	0	0.858628	0.691469	0.777778	0.666667	0.111111	0	0	0.037037	0.8148148148148148	0.6666666666666666	0.037037037037037035	0.	0.	0.037037037037037035	2	1	1	2	0	0	2	2	0	1	0	1
1	0	0.808259	0.72361	0.777778	0.703704	0.111111	0	0	0.037037	0.7777777777777778	0.7037037037037037	0.037037037037037035	0.	0.	0.037037037037037035	2	1	0	2	0	1	2	2	0	1	1	0
1	0	0.834345	0.704562	0.777778	0.703704	0.111111	0	0	0.037037	0.8148148148148148	0.7037037037037037	0.037037037037037035	0.	0.	0.037037037037037035	2	1	1	2	0	1	2	2	0	1	1	1
1	0	0.823187	0.755215	0.777778	0.740741	0.111111	0	0	0.037037	0.7777777777777778	0.7407407407407407	0.037037037037037035	0.	0.	0.037037037037037035	2	1	0	2	0	2	2	2	0	1	2	0
1	0	0.922115	0.666839	0.888889	0.666667	0.111111	0	0	0.037037	0.8888888888888888	0.6666666666666666	0.037037037037037035	0.	0.	0.037037037037037035	2	2	0	2	0	0	2	2	0	2	0	0
1	0	0.958864	0.674103	0.888889	0.666667	0.111111	0	0	0.037037	0.9259259259259259	0.6666666666666666	0.037037037037037035	0.	0.	0.037037037037037035	2	2	1	2	0	0	2	2	0	2	0	1
1	0	0.967426	0.708572	0.888889	0.703704	0.111111	0	0	0.037037	0.8888888888888888	0.7037037037037037	0.037037037037037035	0.	0.	0.037037037037037035	2	2	0	2	0	1	2	2	0	2	1	0
1	0	0.948705	0.727973	0.888889	0.703704	0.111111	0	0	0.037037	0.9259259259259259	0.7037037037037037	0.037037037037037035	0.	0.	0.037037037037037035	2	2	1	2	0	1	2	2	0	2	1	1
1	0	0.913494	0.748074	0.888889	0.740741	0.111111	0	0	0.037037	0.8888888888888888	0.7407407407407407	0.037037037037037035	0.	0.	0.037037037037037035	2	2	0	2	0	2	2	2	0	2	2	0
1	0	0.679578	0.77778	0.666667	0.777778	0.111111	0	0	0.037037	0.6666666666666666	0.7777777777777778	0.037037037037037035	0.	0.	0.037037037037037035	2	0	0	2	1	0	2	2	1	0	0	0
1	0	0.776143	0.784289	0.666667	0.777778	0.111111	0	0	0.037037	0.7037037037037037	0.7777777777777778	0.037037037037037035	0.	0.	0.037037037037037035	2	0	1	2	1	0	2	2	1	0	0	1
1	0	0.689841	0.822711	0.666667	0.814815	0.111111	0	0	0.037037	0.6666666666666666	0.8148148148148148	0.037037037037037035	0.	0.	0.037037037037037035	2	0	0	2	1	1	2	2	1	0	1	0
1	0	0.719094	0.828224	0.666667	0.814815	0.111111	0	0	0.037037	0.7037037037037037	0.8148148148148148	0.037037037037037035	0.	0.	0.037037037037037035	2	0	1	2	1	1	2	2	1	0	1	1
1	0	0.711448	0.876837	0.666667	0.851852	0.111111	0	0	0.037037	0.6666666666666666	0.8518518518518519	0.037037037037037035	0.	0.	0.037037037037037035	2	0	0	2	1	2	2	2	1	0	2	0
1	0	0.847904	0.801104	0.777778	0.777778	0.111111	0	0	0.037037	0.7777777777777778	0.7777777777777778	0.037037037037037035	0.	0.	0.037037037037037035	2	1	0	2	1	0	2	2	1	1	0	0
1	0	0.864086	0.778957	0.777778	0.777778	0.111111	0	0	0.037037	0.8148148148148148	0.7777777777777778	0.037037037037037035	0.	0.	0.037037037037037035	2	1	1	2	1	0	2	2	1	1	0	1
1	0	0.787282	0.817367	0.777778	0.814815	0.111111	0	0	0.037037	0.7777777777777778	0.8148148148148148	0.037037037037037035	0.	0.	0.037037037037037035	2	1	0	2	1	1	2	2	1	1	1	0
1	0	0.836527	0.836288	0.777778	0.814815	0.111111	0	0	0.037037	0.8148148148148148	0.8148148148148148	0.037037037037037035	0.	0.	0.037037037037037035	2	1	1	2	1	1	2	2	1	1	1	1
1	0	0.792191	0.865725	0.777778	0.851852	0.111111	0	0	0.037037	0.7777777777777778	0.8518518518518519	0.037037037037037035	0.	0.	0.037037037037037035	2	1	0	2	1	2	2	2	1	1	2	0
1	0	0.994281	0.806746	0.888889	0.777778	0.111111	0	0	0.037037	0.8888888888888888	0.7777777777777778	0.037037037037037035	0.	0.	0.037037037037037035	2	2	0	2	1	0	2	2	1	2	0	0
1	0	0.936407	0.788217	0.888889	0.777778	0.111111	0	0	0.037037	0.9259259259259259	0.7777777777777778	0.037037037037037035	0.	0.	0.037037037037037035	2	2	1	2	1	0	2	2	1	2	0	1
1	0	0.898386	0.843113	0.888889	0.814815	0.111111	0	0	0.037037	0.8888888888888888	0.8148148148148148	0.037037037037037035	0.	0.	0.037037037037037035	2	2	0	2	1	1	2	2	1	2	1	0
1	0	0.956718	0.815746	0.888889	0.814815	0.111111	0	0	0.037037	0.9259259259259259	0.8148148148148148	0.037037037037037035	0.	0.	0.037037037037037035	2	2	1	2	1	1	2	2	1	2	1	1
1	0	0.900381	0.861066	0.888889	0.851852	0.111111	0	0	0.037037	0.8888888888888888	0.8518518518518519	0.037037037037037035	0.	0.	0.037037037037037035	2	2	0	2	1	2	2	2	1	2	2	0
1	0	0.768897	0.920124	0.666667	0.888889	0.111111	0	0	0.037037	0.6666666666666666	0.8888888888888888	0.037037037037037035	0.	0.	0.037037037037037035	2	0	0	2	2	0	2	2	2	0	0	0
1	0	0.740377	0.888982	0.666667	0.888889	0.111111	0	0	0.037037	0.7037037037037037	0.8888888888888888	0.037037037037037035	0.	0.	0.037037037037037035	2	0	1	2	2	0	2	2	2	0	0	1
1	0	0.751914	0.959277	0.666667	0.925926	0.111111	0	0	0.037037	0.6666666666666666	0.9259259259259259	0.037037037037037035	0.	0.	0.037037037037037035	2	0	0	2	2	1	2	2	2	0	1	0
1	0	0.699139	0.953959	0.666667	0.925926	0.111111	0	0	0.037037	0.7037037037037037	0.9259259259259259	0.037037037037037035	0.	0.	0.037037037037037035	2	0	1	2	2	1	2	2	2	0	1	1
1	0	0.673766	0.986524	0.666667	0.962963	0.111111	0	0	0.037037	0.6666666666666666	0.9629629629629629	0.037037037037037035	0.	0.	0.037037037037037035	2	0	0	2	2	2	2	2	2	0	2	0
1	0	0.877269	0.907119	0.777778	0.888889	0.111111	0	0	0.037037	0.7777777777777778	0.8888888888888888	0.037037037037037035	0.	0.	0.037037037037037035	2	1	0	2	2	0	2	2	2	1	0	0
1	0	0.813136	0.8967	0.777778	0.888889	0.111111	0	0	0.037037	0.8148148148148148	0.8888888888888888	0.037037037037037035	0.	0.	0.037037037037037035	2	1	1	2	2	0	2	2	2	1	0	1
1	0	0.870182	0.962954	0.777778	0.925926	0.111111	0	0	0.037037	0.7777777777777778	0.9259259259259259	0.037037037037037035	0.	0.	0.037037037037037035	2	1	0	2	2	1	2	2	2	1	1	0
1	0	0.840728	0.94001	0.777778	0.925926	0.111111	0	0	0.037037	0.8148148148148148	0.9259259259259259	0.037037037037037035	0.	0.	0.037037037037037035	2	1	1	2	2	1	2	2	2	1	1	1
1	0	0.785138	0.971538	0.777778	0.962963	0.111111	0	0	0.037037	0.7777777777777778	0.9629629629629629	0.037037037037037035	0.	0.	0.037037037037037035	2	1	0	2	2	2	2	2	2	1	2	0
1	0	0.941479	0.88899	0.888889	0.888889	0.111111	0	0	0.037037	0.8888888888888888	0.8888888888888888	0.037037037037037035	0.	0.	0.037037037037037035	2	2	0	2	2	0	2	2	2	2	0	0
1	0	0.975	0.890029	0.888889	0.888889	0.111111	0	0	0.037037	0.9259259259259259	0.8888888888888888	0.037037037037037035	0.	0.	0.037037037037037035	2	2	1	2	2	0	2	2	2	2	0	1
1	0	0.923876	0.927192	0.888889	0.925926	0.111111	0	0	0.037037	0.8888888888888888	0.9259259259259259	0.037037037037037035	0.	0.	0.037037037037037035	2	2	0	2	2	1	2	2	2	2	1	0
1	0	0.97912	0.949438	0.888889	0.925926	0.111111	0	0	0.037037	0.9259259259259259	0.9259259259259259	0.037037037037037035	0.	0.	0.037037037037037035	2	2	1	2	2	1	2	2	2	2	1	1
1	0	0.896347	0.978886	0.888889	0.962963	0.111111	0	0	0.037037	0.8888888888888888	0.9629629629629629	0.037037037037037035	0.	0.	0.037037037037037035	2	2	0	2	2	2	2	2	2	2	2	0
