0	0.9079936606037374	0.9890530045422213	0.6666666666666666	0.8888888888888888	0.3333333333333333	0.	0.	0.1111111111111111
1	0.09534109505154918	0.3348955188239068	0.	0.3333333333333333	0.1111111111111111	0.	0.	0.3333333333333333
2	0.6292753960843477	0.11712285906833729	0.5555555555555556	0.	0.1111111111111111	0.	0.	0.3333333333333333
3	0.6733514172332102	0.22402641349891708	0.6666666666666666	0.2222222222222222	0.3333333333333333	0.	0.	0.1111111111111111
4	0.20287235075306848	0.7212674374930472	0.	0.6666666666666666	0.3333333333333333	0.	0.	0.1111111111111111
5	0.3471541055572137	0.4694013313615257	0.3333333333333333	0.4444444444444444	0.3333333333333333	0.	0.	0.1111111111111111
6	0.8807994139583738	0.649289481262653	0.7777777777777778	0.3333333333333333	0.1111111111111111	0.	0.	0.3333333333333333
7	0.24987260117090326	0.025494188563682286	0.	0.	0.3333333333333333	0.	0.	0.1111111111111111
8	0.48294942053688505	0.853493971163375	0.4444444444444444	0.6666666666666666	0.1111111111111111	0.	0.	0.3333333333333333
9	0.07004104782904241	0.278211540329763	0.	0.2222222222222222	0.3333333333333333	0.	0.	0.1111111111111111
10	0.5702032690721561	0.775132190629529	0.5555555555555556	0.6666666666666666	0.1111111111111111	0.	0.	0.3333333333333333
11	0.9661681238546987	0.4947687007849499	0.8888888888888888	0.3333333333333333	0.1111111111111111	0.	0.	0.3333333333333333
12	0.14978619350545838	0.5721030378098219	0.1111111111111111	0.3333333333333333	0.1111111111111111	0.	0.	0.3333333333333333
13	0.41150235689608383	0.06155777080408018	0.3333333333333333	0.	0.1111111111111111	0.	0.	0.3333333333333333
14	0.7736787242211824	0.8092649345312932	0.6666666666666666	0.7777777777777778	0.3333333333333333	0.	0.	0.1111111111111111
15	0.29862369428444613	0.8976402493088933	0.	0.8888888888888888	0.3333333333333333	0.	0.	0.1111111111111111
16	0.45535421678055166	0.394223316361567	0.3333333333333333	0.3333333333333333	0.3333333333333333	0.	0.	0.1111111111111111
17	0.8408787176973492	0.16254768428970037	0.6666666666666666	0.1111111111111111	0.3333333333333333	0.	0.	0.1111111111111111
18	0.6389139449978858	0.6065557243497602	0.3333333333333333	0.5555555555555556	0.3333333333333333	0.	0.	0.1111111111111111
19	0.9420015840549241	0.09727005171375952	0.6666666666666666	0.	0.3333333333333333	0.	0.	0.1111111111111111
20	0.00836903250789781	0.8176916313444297	0.	0.7777777777777778	0.3333333333333333	0.	0.	0.1111111111111111
21	0.37320602404519015	0.9447052545191192	0.3333333333333333	0.6666666666666666	0.1111111111111111	0.	0.	0.3333333333333333
22	0.7256810003148801	0.423271151086006	0.6666666666666666	0.3333333333333333	0.1111111111111111	0.	0.	0.3333333333333333
23	0.13261646400258748	0.21739153725209057	0.	0.1111111111111111	0.3333333333333333	0.	0.	0.1111111111111111
24	0.5522260508701868	0.2971587175573119	0.4444444444444444	0.	0.1111111111111111	0.	0.	0.3333333333333333
25	0.7895796419791313	0.6804106368950111	0.6666666666666666	0.6666666666666666	0.3333333333333333	0.	0.	0.1111111111111111
26	0.2815140631346423	0.5409789017809707	0.2222222222222222	0.3333333333333333	0.1111111111111111	0.	0.	0.3333333333333333
27	0.03850788249525612	0.4678164573445331	0.	0.3333333333333333	0.1111111111111111	0.	0.	0.3333333333333333
28	0.581852567775096	0.25021737815214	0.5555555555555556	0.	0.1111111111111111	0.	0.	0.3333333333333333
29	0.9829694999257856	0.7119904922392132	0.6666666666666666	0.6666666666666666	0.3333333333333333	0.	0.	0.1111111111111111
30	0.1710868136351973	0.8785482010649845	0.	0.7777777777777778	0.3333333333333333	0.	0.	0.1111111111111111
31	0.4220612589576627	0.6318895118287527	0.3333333333333333	0.5555555555555556	0.3333333333333333	0.	0.	0.1111111111111111
32	0.7444824994787511	0.017923295739787265	0.6666666666666666	0.	0.3333333333333333	0.	0.	0.1111111111111111
33	0.3120133156750348	0.1463427144659868	0.	0.1111111111111111	0.3333333333333333	0.	0.	0.1111111111111111
34	0.45741046923996487	0.977041546366606	0.4444444444444444	0.6666666666666666	0.1111111111111111	0.	0.	0.3333333333333333
35	0.8192689407984992	0.36724192113305254	0.7777777777777778	0.3333333333333333	0.1111111111111111	0.	0.	0.3333333333333333
36	0.646819810640767	0.8022393140217562	0.5555555555555556	0.6666666666666666	0.1111111111111111	0.	0.	0.3333333333333333
37	0.9529521570209639	0.5677386799230435	0.8888888888888888	0.3333333333333333	0.1111111111111111	0.	0.	0.3333333333333333
38	0.01603480157361184	0.03743185611435228	0.	0.	0.3333333333333333	0.	0.	0.1111111111111111
39	0.3858660626146354	0.1528021981649332	0.3333333333333333	0.	0.1111111111111111	0.	0.	0.3333333333333333
40	0.7325110125155685	0.9145627951890105	0.6666666666666666	0.8888888888888888	0.3333333333333333	0.	0.	0.1111111111111111
41	0.14001399652355506	0.3742025442197681	0.1111111111111111	0.3333333333333333	0.1111111111111111	0.	0.	0.3333333333333333
42	0.5300454884649463	0.48981131971055863	0.3333333333333333	0.4444444444444444	0.3333333333333333	0.	0.	0.1111111111111111
43	0.7985907511807753	0.262514677344973	0.6666666666666666	0.2222222222222222	0.3333333333333333	0.	0.	0.1111111111111111