0	0.0184763	0.0160933	0	0	0.111111	0 	0 	0.037037	
366	0.0306378	0.00734905	0	0	0.111111	0 	0 	0.037037	
591	0.0942807	0.0470062	0.111111	0.037037	-0.111111	0 	0 	0.037037	
192	0.110656	0.0478093	0.111111	0.037037	-0.111111	0 	0 	0.037037	
306	0.0141244	0.0636641	0.111111	0.037037	-0.111111	0 	0 	0.037037	
531	0.0300298	0.0918796	0	0.0740741	0.111111	0 	0 	0.037037	
417	0.0209129	0.101905	0	0.0740741	0.111111	0 	0 	0.037037	
141	0.0795755	0.0776522	0	0.0740741	0.111111	0 	0 	0.037037	
329	0.125093	0.0706184	0.111111	0.111111	0.037037	0 	0 	-0.111111	
131	0.138564	0.0678228	0.111111	0.111111	0.037037	0 	0 	-0.111111	
278	0.163571	0.000166377	0.148148	0	0.037037	0 	0 	0.111111	
503	0.157672	0.0417358	0.148148	0	0.037037	0 	0 	0.111111	
80	0.171539	0.0996498	0.148148	0	0.037037	0 	0 	0.111111	
461	0.196699	0.0697381	0.185185	0.111111	0.037037	0 	0 	-0.111111	
182	0.218126	0.0328979	0.185185	0.111111	0.037037	0 	0 	-0.111111	
457	0.236564	0.0154678	0.222222	0	0.111111	0 	0 	0.037037	
91	0.273642	0.0188645	0.222222	0	0.111111	0 	0 	0.037037	
544	0.302655	0.033598	0.222222	0	0.111111	0 	0 	0.037037	
40	0.333156	0.0426673	0.333333	0.037037	-0.111111	0 	0 	0.037037	
397	0.288015	0.0635678	0.333333	0.037037	-0.111111	0 	0 	0.037037	
232	0.2383	0.092113	0.222222	0.0740741	0.111111	0 	0 	0.037037	
595	0.22379	0.0775333	0.222222	0.0740741	0.111111	0 	0 	0.037037	
265	0.323743	0.0838002	0.222222	0.0740741	0.111111	0 	0 	0.037037	
200	0.32851	0.17291	0.333333	0.111111	-0.037037	0 	0 	0.111111	
425	0.319223	0.180619	0.333333	0.111111	-0.037037	0 	0 	0.111111	
17	0.260567	0.185079	0.296296	0.222222	-0.037037	0 	0 	-0.111111	
521	0.28403	0.166372	0.296296	0.222222	-0.037037	0 	0 	-0.111111	
323	0.287006	0.218247	0.296296	0.222222	-0.037037	0 	0 	-0.111111	
572	0.257962	0.111144	0.259259	0.111111	-0.037037	0 	0 	0.111111	
149	0.226075	0.153975	0.259259	0.111111	-0.037037	0 	0 	0.111111	
374	0.240736	0.211237	0.259259	0.111111	-0.037037	0 	0 	0.111111	
105	0.216125	0.203641	0.222222	0.222222	-0.111111	0 	0 	-0.037037	
435	0.185927	0.192594	0.222222	0.222222	-0.111111	0 	0 	-0.037037	
549	0.112301	0.217834	0.222222	0.222222	-0.111111	0 	0 	-0.037037	
243	0.111138	0.164378	0.111111	0.185185	0.111111	0 	0 	-0.037037	
237	0.166676	0.160982	0.111111	0.185185	0.111111	0 	0 	-0.037037	
609	0.192678	0.18085	0.111111	0.185185	0.111111	0 	0 	-0.037037	
384	0.210323	0.11138	0.222222	0.148148	-0.111111	0 	0 	-0.037037	
45	0.125628	0.123091	0.222222	0.148148	-0.111111	0 	0 	-0.037037	
508	0.0877446	0.124898	0.111111	0.111111	-0.037037	0 	0 	0.111111	
58	0.0971099	0.169025	0.111111	0.111111	-0.037037	0 	0 	0.111111	
283	0.0760866	0.20335	0.111111	0.111111	-0.037037	0 	0 	0.111111	
334	0.0450144	0.168732	0.0740741	0.222222	-0.037037	0 	0 	-0.111111	
109	0.0696779	0.14562	0.0740741	0.222222	-0.037037	0 	0 	-0.111111	
475	0.0365083	0.139117	0.037037	0.111111	-0.037037	0 	0 	0.111111	
169	0.031829	0.199328	0.037037	0.111111	-0.037037	0 	0 	0.111111	
260	0.0140535	0.240811	0	0.222222	0.111111	0 	0 	0.037037	
218	0.093962	0.239157	0	0.222222	0.111111	0 	0 	0.037037	
443	0.0965883	0.27216	0.111111	0.259259	-0.111111	0 	0 	0.037037	
566	0.0393181	0.286838	0.111111	0.259259	-0.111111	0 	0 	0.037037	
86	0.0111772	0.278298	0.111111	0.259259	-0.111111	0 	0 	0.037037	
392	0.0141491	0.317347	0	0.296296	0.111111	0 	0 	0.037037	
35	0.0462893	0.309209	0	0.296296	0.111111	0 	0 	0.037037	
214	0.116242	0.313888	0.111111	0.333333	0.037037	0 	0 	-0.111111	
412	0.133744	0.258151	0.111111	0.333333	0.037037	0 	0 	-0.111111	
154	0.157564	0.241427	0.148148	0.222222	0.037037	0 	0 	0.111111	
352	0.163897	0.287808	0.148148	0.222222	0.037037	0 	0 	0.111111	
577	0.18143	0.313714	0.148148	0.222222	0.037037	0 	0 	0.111111	
301	0.20447	0.328131	0.185185	0.333333	0.037037	0 	0 	-0.111111	
22	0.18829	0.27207	0.185185	0.333333	0.037037	0 	0 	-0.111111	
526	0.210979	0.246763	0.185185	0.333333	0.037037	0 	0 	-0.111111	
63	0.247796	0.250293	0.222222	0.222222	0.111111	0 	0 	0.037037	
348	0.303434	0.238587	0.222222	0.222222	0.111111	0 	0 	0.037037	
174	0.293342	0.285378	0.333333	0.259259	-0.111111	0 	0 	0.037037	
288	0.223858	0.280319	0.333333	0.259259	-0.111111	0 	0 	0.037037	
486	0.2435	0.298093	0.222222	0.296296	0.111111	0 	0 	0.037037	
480	0.271563	0.320881	0.222222	0.296296	0.111111	0 	0 	0.037037	
123	0.325604	0.32874	0.222222	0.296296	0.111111	0 	0 	0.037037	
229	0.333407	0.315361	0.333333	0.333333	0.037037	0 	0 	-0.111111	
454	0.367727	0.232812	0.333333	0.333333	0.037037	0 	0 	-0.111111	
97	0.375784	0.236309	0.37037	0.222222	0.037037	0 	0 	0.111111	
403	0.398098	0.262994	0.37037	0.222222	0.037037	0 	0 	0.111111	
601	0.374751	0.325935	0.37037	0.222222	0.037037	0 	0 	0.111111	
262	0.4328	0.30631	0.407407	0.333333	0.037037	0 	0 	-0.111111	
37	0.417159	0.268098	0.407407	0.333333	0.037037	0 	0 	-0.111111	
541	0.417893	0.257638	0.407407	0.333333	0.037037	0 	0 	-0.111111	
120	0.441449	0.194161	0.444444	0.222222	-0.111111	0 	0 	-0.037037	
477	0.429844	0.185529	0.444444	0.222222	-0.111111	0 	0 	-0.037037	
492	0.347584	0.194853	0.444444	0.222222	-0.111111	0 	0 	-0.037037	
294	0.347246	0.158461	0.333333	0.185185	0.111111	0 	0 	-0.037037	
171	0.403375	0.172651	0.333333	0.185185	0.111111	0 	0 	-0.037037	
345	0.432976	0.138492	0.444444	0.148148	-0.111111	0 	0 	-0.037037	
69	0.359158	0.135975	0.444444	0.148148	-0.111111	0 	0 	-0.037037	
371	0.35326	0.0997352	0.333333	0.111111	0.037037	0 	0 	-0.111111	
146	0.343192	0.0945087	0.333333	0.111111	0.037037	0 	0 	-0.111111	
569	0.362003	0.0169733	0.333333	0.111111	0.037037	0 	0 	-0.111111	
320	0.38986	0.0161985	0.37037	0	0.037037	0 	0 	0.111111	
518	0.396845	0.0587058	0.37037	0	0.037037	0 	0 	0.111111	
14	0.381012	0.0846328	0.37037	0	0.037037	0 	0 	0.111111	
431	0.426991	0.0693169	0.407407	0.111111	0.037037	0 	0 	-0.111111	
206	0.42238	0.0831437	0.407407	0.111111	0.037037	0 	0 	-0.111111	
472	0.459887	0.0230484	0.444444	0	0.111111	0 	0 	0.037037	
115	0.506866	0.0325431	0.444444	0	0.111111	0 	0 	0.037037	
505	0.465687	0.0231579	0.444444	0	0.111111	0 	0 	0.037037	
55	0.523573	0.0603365	0.555556	0.037037	-0.111111	0 	0 	0.037037	
340	0.490637	0.0523658	0.555556	0.037037	-0.111111	0 	0 	0.037037	
166	0.482797	0.103485	0.444444	0.0740741	0.111111	0 	0 	0.037037	
280	0.51989	0.0932785	0.444444	0.0740741	0.111111	0 	0 	0.037037	
224	0.54139	0.125805	0.555556	0.111111	-0.037037	0 	0 	0.111111	
449	0.550781	0.215198	0.555556	0.111111	-0.037037	0 	0 	0.111111	
32	0.509183	0.203754	0.518519	0.222222	-0.037037	0 	0 	-0.111111	
563	0.484026	0.184111	0.518519	0.222222	-0.037037	0 	0 	-0.111111	
257	0.513563	0.116078	0.518519	0.222222	-0.037037	0 	0 	-0.111111	
83	0.476488	0.125004	0.481481	0.111111	-0.037037	0 	0 	0.111111	
389	0.476811	0.159969	0.481481	0.111111	-0.037037	0 	0 	0.111111	
6	0.450121	0.227053	0.444444	0.222222	0.111111	0 	0 	0.037037	
363	0.536165	0.251271	0.444444	0.222222	0.111111	0 	0 	0.037037	
588	0.55505	0.266447	0.555556	0.259259	-0.111111	0 	0 	0.037037	
189	0.489712	0.263374	0.555556	0.259259	-0.111111	0 	0 	0.037037	
312	0.458777	0.290961	0.555556	0.259259	-0.111111	0 	0 	0.037037	
537	0.490802	0.319979	0.444444	0.296296	0.111111	0 	0 	0.037037	
414	0.458291	0.296317	0.444444	0.296296	0.111111	0 	0 	0.037037	
138	0.521839	0.301378	0.444444	0.296296	0.111111	0 	0 	0.037037	
326	0.564888	0.32748	0.555556	0.333333	0.037037	0 	0 	-0.111111	
128	0.583478	0.292826	0.555556	0.333333	0.037037	0 	0 	-0.111111	
275	0.592689	0.253633	0.592593	0.222222	0.037037	0 	0 	0.111111	
500	0.597232	0.226067	0.592593	0.222222	0.037037	0 	0 	0.111111	
77	0.618912	0.319563	0.592593	0.222222	0.037037	0 	0 	0.111111	
467	0.629758	0.282	0.62963	0.333333	0.037037	0 	0 	-0.111111	
188	0.660166	0.249628	0.62963	0.333333	0.037037	0 	0 	-0.111111	
298	0.666378	0.198968	0.666667	0.222222	-0.111111	0 	0 	-0.037037	
583	0.622357	0.207048	0.666667	0.222222	-0.111111	0 	0 	-0.037037	
211	0.562919	0.188573	0.666667	0.222222	-0.111111	0 	0 	-0.037037	
358	0.60642	0.175765	0.555556	0.185185	0.111111	0 	0 	-0.037037	
19	0.625008	0.150013	0.555556	0.185185	0.111111	0 	0 	-0.037037	
523	0.666351	0.143968	0.666667	0.148148	-0.111111	0 	0 	-0.037037	
160	0.597743	0.119363	0.666667	0.148148	-0.111111	0 	0 	-0.037037	
409	0.579307	0.145746	0.666667	0.148148	-0.111111	0 	0 	-0.037037	
555	0.557927	0.111069	0.555556	0.111111	0.037037	0 	0 	-0.111111	
249	0.581899	0.0447389	0.555556	0.111111	0.037037	0 	0 	-0.111111	
51	0.574115	0.00689661	0.555556	0.111111	0.037037	0 	0 	-0.111111	
234	0.59839	0.0139057	0.592593	0	0.037037	0 	0 	0.111111	
432	0.627674	0.0853217	0.592593	0	0.037037	0 	0 	0.111111	
102	0.639168	0.0971056	0.62963	0.111111	0.037037	0 	0 	-0.111111	
606	0.638244	0.065779	0.62963	0.111111	0.037037	0 	0 	-0.111111	
381	0.657207	0.00506607	0.62963	0.111111	0.037037	0 	0 	-0.111111	
406	0.666729	0.0278752	0.666667	0	0.111111	0 	0 	0.037037	
157	0.692252	0.00934927	0.666667	0	0.111111	0 	0 	0.037037	
529	0.771401	0.0173807	0.666667	0	0.111111	0 	0 	0.037037	
25	0.738996	0.0371591	0.777778	0.037037	-0.111111	0 	0 	0.037037	
355	0.72242	0.0621934	0.777778	0.037037	-0.111111	0 	0 	0.037037	
208	0.681001	0.0879277	0.666667	0.0740741	0.111111	0 	0 	0.037037	
580	0.738427	0.0945208	0.666667	0.0740741	0.111111	0 	0 	0.037037	
304	0.757401	0.107468	0.666667	0.0740741	0.111111	0 	0 	0.037037	
489	0.778254	0.0811056	0.777778	0.111111	0.037037	0 	0 	-0.111111	
291	0.77779	0.0271003	0.777778	0.111111	0.037037	0 	0 	-0.111111	
66	0.778096	0.108926	0.777778	0.111111	0.037037	0 	0 	-0.111111	
177	0.847737	0.0658436	0.814815	0	0.037037	0 	0 	0.111111	
483	0.826836	0.0932835	0.814815	0	0.037037	0 	0 	0.111111	
117	0.861254	0.0414767	0.851852	0.111111	0.037037	0 	0 	-0.111111	
342	0.856574	0.017	0.851852	0.111111	0.037037	0 	0 	-0.111111	
254	0.952782	0.00369214	0.888889	0	0.111111	0 	0 	0.037037	
221	0.904663	0.0125655	0.888889	0	0.111111	0 	0 	0.037037	
446	0.984071	0.0440747	1	0.037037	-0.111111	0 	0 	0.037037	
560	0.983995	0.0464182	1	0.037037	-0.111111	0 	0 	0.037037	
89	0.905822	0.0566885	1	0.037037	-0.111111	0 	0 	0.037037	
395	0.920261	0.0745965	0.888889	0.0740741	0.111111	0 	0 	0.037037	
29	0.938097	0.0852046	0.888889	0.0740741	0.111111	0 	0 	0.037037	
360	0.990512	0.135609	1	0.111111	-0.037037	0 	0 	0.111111	
585	0.993743	0.1117	1	0.111111	-0.037037	0 	0 	0.111111	
135	0.967484	0.195351	1	0.111111	-0.037037	0 	0 	0.111111	
420	0.958311	0.193337	0.962963	0.222222	-0.037037	0 	0 	-0.111111	
195	0.961035	0.18734	0.962963	0.222222	-0.037037	0 	0 	-0.111111	
3	0.925849	0.119007	0.925926	0.111111	-0.037037	0 	0 	0.111111	
309	0.920883	0.129135	0.925926	0.111111	-0.037037	0 	0 	0.111111	
534	0.911885	0.20145	0.925926	0.111111	-0.037037	0 	0 	0.111111	
268	0.873675	0.217799	0.888889	0.222222	-0.111111	0 	0 	-0.037037	
598	0.874562	0.217429	0.888889	0.222222	-0.111111	0 	0 	-0.037037	
226	0.799467	0.201905	0.888889	0.222222	-0.111111	0 	0 	-0.037037	
400	0.845738	0.153329	0.777778	0.185185	0.111111	0 	0 	-0.037037	
43	0.862559	0.158929	0.777778	0.185185	0.111111	0 	0 	-0.037037	
547	0.88879	0.131467	0.888889	0.148148	-0.111111	0 	0 	-0.037037	
94	0.888756	0.146305	0.888889	0.148148	-0.111111	0 	0 	-0.037037	
451	0.811556	0.120271	0.888889	0.148148	-0.111111	0 	0 	-0.037037	
185	0.769845	0.139918	0.777778	0.111111	-0.037037	0 	0 	0.111111	
464	0.758877	0.11753	0.777778	0.111111	-0.037037	0 	0 	0.111111	
74	0.735609	0.196267	0.740741	0.222222	-0.037037	0 	0 	-0.111111	
497	0.736052	0.194532	0.740741	0.222222	-0.037037	0 	0 	-0.111111	
272	0.70471	0.129668	0.740741	0.222222	-0.037037	0 	0 	-0.111111	
134	0.703503	0.185979	0.703704	0.111111	-0.037037	0 	0 	0.111111	
332	0.674217	0.201064	0.703704	0.111111	-0.037037	0 	0 	0.111111	
48	0.681174	0.227683	0.666667	0.222222	0.111111	0 	0 	0.037037	
378	0.770919	0.224966	0.666667	0.222222	0.111111	0 	0 	0.037037	
603	0.744119	0.278562	0.777778	0.259259	-0.111111	0 	0 	0.037037	
240	0.724846	0.275827	0.777778	0.259259	-0.111111	0 	0 	0.037037	
246	0.698417	0.26372	0.777778	0.259259	-0.111111	0 	0 	0.037037	
552	0.666872	0.305944	0.666667	0.296296	0.111111	0 	0 	0.037037	
438	0.736226	0.308992	0.666667	0.296296	0.111111	0 	0 	0.037037	
99	0.753491	0.31594	0.666667	0.296296	0.111111	0 	0 	0.037037	
377	0.796284	0.324257	0.777778	0.333333	0.037037	0 	0 	-0.111111	
152	0.791794	0.302537	0.777778	0.333333	0.037037	0 	0 	-0.111111	
575	0.808629	0.237917	0.777778	0.333333	0.037037	0 	0 	-0.111111	
317	0.82113	0.235702	0.814815	0.222222	0.037037	0 	0 	0.111111	
515	0.843903	0.284153	0.814815	0.222222	0.037037	0 	0 	0.111111	
11	0.82617	0.296867	0.814815	0.222222	0.037037	0 	0 	0.111111	
428	0.857094	0.311232	0.851852	0.333333	0.037037	0 	0 	-0.111111	
203	0.856113	0.223096	0.851852	0.333333	0.037037	0 	0 	-0.111111	
469	0.900325	0.255313	0.888889	0.222222	0.111111	0 	0 	0.037037	
112	0.954677	0.254798	0.888889	0.222222	0.111111	0 	0 	0.037037	
511	0.895863	0.250465	0.888889	0.222222	0.111111	0 	0 	0.037037	
61	0.998909	0.296217	1	0.259259	-0.111111	0 	0 	0.037037	
337	0.935404	0.276452	1	0.259259	-0.111111	0 	0 	0.037037	
163	0.929066	0.332057	0.888889	0.296296	0.111111	0 	0 	0.037037	
286	0.967003	0.314321	0.888889	0.296296	0.111111	0 	0 	0.037037	
383	0.995146	0.334122	1	0.333333	-0.037037	0 	0 	0.111111	
608	0.970844	0.398578	1	0.333333	-0.037037	0 	0 	0.111111	
104	0.976769	0.423444	1	0.333333	-0.037037	0 	0 	0.111111	
434	0.953579	0.44038	0.962963	0.444444	-0.037037	0 	0 	-0.111111	
236	0.947303	0.381773	0.962963	0.444444	-0.037037	0 	0 	-0.111111	
53	0.901526	0.34384	0.925926	0.333333	-0.037037	0 	0 	0.111111	
251	0.918276	0.363082	0.925926	0.333333	-0.037037	0 	0 	0.111111	
557	0.891544	0.44123	0.925926	0.333333	-0.037037	0 	0 	0.111111	
408	0.903021	0.477025	0.888889	0.444444	0.111111	0 	0 	0.037037	
159	0.931566	0.450507	0.888889	0.444444	0.111111	0 	0 	0.037037	
522	0.985857	0.467872	0.888889	0.444444	0.111111	0 	0 	0.037037	
18	0.969449	0.488639	1	0.481481	-0.111111	0 	0 	0.037037	
357	0.94425	0.50643	1	0.481481	-0.111111	0 	0 	0.037037	
210	0.89988	0.534915	0.888889	0.518519	0.111111	0 	0 	0.037037	
582	0.889492	0.538907	0.888889	0.518519	0.111111	0 	0 	0.037037	
297	0.977373	0.549132	0.888889	0.518519	0.111111	0 	0 	0.037037	
187	0.992569	0.589185	1	0.555556	-0.037037	0 	0 	0.111111	
466	0.975156	0.617723	1	0.555556	-0.037037	0 	0 	0.111111	
76	0.957966	0.636903	0.962963	0.666667	-0.037037	0 	0 	-0.111111	
499	0.938723	0.605125	0.962963	0.666667	-0.037037	0 	0 	-0.111111	
274	0.925906	0.57535	0.962963	0.666667	-0.037037	0 	0 	-0.111111	
127	0.921245	0.559215	0.925926	0.555556	-0.037037	0 	0 	0.111111	
325	0.892974	0.642745	0.925926	0.555556	-0.037037	0 	0 	0.111111	
140	0.887887	0.638618	0.888889	0.666667	-0.111111	0 	0 	-0.037037	
416	0.83673	0.665575	0.888889	0.666667	-0.111111	0 	0 	-0.037037	
539	0.803839	0.650889	0.888889	0.666667	-0.111111	0 	0 	-0.037037	
314	0.807139	0.620455	0.777778	0.62963	0.111111	0 	0 	-0.037037	
191	0.819963	0.594461	0.777778	0.62963	0.111111	0 	0 	-0.037037	
590	0.884029	0.60832	0.777778	0.62963	0.111111	0 	0 	-0.037037	
365	0.886461	0.592529	0.888889	0.592593	-0.111111	0 	0 	-0.037037	
8	0.777778	0.555556	0.888889	0.592593	-0.111111	0 	0 	-0.037037	
388	0.808604	0.52171	0.777778	0.555556	0.037037	0 	0 	-0.111111	
82	0.783536	0.4717	0.777778	0.555556	0.037037	0 	0 	-0.111111	
256	0.824295	0.461301	0.814815	0.444444	0.037037	0 	0 	0.111111	
562	0.825349	0.514804	0.814815	0.444444	0.037037	0 	0 	0.111111	
31	0.824641	0.545247	0.814815	0.444444	0.037037	0 	0 	0.111111	
448	0.883845	0.499852	0.851852	0.555556	0.037037	0 	0 	-0.111111	
223	0.858801	0.471422	0.851852	0.555556	0.037037	0 	0 	-0.111111	
279	0.851639	0.425415	0.888889	0.444444	-0.111111	0 	0 	-0.037037	
165	0.807442	0.43938	0.888889	0.444444	-0.111111	0 	0 	-0.037037	
339	0.818419	0.38788	0.777778	0.407407	0.111111	0 	0 	-0.037037	
54	0.875985	0.389494	0.777778	0.407407	0.111111	0 	0 	-0.037037	
504	0.887464	0.337336	0.888889	0.37037	-0.111111	0 	0 	-0.037037	
114	0.842179	0.366115	0.888889	0.37037	-0.111111	0 	0 	-0.037037	
471	0.788127	0.358368	0.888889	0.37037	-0.111111	0 	0 	-0.037037	
205	0.775177	0.382848	0.777778	0.333333	-0.037037	0 	0 	0.111111	
430	0.765794	0.403904	0.777778	0.333333	-0.037037	0 	0 	0.111111	
13	0.740331	0.444302	0.740741	0.444444	-0.037037	0 	0 	-0.111111	
517	0.731386	0.404571	0.740741	0.444444	-0.037037	0 	0 	-0.111111	
319	0.740551	0.411724	0.740741	0.444444	-0.037037	0 	0 	-0.111111	
568	0.698695	0.369699	0.703704	0.333333	-0.037037	0 	0 	0.111111	
145	0.671138	0.37741	0.703704	0.333333	-0.037037	0 	0 	0.111111	
370	0.700161	0.430579	0.703704	0.333333	-0.037037	0 	0 	0.111111	
71	0.680579	0.480917	0.666667	0.444444	0.111111	0 	0 	0.037037	
347	0.750274	0.459699	0.666667	0.444444	0.111111	0 	0 	0.037037	
173	0.738186	0.512955	0.777778	0.481481	-0.111111	0 	0 	0.037037	
296	0.668112	0.500402	0.777778	0.481481	-0.111111	0 	0 	0.037037	
494	0.680651	0.531703	0.666667	0.518519	0.111111	0 	0 	0.037037	
479	0.68612	0.521329	0.666667	0.518519	0.111111	0 	0 	0.037037	
122	0.770573	0.550503	0.666667	0.518519	0.111111	0 	0 	0.037037	
540	0.740563	0.587248	0.777778	0.555556	-0.037037	0 	0 	0.111111	
36	0.756005	0.606401	0.777778	0.555556	-0.037037	0 	0 	0.111111	
261	0.772703	0.637981	0.777778	0.555556	-0.037037	0 	0 	0.111111	
600	0.734704	0.663	0.740741	0.666667	-0.037037	0 	0 	-0.111111	
402	0.735765	0.595866	0.740741	0.666667	-0.037037	0 	0 	-0.111111	
96	0.721064	0.574941	0.740741	0.666667	-0.037037	0 	0 	-0.111111	
453	0.693599	0.556248	0.703704	0.555556	-0.037037	0 	0 	0.111111	
228	0.686085	0.645319	0.703704	0.555556	-0.037037	0 	0 	0.111111	
125	0.652903	0.647724	0.666667	0.666667	-0.111111	0 	0 	-0.037037	
482	0.649374	0.657301	0.666667	0.666667	-0.111111	0 	0 	-0.037037	
488	0.570479	0.636383	0.666667	0.666667	-0.111111	0 	0 	-0.037037	
290	0.569572	0.629613	0.555556	0.62963	0.111111	0 	0 	-0.037037	
176	0.625534	0.621494	0.555556	0.62963	0.111111	0 	0 	-0.037037	
350	0.648894	0.580166	0.666667	0.592593	-0.111111	0 	0 	-0.037037	
65	0.581085	0.580957	0.666667	0.592593	-0.111111	0 	0 	-0.037037	
525	0.552785	0.569499	0.555556	0.555556	-0.037037	0 	0 	0.111111	
21	0.51824	0.591417	0.555556	0.555556	-0.037037	0 	0 	0.111111	
300	0.531692	0.661888	0.555556	0.555556	-0.037037	0 	0 	0.111111	
576	0.513794	0.64808	0.518519	0.666667	-0.037037	0 	0 	-0.111111	
351	0.504428	0.650431	0.518519	0.666667	-0.037037	0 	0 	-0.111111	
153	0.485597	0.563786	0.518519	0.666667	-0.037037	0 	0 	-0.111111	
411	0.481284	0.560501	0.481481	0.555556	-0.037037	0 	0 	0.111111	
213	0.452675	0.633745	0.481481	0.555556	-0.037037	0 	0 	0.111111	
34	0.384362	0.642951	0.444444	0.666667	-0.111111	0 	0 	-0.037037	
391	0.359641	0.629878	0.444444	0.666667	-0.111111	0 	0 	-0.037037	
85	0.333349	0.624496	0.333333	0.62963	0.111111	0 	0 	-0.037037	
565	0.369408	0.615747	0.333333	0.62963	0.111111	0 	0 	-0.037037	
442	0.440483	0.606061	0.333333	0.62963	0.111111	0 	0 	-0.037037	
217	0.423288	0.578502	0.444444	0.592593	-0.111111	0 	0 	-0.037037	
259	0.414029	0.581635	0.444444	0.592593	-0.111111	0 	0 	-0.037037	
168	0.366255	0.547325	0.333333	0.555556	0.037037	0 	0 	-0.111111	
474	0.347687	0.458332	0.333333	0.555556	0.037037	0 	0 	-0.111111	
108	0.399177	0.477366	0.37037	0.444444	0.037037	0 	0 	0.111111	
333	0.371475	0.499648	0.37037	0.444444	0.037037	0 	0 	0.111111	
282	0.430608	0.545496	0.407407	0.555556	0.037037	0 	0 	-0.111111	
57	0.429937	0.506104	0.407407	0.555556	0.037037	0 	0 	-0.111111	
507	0.422497	0.454047	0.407407	0.555556	0.037037	0 	0 	-0.111111	
47	0.468357	0.461773	0.444444	0.444444	0.111111	0 	0 	0.037037	
386	0.547566	0.446804	0.444444	0.444444	0.111111	0 	0 	0.037037	
239	0.500328	0.495209	0.555556	0.481481	-0.111111	0 	0 	0.037037	
245	0.472039	0.487701	0.555556	0.481481	-0.111111	0 	0 	0.037037	
551	0.447724	0.547037	0.444444	0.518519	0.111111	0 	0 	0.037037	
437	0.513296	0.531302	0.444444	0.518519	0.111111	0 	0 	0.037037	
107	0.535089	0.540395	0.444444	0.518519	0.111111	0 	0 	0.037037	
373	0.565214	0.555451	0.555556	0.555556	0.037037	0 	0 	-0.111111	
148	0.555903	0.488239	0.555556	0.555556	0.037037	0 	0 	-0.111111	
571	0.587106	0.462277	0.555556	0.555556	0.037037	0 	0 	-0.111111	
322	0.601958	0.459895	0.592593	0.444444	0.037037	0 	0 	0.111111	
520	0.620665	0.508913	0.592593	0.444444	0.037037	0 	0 	0.111111	
16	0.597801	0.530071	0.592593	0.444444	0.037037	0 	0 	0.111111	
424	0.634695	0.555046	0.62963	0.555556	0.037037	0 	0 	-0.111111	
199	0.64496	0.452454	0.62963	0.555556	0.037037	0 	0 	-0.111111	
264	0.660708	0.420732	0.666667	0.444444	-0.111111	0 	0 	-0.037037	
594	0.597222	0.433022	0.666667	0.444444	-0.111111	0 	0 	-0.037037	
231	0.575904	0.422579	0.666667	0.444444	-0.111111	0 	0 	-0.037037	
396	0.623525	0.371829	0.555556	0.407407	0.111111	0 	0 	-0.037037	
39	0.64405	0.381427	0.555556	0.407407	0.111111	0 	0 	-0.037037	
543	0.666114	0.356348	0.666667	0.37037	-0.111111	0 	0 	-0.037037	
90	0.605841	0.356458	0.666667	0.37037	-0.111111	0 	0 	-0.037037	
456	0.587803	0.344392	0.666667	0.37037	-0.111111	0 	0 	-0.037037	
181	0.545966	0.334938	0.555556	0.333333	-0.037037	0 	0 	0.111111	
460	0.522885	0.391969	0.555556	0.333333	-0.037037	0 	0 	0.111111	
79	0.518474	0.427261	0.518519	0.444444	-0.037037	0 	0 	-0.111111	
502	0.500095	0.379693	0.518519	0.444444	-0.037037	0 	0 	-0.111111	
277	0.484054	0.354197	0.518519	0.444444	-0.037037	0 	0 	-0.111111	
130	0.481469	0.400092	0.481481	0.333333	-0.037037	0 	0 	0.111111	
328	0.452232	0.427129	0.481481	0.333333	-0.037037	0 	0 	0.111111	
143	0.406849	0.414158	0.444444	0.444444	-0.111111	0 	0 	-0.037037	
419	0.393273	0.439871	0.444444	0.444444	-0.111111	0 	0 	-0.037037	
533	0.360785	0.428212	0.444444	0.444444	-0.111111	0 	0 	-0.037037	
308	0.347448	0.401165	0.333333	0.407407	0.111111	0 	0 	-0.037037	
194	0.379107	0.373553	0.333333	0.407407	0.111111	0 	0 	-0.037037	
593	0.438204	0.387689	0.333333	0.407407	0.111111	0 	0 	-0.037037	
368	0.428059	0.361351	0.444444	0.37037	-0.111111	0 	0 	-0.037037	
2	0.332843	0.334614	0.444444	0.37037	-0.111111	0 	0 	-0.037037	
220	0.323995	0.344348	0.333333	0.333333	-0.037037	0 	0 	0.111111	
445	0.328477	0.388971	0.333333	0.333333	-0.037037	0 	0 	0.111111	
28	0.281534	0.440378	0.296296	0.444444	-0.037037	0 	0 	-0.111111	
559	0.261186	0.402594	0.296296	0.444444	-0.037037	0 	0 	-0.111111	
253	0.293958	0.343208	0.296296	0.444444	-0.037037	0 	0 	-0.111111	
88	0.24516	0.378368	0.259259	0.333333	-0.037037	0 	0 	0.111111	
394	0.254581	0.40264	0.259259	0.333333	-0.037037	0 	0 	0.111111	
5	0.237074	0.447758	0.222222	0.444444	0.111111	0 	0 	0.037037	
362	0.314129	0.471879	0.222222	0.444444	0.111111	0 	0 	0.037037	
587	0.333108	0.509669	0.333333	0.481481	-0.111111	0 	0 	0.037037	
197	0.270454	0.484208	0.333333	0.481481	-0.111111	0 	0 	0.037037	
311	0.235928	0.511606	0.333333	0.481481	-0.111111	0 	0 	0.037037	
536	0.250382	0.539062	0.222222	0.518519	0.111111	0 	0 	0.037037	
422	0.278529	0.548708	0.222222	0.518519	0.111111	0 	0 	0.037037	
137	0.298282	0.525226	0.222222	0.518519	0.111111	0 	0 	0.037037	
510	0.328576	0.567083	0.333333	0.555556	-0.037037	0 	0 	0.111111	
60	0.332825	0.569199	0.333333	0.555556	-0.037037	0 	0 	0.111111	
285	0.297848	0.649473	0.333333	0.555556	-0.037037	0 	0 	0.111111	
336	0.265394	0.610549	0.296296	0.666667	-0.037037	0 	0 	-0.111111	
111	0.291638	0.58663	0.296296	0.666667	-0.037037	0 	0 	-0.111111	
468	0.248135	0.575759	0.259259	0.555556	-0.037037	0 	0 	0.111111	
162	0.252571	0.657541	0.259259	0.555556	-0.037037	0 	0 	0.111111	
10	0.147218	0.630059	0.222222	0.666667	-0.111111	0 	0 	-0.037037	
376	0.124642	0.662463	0.222222	0.666667	-0.111111	0 	0 	-0.037037	
151	0.125038	0.597979	0.111111	0.62963	0.111111	0 	0 	-0.037037	
514	0.17651	0.61397	0.111111	0.62963	0.111111	0 	0 	-0.037037	
427	0.204594	0.629443	0.111111	0.62963	0.111111	0 	0 	-0.037037	
202	0.2218	0.59225	0.222222	0.592593	-0.111111	0 	0 	-0.037037	
316	0.160459	0.586162	0.222222	0.592593	-0.111111	0 	0 	-0.037037	
574	0.20595	0.589855	0.222222	0.592593	-0.111111	0 	0 	-0.037037	
225	0.116574	0.523227	0.111111	0.555556	0.037037	0 	0 	-0.111111	
450	0.143459	0.455727	0.111111	0.555556	0.037037	0 	0 	-0.111111	
93	0.152737	0.476096	0.148148	0.444444	0.037037	0 	0 	0.111111	
399	0.155345	0.458755	0.148148	0.444444	0.037037	0 	0 	0.111111	
597	0.154449	0.549868	0.148148	0.444444	0.037037	0 	0 	0.111111	
267	0.189615	0.541066	0.185185	0.555556	0.037037	0 	0 	-0.111111	
42	0.193433	0.499947	0.185185	0.555556	0.037037	0 	0 	-0.111111	
546	0.192002	0.470454	0.185185	0.555556	0.037037	0 	0 	-0.111111	
119	0.221906	0.42026	0.222222	0.444444	-0.111111	0 	0 	-0.037037	
485	0.15775	0.430727	0.222222	0.444444	-0.111111	0 	0 	-0.037037	
491	0.123997	0.415684	0.222222	0.444444	-0.111111	0 	0 	-0.037037	
293	0.126518	0.407156	0.111111	0.407407	0.111111	0 	0 	-0.037037	
179	0.180644	0.394115	0.111111	0.407407	0.111111	0 	0 	-0.037037	
344	0.221938	0.356108	0.222222	0.37037	-0.111111	0 	0 	-0.037037	
68	0.136228	0.36062	0.222222	0.37037	-0.111111	0 	0 	-0.037037	
528	0.106163	0.346738	0.111111	0.333333	-0.037037	0 	0 	0.111111	
24	0.0743801	0.372216	0.111111	0.333333	-0.037037	0 	0 	0.111111	
303	0.106451	0.340352	0.111111	0.333333	-0.037037	0 	0 	0.111111	
579	0.0738401	0.44315	0.0740741	0.444444	-0.037037	0 	0 	-0.111111	
354	0.0549827	0.399771	0.0740741	0.444444	-0.037037	0 	0 	-0.111111	
156	0.0411421	0.342181	0.0740741	0.444444	-0.037037	0 	0 	-0.111111	
405	0.0265345	0.365835	0.037037	0.333333	-0.037037	0 	0 	0.111111	
207	0.0311312	0.412287	0.037037	0.333333	-0.037037	0 	0 	0.111111	
271	0.0426106	0.464317	0	0.444444	0.111111	0 	0 	0.037037	
184	0.106378	0.474876	0	0.444444	0.111111	0 	0 	0.037037	
463	0.093124	0.504061	0.111111	0.481481	-0.111111	0 	0 	0.037037	
496	0.0519926	0.491858	0.111111	0.481481	-0.111111	0 	0 	0.037037	
133	0.0301185	0.515278	0.111111	0.481481	-0.111111	0 	0 	0.037037	
331	0.00763939	0.532647	0	0.518519	0.111111	0 	0 	0.037037	
73	0.00985446	0.52804	0	0.518519	0.111111	0 	0 	0.037037	
380	0.10657	0.569598	0.111111	0.555556	-0.037037	0 	0 	0.111111	
605	0.0812467	0.620633	0.111111	0.555556	-0.037037	0 	0 	0.111111	
101	0.08773	0.649196	0.111111	0.555556	-0.037037	0 	0 	0.111111	
440	0.073789	0.641105	0.0740741	0.666667	-0.037037	0 	0 	-0.111111	
242	0.0641252	0.583934	0.0740741	0.666667	-0.037037	0 	0 	-0.111111	
50	0.0281692	0.56957	0.037037	0.555556	-0.037037	0 	0 	0.111111	
248	0.0281592	0.58197	0.037037	0.555556	-0.037037	0 	0 	0.111111	
554	0.00554493	0.665317	0.037037	0.555556	-0.037037	0 	0 	0.111111	
567	0.0323754	0.684206	0	0.666667	0.111111	0 	0 	0.037037	
318	0.0503896	0.69855	0	0.666667	0.111111	0 	0 	0.037037	
204	0.0836104	0.670717	0	0.666667	0.111111	0 	0 	0.037037	
429	0.0971612	0.74027	0.111111	0.703704	-0.111111	0 	0 	0.037037	
516	0.111062	0.726376	0.111111	0.703704	-0.111111	0 	0 	0.037037	
144	0.00290689	0.708259	0.111111	0.703704	-0.111111	0 	0 	0.037037	
369	0.0163264	0.777571	0	0.740741	0.111111	0 	0 	0.037037	
12	0.0420984	0.74248	0	0.740741	0.111111	0 	0 	0.037037	
167	0.120669	0.773336	0.111111	0.777778	0.037037	0 	0 	-0.111111	
473	0.121178	0.723423	0.111111	0.777778	0.037037	0 	0 	-0.111111	
116	0.176677	0.702911	0.148148	0.666667	0.037037	0 	0 	0.111111	
341	0.157462	0.718829	0.148148	0.666667	0.037037	0 	0 	0.111111	
281	0.185247	0.753903	0.185185	0.777778	0.037037	0 	0 	-0.111111	
56	0.185343	0.748629	0.185185	0.777778	0.037037	0 	0 	-0.111111	
506	0.203772	0.681675	0.185185	0.777778	0.037037	0 	0 	-0.111111	
52	0.222493	0.667636	0.222222	0.666667	0.111111	0 	0 	0.037037	
382	0.32734	0.667478	0.222222	0.666667	0.111111	0 	0 	0.037037	
607	0.301408	0.732605	0.333333	0.703704	-0.111111	0 	0 	0.037037	
235	0.277694	0.705914	0.333333	0.703704	-0.111111	0 	0 	0.037037	
250	0.24975	0.705224	0.333333	0.703704	-0.111111	0 	0 	0.037037	
556	0.229378	0.755262	0.222222	0.740741	0.111111	0 	0 	0.037037	
433	0.294971	0.750247	0.222222	0.740741	0.111111	0 	0 	0.037037	
103	0.314141	0.760125	0.222222	0.740741	0.111111	0 	0 	0.037037	
524	0.319172	0.803497	0.333333	0.777778	-0.037037	0 	0 	0.111111	
20	0.301273	0.813654	0.333333	0.777778	-0.037037	0 	0 	0.111111	
299	0.304744	0.883952	0.333333	0.777778	-0.037037	0 	0 	0.111111	
584	0.282353	0.888734	0.296296	0.888889	-0.037037	0 	0 	-0.111111	
359	0.278354	0.844062	0.296296	0.888889	-0.037037	0 	0 	-0.111111	
161	0.262104	0.785198	0.296296	0.888889	-0.037037	0 	0 	-0.111111	
410	0.246954	0.812911	0.259259	0.777778	-0.037037	0 	0 	0.111111	
212	0.22918	0.858118	0.259259	0.777778	-0.037037	0 	0 	0.111111	
30	0.160445	0.862863	0.222222	0.888889	-0.111111	0 	0 	-0.037037	
387	0.144123	0.854632	0.222222	0.888889	-0.111111	0 	0 	-0.037037	
81	0.129835	0.8209	0.111111	0.851852	0.111111	0 	0 	-0.037037	
561	0.147329	0.847008	0.111111	0.851852	0.111111	0 	0 	-0.037037	
447	0.217588	0.826778	0.111111	0.851852	0.111111	0 	0 	-0.037037	
222	0.210541	0.795925	0.222222	0.814815	-0.111111	0 	0 	-0.037037	
255	0.203209	0.810281	0.222222	0.814815	-0.111111	0 	0 	-0.037037	
346	0.111059	0.779175	0.111111	0.777778	-0.037037	0 	0 	0.111111	
121	0.104341	0.860053	0.111111	0.777778	-0.037037	0 	0 	0.111111	
478	0.0466392	0.875171	0.0740741	0.888889	-0.037037	0 	0 	-0.111111	
172	0.0693515	0.824075	0.0740741	0.888889	-0.037037	0 	0 	-0.111111	
70	0.0366558	0.821318	0.037037	0.777778	-0.037037	0 	0 	0.111111	
295	0.0368271	0.797021	0.037037	0.777778	-0.037037	0 	0 	0.111111	
493	0.0334615	0.86124	0.037037	0.777778	-0.037037	0 	0 	0.111111	
455	0.0142462	0.890757	0	0.888889	0.111111	0 	0 	0.037037	
98	0.0510845	0.909387	0	0.888889	0.111111	0 	0 	0.037037	
542	0.0791518	0.917747	0	0.888889	0.111111	0 	0 	0.037037	
38	0.0991703	0.925987	0.111111	0.925926	-0.111111	0 	0 	0.037037	
404	0.0701555	0.926171	0.111111	0.925926	-0.111111	0 	0 	0.037037	
230	0.000237445	0.964094	0	0.962963	0.111111	0 	0 	0.037037	
602	0.0416981	0.991097	0	0.962963	0.111111	0 	0 	0.037037	
263	0.101434	0.974066	0	0.962963	0.111111	0 	0 	0.037037	
538	0.138949	0.985209	0.111111	1	0.037037	0 	0 	-0.111111	
313	0.126678	0.971834	0.111111	1	0.037037	0 	0 	-0.111111	
7	0.111303	0.906758	0.111111	1	0.037037	0 	0 	-0.111111	
190	0.164019	0.919658	0.148148	0.888889	0.037037	0 	0 	0.111111	
415	0.168922	0.99953	0.148148	0.888889	0.037037	0 	0 	0.111111	
139	0.191534	0.928182	0.185185	1	0.037037	0 	0 	-0.111111	
589	0.219287	0.944672	0.185185	1	0.037037	0 	0 	-0.111111	
364	0.202475	0.916267	0.185185	1	0.037037	0 	0 	-0.111111	
273	0.238294	0.896638	0.222222	0.888889	0.111111	0 	0 	0.037037	
186	0.328365	0.917356	0.222222	0.888889	0.111111	0 	0 	0.037037	
465	0.289203	0.933585	0.333333	0.925926	-0.111111	0 	0 	0.037037	
498	0.274841	0.93849	0.333333	0.925926	-0.111111	0 	0 	0.037037	
126	0.319321	0.940486	0.333333	0.925926	-0.111111	0 	0 	0.037037	
324	0.225101	0.967811	0.222222	0.962963	0.111111	0 	0 	0.037037	
75	0.281417	0.983019	0.222222	0.962963	0.111111	0 	0 	0.037037	
553	0.353232	0.9948	0.333333	1	0.037037	0 	0 	-0.111111	
247	0.358997	0.93332	0.333333	1	0.037037	0 	0 	-0.111111	
49	0.347669	0.929439	0.333333	1	0.037037	0 	0 	-0.111111	
241	0.389386	0.941245	0.37037	0.888889	0.037037	0 	0 	0.111111	
439	0.403888	0.970987	0.37037	0.888889	0.037037	0 	0 	0.111111	
100	0.424159	0.985012	0.407407	1	0.037037	0 	0 	-0.111111	
604	0.418355	0.971751	0.407407	1	0.037037	0 	0 	-0.111111	
379	0.437698	0.892397	0.407407	1	0.037037	0 	0 	-0.111111	
72	0.400715	0.873697	0.444444	0.888889	-0.111111	0 	0 	-0.037037	
330	0.341646	0.8651	0.444444	0.888889	-0.111111	0 	0 	-0.037037	
132	0.365577	0.847162	0.333333	0.851852	0.111111	0 	0 	-0.037037	
495	0.383291	0.825209	0.333333	0.851852	0.111111	0 	0 	-0.037037	
462	0.418086	0.836615	0.333333	0.851852	0.111111	0 	0 	-0.037037	
183	0.444028	0.80272	0.444444	0.814815	-0.111111	0 	0 	-0.037037	
270	0.372047	0.795636	0.444444	0.814815	-0.111111	0 	0 	-0.037037	
209	0.334258	0.750876	0.333333	0.777778	0.037037	0 	0 	-0.111111	
407	0.355579	0.701787	0.333333	0.777778	0.037037	0 	0 	-0.111111	
158	0.379733	0.67551	0.37037	0.666667	0.037037	0 	0 	0.111111	
356	0.389253	0.731172	0.37037	0.666667	0.037037	0 	0 	0.111111	
581	0.401935	0.757697	0.37037	0.666667	0.037037	0 	0 	0.111111	
305	0.421373	0.750291	0.407407	0.777778	0.037037	0 	0 	-0.111111	
26	0.412109	0.702768	0.407407	0.777778	0.037037	0 	0 	-0.111111	
530	0.43527	0.688203	0.407407	0.777778	0.037037	0 	0 	-0.111111	
67	0.473075	0.687168	0.444444	0.666667	0.111111	0 	0 	0.037037	
343	0.523895	0.68248	0.444444	0.666667	0.111111	0 	0 	0.037037	
178	0.554944	0.711007	0.555556	0.703704	-0.111111	0 	0 	0.037037	
292	0.447208	0.722879	0.555556	0.703704	-0.111111	0 	0 	0.037037	
490	0.45051	0.763929	0.444444	0.740741	0.111111	0 	0 	0.037037	
484	0.449797	0.7547	0.444444	0.740741	0.111111	0 	0 	0.037037	
118	0.549059	0.774154	0.444444	0.740741	0.111111	0 	0 	0.037037	
548	0.536605	0.792093	0.555556	0.777778	-0.037037	0 	0 	0.111111	
44	0.534722	0.828308	0.555556	0.777778	-0.037037	0 	0 	0.111111	
269	0.550769	0.862727	0.555556	0.777778	-0.037037	0 	0 	0.111111	
599	0.484539	0.883742	0.518519	0.888889	-0.037037	0 	0 	-0.111111	
401	0.499653	0.819832	0.518519	0.888889	-0.037037	0 	0 	-0.111111	
95	0.499445	0.797425	0.518519	0.888889	-0.037037	0 	0 	-0.111111	
452	0.476732	0.786448	0.481481	0.777778	-0.037037	0 	0 	0.111111	
227	0.457807	0.869314	0.481481	0.777778	-0.037037	0 	0 	0.111111	
573	0.445634	0.889022	0.444444	0.888889	0.111111	0 	0 	0.037037	
315	0.485833	0.922671	0.444444	0.888889	0.111111	0 	0 	0.037037	
201	0.530854	0.892494	0.444444	0.888889	0.111111	0 	0 	0.037037	
426	0.541845	0.956167	0.555556	0.925926	-0.111111	0 	0 	0.037037	
513	0.542023	0.944948	0.555556	0.925926	-0.111111	0 	0 	0.037037	
150	0.540841	0.949379	0.555556	0.925926	-0.111111	0 	0 	0.037037	
375	0.473159	0.990635	0.444444	0.962963	0.111111	0 	0 	0.037037	
9	0.487933	0.976934	0.444444	0.962963	0.111111	0 	0 	0.037037	
164	0.588314	0.985103	0.555556	1	0.037037	0 	0 	-0.111111	
470	0.569957	0.901947	0.555556	1	0.037037	0 	0 	-0.111111	
113	0.615436	0.92053	0.592593	0.888889	0.037037	0 	0 	0.111111	
338	0.60197	0.936113	0.592593	0.888889	0.037037	0 	0 	0.111111	
287	0.632237	0.956234	0.62963	1	0.037037	0 	0 	-0.111111	
62	0.657987	0.954816	0.62963	1	0.037037	0 	0 	-0.111111	
512	0.642184	0.89713	0.62963	1	0.037037	0 	0 	-0.111111	
136	0.65124	0.855446	0.666667	0.888889	-0.111111	0 	0 	-0.037037	
421	0.641686	0.868461	0.666667	0.888889	-0.111111	0 	0 	-0.037037	
535	0.582661	0.874612	0.666667	0.888889	-0.111111	0 	0 	-0.037037	
310	0.58397	0.83514	0.555556	0.851852	0.111111	0 	0 	-0.037037	
196	0.600538	0.817514	0.555556	0.851852	0.111111	0 	0 	-0.037037	
586	0.660955	0.83277	0.555556	0.851852	0.111111	0 	0 	-0.037037	
361	0.662563	0.796138	0.666667	0.814815	-0.111111	0 	0 	-0.037037	
4	0.555003	0.777813	0.666667	0.814815	-0.111111	0 	0 	-0.037037	
393	0.583135	0.74664	0.555556	0.777778	0.037037	0 	0 	-0.111111	
87	0.574318	0.723238	0.555556	0.777778	0.037037	0 	0 	-0.111111	
252	0.616413	0.67219	0.592593	0.666667	0.037037	0 	0 	0.111111	
558	0.597467	0.674399	0.592593	0.666667	0.037037	0 	0 	0.111111	
27	0.607887	0.755954	0.592593	0.666667	0.037037	0 	0 	0.111111	
444	0.66669	0.715823	0.62963	0.777778	0.037037	0 	0 	-0.111111	
219	0.644993	0.691191	0.62963	0.777778	0.037037	0 	0 	-0.111111	
1	0.666696	0.671775	0.666667	0.666667	0.111111	0 	0 	0.037037	
367	0.759435	0.694044	0.666667	0.666667	0.111111	0 	0 	0.037037	
592	0.777224	0.723568	0.777778	0.703704	-0.111111	0 	0 	0.037037	
193	0.712031	0.7087	0.777778	0.703704	-0.111111	0 	0 	0.037037	
307	0.68098	0.736012	0.777778	0.703704	-0.111111	0 	0 	0.037037	
532	0.666892	0.750648	0.666667	0.740741	0.111111	0 	0 	0.037037	
418	0.723941	0.776107	0.666667	0.740741	0.111111	0 	0 	0.037037	
142	0.745314	0.747737	0.666667	0.740741	0.111111	0 	0 	0.037037	
327	0.784107	0.777615	0.777778	0.777778	0.037037	0 	0 	-0.111111	
129	0.804686	0.736103	0.777778	0.777778	0.037037	0 	0 	-0.111111	
276	0.826558	0.695811	0.814815	0.666667	0.037037	0 	0 	0.111111	
501	0.828762	0.71158	0.814815	0.666667	0.037037	0 	0 	0.111111	
78	0.840772	0.765419	0.814815	0.666667	0.037037	0 	0 	0.111111	
459	0.861975	0.737407	0.851852	0.777778	0.037037	0 	0 	-0.111111	
180	0.885144	0.698145	0.851852	0.777778	0.037037	0 	0 	-0.111111	
458	0.924644	0.676062	0.888889	0.666667	0.111111	0 	0 	0.037037	
92	0.89085	0.694554	0.888889	0.666667	0.111111	0 	0 	0.037037	
545	0.966432	0.702328	0.888889	0.666667	0.111111	0 	0 	0.037037	
41	0.986223	0.740273	1	0.703704	-0.111111	0 	0 	0.037037	
398	0.957917	0.711285	1	0.703704	-0.111111	0 	0 	0.037037	
233	0.910075	0.759706	0.888889	0.740741	0.111111	0 	0 	0.037037	
596	0.89856	0.773329	0.888889	0.740741	0.111111	0 	0 	0.037037	
266	0.98963	0.746798	0.888889	0.740741	0.111111	0 	0 	0.037037	
198	0.971257	0.779554	1	0.777778	-0.037037	0 	0 	0.111111	
423	0.990986	0.852896	1	0.777778	-0.037037	0 	0 	0.111111	
15	0.928969	0.853854	0.962963	0.888889	-0.037037	0 	0 	-0.111111	
519	0.959629	0.833125	0.962963	0.888889	-0.037037	0 	0 	-0.111111	
321	0.962831	0.855654	0.962963	0.888889	-0.037037	0 	0 	-0.111111	
570	0.91637	0.793893	0.925926	0.777778	-0.037037	0 	0 	0.111111	
147	0.893452	0.822575	0.925926	0.777778	-0.037037	0 	0 	0.111111	
372	0.91189	0.862372	0.925926	0.777778	-0.037037	0 	0 	0.111111	
106	0.888883	0.8789	0.888889	0.888889	-0.111111	0 	0 	-0.037037	
436	0.847184	0.861926	0.888889	0.888889	-0.111111	0 	0 	-0.037037	
550	0.779226	0.886618	0.888889	0.888889	-0.111111	0 	0 	-0.037037	
244	0.807844	0.846772	0.777778	0.851852	0.111111	0 	0 	-0.037037	
238	0.832445	0.829752	0.777778	0.851852	0.111111	0 	0 	-0.037037	
385	0.88871	0.804949	0.888889	0.814815	-0.111111	0 	0 	-0.037037	
46	0.788105	0.790378	0.888889	0.814815	-0.111111	0 	0 	-0.037037	
509	0.772707	0.797481	0.777778	0.777778	-0.037037	0 	0 	0.111111	
59	0.77753	0.836602	0.777778	0.777778	-0.037037	0 	0 	0.111111	
284	0.742112	0.871056	0.777778	0.777778	-0.037037	0 	0 	0.111111	
335	0.713404	0.832569	0.740741	0.888889	-0.037037	0 	0 	-0.111111	
110	0.728835	0.805835	0.740741	0.888889	-0.037037	0 	0 	-0.111111	
476	0.67451	0.800564	0.703704	0.777778	-0.037037	0 	0 	0.111111	
170	0.700233	0.875822	0.703704	0.777778	-0.037037	0 	0 	0.111111	
258	0.720476	0.896978	0.666667	0.888889	0.111111	0 	0 	0.037037	
216	0.765132	0.907838	0.666667	0.888889	0.111111	0 	0 	0.037037	
441	0.763697	0.934233	0.777778	0.925926	-0.111111	0 	0 	0.037037	
564	0.704019	0.960496	0.777778	0.925926	-0.111111	0 	0 	0.037037	
84	0.681345	0.94435	0.777778	0.925926	-0.111111	0 	0 	0.037037	
390	0.673817	0.993782	0.666667	0.962963	0.111111	0 	0 	0.037037	
33	0.716639	0.976736	0.666667	0.962963	0.111111	0 	0 	0.037037	
215	0.786125	0.942099	0.777778	1	0.037037	0 	0 	-0.111111	
413	0.782648	0.992598	0.777778	1	0.037037	0 	0 	-0.111111	
155	0.824218	0.894739	0.814815	0.888889	0.037037	0 	0 	0.111111	
353	0.823915	0.94668	0.814815	0.888889	0.037037	0 	0 	0.111111	
578	0.845789	0.980284	0.814815	0.888889	0.037037	0 	0 	0.111111	
302	0.866046	0.985165	0.851852	1	0.037037	0 	0 	-0.111111	
23	0.858797	0.958646	0.851852	1	0.037037	0 	0 	-0.111111	
527	0.879976	0.906091	0.851852	1	0.037037	0 	0 	-0.111111	
64	0.916869	0.917988	0.888889	0.888889	0.111111	0 	0 	0.037037	
349	0.972385	0.901912	0.888889	0.888889	0.111111	0 	0 	0.037037	
175	0.986062	0.926339	1	0.925926	-0.111111	0 	0 	0.037037	
289	0.892287	0.944181	1	0.925926	-0.111111	0 	0 	0.037037	
487	0.919405	0.978464	0.888889	0.962963	0.111111	0 	0 	0.037037	
481	0.941825	0.973092	0.888889	0.962963	0.111111	0 	0 	0.037037	
124	0.987541	0.993502	0.888889	0.962963	0.111111	0 	0 	0.037037	
