0	0.0247333	0.00990088	0	0	0.111111	0 	0 	0.037037	
366	0.0872454	0.0252283	0	0	0.111111	0 	0 	0.037037	
192	0.0506458	0.0371279	0.111111	0.037037	-0.111111	0 	0 	0.037037	
306	0.0096272	0.0703054	0.111111	0.037037	-0.111111	0 	0 	0.037037	
531	0.0139074	0.0785785	0	0.0740741	0.111111	0 	0 	0.037037	
417	0.0557739	0.110768	0	0.0740741	0.111111	0 	0 	0.037037	
141	0.0807396	0.0777021	0	0.0740741	0.111111	0 	0 	0.037037	
329	0.111496	0.0667776	0.111111	0.111111	0.037037	0 	0 	-0.111111	
131	0.144716	0.0727839	0.111111	0.111111	0.037037	0 	0 	-0.111111	
278	0.152892	0.00360701	0.148148	0	0.037037	0 	0 	0.111111	
503	0.166776	0.00681209	0.148148	0	0.037037	0 	0 	0.111111	
80	0.173037	0.100248	0.148148	0	0.037037	0 	0 	0.111111	
461	0.194509	0.0694174	0.185185	0.111111	0.037037	0 	0 	-0.111111	
182	0.212557	0.0356008	0.185185	0.111111	0.037037	0 	0 	-0.111111	
457	0.238393	0.0299123	0.222222	0	0.111111	0 	0 	0.037037	
91	0.245243	0.0104093	0.222222	0	0.111111	0 	0 	0.037037	
544	0.305832	0.0259205	0.222222	0	0.111111	0 	0 	0.037037	
40	0.286755	0.070839	0.333333	0.037037	-0.111111	0 	0 	0.037037	
397	0.289355	0.0393775	0.333333	0.037037	-0.111111	0 	0 	0.037037	
232	0.23813	0.0936286	0.222222	0.0740741	0.111111	0 	0 	0.037037	
265	0.317903	0.0810597	0.222222	0.0740741	0.111111	0 	0 	0.037037	
200	0.332989	0.138848	0.333333	0.111111	-0.037037	0 	0 	0.111111	
425	0.327332	0.185944	0.333333	0.111111	-0.037037	0 	0 	0.111111	
17	0.263651	0.190009	0.296296	0.222222	-0.037037	0 	0 	-0.111111	
521	0.285812	0.18102	0.296296	0.222222	-0.037037	0 	0 	-0.111111	
323	0.275027	0.137049	0.296296	0.222222	-0.037037	0 	0 	-0.111111	
572	0.24972	0.118718	0.259259	0.111111	-0.037037	0 	0 	0.111111	
149	0.226715	0.15449	0.259259	0.111111	-0.037037	0 	0 	0.111111	
374	0.241579	0.2131	0.259259	0.111111	-0.037037	0 	0 	0.111111	
105	0.207625	0.209042	0.222222	0.222222	-0.111111	0 	0 	-0.037037	
435	0.18022	0.194475	0.222222	0.222222	-0.111111	0 	0 	-0.037037	
549	0.110821	0.215939	0.222222	0.222222	-0.111111	0 	0 	-0.037037	
243	0.126717	0.166402	0.111111	0.185185	0.111111	0 	0 	-0.037037	
237	0.174356	0.160133	0.111111	0.185185	0.111111	0 	0 	-0.037037	
384	0.20465	0.129527	0.222222	0.148148	-0.111111	0 	0 	-0.037037	
45	0.128473	0.123807	0.222222	0.148148	-0.111111	0 	0 	-0.037037	
508	0.103037	0.111652	0.111111	0.111111	-0.037037	0 	0 	0.111111	
58	0.0947008	0.182031	0.111111	0.111111	-0.037037	0 	0 	0.111111	
283	0.101098	0.120403	0.111111	0.111111	-0.037037	0 	0 	0.111111	
334	0.0416689	0.162506	0.0740741	0.222222	-0.037037	0 	0 	-0.111111	
109	0.0541724	0.166426	0.0740741	0.222222	-0.037037	0 	0 	-0.111111	
475	0.0307987	0.136176	0.037037	0.111111	-0.037037	0 	0 	0.111111	
169	0.0308851	0.208414	0.037037	0.111111	-0.037037	0 	0 	0.111111	
260	0.0629366	0.230253	0	0.222222	0.111111	0 	0 	0.037037	
218	0.0939269	0.236975	0	0.222222	0.111111	0 	0 	0.037037	
443	0.103914	0.287183	0.111111	0.259259	-0.111111	0 	0 	0.037037	
566	0.043961	0.291613	0.111111	0.259259	-0.111111	0 	0 	0.037037	
86	0.0203761	0.278036	0.111111	0.259259	-0.111111	0 	0 	0.037037	
392	0.0138894	0.302659	0	0.296296	0.111111	0 	0 	0.037037	
35	0.0142509	0.319665	0	0.296296	0.111111	0 	0 	0.037037	
214	0.111949	0.318877	0.111111	0.333333	0.037037	0 	0 	-0.111111	
412	0.134803	0.255366	0.111111	0.333333	0.037037	0 	0 	-0.111111	
154	0.152843	0.22754	0.148148	0.222222	0.037037	0 	0 	0.111111	
352	0.152775	0.291744	0.148148	0.222222	0.037037	0 	0 	0.111111	
577	0.177599	0.313992	0.148148	0.222222	0.037037	0 	0 	0.111111	
301	0.185433	0.300953	0.185185	0.333333	0.037037	0 	0 	-0.111111	
22	0.190768	0.240462	0.185185	0.333333	0.037037	0 	0 	-0.111111	
526	0.208845	0.247484	0.185185	0.333333	0.037037	0 	0 	-0.111111	
63	0.257522	0.247248	0.222222	0.222222	0.111111	0 	0 	0.037037	
348	0.300726	0.237316	0.222222	0.222222	0.111111	0 	0 	0.037037	
174	0.2947	0.289853	0.333333	0.259259	-0.111111	0 	0 	0.037037	
288	0.225414	0.27977	0.333333	0.259259	-0.111111	0 	0 	0.037037	
486	0.237454	0.304305	0.222222	0.296296	0.111111	0 	0 	0.037037	
480	0.270454	0.318646	0.222222	0.296296	0.111111	0 	0 	0.037037	
123	0.324701	0.32797	0.222222	0.296296	0.111111	0 	0 	0.037037	
229	0.354284	0.314443	0.333333	0.333333	0.037037	0 	0 	-0.111111	
454	0.366214	0.236666	0.333333	0.333333	0.037037	0 	0 	-0.111111	
97	0.370848	0.237388	0.37037	0.222222	0.037037	0 	0 	0.111111	
403	0.402005	0.263108	0.37037	0.222222	0.037037	0 	0 	0.111111	
262	0.434418	0.303311	0.407407	0.333333	0.037037	0 	0 	-0.111111	
37	0.410117	0.318595	0.407407	0.333333	0.037037	0 	0 	-0.111111	
541	0.412648	0.272154	0.407407	0.333333	0.037037	0 	0 	-0.111111	
120	0.436108	0.212858	0.444444	0.222222	-0.111111	0 	0 	-0.037037	
477	0.379588	0.21088	0.444444	0.222222	-0.111111	0 	0 	-0.037037	
492	0.348422	0.194787	0.444444	0.222222	-0.111111	0 	0 	-0.037037	
294	0.347234	0.166416	0.333333	0.185185	0.111111	0 	0 	-0.037037	
171	0.403902	0.177244	0.333333	0.185185	0.111111	0 	0 	-0.037037	
345	0.430469	0.144009	0.444444	0.148148	-0.111111	0 	0 	-0.037037	
69	0.427738	0.147983	0.444444	0.148148	-0.111111	0 	0 	-0.037037	
371	0.35206	0.094826	0.333333	0.111111	0.037037	0 	0 	-0.111111	
146	0.338544	0.0772776	0.333333	0.111111	0.037037	0 	0 	-0.111111	
569	0.367286	0.0167545	0.333333	0.111111	0.037037	0 	0 	-0.111111	
320	0.380715	0.0288547	0.37037	0	0.037037	0 	0 	0.111111	
518	0.400047	0.0578555	0.37037	0	0.037037	0 	0 	0.111111	
14	0.375388	0.0834836	0.37037	0	0.037037	0 	0 	0.111111	
431	0.426845	0.0743677	0.407407	0.111111	0.037037	0 	0 	-0.111111	
206	0.416138	0.0972149	0.407407	0.111111	0.037037	0 	0 	-0.111111	
472	0.459215	0.0277029	0.444444	0	0.111111	0 	0 	0.037037	
115	0.508341	0.0343641	0.444444	0	0.111111	0 	0 	0.037037	
505	0.464042	0.0170316	0.444444	0	0.111111	0 	0 	0.037037	
55	0.528839	0.0376211	0.555556	0.037037	-0.111111	0 	0 	0.037037	
340	0.488645	0.0520397	0.555556	0.037037	-0.111111	0 	0 	0.037037	
166	0.454202	0.092755	0.444444	0.0740741	0.111111	0 	0 	0.037037	
280	0.51952	0.0919561	0.444444	0.0740741	0.111111	0 	0 	0.037037	
224	0.541267	0.123176	0.555556	0.111111	-0.037037	0 	0 	0.111111	
449	0.546067	0.147922	0.555556	0.111111	-0.037037	0 	0 	0.111111	
32	0.513544	0.195318	0.518519	0.222222	-0.037037	0 	0 	-0.111111	
563	0.508879	0.204605	0.518519	0.222222	-0.037037	0 	0 	-0.111111	
257	0.505386	0.116427	0.518519	0.222222	-0.037037	0 	0 	-0.111111	
83	0.459879	0.165975	0.481481	0.111111	-0.037037	0 	0 	0.111111	
389	0.477921	0.189141	0.481481	0.111111	-0.037037	0 	0 	0.111111	
6	0.461338	0.234018	0.444444	0.222222	0.111111	0 	0 	0.037037	
363	0.542106	0.247557	0.444444	0.222222	0.111111	0 	0 	0.037037	
189	0.493762	0.26542	0.555556	0.259259	-0.111111	0 	0 	0.037037	
312	0.45788	0.290035	0.555556	0.259259	-0.111111	0 	0 	0.037037	
537	0.475205	0.314495	0.444444	0.296296	0.111111	0 	0 	0.037037	
414	0.505802	0.328719	0.444444	0.296296	0.111111	0 	0 	0.037037	
138	0.521727	0.302645	0.444444	0.296296	0.111111	0 	0 	0.037037	
326	0.567369	0.273462	0.555556	0.333333	0.037037	0 	0 	-0.111111	
128	0.555896	0.314427	0.555556	0.333333	0.037037	0 	0 	-0.111111	
275	0.592658	0.230015	0.592593	0.222222	0.037037	0 	0 	0.111111	
500	0.5929	0.247843	0.592593	0.222222	0.037037	0 	0 	0.111111	
77	0.615428	0.323119	0.592593	0.222222	0.037037	0 	0 	0.111111	
467	0.633891	0.29778	0.62963	0.333333	0.037037	0 	0 	-0.111111	
188	0.663235	0.252242	0.62963	0.333333	0.037037	0 	0 	-0.111111	
298	0.646589	0.216681	0.666667	0.222222	-0.111111	0 	0 	-0.037037	
583	0.623719	0.215422	0.666667	0.222222	-0.111111	0 	0 	-0.037037	
211	0.555514	0.193447	0.666667	0.222222	-0.111111	0 	0 	-0.037037	
358	0.611591	0.181313	0.555556	0.185185	0.111111	0 	0 	-0.037037	
19	0.62963	0.148148	0.555556	0.185185	0.111111	0 	0 	-0.037037	
523	0.661676	0.141969	0.666667	0.148148	-0.111111	0 	0 	-0.037037	
160	0.595993	0.115489	0.666667	0.148148	-0.111111	0 	0 	-0.037037	
409	0.578623	0.143374	0.666667	0.148148	-0.111111	0 	0 	-0.037037	
555	0.561358	0.0904698	0.555556	0.111111	0.037037	0 	0 	-0.111111	
249	0.580589	0.0413082	0.555556	0.111111	0.037037	0 	0 	-0.111111	
51	0.575324	0.00823417	0.555556	0.111111	0.037037	0 	0 	-0.111111	
234	0.613224	0.051762	0.592593	0	0.037037	0 	0 	0.111111	
432	0.629664	0.0874282	0.592593	0	0.037037	0 	0 	0.111111	
102	0.638937	0.0905665	0.62963	0.111111	0.037037	0 	0 	-0.111111	
381	0.648204	0.00593108	0.62963	0.111111	0.037037	0 	0 	-0.111111	
406	0.667724	0.00440905	0.666667	0	0.111111	0 	0 	0.037037	
157	0.667067	0.0365466	0.666667	0	0.111111	0 	0 	0.037037	
529	0.766751	0.023683	0.666667	0	0.111111	0 	0 	0.037037	
25	0.74514	0.0373595	0.777778	0.037037	-0.111111	0 	0 	0.037037	
355	0.720794	0.0642122	0.777778	0.037037	-0.111111	0 	0 	0.037037	
208	0.677989	0.0893936	0.666667	0.0740741	0.111111	0 	0 	0.037037	
580	0.732498	0.0922728	0.666667	0.0740741	0.111111	0 	0 	0.037037	
304	0.752124	0.104755	0.666667	0.0740741	0.111111	0 	0 	0.037037	
489	0.788059	0.111078	0.777778	0.111111	0.037037	0 	0 	-0.111111	
291	0.796727	0.0248228	0.777778	0.111111	0.037037	0 	0 	-0.111111	
66	0.805642	0.0281519	0.777778	0.111111	0.037037	0 	0 	-0.111111	
177	0.847357	0.0610072	0.814815	0	0.037037	0 	0 	0.111111	
483	0.81987	0.0947339	0.814815	0	0.037037	0 	0 	0.111111	
117	0.880716	0.106873	0.851852	0.111111	0.037037	0 	0 	-0.111111	
342	0.857839	0.00742805	0.851852	0.111111	0.037037	0 	0 	-0.111111	
254	0.904743	0.00038431	0.888889	0	0.111111	0 	0 	0.037037	
221	0.980204	0.0240844	0.888889	0	0.111111	0 	0 	0.037037	
446	0.981549	0.0731349	1	0.037037	-0.111111	0 	0 	0.037037	
560	0.967118	0.0375456	1	0.037037	-0.111111	0 	0 	0.037037	
89	0.912989	0.0555647	1	0.037037	-0.111111	0 	0 	0.037037	
395	0.889444	0.0742501	0.888889	0.0740741	0.111111	0 	0 	0.037037	
29	0.932844	0.074137	0.888889	0.0740741	0.111111	0 	0 	0.037037	
360	0.986251	0.133962	1	0.111111	-0.037037	0 	0 	0.111111	
585	0.989527	0.126262	1	0.111111	-0.037037	0 	0 	0.111111	
135	0.995582	0.195975	1	0.111111	-0.037037	0 	0 	0.111111	
420	0.958126	0.195041	0.962963	0.222222	-0.037037	0 	0 	-0.111111	
195	0.93597	0.152592	0.962963	0.222222	-0.037037	0 	0 	-0.111111	
3	0.925766	0.123448	0.925926	0.111111	-0.037037	0 	0 	0.111111	
309	0.912658	0.177941	0.925926	0.111111	-0.037037	0 	0 	0.111111	
534	0.916411	0.208113	0.925926	0.111111	-0.037037	0 	0 	0.111111	
268	0.875919	0.22196	0.888889	0.222222	-0.111111	0 	0 	-0.037037	
226	0.796867	0.203329	0.888889	0.222222	-0.111111	0 	0 	-0.037037	
400	0.792628	0.184439	0.777778	0.185185	0.111111	0 	0 	-0.037037	
43	0.861258	0.167018	0.777778	0.185185	0.111111	0 	0 	-0.037037	
547	0.86562	0.14273	0.888889	0.148148	-0.111111	0 	0 	-0.037037	
94	0.828672	0.1313	0.888889	0.148148	-0.111111	0 	0 	-0.037037	
451	0.886808	0.134211	0.888889	0.148148	-0.111111	0 	0 	-0.037037	
185	0.769548	0.126497	0.777778	0.111111	-0.037037	0 	0 	0.111111	
464	0.768129	0.126647	0.777778	0.111111	-0.037037	0 	0 	0.111111	
74	0.726614	0.206032	0.740741	0.222222	-0.037037	0 	0 	-0.111111	
497	0.712775	0.16085	0.740741	0.222222	-0.037037	0 	0 	-0.111111	
272	0.704852	0.130246	0.740741	0.222222	-0.037037	0 	0 	-0.111111	
134	0.703186	0.182025	0.703704	0.111111	-0.037037	0 	0 	0.111111	
332	0.673441	0.199927	0.703704	0.111111	-0.037037	0 	0 	0.111111	
48	0.696926	0.250734	0.666667	0.222222	0.111111	0 	0 	0.037037	
378	0.770919	0.224966	0.666667	0.222222	0.111111	0 	0 	0.037037	
240	0.721972	0.268265	0.777778	0.259259	-0.111111	0 	0 	0.037037	
246	0.692803	0.269018	0.777778	0.259259	-0.111111	0 	0 	0.037037	
552	0.670562	0.310231	0.666667	0.296296	0.111111	0 	0 	0.037037	
438	0.735851	0.301195	0.666667	0.296296	0.111111	0 	0 	0.037037	
99	0.753897	0.314849	0.666667	0.296296	0.111111	0 	0 	0.037037	
377	0.788397	0.315635	0.777778	0.333333	0.037037	0 	0 	-0.111111	
152	0.782778	0.328872	0.777778	0.333333	0.037037	0 	0 	-0.111111	
575	0.787051	0.233807	0.777778	0.333333	0.037037	0 	0 	-0.111111	
317	0.819551	0.259412	0.814815	0.222222	0.037037	0 	0 	0.111111	
515	0.844078	0.277076	0.814815	0.222222	0.037037	0 	0 	0.111111	
11	0.816332	0.281756	0.814815	0.222222	0.037037	0 	0 	0.111111	
428	0.852922	0.332688	0.851852	0.333333	0.037037	0 	0 	-0.111111	
203	0.851925	0.223672	0.851852	0.333333	0.037037	0 	0 	-0.111111	
469	0.907929	0.252076	0.888889	0.222222	0.111111	0 	0 	0.037037	
112	0.956148	0.255944	0.888889	0.222222	0.111111	0 	0 	0.037037	
511	0.890675	0.249775	0.888889	0.222222	0.111111	0 	0 	0.037037	
61	0.985811	0.293586	1	0.259259	-0.111111	0 	0 	0.037037	
337	0.92967	0.277241	1	0.259259	-0.111111	0 	0 	0.037037	
163	0.927118	0.326656	0.888889	0.296296	0.111111	0 	0 	0.037037	
286	0.971516	0.315039	0.888889	0.296296	0.111111	0 	0 	0.037037	
383	0.989811	0.359427	1	0.333333	-0.037037	0 	0 	0.111111	
104	0.976733	0.424588	1	0.333333	-0.037037	0 	0 	0.111111	
434	0.957988	0.422355	0.962963	0.444444	-0.037037	0 	0 	-0.111111	
236	0.95801	0.368257	0.962963	0.444444	-0.037037	0 	0 	-0.111111	
53	0.902182	0.347345	0.925926	0.333333	-0.037037	0 	0 	0.111111	
251	0.925848	0.33975	0.925926	0.333333	-0.037037	0 	0 	0.111111	
557	0.891312	0.441886	0.925926	0.333333	-0.037037	0 	0 	0.111111	
408	0.917112	0.480842	0.888889	0.444444	0.111111	0 	0 	0.037037	
159	0.930627	0.455568	0.888889	0.444444	0.111111	0 	0 	0.037037	
522	0.989275	0.463822	0.888889	0.444444	0.111111	0 	0 	0.037037	
18	0.986004	0.502597	1	0.481481	-0.111111	0 	0 	0.037037	
357	0.940861	0.504086	1	0.481481	-0.111111	0 	0 	0.037037	
210	0.898169	0.542586	0.888889	0.518519	0.111111	0 	0 	0.037037	
582	0.899398	0.537702	0.888889	0.518519	0.111111	0 	0 	0.037037	
297	0.975988	0.549283	0.888889	0.518519	0.111111	0 	0 	0.037037	
187	0.990587	0.58045	1	0.555556	-0.037037	0 	0 	0.111111	
466	0.975439	0.616027	1	0.555556	-0.037037	0 	0 	0.111111	
76	0.958131	0.633142	0.962963	0.666667	-0.037037	0 	0 	-0.111111	
499	0.941633	0.601868	0.962963	0.666667	-0.037037	0 	0 	-0.111111	
274	0.930252	0.571354	0.962963	0.666667	-0.037037	0 	0 	-0.111111	
127	0.911975	0.607538	0.925926	0.555556	-0.037037	0 	0 	0.111111	
325	0.897691	0.643185	0.925926	0.555556	-0.037037	0 	0 	0.111111	
140	0.878504	0.630506	0.888889	0.666667	-0.111111	0 	0 	-0.037037	
416	0.832866	0.661629	0.888889	0.666667	-0.111111	0 	0 	-0.037037	
539	0.80318	0.651211	0.888889	0.666667	-0.111111	0 	0 	-0.037037	
314	0.777992	0.624263	0.777778	0.62963	0.111111	0 	0 	-0.037037	
191	0.824888	0.593886	0.777778	0.62963	0.111111	0 	0 	-0.037037	
365	0.87116	0.583157	0.888889	0.592593	-0.111111	0 	0 	-0.037037	
8	0.778399	0.556293	0.888889	0.592593	-0.111111	0 	0 	-0.037037	
388	0.813673	0.525215	0.777778	0.555556	0.037037	0 	0 	-0.111111	
82	0.791445	0.497461	0.777778	0.555556	0.037037	0 	0 	-0.111111	
256	0.840041	0.452278	0.814815	0.444444	0.037037	0 	0 	0.111111	
562	0.82983	0.513808	0.814815	0.444444	0.037037	0 	0 	0.111111	
31	0.833627	0.543862	0.814815	0.444444	0.037037	0 	0 	0.111111	
448	0.886145	0.492455	0.851852	0.555556	0.037037	0 	0 	-0.111111	
223	0.870767	0.460713	0.851852	0.555556	0.037037	0 	0 	-0.111111	
279	0.846898	0.408528	0.888889	0.444444	-0.111111	0 	0 	-0.037037	
165	0.808261	0.436834	0.888889	0.444444	-0.111111	0 	0 	-0.037037	
339	0.819687	0.387781	0.777778	0.407407	0.111111	0 	0 	-0.037037	
54	0.877408	0.392497	0.777778	0.407407	0.111111	0 	0 	-0.037037	
504	0.875555	0.335898	0.888889	0.37037	-0.111111	0 	0 	-0.037037	
114	0.871067	0.369243	0.888889	0.37037	-0.111111	0 	0 	-0.037037	
471	0.78738	0.356653	0.888889	0.37037	-0.111111	0 	0 	-0.037037	
205	0.768192	0.403064	0.777778	0.333333	-0.037037	0 	0 	0.111111	
430	0.766052	0.407422	0.777778	0.333333	-0.037037	0 	0 	0.111111	
13	0.740313	0.4442	0.740741	0.444444	-0.037037	0 	0 	-0.111111	
517	0.734976	0.403092	0.740741	0.444444	-0.037037	0 	0 	-0.111111	
319	0.719338	0.365079	0.740741	0.444444	-0.037037	0 	0 	-0.111111	
568	0.694387	0.353005	0.703704	0.333333	-0.037037	0 	0 	0.111111	
145	0.670146	0.381733	0.703704	0.333333	-0.037037	0 	0 	0.111111	
370	0.698489	0.429419	0.703704	0.333333	-0.037037	0 	0 	0.111111	
71	0.674521	0.480977	0.666667	0.444444	0.111111	0 	0 	0.037037	
347	0.746498	0.459457	0.666667	0.444444	0.111111	0 	0 	0.037037	
173	0.758914	0.487246	0.777778	0.481481	-0.111111	0 	0 	0.037037	
296	0.667647	0.502313	0.777778	0.481481	-0.111111	0 	0 	0.037037	
494	0.680791	0.530306	0.666667	0.518519	0.111111	0 	0 	0.037037	
479	0.680659	0.533757	0.666667	0.518519	0.111111	0 	0 	0.037037	
122	0.769071	0.550007	0.666667	0.518519	0.111111	0 	0 	0.037037	
540	0.741807	0.591009	0.777778	0.555556	-0.037037	0 	0 	0.111111	
36	0.774081	0.555865	0.777778	0.555556	-0.037037	0 	0 	0.111111	
261	0.768906	0.632919	0.777778	0.555556	-0.037037	0 	0 	0.111111	
402	0.731352	0.654968	0.740741	0.666667	-0.037037	0 	0 	-0.111111	
96	0.720998	0.576134	0.740741	0.666667	-0.037037	0 	0 	-0.111111	
453	0.693258	0.574128	0.703704	0.555556	-0.037037	0 	0 	0.111111	
228	0.685222	0.645807	0.703704	0.555556	-0.037037	0 	0 	0.111111	
125	0.659145	0.648006	0.666667	0.666667	-0.111111	0 	0 	-0.037037	
482	0.658609	0.642809	0.666667	0.666667	-0.111111	0 	0 	-0.037037	
488	0.567926	0.640356	0.666667	0.666667	-0.111111	0 	0 	-0.037037	
290	0.573052	0.629075	0.555556	0.62963	0.111111	0 	0 	-0.037037	
176	0.626469	0.621663	0.555556	0.62963	0.111111	0 	0 	-0.037037	
350	0.652472	0.579513	0.666667	0.592593	-0.111111	0 	0 	-0.037037	
65	0.580967	0.579959	0.666667	0.592593	-0.111111	0 	0 	-0.037037	
525	0.545863	0.579549	0.555556	0.555556	-0.037037	0 	0 	0.111111	
21	0.553976	0.62616	0.555556	0.555556	-0.037037	0 	0 	0.111111	
300	0.536788	0.665927	0.555556	0.555556	-0.037037	0 	0 	0.111111	
576	0.513167	0.6634	0.518519	0.666667	-0.037037	0 	0 	-0.111111	
351	0.49646	0.621726	0.518519	0.666667	-0.037037	0 	0 	-0.111111	
153	0.486213	0.560632	0.518519	0.666667	-0.037037	0 	0 	-0.111111	
411	0.476707	0.55878	0.481481	0.555556	-0.037037	0 	0 	0.111111	
213	0.450859	0.635262	0.481481	0.555556	-0.037037	0 	0 	0.111111	
34	0.43054	0.658871	0.444444	0.666667	-0.111111	0 	0 	-0.037037	
391	0.362458	0.631118	0.444444	0.666667	-0.111111	0 	0 	-0.037037	
85	0.349083	0.610098	0.333333	0.62963	0.111111	0 	0 	-0.037037	
565	0.371353	0.623379	0.333333	0.62963	0.111111	0 	0 	-0.037037	
442	0.440123	0.606375	0.333333	0.62963	0.111111	0 	0 	-0.037037	
217	0.427071	0.592505	0.444444	0.592593	-0.111111	0 	0 	-0.037037	
259	0.393512	0.565248	0.444444	0.592593	-0.111111	0 	0 	-0.037037	
168	0.333381	0.541203	0.333333	0.555556	0.037037	0 	0 	-0.111111	
474	0.347411	0.462933	0.333333	0.555556	0.037037	0 	0 	-0.111111	
108	0.397979	0.473965	0.37037	0.444444	0.037037	0 	0 	0.111111	
333	0.375111	0.498287	0.37037	0.444444	0.037037	0 	0 	0.111111	
282	0.407765	0.541868	0.407407	0.555556	0.037037	0 	0 	-0.111111	
57	0.432686	0.50581	0.407407	0.555556	0.037037	0 	0 	-0.111111	
507	0.426404	0.45543	0.407407	0.555556	0.037037	0 	0 	-0.111111	
47	0.459293	0.469203	0.444444	0.444444	0.111111	0 	0 	0.037037	
386	0.549501	0.448209	0.444444	0.444444	0.111111	0 	0 	0.037037	
239	0.502024	0.495305	0.555556	0.481481	-0.111111	0 	0 	0.037037	
245	0.470508	0.48834	0.555556	0.481481	-0.111111	0 	0 	0.037037	
551	0.447784	0.545852	0.444444	0.518519	0.111111	0 	0 	0.037037	
437	0.514976	0.530249	0.444444	0.518519	0.111111	0 	0 	0.037037	
107	0.535146	0.540387	0.444444	0.518519	0.111111	0 	0 	0.037037	
373	0.569376	0.545705	0.555556	0.555556	0.037037	0 	0 	-0.111111	
148	0.555631	0.493868	0.555556	0.555556	0.037037	0 	0 	-0.111111	
571	0.586517	0.460322	0.555556	0.555556	0.037037	0 	0 	-0.111111	
322	0.595799	0.458482	0.592593	0.444444	0.037037	0 	0 	0.111111	
520	0.616367	0.503414	0.592593	0.444444	0.037037	0 	0 	0.111111	
16	0.602707	0.520019	0.592593	0.444444	0.037037	0 	0 	0.111111	
424	0.657447	0.521661	0.62963	0.555556	0.037037	0 	0 	-0.111111	
199	0.63705	0.458896	0.62963	0.555556	0.037037	0 	0 	-0.111111	
264	0.664159	0.432986	0.666667	0.444444	-0.111111	0 	0 	-0.037037	
231	0.576593	0.425661	0.666667	0.444444	-0.111111	0 	0 	-0.037037	
396	0.569167	0.378533	0.555556	0.407407	0.111111	0 	0 	-0.037037	
39	0.63845	0.383622	0.555556	0.407407	0.111111	0 	0 	-0.037037	
543	0.661268	0.369102	0.666667	0.37037	-0.111111	0 	0 	-0.037037	
90	0.607891	0.352859	0.666667	0.37037	-0.111111	0 	0 	-0.037037	
456	0.589324	0.344133	0.666667	0.37037	-0.111111	0 	0 	-0.037037	
181	0.55094	0.339774	0.555556	0.333333	-0.037037	0 	0 	0.111111	
460	0.528027	0.393852	0.555556	0.333333	-0.037037	0 	0 	0.111111	
79	0.513982	0.436504	0.518519	0.444444	-0.037037	0 	0 	-0.111111	
502	0.495915	0.380542	0.518519	0.444444	-0.037037	0 	0 	-0.111111	
277	0.482488	0.352147	0.518519	0.444444	-0.037037	0 	0 	-0.111111	
130	0.476412	0.396855	0.481481	0.333333	-0.037037	0 	0 	0.111111	
328	0.447678	0.424599	0.481481	0.333333	-0.037037	0 	0 	0.111111	
143	0.410215	0.411949	0.444444	0.444444	-0.111111	0 	0 	-0.037037	
419	0.391568	0.442606	0.444444	0.444444	-0.111111	0 	0 	-0.037037	
533	0.359095	0.431126	0.444444	0.444444	-0.111111	0 	0 	-0.037037	
308	0.344334	0.388645	0.333333	0.407407	0.111111	0 	0 	-0.037037	
194	0.378487	0.375925	0.333333	0.407407	0.111111	0 	0 	-0.037037	
368	0.430486	0.359338	0.444444	0.37037	-0.111111	0 	0 	-0.037037	
2	0.333524	0.336106	0.444444	0.37037	-0.111111	0 	0 	-0.037037	
220	0.333303	0.336186	0.333333	0.333333	-0.037037	0 	0 	0.111111	
445	0.333067	0.367848	0.333333	0.333333	-0.037037	0 	0 	0.111111	
28	0.290948	0.431526	0.296296	0.444444	-0.037037	0 	0 	-0.111111	
559	0.262879	0.403006	0.296296	0.444444	-0.037037	0 	0 	-0.111111	
253	0.286265	0.337396	0.296296	0.444444	-0.037037	0 	0 	-0.111111	
88	0.239646	0.387857	0.259259	0.333333	-0.037037	0 	0 	0.111111	
394	0.258844	0.389996	0.259259	0.333333	-0.037037	0 	0 	0.111111	
5	0.237506	0.470369	0.222222	0.444444	0.111111	0 	0 	0.037037	
362	0.314354	0.471042	0.222222	0.444444	0.111111	0 	0 	0.037037	
197	0.269839	0.485559	0.333333	0.481481	-0.111111	0 	0 	0.037037	
311	0.315955	0.491294	0.333333	0.481481	-0.111111	0 	0 	0.037037	
536	0.253718	0.536741	0.222222	0.518519	0.111111	0 	0 	0.037037	
422	0.238812	0.527835	0.222222	0.518519	0.111111	0 	0 	0.037037	
137	0.299299	0.528113	0.222222	0.518519	0.111111	0 	0 	0.037037	
510	0.3286	0.565629	0.333333	0.555556	-0.037037	0 	0 	0.111111	
60	0.328475	0.589959	0.333333	0.555556	-0.037037	0 	0 	0.111111	
285	0.298496	0.648966	0.333333	0.555556	-0.037037	0 	0 	0.111111	
336	0.263951	0.609917	0.296296	0.666667	-0.037037	0 	0 	-0.111111	
111	0.291229	0.590784	0.296296	0.666667	-0.037037	0 	0 	-0.111111	
468	0.253957	0.574498	0.259259	0.555556	-0.037037	0 	0 	0.111111	
162	0.253641	0.657582	0.259259	0.555556	-0.037037	0 	0 	0.111111	
10	0.149426	0.6304	0.222222	0.666667	-0.111111	0 	0 	-0.037037	
376	0.12749	0.655811	0.222222	0.666667	-0.111111	0 	0 	-0.037037	
151	0.11401	0.5926	0.111111	0.62963	0.111111	0 	0 	-0.037037	
514	0.176268	0.616861	0.111111	0.62963	0.111111	0 	0 	-0.037037	
427	0.208087	0.629232	0.111111	0.62963	0.111111	0 	0 	-0.037037	
202	0.207547	0.587001	0.222222	0.592593	-0.111111	0 	0 	-0.037037	
316	0.157642	0.586883	0.222222	0.592593	-0.111111	0 	0 	-0.037037	
574	0.221796	0.592183	0.222222	0.592593	-0.111111	0 	0 	-0.037037	
225	0.114127	0.525057	0.111111	0.555556	0.037037	0 	0 	-0.111111	
450	0.144687	0.455298	0.111111	0.555556	0.037037	0 	0 	-0.111111	
93	0.148703	0.491152	0.148148	0.444444	0.037037	0 	0 	0.111111	
399	0.17788	0.484203	0.148148	0.444444	0.037037	0 	0 	0.111111	
267	0.185495	0.541674	0.185185	0.555556	0.037037	0 	0 	-0.111111	
42	0.199633	0.493016	0.185185	0.555556	0.037037	0 	0 	-0.111111	
546	0.190365	0.476131	0.185185	0.555556	0.037037	0 	0 	-0.111111	
119	0.20542	0.430249	0.222222	0.444444	-0.111111	0 	0 	-0.037037	
485	0.155211	0.430763	0.222222	0.444444	-0.111111	0 	0 	-0.037037	
491	0.12474	0.416311	0.222222	0.444444	-0.111111	0 	0 	-0.037037	
293	0.12743	0.398122	0.111111	0.407407	0.111111	0 	0 	-0.037037	
179	0.183214	0.392686	0.111111	0.407407	0.111111	0 	0 	-0.037037	
344	0.195205	0.347173	0.222222	0.37037	-0.111111	0 	0 	-0.037037	
68	0.221636	0.366057	0.222222	0.37037	-0.111111	0 	0 	-0.037037	
528	0.096666	0.375941	0.111111	0.333333	-0.037037	0 	0 	0.111111	
24	0.0999906	0.352513	0.111111	0.333333	-0.037037	0 	0 	0.111111	
303	0.0824804	0.440891	0.111111	0.333333	-0.037037	0 	0 	0.111111	
579	0.055521	0.424166	0.0740741	0.444444	-0.037037	0 	0 	-0.111111	
354	0.0549717	0.399323	0.0740741	0.444444	-0.037037	0 	0 	-0.111111	
156	0.0414729	0.341626	0.0740741	0.444444	-0.037037	0 	0 	-0.111111	
405	0.0321275	0.370184	0.037037	0.333333	-0.037037	0 	0 	0.111111	
207	0.0322848	0.335761	0.037037	0.333333	-0.037037	0 	0 	0.111111	
271	0.0281343	0.466426	0	0.444444	0.111111	0 	0 	0.037037	
184	0.107198	0.475602	0	0.444444	0.111111	0 	0 	0.037037	
463	0.0842252	0.509553	0.111111	0.481481	-0.111111	0 	0 	0.037037	
496	0.055396	0.490863	0.111111	0.481481	-0.111111	0 	0 	0.037037	
133	0.0276313	0.507038	0.111111	0.481481	-0.111111	0 	0 	0.037037	
331	0.0057916	0.532618	0	0.518519	0.111111	0 	0 	0.037037	
73	0.0652704	0.541694	0	0.518519	0.111111	0 	0 	0.037037	
380	0.11072	0.558291	0.111111	0.555556	-0.037037	0 	0 	0.111111	
101	0.0948768	0.641813	0.111111	0.555556	-0.037037	0 	0 	0.111111	
440	0.0688663	0.634756	0.0740741	0.666667	-0.037037	0 	0 	-0.111111	
242	0.0646727	0.608617	0.0740741	0.666667	-0.037037	0 	0 	-0.111111	
50	0.0134647	0.569158	0.037037	0.555556	-0.037037	0 	0 	0.111111	
248	0.0317176	0.580248	0.037037	0.555556	-0.037037	0 	0 	0.111111	
554	0.00374823	0.665791	0.037037	0.555556	-0.037037	0 	0 	0.111111	
567	0.0280466	0.687199	0	0.666667	0.111111	0 	0 	0.037037	
318	0.0471272	0.694742	0	0.666667	0.111111	0 	0 	0.037037	
204	0.0790474	0.671565	0	0.666667	0.111111	0 	0 	0.037037	
429	0.101415	0.740631	0.111111	0.703704	-0.111111	0 	0 	0.037037	
516	0.0668709	0.733121	0.111111	0.703704	-0.111111	0 	0 	0.037037	
144	0.111096	0.720551	0.111111	0.703704	-0.111111	0 	0 	0.037037	
369	0.00208668	0.745427	0	0.740741	0.111111	0 	0 	0.037037	
12	0.037037	0.740741	0	0.740741	0.111111	0 	0 	0.037037	
167	0.144033	0.769547	0.111111	0.777778	0.037037	0 	0 	-0.111111	
473	0.120915	0.679861	0.111111	0.777778	0.037037	0 	0 	-0.111111	
116	0.176045	0.698984	0.148148	0.666667	0.037037	0 	0 	0.111111	
341	0.155597	0.719497	0.148148	0.666667	0.037037	0 	0 	0.111111	
281	0.185307	0.758509	0.185185	0.777778	0.037037	0 	0 	-0.111111	
56	0.207614	0.721746	0.185185	0.777778	0.037037	0 	0 	-0.111111	
506	0.206796	0.681691	0.185185	0.777778	0.037037	0 	0 	-0.111111	
52	0.222722	0.670922	0.222222	0.666667	0.111111	0 	0 	0.037037	
382	0.325203	0.67051	0.222222	0.666667	0.111111	0 	0 	0.037037	
235	0.277431	0.710144	0.333333	0.703704	-0.111111	0 	0 	0.037037	
250	0.313939	0.708373	0.333333	0.703704	-0.111111	0 	0 	0.037037	
556	0.238888	0.750465	0.222222	0.740741	0.111111	0 	0 	0.037037	
433	0.236296	0.748692	0.222222	0.740741	0.111111	0 	0 	0.037037	
103	0.309901	0.759815	0.222222	0.740741	0.111111	0 	0 	0.037037	
524	0.323182	0.796372	0.333333	0.777778	-0.037037	0 	0 	0.111111	
20	0.295583	0.814823	0.333333	0.777778	-0.037037	0 	0 	0.111111	
299	0.310786	0.884973	0.333333	0.777778	-0.037037	0 	0 	0.111111	
584	0.278905	0.846379	0.296296	0.888889	-0.037037	0 	0 	-0.111111	
359	0.284976	0.888795	0.296296	0.888889	-0.037037	0 	0 	-0.111111	
161	0.263374	0.786008	0.296296	0.888889	-0.037037	0 	0 	-0.111111	
410	0.245123	0.81137	0.259259	0.777778	-0.037037	0 	0 	0.111111	
212	0.231058	0.857412	0.259259	0.777778	-0.037037	0 	0 	0.111111	
30	0.162287	0.864921	0.222222	0.888889	-0.111111	0 	0 	-0.037037	
387	0.14075	0.853466	0.222222	0.888889	-0.111111	0 	0 	-0.037037	
81	0.117993	0.835036	0.111111	0.851852	0.111111	0 	0 	-0.037037	
561	0.151191	0.850987	0.111111	0.851852	0.111111	0 	0 	-0.037037	
447	0.218391	0.826063	0.111111	0.851852	0.111111	0 	0 	-0.037037	
222	0.207901	0.811934	0.222222	0.814815	-0.111111	0 	0 	-0.037037	
255	0.166652	0.790425	0.222222	0.814815	-0.111111	0 	0 	-0.037037	
346	0.109873	0.791853	0.111111	0.777778	-0.037037	0 	0 	0.111111	
121	0.105348	0.875641	0.111111	0.777778	-0.037037	0 	0 	0.111111	
478	0.0696181	0.874669	0.0740741	0.888889	-0.037037	0 	0 	-0.111111	
172	0.0736619	0.832942	0.0740741	0.888889	-0.037037	0 	0 	-0.111111	
70	0.0368314	0.803453	0.037037	0.777778	-0.037037	0 	0 	0.111111	
295	0.0368498	0.806642	0.037037	0.777778	-0.037037	0 	0 	0.111111	
493	0.0180837	0.859598	0.037037	0.777778	-0.037037	0 	0 	0.111111	
455	0.036207	0.902648	0	0.888889	0.111111	0 	0 	0.037037	
98	0.053466	0.912254	0	0.888889	0.111111	0 	0 	0.037037	
542	0.0772922	0.922997	0	0.888889	0.111111	0 	0 	0.037037	
38	0.0919782	0.954249	0.111111	0.925926	-0.111111	0 	0 	0.037037	
404	0.068428	0.926609	0.111111	0.925926	-0.111111	0 	0 	0.037037	
230	7.54879e-05	0.963285	0	0.962963	0.111111	0 	0 	0.037037	
263	0.00652646	0.972276	0	0.962963	0.111111	0 	0 	0.037037	
538	0.116159	0.980948	0.111111	1	0.037037	0 	0 	-0.111111	
313	0.125909	0.962853	0.111111	1	0.037037	0 	0 	-0.111111	
7	0.1114	0.891229	0.111111	1	0.037037	0 	0 	-0.111111	
190	0.161189	0.933992	0.148148	0.888889	0.037037	0 	0 	0.111111	
415	0.171383	0.999452	0.148148	0.888889	0.037037	0 	0 	0.111111	
139	0.197453	0.977867	0.185185	1	0.037037	0 	0 	-0.111111	
364	0.194393	0.910492	0.185185	1	0.037037	0 	0 	-0.111111	
273	0.264055	0.913167	0.222222	0.888889	0.111111	0 	0 	0.037037	
186	0.235271	0.889022	0.222222	0.888889	0.111111	0 	0 	0.037037	
465	0.323188	0.940236	0.333333	0.925926	-0.111111	0 	0 	0.037037	
498	0.3191	0.936436	0.333333	0.925926	-0.111111	0 	0 	0.037037	
126	0.251926	0.958453	0.333333	0.925926	-0.111111	0 	0 	0.037037	
324	0.236438	0.979551	0.222222	0.962963	0.111111	0 	0 	0.037037	
75	0.235859	0.963559	0.222222	0.962963	0.111111	0 	0 	0.037037	
553	0.333595	0.971397	0.333333	1	0.037037	0 	0 	-0.111111	
247	0.338301	0.941856	0.333333	1	0.037037	0 	0 	-0.111111	
49	0.356602	0.90252	0.333333	1	0.037037	0 	0 	-0.111111	
241	0.391643	0.944106	0.37037	0.888889	0.037037	0 	0 	0.111111	
439	0.398373	0.965884	0.37037	0.888889	0.037037	0 	0 	0.111111	
100	0.422612	0.981847	0.407407	1	0.037037	0 	0 	-0.111111	
379	0.413641	0.987041	0.407407	1	0.037037	0 	0 	-0.111111	
72	0.388429	0.876976	0.444444	0.888889	-0.111111	0 	0 	-0.037037	
330	0.339045	0.867694	0.444444	0.888889	-0.111111	0 	0 	-0.037037	
132	0.363832	0.849813	0.333333	0.851852	0.111111	0 	0 	-0.037037	
495	0.389482	0.823937	0.333333	0.851852	0.111111	0 	0 	-0.037037	
462	0.418763	0.837216	0.333333	0.851852	0.111111	0 	0 	-0.037037	
183	0.429515	0.805343	0.444444	0.814815	-0.111111	0 	0 	-0.037037	
270	0.368462	0.795769	0.444444	0.814815	-0.111111	0 	0 	-0.037037	
209	0.338372	0.763421	0.333333	0.777778	0.037037	0 	0 	-0.111111	
407	0.353536	0.708542	0.333333	0.777778	0.037037	0 	0 	-0.111111	
158	0.370464	0.669192	0.37037	0.666667	0.037037	0 	0 	0.111111	
356	0.385267	0.733576	0.37037	0.666667	0.037037	0 	0 	0.111111	
581	0.402497	0.756774	0.37037	0.666667	0.037037	0 	0 	0.111111	
305	0.416784	0.771145	0.407407	0.777778	0.037037	0 	0 	-0.111111	
26	0.407407	0.703704	0.407407	0.777778	0.037037	0 	0 	-0.111111	
530	0.431062	0.684449	0.407407	0.777778	0.037037	0 	0 	-0.111111	
67	0.474275	0.690126	0.444444	0.666667	0.111111	0 	0 	0.037037	
343	0.524466	0.681531	0.444444	0.666667	0.111111	0 	0 	0.037037	
178	0.512838	0.732218	0.555556	0.703704	-0.111111	0 	0 	0.037037	
292	0.445816	0.722908	0.555556	0.703704	-0.111111	0 	0 	0.037037	
490	0.446708	0.760034	0.444444	0.740741	0.111111	0 	0 	0.037037	
484	0.48772	0.768938	0.444444	0.740741	0.111111	0 	0 	0.037037	
118	0.547325	0.773663	0.444444	0.740741	0.111111	0 	0 	0.037037	
548	0.555408	0.816891	0.555556	0.777778	-0.037037	0 	0 	0.111111	
44	0.555309	0.819597	0.555556	0.777778	-0.037037	0 	0 	0.111111	
269	0.545889	0.867424	0.555556	0.777778	-0.037037	0 	0 	0.111111	
401	0.518272	0.861603	0.518519	0.888889	-0.037037	0 	0 	-0.111111	
95	0.499072	0.800178	0.518519	0.888889	-0.037037	0 	0 	-0.111111	
452	0.471838	0.824168	0.481481	0.777778	-0.037037	0 	0 	0.111111	
227	0.462744	0.865087	0.481481	0.777778	-0.037037	0 	0 	0.111111	
573	0.444563	0.893136	0.444444	0.888889	0.111111	0 	0 	0.037037	
315	0.458615	0.889059	0.444444	0.888889	0.111111	0 	0 	0.037037	
201	0.52838	0.890764	0.444444	0.888889	0.111111	0 	0 	0.037037	
426	0.537579	0.935254	0.555556	0.925926	-0.111111	0 	0 	0.037037	
513	0.513607	0.946266	0.555556	0.925926	-0.111111	0 	0 	0.037037	
150	0.450183	0.935862	0.555556	0.925926	-0.111111	0 	0 	0.037037	
375	0.472818	0.998585	0.444444	0.962963	0.111111	0 	0 	0.037037	
9	0.48007	0.963058	0.444444	0.962963	0.111111	0 	0 	0.037037	
164	0.557085	0.972955	0.555556	1	0.037037	0 	0 	-0.111111	
470	0.564832	0.966277	0.555556	1	0.037037	0 	0 	-0.111111	
113	0.592677	0.921772	0.592593	0.888889	0.037037	0 	0 	0.111111	
338	0.59562	0.940796	0.592593	0.888889	0.037037	0 	0 	0.111111	
287	0.629857	0.97278	0.62963	1	0.037037	0 	0 	-0.111111	
62	0.634327	0.971245	0.62963	1	0.037037	0 	0 	-0.111111	
512	0.63467	0.894953	0.62963	1	0.037037	0 	0 	-0.111111	
136	0.632102	0.860772	0.666667	0.888889	-0.111111	0 	0 	-0.037037	
421	0.650071	0.853661	0.666667	0.888889	-0.111111	0 	0 	-0.037037	
535	0.644281	0.856438	0.666667	0.888889	-0.111111	0 	0 	-0.037037	
310	0.571582	0.837788	0.555556	0.851852	0.111111	0 	0 	-0.037037	
196	0.598273	0.819507	0.555556	0.851852	0.111111	0 	0 	-0.037037	
586	0.668743	0.83203	0.555556	0.851852	0.111111	0 	0 	-0.037037	
361	0.666028	0.795814	0.666667	0.814815	-0.111111	0 	0 	-0.037037	
4	0.554868	0.779815	0.666667	0.814815	-0.111111	0 	0 	-0.037037	
393	0.584603	0.742152	0.555556	0.777778	0.037037	0 	0 	-0.111111	
87	0.568184	0.720422	0.555556	0.777778	0.037037	0 	0 	-0.111111	
252	0.6147	0.671299	0.592593	0.666667	0.037037	0 	0 	0.111111	
558	0.606509	0.753002	0.592593	0.666667	0.037037	0 	0 	0.111111	
27	0.601214	0.682641	0.592593	0.666667	0.037037	0 	0 	0.111111	
444	0.667019	0.714491	0.62963	0.777778	0.037037	0 	0 	-0.111111	
219	0.649372	0.682301	0.62963	0.777778	0.037037	0 	0 	-0.111111	
1	0.689102	0.673742	0.666667	0.666667	0.111111	0 	0 	0.037037	
367	0.755893	0.69385	0.666667	0.666667	0.111111	0 	0 	0.037037	
193	0.760641	0.71432	0.777778	0.703704	-0.111111	0 	0 	0.037037	
307	0.682768	0.734429	0.777778	0.703704	-0.111111	0 	0 	0.037037	
532	0.689171	0.746789	0.666667	0.740741	0.111111	0 	0 	0.037037	
418	0.722513	0.773973	0.666667	0.740741	0.111111	0 	0 	0.037037	
142	0.74533	0.745302	0.666667	0.740741	0.111111	0 	0 	0.037037	
327	0.782445	0.747689	0.777778	0.777778	0.037037	0 	0 	-0.111111	
129	0.807501	0.735644	0.777778	0.777778	0.037037	0 	0 	-0.111111	
276	0.826803	0.667544	0.814815	0.666667	0.037037	0 	0 	0.111111	
501	0.826134	0.713971	0.814815	0.666667	0.037037	0 	0 	0.111111	
78	0.840454	0.766818	0.814815	0.666667	0.037037	0 	0 	0.111111	
459	0.867748	0.73758	0.851852	0.777778	0.037037	0 	0 	-0.111111	
180	0.884418	0.69718	0.851852	0.777778	0.037037	0 	0 	-0.111111	
458	0.919185	0.696396	0.888889	0.666667	0.111111	0 	0 	0.037037	
92	0.942083	0.685166	0.888889	0.666667	0.111111	0 	0 	0.037037	
545	0.889153	0.699394	0.888889	0.666667	0.111111	0 	0 	0.037037	
41	0.982824	0.73614	1	0.703704	-0.111111	0 	0 	0.037037	
398	0.964712	0.708663	1	0.703704	-0.111111	0 	0 	0.037037	
233	0.893737	0.750014	0.888889	0.740741	0.111111	0 	0 	0.037037	
266	0.986147	0.74401	0.888889	0.740741	0.111111	0 	0 	0.037037	
198	0.989811	0.778297	1	0.777778	-0.037037	0 	0 	0.111111	
423	0.985737	0.841987	1	0.777778	-0.037037	0 	0 	0.111111	
15	0.928827	0.851208	0.962963	0.888889	-0.037037	0 	0 	-0.111111	
519	0.958171	0.838182	0.962963	0.888889	-0.037037	0 	0 	-0.111111	
321	0.933102	0.809085	0.962963	0.888889	-0.037037	0 	0 	-0.111111	
570	0.911572	0.785685	0.925926	0.777778	-0.037037	0 	0 	0.111111	
147	0.892809	0.822835	0.925926	0.777778	-0.037037	0 	0 	0.111111	
372	0.911872	0.888219	0.925926	0.777778	-0.037037	0 	0 	0.111111	
106	0.888738	0.885379	0.888889	0.888889	-0.111111	0 	0 	-0.037037	
436	0.849586	0.864158	0.888889	0.888889	-0.111111	0 	0 	-0.037037	
550	0.778203	0.884316	0.888889	0.888889	-0.111111	0 	0 	-0.037037	
244	0.808399	0.828427	0.777778	0.851852	0.111111	0 	0 	-0.037037	
238	0.836972	0.837269	0.777778	0.851852	0.111111	0 	0 	-0.037037	
385	0.888888	0.783881	0.888889	0.814815	-0.111111	0 	0 	-0.037037	
46	0.791654	0.792407	0.888889	0.814815	-0.111111	0 	0 	-0.037037	
509	0.756856	0.787742	0.777778	0.777778	-0.037037	0 	0 	0.111111	
59	0.768273	0.867387	0.777778	0.777778	-0.037037	0 	0 	0.111111	
284	0.744618	0.87254	0.777778	0.777778	-0.037037	0 	0 	0.111111	
335	0.707498	0.83052	0.740741	0.888889	-0.037037	0 	0 	-0.111111	
110	0.734067	0.809729	0.740741	0.888889	-0.037037	0 	0 	-0.111111	
476	0.666565	0.802011	0.703704	0.777778	-0.037037	0 	0 	0.111111	
170	0.703514	0.874939	0.703704	0.777778	-0.037037	0 	0 	0.111111	
258	0.667758	0.92538	0.666667	0.888889	0.111111	0 	0 	0.037037	
216	0.761674	0.904054	0.666667	0.888889	0.111111	0 	0 	0.037037	
441	0.777717	0.958909	0.777778	0.925926	-0.111111	0 	0 	0.037037	
564	0.712113	0.950149	0.777778	0.925926	-0.111111	0 	0 	0.037037	
84	0.685846	0.953267	0.777778	0.925926	-0.111111	0 	0 	0.037037	
390	0.701485	0.967097	0.666667	0.962963	0.111111	0 	0 	0.037037	
33	0.683672	0.993849	0.666667	0.962963	0.111111	0 	0 	0.037037	
215	0.785079	0.968022	0.777778	1	0.037037	0 	0 	-0.111111	
413	0.792127	0.918125	0.777778	1	0.037037	0 	0 	-0.111111	
155	0.824403	0.891858	0.814815	0.888889	0.037037	0 	0 	0.111111	
353	0.830328	0.959787	0.814815	0.888889	0.037037	0 	0 	0.111111	
578	0.847177	0.981447	0.814815	0.888889	0.037037	0 	0 	0.111111	
302	0.866697	0.985742	0.851852	1	0.037037	0 	0 	-0.111111	
23	0.856466	0.90269	0.851852	1	0.037037	0 	0 	-0.111111	
527	0.881013	0.9132	0.851852	1	0.037037	0 	0 	-0.111111	
64	0.920429	0.91291	0.888889	0.888889	0.111111	0 	0 	0.037037	
349	0.967768	0.901808	0.888889	0.888889	0.111111	0 	0 	0.037037	
175	0.969319	0.926041	1	0.925926	-0.111111	0 	0 	0.037037	
289	0.979389	0.926044	1	0.925926	-0.111111	0 	0 	0.037037	
487	0.895059	0.968563	0.888889	0.962963	0.111111	0 	0 	0.037037	
481	0.92727	0.98221	0.888889	0.962963	0.111111	0 	0 	0.037037	
124	0.987221	0.997361	0.888889	0.962963	0.111111	0 	0 	0.037037	
