0	0.0557798	0.00313029	0	0	0.111111	0 	0 	0.037037	
192	0.0408144	0.0409074	0.111111	0.037037	-0.111111	0 	0 	0.037037	
306	0.0119277	0.0706226	0.111111	0.037037	-0.111111	0 	0 	0.037037	
141	0.0817256	0.0808922	0	0.0740741	0.111111	0 	0 	0.037037	
131	0.145055	0.071394	0.111111	0.111111	0.037037	0 	0 	-0.111111	
278	0.162255	0.018414	0.148148	0	0.037037	0 	0 	0.111111	
80	0.167081	0.0977029	0.148148	0	0.037037	0 	0 	0.111111	
182	0.217954	0.0312529	0.185185	0.111111	0.037037	0 	0 	-0.111111	
91	0.27754	0.0161758	0.222222	0	0.111111	0 	0 	0.037037	
40	0.321729	0.0371687	0.333333	0.037037	-0.111111	0 	0 	0.037037	
232	0.230035	0.0744007	0.222222	0.0740741	0.111111	0 	0 	0.037037	
265	0.305792	0.0829104	0.222222	0.0740741	0.111111	0 	0 	0.037037	
200	0.304984	0.125716	0.333333	0.111111	-0.037037	0 	0 	0.111111	
17	0.262644	0.188853	0.296296	0.222222	-0.037037	0 	0 	-0.111111	
149	0.245603	0.139929	0.259259	0.111111	-0.037037	0 	0 	0.111111	
105	0.222196	0.219838	0.222222	0.222222	-0.111111	0 	0 	-0.037037	
243	0.126515	0.164724	0.111111	0.185185	0.111111	0 	0 	-0.037037	
237	0.15329	0.160104	0.111111	0.185185	0.111111	0 	0 	-0.037037	
45	0.20564	0.147582	0.222222	0.148148	-0.111111	0 	0 	-0.037037	
58	0.0971943	0.182615	0.111111	0.111111	-0.037037	0 	0 	0.111111	
283	0.102002	0.111584	0.111111	0.111111	-0.037037	0 	0 	0.111111	
109	0.0693859	0.156642	0.0740741	0.222222	-0.037037	0 	0 	-0.111111	
169	0.0365996	0.196236	0.037037	0.111111	-0.037037	0 	0 	0.111111	
260	0.0278468	0.223679	0	0.222222	0.111111	0 	0 	0.037037	
218	0.0951429	0.240871	0	0.222222	0.111111	0 	0 	0.037037	
86	0.0119572	0.286337	0.111111	0.259259	-0.111111	0 	0 	0.037037	
35	0.0466501	0.321215	0	0.296296	0.111111	0 	0 	0.037037	
214	0.125235	0.297085	0.111111	0.333333	0.037037	0 	0 	-0.111111	
154	0.153155	0.250934	0.148148	0.222222	0.037037	0 	0 	0.111111	
301	0.204307	0.329063	0.185185	0.333333	0.037037	0 	0 	-0.111111	
22	0.190996	0.259191	0.185185	0.333333	0.037037	0 	0 	-0.111111	
63	0.238459	0.236193	0.222222	0.222222	0.111111	0 	0 	0.037037	
174	0.319236	0.260046	0.333333	0.259259	-0.111111	0 	0 	0.037037	
288	0.232243	0.275896	0.333333	0.259259	-0.111111	0 	0 	0.037037	
123	0.246837	0.300144	0.222222	0.296296	0.111111	0 	0 	0.037037	
229	0.339277	0.332888	0.333333	0.333333	0.037037	0 	0 	-0.111111	
97	0.375034	0.223962	0.37037	0.222222	0.037037	0 	0 	0.111111	
262	0.429961	0.30593	0.407407	0.333333	0.037037	0 	0 	-0.111111	
37	0.412067	0.265773	0.407407	0.333333	0.037037	0 	0 	-0.111111	
120	0.427479	0.207103	0.444444	0.222222	-0.111111	0 	0 	-0.037037	
294	0.345448	0.184959	0.333333	0.185185	0.111111	0 	0 	-0.037037	
171	0.405031	0.178365	0.333333	0.185185	0.111111	0 	0 	-0.037037	
69	0.358296	0.128773	0.444444	0.148148	-0.111111	0 	0 	-0.037037	
146	0.356493	0.104339	0.333333	0.111111	0.037037	0 	0 	-0.111111	
320	0.389093	0.0152351	0.37037	0	0.037037	0 	0 	0.111111	
14	0.379687	0.0845869	0.37037	0	0.037037	0 	0 	0.111111	
206	0.419296	0.0691658	0.407407	0.111111	0.037037	0 	0 	-0.111111	
115	0.49949	0.0283562	0.444444	0	0.111111	0 	0 	0.037037	
55	0.525983	0.0546399	0.555556	0.037037	-0.111111	0 	0 	0.037037	
166	0.446499	0.0790138	0.444444	0.0740741	0.111111	0 	0 	0.037037	
280	0.519124	0.0914745	0.444444	0.0740741	0.111111	0 	0 	0.037037	
224	0.549014	0.144694	0.555556	0.111111	-0.037037	0 	0 	0.111111	
32	0.508558	0.213105	0.518519	0.222222	-0.037037	0 	0 	-0.111111	
257	0.501042	0.122567	0.518519	0.222222	-0.037037	0 	0 	-0.111111	
83	0.458215	0.166838	0.481481	0.111111	-0.037037	0 	0 	0.111111	
6	0.462782	0.240227	0.444444	0.222222	0.111111	0 	0 	0.037037	
189	0.538673	0.264114	0.555556	0.259259	-0.111111	0 	0 	0.037037	
312	0.458251	0.284717	0.555556	0.259259	-0.111111	0 	0 	0.037037	
138	0.524433	0.305576	0.444444	0.296296	0.111111	0 	0 	0.037037	
128	0.560366	0.324206	0.555556	0.333333	0.037037	0 	0 	-0.111111	
275	0.593854	0.263928	0.592593	0.222222	0.037037	0 	0 	0.111111	
77	0.602489	0.223206	0.592593	0.222222	0.037037	0 	0 	0.111111	
188	0.664618	0.2517	0.62963	0.333333	0.037037	0 	0 	-0.111111	
298	0.646483	0.211816	0.666667	0.222222	-0.111111	0 	0 	-0.037037	
211	0.561267	0.1862	0.666667	0.222222	-0.111111	0 	0 	-0.037037	
19	0.623672	0.148246	0.555556	0.185185	0.111111	0 	0 	-0.037037	
160	0.597639	0.122057	0.666667	0.148148	-0.111111	0 	0 	-0.037037	
249	0.581493	0.0451631	0.555556	0.111111	0.037037	0 	0 	-0.111111	
51	0.583921	0.00920078	0.555556	0.111111	0.037037	0 	0 	-0.111111	
234	0.620772	0.0337738	0.592593	0	0.037037	0 	0 	0.111111	
102	0.654392	0.101896	0.62963	0.111111	0.037037	0 	0 	-0.111111	
157	0.712024	0.0145399	0.666667	0	0.111111	0 	0 	0.037037	
25	0.73499	0.0372722	0.777778	0.037037	-0.111111	0 	0 	0.037037	
208	0.694995	0.0759766	0.666667	0.0740741	0.111111	0 	0 	0.037037	
304	0.752126	0.110941	0.666667	0.0740741	0.111111	0 	0 	0.037037	
291	0.777959	0.0712108	0.777778	0.111111	0.037037	0 	0 	-0.111111	
66	0.782586	0.0237538	0.777778	0.111111	0.037037	0 	0 	-0.111111	
177	0.848806	0.0612706	0.814815	0	0.037037	0 	0 	0.111111	
117	0.856776	0.0958239	0.851852	0.111111	0.037037	0 	0 	-0.111111	
254	0.916858	0.00226145	0.888889	0	0.111111	0 	0 	0.037037	
221	0.98615	0.0221435	0.888889	0	0.111111	0 	0 	0.037037	
89	0.910591	0.0553807	1	0.037037	-0.111111	0 	0 	0.037037	
29	0.946004	0.075474	0.888889	0.0740741	0.111111	0 	0 	0.037037	
135	0.99985	0.14006	1	0.111111	-0.037037	0 	0 	0.111111	
195	0.958149	0.207702	0.962963	0.222222	-0.037037	0 	0 	-0.111111	
3	0.921778	0.125117	0.925926	0.111111	-0.037037	0 	0 	0.111111	
309	0.921299	0.178734	0.925926	0.111111	-0.037037	0 	0 	0.111111	
268	0.88567	0.222007	0.888889	0.222222	-0.111111	0 	0 	-0.037037	
226	0.799272	0.199467	0.888889	0.222222	-0.111111	0 	0 	-0.037037	
43	0.863735	0.163228	0.777778	0.185185	0.111111	0 	0 	-0.037037	
94	0.888634	0.123594	0.888889	0.148148	-0.111111	0 	0 	-0.037037	
185	0.76846	0.141329	0.777778	0.111111	-0.037037	0 	0 	0.111111	
74	0.728158	0.206737	0.740741	0.222222	-0.037037	0 	0 	-0.111111	
272	0.731316	0.136741	0.740741	0.222222	-0.037037	0 	0 	-0.111111	
134	0.703294	0.178494	0.703704	0.111111	-0.037037	0 	0 	0.111111	
48	0.676988	0.254755	0.666667	0.222222	0.111111	0 	0 	0.037037	
240	0.721916	0.283321	0.777778	0.259259	-0.111111	0 	0 	0.037037	
246	0.733376	0.267013	0.777778	0.259259	-0.111111	0 	0 	0.037037	
99	0.7575	0.321943	0.666667	0.296296	0.111111	0 	0 	0.037037	
152	0.801676	0.333112	0.777778	0.333333	0.037037	0 	0 	-0.111111	
317	0.828223	0.2566	0.814815	0.222222	0.037037	0 	0 	0.111111	
11	0.827746	0.250123	0.814815	0.222222	0.037037	0 	0 	0.111111	
203	0.860999	0.22858	0.851852	0.333333	0.037037	0 	0 	-0.111111	
112	0.959533	0.2533	0.888889	0.222222	0.111111	0 	0 	0.037037	
61	0.994042	0.291853	1	0.259259	-0.111111	0 	0 	0.037037	
163	0.929506	0.326357	0.888889	0.296296	0.111111	0 	0 	0.037037	
286	0.90205	0.301165	0.888889	0.296296	0.111111	0 	0 	0.037037	
104	0.996372	0.430105	1	0.333333	-0.037037	0 	0 	0.111111	
236	0.962798	0.443079	0.962963	0.444444	-0.037037	0 	0 	-0.111111	
53	0.90757	0.34468	0.925926	0.333333	-0.037037	0 	0 	0.111111	
251	0.925351	0.345696	0.925926	0.333333	-0.037037	0 	0 	0.111111	
159	0.944449	0.460828	0.888889	0.444444	0.111111	0 	0 	0.037037	
18	0.95771	0.493232	1	0.481481	-0.111111	0 	0 	0.037037	
210	0.902879	0.55014	0.888889	0.518519	0.111111	0 	0 	0.037037	
297	0.900187	0.551355	0.888889	0.518519	0.111111	0 	0 	0.037037	
187	0.985675	0.563793	1	0.555556	-0.037037	0 	0 	0.111111	
76	0.952448	0.664316	0.962963	0.666667	-0.037037	0 	0 	-0.111111	
274	0.931798	0.572914	0.962963	0.666667	-0.037037	0 	0 	-0.111111	
127	0.912114	0.618603	0.925926	0.555556	-0.037037	0 	0 	0.111111	
140	0.867087	0.656656	0.888889	0.666667	-0.111111	0 	0 	-0.037037	
314	0.785081	0.629622	0.777778	0.62963	0.111111	0 	0 	-0.037037	
191	0.791708	0.624609	0.777778	0.62963	0.111111	0 	0 	-0.037037	
8	0.874583	0.581755	0.888889	0.592593	-0.111111	0 	0 	-0.037037	
82	0.782628	0.481305	0.777778	0.555556	0.037037	0 	0 	-0.111111	
256	0.819524	0.457751	0.814815	0.444444	0.037037	0 	0 	0.111111	
31	0.833527	0.521512	0.814815	0.444444	0.037037	0 	0 	0.111111	
223	0.875616	0.459969	0.851852	0.555556	0.037037	0 	0 	-0.111111	
279	0.846853	0.408682	0.888889	0.444444	-0.111111	0 	0 	-0.037037	
165	0.888656	0.429523	0.888889	0.444444	-0.111111	0 	0 	-0.037037	
54	0.778341	0.398009	0.777778	0.407407	0.111111	0 	0 	-0.037037	
114	0.842391	0.351323	0.888889	0.37037	-0.111111	0 	0 	-0.037037	
205	0.762614	0.417048	0.777778	0.333333	-0.037037	0 	0 	0.111111	
13	0.73985	0.444188	0.740741	0.444444	-0.037037	0 	0 	-0.111111	
319	0.720977	0.360858	0.740741	0.444444	-0.037037	0 	0 	-0.111111	
145	0.689719	0.352718	0.703704	0.333333	-0.037037	0 	0 	0.111111	
71	0.687355	0.472482	0.666667	0.444444	0.111111	0 	0 	0.037037	
173	0.733935	0.51017	0.777778	0.481481	-0.111111	0 	0 	0.037037	
296	0.669332	0.501671	0.777778	0.481481	-0.111111	0 	0 	0.037037	
122	0.764165	0.549396	0.666667	0.518519	0.111111	0 	0 	0.037037	
36	0.753924	0.610193	0.777778	0.555556	-0.037037	0 	0 	0.111111	
261	0.767797	0.637627	0.777778	0.555556	-0.037037	0 	0 	0.111111	
96	0.718374	0.577355	0.740741	0.666667	-0.037037	0 	0 	-0.111111	
228	0.701399	0.652815	0.703704	0.555556	-0.037037	0 	0 	0.111111	
125	0.659222	0.630801	0.666667	0.666667	-0.111111	0 	0 	-0.037037	
290	0.55565	0.614977	0.555556	0.62963	0.111111	0 	0 	-0.037037	
176	0.624443	0.613228	0.555556	0.62963	0.111111	0 	0 	-0.037037	
65	0.577477	0.587444	0.666667	0.592593	-0.111111	0 	0 	-0.037037	
21	0.550303	0.555824	0.555556	0.555556	-0.037037	0 	0 	0.111111	
300	0.522392	0.65678	0.555556	0.555556	-0.037037	0 	0 	0.111111	
153	0.484774	0.567419	0.518519	0.666667	-0.037037	0 	0 	-0.111111	
213	0.449024	0.631961	0.481481	0.555556	-0.037037	0 	0 	0.111111	
34	0.382354	0.640602	0.444444	0.666667	-0.111111	0 	0 	-0.037037	
85	0.337135	0.619895	0.333333	0.62963	0.111111	0 	0 	-0.037037	
217	0.413051	0.568943	0.444444	0.592593	-0.111111	0 	0 	-0.037037	
259	0.402834	0.570961	0.444444	0.592593	-0.111111	0 	0 	-0.037037	
168	0.356516	0.505754	0.333333	0.555556	0.037037	0 	0 	-0.111111	
108	0.375869	0.452669	0.37037	0.444444	0.037037	0 	0 	0.111111	
282	0.418776	0.508201	0.407407	0.555556	0.037037	0 	0 	-0.111111	
57	0.440276	0.506882	0.407407	0.555556	0.037037	0 	0 	-0.111111	
47	0.463635	0.467017	0.444444	0.444444	0.111111	0 	0 	0.037037	
239	0.53419	0.486209	0.555556	0.481481	-0.111111	0 	0 	0.037037	
245	0.470997	0.488579	0.555556	0.481481	-0.111111	0 	0 	0.037037	
107	0.53693	0.536592	0.444444	0.518519	0.111111	0 	0 	0.037037	
148	0.556006	0.46828	0.555556	0.555556	0.037037	0 	0 	-0.111111	
322	0.601594	0.479911	0.592593	0.444444	0.037037	0 	0 	0.111111	
16	0.620462	0.548826	0.592593	0.444444	0.037037	0 	0 	0.111111	
199	0.648598	0.477878	0.62963	0.555556	0.037037	0 	0 	-0.111111	
264	0.666654	0.419673	0.666667	0.444444	-0.111111	0 	0 	-0.037037	
231	0.574805	0.421845	0.666667	0.444444	-0.111111	0 	0 	-0.037037	
39	0.63937	0.383374	0.555556	0.407407	0.111111	0 	0 	-0.037037	
90	0.620532	0.346894	0.666667	0.37037	-0.111111	0 	0 	-0.037037	
181	0.551069	0.358196	0.555556	0.333333	-0.037037	0 	0 	0.111111	
79	0.51732	0.402487	0.518519	0.444444	-0.037037	0 	0 	-0.111111	
277	0.482239	0.353478	0.518519	0.444444	-0.037037	0 	0 	-0.111111	
130	0.481196	0.347265	0.481481	0.333333	-0.037037	0 	0 	0.111111	
143	0.430462	0.409967	0.444444	0.444444	-0.111111	0 	0 	-0.037037	
308	0.34716	0.406689	0.333333	0.407407	0.111111	0 	0 	-0.037037	
194	0.383418	0.378069	0.333333	0.407407	0.111111	0 	0 	-0.037037	
2	0.335261	0.336591	0.444444	0.37037	-0.111111	0 	0 	-0.037037	
220	0.33278	0.368766	0.333333	0.333333	-0.037037	0 	0 	0.111111	
28	0.295427	0.430214	0.296296	0.444444	-0.037037	0 	0 	-0.111111	
253	0.28511	0.340472	0.296296	0.444444	-0.037037	0 	0 	-0.111111	
88	0.245128	0.360638	0.259259	0.333333	-0.037037	0 	0 	0.111111	
5	0.222222	0.444444	0.222222	0.444444	0.111111	0 	0 	0.037037	
197	0.281591	0.486905	0.333333	0.481481	-0.111111	0 	0 	0.037037	
311	0.236445	0.513318	0.333333	0.481481	-0.111111	0 	0 	0.037037	
137	0.299926	0.525031	0.222222	0.518519	0.111111	0 	0 	0.037037	
60	0.309616	0.568895	0.333333	0.555556	-0.037037	0 	0 	0.111111	
285	0.295659	0.649565	0.333333	0.555556	-0.037037	0 	0 	0.111111	
111	0.295087	0.583181	0.296296	0.666667	-0.037037	0 	0 	-0.111111	
162	0.25353	0.666408	0.259259	0.555556	-0.037037	0 	0 	0.111111	
10	0.148148	0.62963	0.222222	0.666667	-0.111111	0 	0 	-0.037037	
151	0.124983	0.610064	0.111111	0.62963	0.111111	0 	0 	-0.037037	
202	0.207515	0.592111	0.222222	0.592593	-0.111111	0 	0 	-0.037037	
316	0.21224	0.592322	0.222222	0.592593	-0.111111	0 	0 	-0.037037	
225	0.113339	0.527407	0.111111	0.555556	0.037037	0 	0 	-0.111111	
93	0.152862	0.446044	0.148148	0.444444	0.037037	0 	0 	0.111111	
267	0.213649	0.52131	0.185185	0.555556	0.037037	0 	0 	-0.111111	
42	0.190024	0.546049	0.185185	0.555556	0.037037	0 	0 	-0.111111	
119	0.212705	0.43971	0.222222	0.444444	-0.111111	0 	0 	-0.037037	
293	0.127985	0.407235	0.111111	0.407407	0.111111	0 	0 	-0.037037	
179	0.187103	0.397803	0.111111	0.407407	0.111111	0 	0 	-0.037037	
68	0.130508	0.352101	0.222222	0.37037	-0.111111	0 	0 	-0.037037	
24	0.0740299	0.376454	0.111111	0.333333	-0.037037	0 	0 	0.111111	
303	0.0897041	0.444182	0.111111	0.333333	-0.037037	0 	0 	0.111111	
156	0.0426441	0.341147	0.0740741	0.444444	-0.037037	0 	0 	-0.111111	
207	0.018078	0.380546	0.037037	0.333333	-0.037037	0 	0 	0.111111	
271	0.00650524	0.467913	0	0.444444	0.111111	0 	0 	0.037037	
184	0.105965	0.472428	0	0.444444	0.111111	0 	0 	0.037037	
133	0.0845033	0.481862	0.111111	0.481481	-0.111111	0 	0 	0.037037	
73	0.0605458	0.54497	0	0.518519	0.111111	0 	0 	0.037037	
101	0.106101	0.637315	0.111111	0.555556	-0.037037	0 	0 	0.111111	
242	0.063002	0.640368	0.0740741	0.666667	-0.037037	0 	0 	-0.111111	
50	0.0254708	0.562859	0.037037	0.555556	-0.037037	0 	0 	0.111111	
248	0.0320022	0.587242	0.037037	0.555556	-0.037037	0 	0 	0.111111	
318	0.050336	0.686478	0	0.666667	0.111111	0 	0 	0.037037	
204	3.76303e-05	0.68711	0	0.666667	0.111111	0 	0 	0.037037	
144	0.110636	0.70979	0.111111	0.703704	-0.111111	0 	0 	0.037037	
12	0.0252147	0.750027	0	0.740741	0.111111	0 	0 	0.037037	
167	0.125441	0.76363	0.111111	0.777778	0.037037	0 	0 	-0.111111	
116	0.159025	0.696581	0.148148	0.666667	0.037037	0 	0 	0.111111	
281	0.185692	0.74859	0.185185	0.777778	0.037037	0 	0 	-0.111111	
56	0.185305	0.74401	0.185185	0.777778	0.037037	0 	0 	-0.111111	
52	0.222296	0.677809	0.222222	0.666667	0.111111	0 	0 	0.037037	
235	0.276776	0.726911	0.333333	0.703704	-0.111111	0 	0 	0.037037	
250	0.29165	0.704755	0.333333	0.703704	-0.111111	0 	0 	0.037037	
103	0.309173	0.761272	0.222222	0.740741	0.111111	0 	0 	0.037037	
20	0.296297	0.813913	0.333333	0.777778	-0.037037	0 	0 	0.111111	
299	0.309569	0.879884	0.333333	0.777778	-0.037037	0 	0 	0.111111	
161	0.282374	0.881928	0.296296	0.888889	-0.037037	0 	0 	-0.111111	
212	0.227592	0.855685	0.259259	0.777778	-0.037037	0 	0 	0.111111	
30	0.201318	0.860433	0.222222	0.888889	-0.111111	0 	0 	-0.037037	
81	0.111317	0.835418	0.111111	0.851852	0.111111	0 	0 	-0.037037	
222	0.22207	0.794187	0.222222	0.814815	-0.111111	0 	0 	-0.037037	
255	0.171986	0.785076	0.222222	0.814815	-0.111111	0 	0 	-0.037037	
121	0.101228	0.806424	0.111111	0.777778	-0.037037	0 	0 	0.111111	
172	0.0678021	0.843189	0.0740741	0.888889	-0.037037	0 	0 	-0.111111	
70	0.0323321	0.826073	0.037037	0.777778	-0.037037	0 	0 	0.111111	
295	0.0313429	0.802398	0.037037	0.777778	-0.037037	0 	0 	0.111111	
98	0.0531992	0.912109	0	0.888889	0.111111	0 	0 	0.037037	
38	0.0803172	0.926269	0.111111	0.925926	-0.111111	0 	0 	0.037037	
230	0.000298558	0.962997	0	0.962963	0.111111	0 	0 	0.037037	
263	0.100071	0.97185	0	0.962963	0.111111	0 	0 	0.037037	
313	0.116027	0.917077	0.111111	1	0.037037	0 	0 	-0.111111	
7	0.121239	0.995199	0.111111	1	0.037037	0 	0 	-0.111111	
190	0.164787	0.910414	0.148148	0.888889	0.037037	0 	0 	0.111111	
139	0.189875	0.957184	0.185185	1	0.037037	0 	0 	-0.111111	
273	0.227257	0.907875	0.222222	0.888889	0.111111	0 	0 	0.037037	
186	0.327194	0.916358	0.222222	0.888889	0.111111	0 	0 	0.037037	
126	0.249713	0.959995	0.333333	0.925926	-0.111111	0 	0 	0.037037	
75	0.284928	0.985361	0.222222	0.962963	0.111111	0 	0 	0.037037	
247	0.346316	0.963497	0.333333	1	0.037037	0 	0 	-0.111111	
49	0.345815	0.899529	0.333333	1	0.037037	0 	0 	-0.111111	
241	0.389009	0.934478	0.37037	0.888889	0.037037	0 	0 	0.111111	
100	0.41212	0.985507	0.407407	1	0.037037	0 	0 	-0.111111	
72	0.430949	0.856396	0.444444	0.888889	-0.111111	0 	0 	-0.037037	
132	0.365864	0.822329	0.333333	0.851852	0.111111	0 	0 	-0.037037	
183	0.442866	0.805432	0.444444	0.814815	-0.111111	0 	0 	-0.037037	
270	0.377251	0.786469	0.444444	0.814815	-0.111111	0 	0 	-0.037037	
209	0.352492	0.761808	0.333333	0.777778	0.037037	0 	0 	-0.111111	
158	0.389508	0.678565	0.37037	0.666667	0.037037	0 	0 	0.111111	
305	0.422592	0.764924	0.407407	0.777778	0.037037	0 	0 	-0.111111	
26	0.417558	0.68032	0.407407	0.777778	0.037037	0 	0 	-0.111111	
67	0.458397	0.677534	0.444444	0.666667	0.111111	0 	0 	0.037037	
178	0.541506	0.707162	0.555556	0.703704	-0.111111	0 	0 	0.037037	
292	0.44925	0.72373	0.555556	0.703704	-0.111111	0 	0 	0.037037	
118	0.537881	0.776322	0.444444	0.740741	0.111111	0 	0 	0.037037	
44	0.541235	0.887884	0.555556	0.777778	-0.037037	0 	0 	0.111111	
269	0.555185	0.887628	0.555556	0.777778	-0.037037	0 	0 	0.111111	
95	0.491725	0.804179	0.518519	0.888889	-0.037037	0 	0 	-0.111111	
227	0.457044	0.811399	0.481481	0.777778	-0.037037	0 	0 	0.111111	
315	0.484685	0.916761	0.444444	0.888889	0.111111	0 	0 	0.037037	
201	0.529533	0.89902	0.444444	0.888889	0.111111	0 	0 	0.037037	
150	0.448718	0.936019	0.555556	0.925926	-0.111111	0 	0 	0.037037	
9	0.458376	0.988626	0.444444	0.962963	0.111111	0 	0 	0.037037	
164	0.560192	0.976202	0.555556	1	0.037037	0 	0 	-0.111111	
113	0.597555	0.947897	0.592593	0.888889	0.037037	0 	0 	0.111111	
287	0.638399	0.95822	0.62963	1	0.037037	0 	0 	-0.111111	
62	0.63642	0.893821	0.62963	1	0.037037	0 	0 	-0.111111	
136	0.647773	0.85713	0.666667	0.888889	-0.111111	0 	0 	-0.037037	
310	0.588116	0.851831	0.555556	0.851852	0.111111	0 	0 	-0.037037	
196	0.611244	0.825851	0.555556	0.851852	0.111111	0 	0 	-0.037037	
4	0.560758	0.779425	0.666667	0.814815	-0.111111	0 	0 	-0.037037	
87	0.562255	0.706953	0.555556	0.777778	0.037037	0 	0 	-0.111111	
252	0.59547	0.667142	0.592593	0.666667	0.037037	0 	0 	0.111111	
27	0.601966	0.75288	0.592593	0.666667	0.037037	0 	0 	0.111111	
219	0.645187	0.700145	0.62963	0.777778	0.037037	0 	0 	-0.111111	
1	0.678544	0.699462	0.666667	0.666667	0.111111	0 	0 	0.037037	
193	0.699263	0.718208	0.777778	0.703704	-0.111111	0 	0 	0.037037	
307	0.678372	0.737009	0.777778	0.703704	-0.111111	0 	0 	0.037037	
142	0.735537	0.744751	0.666667	0.740741	0.111111	0 	0 	0.037037	
129	0.792386	0.758248	0.777778	0.777778	0.037037	0 	0 	-0.111111	
276	0.836341	0.687887	0.814815	0.666667	0.037037	0 	0 	0.111111	
78	0.84307	0.760929	0.814815	0.666667	0.037037	0 	0 	0.111111	
180	0.87491	0.691941	0.851852	0.777778	0.037037	0 	0 	-0.111111	
92	0.946914	0.686561	0.888889	0.666667	0.111111	0 	0 	0.037037	
41	0.951771	0.730762	1	0.703704	-0.111111	0 	0 	0.037037	
233	0.898985	0.765031	0.888889	0.740741	0.111111	0 	0 	0.037037	
266	0.989543	0.747166	0.888889	0.740741	0.111111	0 	0 	0.037037	
198	0.981907	0.799418	1	0.777778	-0.037037	0 	0 	0.111111	
15	0.923181	0.849331	0.962963	0.888889	-0.037037	0 	0 	-0.111111	
321	0.962774	0.843448	0.962963	0.888889	-0.037037	0 	0 	-0.111111	
147	0.90324	0.819076	0.925926	0.777778	-0.037037	0 	0 	0.111111	
106	0.882031	0.874804	0.888889	0.888889	-0.111111	0 	0 	-0.037037	
244	0.819618	0.83202	0.777778	0.851852	0.111111	0 	0 	-0.037037	
238	0.833885	0.830451	0.777778	0.851852	0.111111	0 	0 	-0.037037	
46	0.786043	0.788584	0.888889	0.814815	-0.111111	0 	0 	-0.037037	
59	0.759392	0.790154	0.777778	0.777778	-0.037037	0 	0 	0.111111	
284	0.746515	0.869294	0.777778	0.777778	-0.037037	0 	0 	0.111111	
110	0.722307	0.82545	0.740741	0.888889	-0.037037	0 	0 	-0.111111	
170	0.694113	0.874847	0.703704	0.777778	-0.037037	0 	0 	0.111111	
258	0.682706	0.91806	0.666667	0.888889	0.111111	0 	0 	0.037037	
216	0.762243	0.905979	0.666667	0.888889	0.111111	0 	0 	0.037037	
84	0.739759	0.951236	0.777778	0.925926	-0.111111	0 	0 	0.037037	
33	0.68758	0.996647	0.666667	0.962963	0.111111	0 	0 	0.037037	
215	0.78773	0.987259	0.777778	1	0.037037	0 	0 	-0.111111	
155	0.824484	0.892303	0.814815	0.888889	0.037037	0 	0 	0.111111	
302	0.857013	0.975436	0.851852	1	0.037037	0 	0 	-0.111111	
23	0.85704	0.986219	0.851852	1	0.037037	0 	0 	-0.111111	
64	0.916724	0.915528	0.888889	0.888889	0.111111	0 	0 	0.037037	
175	0.982471	0.926354	1	0.925926	-0.111111	0 	0 	0.037037	
289	0.889091	0.942618	1	0.925926	-0.111111	0 	0 	0.037037	
124	0.98297	0.993439	0.888889	0.962963	0.111111	0 	0 	0.037037	
