0	0.0134683	0.000874604	0	0	0.111111	0 	0 	0.037037	
723	0.0706785	0.0142302	0	0	0.111111	0 	0 	0.037037	
366	0.0940156	0.0271659	0	0	0.111111	0 	0 	0.037037	
591	0.0952935	0.0701349	0.111111	0.037037	-0.111111	0 	0 	0.037037	
192	0.0451663	0.038082	0.111111	0.037037	-0.111111	0 	0 	0.037037	
306	0.01128	0.0672753	0.111111	0.037037	-0.111111	0 	0 	0.037037	
531	0.0185213	0.087525	0	0.0740741	0.111111	0 	0 	0.037037	
417	0.0569822	0.110352	0	0.0740741	0.111111	0 	0 	0.037037	
141	0.0766373	0.0835424	0	0.0740741	0.111111	0 	0 	0.037037	
329	0.116237	0.080837	0.111111	0.111111	0.037037	0 	0 	-0.111111	
131	0.119244	0.0729462	0.111111	0.111111	0.037037	0 	0 	-0.111111	
635	0.127944	0.00362117	0.111111	0.111111	0.037037	0 	0 	-0.111111	
278	0.173144	0.0107021	0.148148	0	0.037037	0 	0 	0.111111	
503	0.166436	0.0466689	0.148148	0	0.037037	0 	0 	0.111111	
80	0.173305	0.0999085	0.148148	0	0.037037	0 	0 	0.111111	
686	0.195996	0.0649762	0.185185	0.111111	0.037037	0 	0 	-0.111111	
461	0.199783	0.108713	0.185185	0.111111	0.037037	0 	0 	-0.111111	
182	0.216578	0.0302838	0.185185	0.111111	0.037037	0 	0 	-0.111111	
457	0.236035	0.00312366	0.222222	0	0.111111	0 	0 	0.037037	
91	0.277964	0.0179325	0.222222	0	0.111111	0 	0 	0.037037	
544	0.297928	0.0322636	0.222222	0	0.111111	0 	0 	0.037037	
40	0.327321	0.0417876	0.333333	0.037037	-0.111111	0 	0 	0.037037	
397	0.289493	0.0375853	0.333333	0.037037	-0.111111	0 	0 	0.037037	
655	0.23171	0.062545	0.333333	0.037037	-0.111111	0 	0 	0.037037	
232	0.240053	0.0871651	0.222222	0.0740741	0.111111	0 	0 	0.037037	
595	0.262028	0.0990381	0.222222	0.0740741	0.111111	0 	0 	0.037037	
265	0.322911	0.0825004	0.222222	0.0740741	0.111111	0 	0 	0.037037	
200	0.328443	0.121404	0.333333	0.111111	-0.037037	0 	0 	0.111111	
425	0.316705	0.181928	0.333333	0.111111	-0.037037	0 	0 	0.111111	
704	0.329451	0.208659	0.333333	0.111111	-0.037037	0 	0 	0.111111	
17	0.257426	0.183906	0.296296	0.222222	-0.037037	0 	0 	-0.111111	
521	0.291415	0.169729	0.296296	0.222222	-0.037037	0 	0 	-0.111111	
323	0.271868	0.142646	0.296296	0.222222	-0.037037	0 	0 	-0.111111	
572	0.244662	0.123945	0.259259	0.111111	-0.037037	0 	0 	0.111111	
149	0.225952	0.157402	0.259259	0.111111	-0.037037	0 	0 	0.111111	
374	0.247892	0.205664	0.259259	0.111111	-0.037037	0 	0 	0.111111	
105	0.202356	0.22219	0.222222	0.222222	-0.111111	0 	0 	-0.037037	
435	0.18501	0.195248	0.222222	0.222222	-0.111111	0 	0 	-0.037037	
549	0.113855	0.219479	0.222222	0.222222	-0.111111	0 	0 	-0.037037	
243	0.129607	0.166663	0.111111	0.185185	0.111111	0 	0 	-0.037037	
237	0.166493	0.166658	0.111111	0.185185	0.111111	0 	0 	-0.037037	
609	0.191286	0.177663	0.111111	0.185185	0.111111	0 	0 	-0.037037	
384	0.216875	0.112433	0.222222	0.148148	-0.111111	0 	0 	-0.037037	
660	0.157999	0.134125	0.222222	0.148148	-0.111111	0 	0 	-0.037037	
45	0.126049	0.123097	0.222222	0.148148	-0.111111	0 	0 	-0.037037	
508	0.0922703	0.122984	0.111111	0.111111	-0.037037	0 	0 	0.111111	
58	0.102042	0.18223	0.111111	0.111111	-0.037037	0 	0 	0.111111	
283	0.0750716	0.202807	0.111111	0.111111	-0.037037	0 	0 	0.111111	
640	0.0681168	0.222167	0.0740741	0.222222	-0.037037	0 	0 	-0.111111	
334	0.042524	0.163237	0.0740741	0.222222	-0.037037	0 	0 	-0.111111	
109	0.0735279	0.152351	0.0740741	0.222222	-0.037037	0 	0 	-0.111111	
475	0.00840191	0.131707	0.037037	0.111111	-0.037037	0 	0 	0.111111	
700	0.0295707	0.152183	0.037037	0.111111	-0.037037	0 	0 	0.111111	
169	0.0311902	0.194459	0.037037	0.111111	-0.037037	0 	0 	0.111111	
617	0.0220212	0.245831	0	0.222222	0.111111	0 	0 	0.037037	
260	0.0608127	0.226788	0	0.222222	0.111111	0 	0 	0.037037	
218	0.0946502	0.238683	0	0.222222	0.111111	0 	0 	0.037037	
443	0.102226	0.27344	0.111111	0.259259	-0.111111	0 	0 	0.037037	
566	0.0395317	0.295177	0.111111	0.259259	-0.111111	0 	0 	0.037037	
86	0.0170258	0.278657	0.111111	0.259259	-0.111111	0 	0 	0.037037	
392	0.0148912	0.31858	0	0.296296	0.111111	0 	0 	0.037037	
35	0.0488156	0.309047	0	0.296296	0.111111	0 	0 	0.037037	
668	0.085048	0.322359	0	0.296296	0.111111	0 	0 	0.037037	
214	0.113384	0.305448	0.111111	0.333333	0.037037	0 	0 	-0.111111	
718	0.146687	0.272723	0.111111	0.333333	0.037037	0 	0 	-0.111111	
412	0.134934	0.255786	0.111111	0.333333	0.037037	0 	0 	-0.111111	
154	0.167286	0.23394	0.148148	0.222222	0.037037	0 	0 	0.111111	
352	0.166217	0.286862	0.148148	0.222222	0.037037	0 	0 	0.111111	
577	0.179695	0.313836	0.148148	0.222222	0.037037	0 	0 	0.111111	
301	0.189272	0.313498	0.185185	0.333333	0.037037	0 	0 	-0.111111	
22	0.189972	0.318623	0.185185	0.333333	0.037037	0 	0 	-0.111111	
526	0.208173	0.244092	0.185185	0.333333	0.037037	0 	0 	-0.111111	
63	0.24786	0.243962	0.222222	0.222222	0.111111	0 	0 	0.037037	
678	0.27561	0.222306	0.222222	0.222222	0.111111	0 	0 	0.037037	
348	0.301783	0.237311	0.222222	0.222222	0.111111	0 	0 	0.037037	
627	0.305414	0.269497	0.333333	0.259259	-0.111111	0 	0 	0.037037	
174	0.299119	0.287604	0.333333	0.259259	-0.111111	0 	0 	0.037037	
288	0.305091	0.26593	0.333333	0.259259	-0.111111	0 	0 	0.037037	
486	0.247084	0.300941	0.222222	0.296296	0.111111	0 	0 	0.037037	
480	0.26994	0.320452	0.222222	0.296296	0.111111	0 	0 	0.037037	
123	0.325673	0.330266	0.222222	0.296296	0.111111	0 	0 	0.037037	
229	0.354674	0.313559	0.333333	0.333333	0.037037	0 	0 	-0.111111	
652	0.351226	0.304794	0.333333	0.333333	0.037037	0 	0 	-0.111111	
454	0.368985	0.233151	0.333333	0.333333	0.037037	0 	0 	-0.111111	
97	0.373428	0.2383	0.37037	0.222222	0.037037	0 	0 	0.111111	
403	0.403554	0.261849	0.37037	0.222222	0.037037	0 	0 	0.111111	
601	0.378645	0.325533	0.37037	0.222222	0.037037	0 	0 	0.111111	
262	0.43448	0.305581	0.407407	0.333333	0.037037	0 	0 	-0.111111	
37	0.412191	0.31829	0.407407	0.333333	0.037037	0 	0 	-0.111111	
541	0.41797	0.266908	0.407407	0.333333	0.037037	0 	0 	-0.111111	
120	0.416537	0.214787	0.444444	0.222222	-0.111111	0 	0 	-0.037037	
477	0.431207	0.203186	0.444444	0.222222	-0.111111	0 	0 	-0.037037	
492	0.348422	0.194787	0.444444	0.222222	-0.111111	0 	0 	-0.037037	
294	0.33383	0.178661	0.333333	0.185185	0.111111	0 	0 	-0.037037	
171	0.402355	0.181145	0.333333	0.185185	0.111111	0 	0 	-0.037037	
624	0.426803	0.154219	0.333333	0.185185	0.111111	0 	0 	-0.037037	
345	0.4227	0.124634	0.444444	0.148148	-0.111111	0 	0 	-0.037037	
675	0.391486	0.11392	0.444444	0.148148	-0.111111	0 	0 	-0.037037	
69	0.358083	0.137349	0.444444	0.148148	-0.111111	0 	0 	-0.037037	
371	0.352038	0.100814	0.333333	0.111111	0.037037	0 	0 	-0.111111	
146	0.338443	0.0429299	0.333333	0.111111	0.037037	0 	0 	-0.111111	
569	0.333665	0.0971249	0.333333	0.111111	0.037037	0 	0 	-0.111111	
320	0.370691	0.0161915	0.37037	0	0.037037	0 	0 	0.111111	
518	0.397864	0.0577339	0.37037	0	0.037037	0 	0 	0.111111	
14	0.371359	0.0722355	0.37037	0	0.037037	0 	0 	0.111111	
710	0.4419	0.0880312	0.407407	0.111111	0.037037	0 	0 	-0.111111	
431	0.428529	0.0724759	0.407407	0.111111	0.037037	0 	0 	-0.111111	
206	0.415565	0.00712425	0.407407	0.111111	0.037037	0 	0 	-0.111111	
472	0.444451	0.0137502	0.444444	0	0.111111	0 	0 	0.037037	
115	0.50884	0.0331914	0.444444	0	0.111111	0 	0 	0.037037	
505	0.531698	0.0103733	0.444444	0	0.111111	0 	0 	0.037037	
55	0.555399	0.0521892	0.555556	0.037037	-0.111111	0 	0 	0.037037	
340	0.487414	0.0531329	0.555556	0.037037	-0.111111	0 	0 	0.037037	
697	0.468587	0.0379875	0.555556	0.037037	-0.111111	0 	0 	0.037037	
166	0.469231	0.10797	0.444444	0.0740741	0.111111	0 	0 	0.037037	
646	0.499059	0.083554	0.444444	0.0740741	0.111111	0 	0 	0.037037	
280	0.51989	0.0932785	0.444444	0.0740741	0.111111	0 	0 	0.037037	
224	0.545872	0.14123	0.555556	0.111111	-0.037037	0 	0 	0.111111	
449	0.550831	0.140433	0.555556	0.111111	-0.037037	0 	0 	0.111111	
674	0.529021	0.212011	0.555556	0.111111	-0.037037	0 	0 	0.111111	
32	0.511704	0.216728	0.518519	0.222222	-0.037037	0 	0 	-0.111111	
563	0.484959	0.181225	0.518519	0.222222	-0.037037	0 	0 	-0.111111	
257	0.504725	0.117411	0.518519	0.222222	-0.037037	0 	0 	-0.111111	
614	0.449613	0.14142	0.481481	0.111111	-0.037037	0 	0 	0.111111	
83	0.457655	0.166099	0.481481	0.111111	-0.037037	0 	0 	0.111111	
389	0.477319	0.180927	0.481481	0.111111	-0.037037	0 	0 	0.111111	
6	0.45974	0.231717	0.444444	0.222222	0.111111	0 	0 	0.037037	
720	0.517147	0.23594	0.444444	0.222222	0.111111	0 	0 	0.037037	
363	0.537051	0.25193	0.444444	0.222222	0.111111	0 	0 	0.037037	
588	0.539409	0.291379	0.555556	0.259259	-0.111111	0 	0 	0.037037	
189	0.490834	0.262944	0.555556	0.259259	-0.111111	0 	0 	0.037037	
312	0.458953	0.288681	0.555556	0.259259	-0.111111	0 	0 	0.037037	
537	0.446438	0.305639	0.444444	0.296296	0.111111	0 	0 	0.037037	
414	0.502501	0.328531	0.444444	0.296296	0.111111	0 	0 	0.037037	
138	0.522407	0.305361	0.444444	0.296296	0.111111	0 	0 	0.037037	
326	0.556091	0.315912	0.555556	0.333333	0.037037	0 	0 	-0.111111	
128	0.584244	0.288195	0.555556	0.333333	0.037037	0 	0 	-0.111111	
632	0.572097	0.22677	0.555556	0.333333	0.037037	0 	0 	-0.111111	
275	0.605679	0.236972	0.592593	0.222222	0.037037	0 	0 	0.111111	
500	0.596383	0.267512	0.592593	0.222222	0.037037	0 	0 	0.111111	
77	0.616498	0.319084	0.592593	0.222222	0.037037	0 	0 	0.111111	
692	0.65309	0.297243	0.62963	0.333333	0.037037	0 	0 	-0.111111	
467	0.636232	0.290916	0.62963	0.333333	0.037037	0 	0 	-0.111111	
188	0.662551	0.251029	0.62963	0.333333	0.037037	0 	0 	-0.111111	
298	0.655572	0.212683	0.666667	0.222222	-0.111111	0 	0 	-0.037037	
583	0.623275	0.204631	0.666667	0.222222	-0.111111	0 	0 	-0.037037	
211	0.563957	0.189694	0.666667	0.222222	-0.111111	0 	0 	-0.037037	
715	0.593913	0.162697	0.555556	0.185185	0.111111	0 	0 	-0.037037	
358	0.609998	0.175232	0.555556	0.185185	0.111111	0 	0 	-0.037037	
19	0.62963	0.148148	0.555556	0.185185	0.111111	0 	0 	-0.037037	
523	0.65853	0.129431	0.666667	0.148148	-0.111111	0 	0 	-0.037037	
160	0.596708	0.119342	0.666667	0.148148	-0.111111	0 	0 	-0.037037	
409	0.57642	0.145623	0.666667	0.148148	-0.111111	0 	0 	-0.037037	
555	0.565645	0.0997807	0.555556	0.111111	0.037037	0 	0 	-0.111111	
249	0.583472	0.0443678	0.555556	0.111111	0.037037	0 	0 	-0.111111	
51	0.566866	0.0132905	0.555556	0.111111	0.037037	0 	0 	-0.111111	
657	0.603369	0.0454794	0.592593	0	0.037037	0 	0 	0.111111	
234	0.615839	0.0556349	0.592593	0	0.037037	0 	0 	0.111111	
432	0.605893	0.0284762	0.592593	0	0.037037	0 	0 	0.111111	
102	0.646699	0.0947625	0.62963	0.111111	0.037037	0 	0 	-0.111111	
606	0.639785	0.0687472	0.62963	0.111111	0.037037	0 	0 	-0.111111	
381	0.659219	0.00366535	0.62963	0.111111	0.037037	0 	0 	-0.111111	
406	0.692603	0.0370317	0.666667	0	0.111111	0 	0 	0.037037	
157	0.710064	0.0127929	0.666667	0	0.111111	0 	0 	0.037037	
529	0.768983	0.0207068	0.666667	0	0.111111	0 	0 	0.037037	
25	0.740283	0.0385832	0.777778	0.037037	-0.111111	0 	0 	0.037037	
355	0.723904	0.0652967	0.777778	0.037037	-0.111111	0 	0 	0.037037	
712	0.759399	0.0541229	0.777778	0.037037	-0.111111	0 	0 	0.037037	
208	0.673038	0.0914195	0.666667	0.0740741	0.111111	0 	0 	0.037037	
580	0.730343	0.0929219	0.666667	0.0740741	0.111111	0 	0 	0.037037	
304	0.753366	0.105427	0.666667	0.0740741	0.111111	0 	0 	0.037037	
489	0.791725	0.0965905	0.777778	0.111111	0.037037	0 	0 	-0.111111	
291	0.77847	0.0678287	0.777778	0.111111	0.037037	0 	0 	-0.111111	
66	0.805999	0.0209481	0.777778	0.111111	0.037037	0 	0 	-0.111111	
681	0.838009	0.00907623	0.814815	0	0.037037	0 	0 	0.111111	
177	0.848331	0.0673877	0.814815	0	0.037037	0 	0 	0.111111	
483	0.833504	0.098722	0.814815	0	0.037037	0 	0 	0.111111	
117	0.880932	0.108079	0.851852	0.111111	0.037037	0 	0 	-0.111111	
621	0.865342	0.0429583	0.851852	0.111111	0.037037	0 	0 	-0.111111	
342	0.856022	0.0180886	0.851852	0.111111	0.037037	0 	0 	-0.111111	
620	0.897195	0.0337292	0.888889	0	0.111111	0 	0 	0.037037	
254	0.952847	0.00664741	0.888889	0	0.111111	0 	0 	0.037037	
221	0.982227	0.0151505	0.888889	0	0.111111	0 	0 	0.037037	
446	0.978094	0.0563087	1	0.037037	-0.111111	0 	0 	0.037037	
560	0.928875	0.0710433	1	0.037037	-0.111111	0 	0 	0.037037	
89	0.90535	0.0576132	1	0.037037	-0.111111	0 	0 	0.037037	
395	0.922904	0.0774231	0.888889	0.0740741	0.111111	0 	0 	0.037037	
29	0.939595	0.0832752	0.888889	0.0740741	0.111111	0 	0 	0.037037	
671	0.972122	0.0983991	0.888889	0.0740741	0.111111	0 	0 	0.037037	
360	0.995558	0.111808	1	0.111111	-0.037037	0 	0 	0.111111	
585	0.990368	0.144758	1	0.111111	-0.037037	0 	0 	0.111111	
135	0.965229	0.195252	1	0.111111	-0.037037	0 	0 	0.111111	
420	0.958087	0.189904	0.962963	0.222222	-0.037037	0 	0 	-0.111111	
195	0.934143	0.152156	0.962963	0.222222	-0.037037	0 	0 	-0.111111	
3	0.925475	0.139212	0.925926	0.111111	-0.037037	0 	0 	0.111111	
309	0.916819	0.181484	0.925926	0.111111	-0.037037	0 	0 	0.111111	
534	0.921287	0.189923	0.925926	0.111111	-0.037037	0 	0 	0.111111	
268	0.880727	0.217833	0.888889	0.222222	-0.111111	0 	0 	-0.037037	
598	0.823287	0.208358	0.888889	0.222222	-0.111111	0 	0 	-0.037037	
226	0.798302	0.201295	0.888889	0.222222	-0.111111	0 	0 	-0.037037	
649	0.799052	0.185026	0.777778	0.185185	0.111111	0 	0 	-0.037037	
400	0.843346	0.152938	0.777778	0.185185	0.111111	0 	0 	-0.037037	
43	0.864198	0.160494	0.777778	0.185185	0.111111	0 	0 	-0.037037	
547	0.888726	0.147713	0.888889	0.148148	-0.111111	0 	0 	-0.037037	
94	0.830358	0.129475	0.888889	0.148148	-0.111111	0 	0 	-0.037037	
451	0.810625	0.121245	0.888889	0.148148	-0.111111	0 	0 	-0.037037	
185	0.763808	0.128056	0.777778	0.111111	-0.037037	0 	0 	0.111111	
464	0.750109	0.173075	0.777778	0.111111	-0.037037	0 	0 	0.111111	
689	0.763009	0.194479	0.777778	0.111111	-0.037037	0 	0 	0.111111	
74	0.736066	0.21558	0.740741	0.222222	-0.037037	0 	0 	-0.111111	
497	0.718337	0.158546	0.740741	0.222222	-0.037037	0 	0 	-0.111111	
272	0.703979	0.128446	0.740741	0.222222	-0.037037	0 	0 	-0.111111	
638	0.694407	0.12488	0.703704	0.111111	-0.037037	0 	0 	0.111111	
134	0.68926	0.172504	0.703704	0.111111	-0.037037	0 	0 	0.111111	
332	0.671712	0.201043	0.703704	0.111111	-0.037037	0 	0 	0.111111	
48	0.68042	0.222521	0.666667	0.222222	0.111111	0 	0 	0.037037	
663	0.71553	0.250972	0.666667	0.222222	0.111111	0 	0 	0.037037	
378	0.77351	0.223685	0.666667	0.222222	0.111111	0 	0 	0.037037	
603	0.7637	0.265142	0.777778	0.259259	-0.111111	0 	0 	0.037037	
240	0.763692	0.267516	0.777778	0.259259	-0.111111	0 	0 	0.037037	
246	0.69295	0.266388	0.777778	0.259259	-0.111111	0 	0 	0.037037	
552	0.680246	0.301319	0.666667	0.296296	0.111111	0 	0 	0.037037	
438	0.685436	0.301419	0.666667	0.296296	0.111111	0 	0 	0.037037	
99	0.757383	0.316363	0.666667	0.296296	0.111111	0 	0 	0.037037	
377	0.786107	0.332494	0.777778	0.333333	0.037037	0 	0 	-0.111111	
152	0.785579	0.320857	0.777778	0.333333	0.037037	0 	0 	-0.111111	
575	0.809328	0.240055	0.777778	0.333333	0.037037	0 	0 	-0.111111	
317	0.830611	0.252974	0.814815	0.222222	0.037037	0 	0 	0.111111	
515	0.840742	0.282875	0.814815	0.222222	0.037037	0 	0 	0.111111	
11	0.815825	0.304742	0.814815	0.222222	0.037037	0 	0 	0.111111	
707	0.885398	0.308939	0.851852	0.333333	0.037037	0 	0 	-0.111111	
428	0.872874	0.302867	0.851852	0.333333	0.037037	0 	0 	-0.111111	
203	0.861133	0.223443	0.851852	0.333333	0.037037	0 	0 	-0.111111	
469	0.897885	0.227159	0.888889	0.222222	0.111111	0 	0 	0.037037	
112	0.958535	0.25349	0.888889	0.222222	0.111111	0 	0 	0.037037	
511	0.975327	0.236397	0.888889	0.222222	0.111111	0 	0 	0.037037	
61	0.999782	0.271856	1	0.259259	-0.111111	0 	0 	0.037037	
337	0.929791	0.267756	1	0.259259	-0.111111	0 	0 	0.037037	
694	0.912332	0.263397	1	0.259259	-0.111111	0 	0 	0.037037	
163	0.922795	0.324322	0.888889	0.296296	0.111111	0 	0 	0.037037	
643	0.903327	0.299847	0.888889	0.296296	0.111111	0 	0 	0.037037	
286	0.965232	0.315305	0.888889	0.296296	0.111111	0 	0 	0.037037	
383	0.995279	0.349642	1	0.333333	-0.037037	0 	0 	0.111111	
608	0.973937	0.400749	1	0.333333	-0.037037	0 	0 	0.111111	
104	0.990458	0.430192	1	0.333333	-0.037037	0 	0 	0.111111	
434	0.962814	0.393337	0.962963	0.444444	-0.037037	0 	0 	-0.111111	
236	0.948869	0.390757	0.962963	0.444444	-0.037037	0 	0 	-0.111111	
659	0.937281	0.358737	0.962963	0.444444	-0.037037	0 	0 	-0.111111	
53	0.925726	0.333818	0.925926	0.333333	-0.037037	0 	0 	0.111111	
251	0.918801	0.346748	0.925926	0.333333	-0.037037	0 	0 	0.111111	
557	0.891632	0.441701	0.925926	0.333333	-0.037037	0 	0 	0.111111	
408	0.905162	0.480301	0.888889	0.444444	0.111111	0 	0 	0.037037	
159	0.92838	0.449136	0.888889	0.444444	0.111111	0 	0 	0.037037	
522	0.991279	0.465492	0.888889	0.444444	0.111111	0 	0 	0.037037	
18	0.956458	0.483349	1	0.481481	-0.111111	0 	0 	0.037037	
357	0.943143	0.504296	1	0.481481	-0.111111	0 	0 	0.037037	
714	0.922914	0.492395	1	0.481481	-0.111111	0 	0 	0.037037	
210	0.896609	0.532476	0.888889	0.518519	0.111111	0 	0 	0.037037	
582	0.954899	0.533529	0.888889	0.518519	0.111111	0 	0 	0.037037	
297	0.979524	0.549923	0.888889	0.518519	0.111111	0 	0 	0.037037	
187	0.994564	0.558701	1	0.555556	-0.037037	0 	0 	0.111111	
466	0.975243	0.61512	1	0.555556	-0.037037	0 	0 	0.111111	
691	0.991158	0.634197	1	0.555556	-0.037037	0 	0 	0.111111	
76	0.957736	0.648605	0.962963	0.666667	-0.037037	0 	0 	-0.111111	
499	0.93984	0.602666	0.962963	0.666667	-0.037037	0 	0 	-0.111111	
274	0.92463	0.575922	0.962963	0.666667	-0.037037	0 	0 	-0.111111	
631	0.907366	0.562435	0.925926	0.555556	-0.037037	0 	0 	0.111111	
127	0.913464	0.622313	0.925926	0.555556	-0.037037	0 	0 	0.111111	
325	0.893243	0.645215	0.925926	0.555556	-0.037037	0 	0 	0.111111	
140	0.861352	0.630683	0.888889	0.666667	-0.111111	0 	0 	-0.037037	
416	0.840018	0.66283	0.888889	0.666667	-0.111111	0 	0 	-0.037037	
539	0.807374	0.647982	0.888889	0.666667	-0.111111	0 	0 	-0.037037	
314	0.794939	0.615639	0.777778	0.62963	0.111111	0 	0 	-0.037037	
191	0.826023	0.595712	0.777778	0.62963	0.111111	0 	0 	-0.037037	
590	0.882826	0.610563	0.777778	0.62963	0.111111	0 	0 	-0.037037	
365	0.886165	0.59255	0.888889	0.592593	-0.111111	0 	0 	-0.037037	
722	0.860426	0.579853	0.888889	0.592593	-0.111111	0 	0 	-0.037037	
8	0.778119	0.555583	0.888889	0.592593	-0.111111	0 	0 	-0.037037	
388	0.808277	0.522212	0.777778	0.555556	0.037037	0 	0 	-0.111111	
82	0.796419	0.507942	0.777778	0.555556	0.037037	0 	0 	-0.111111	
613	0.778014	0.4719	0.777778	0.555556	0.037037	0 	0 	-0.111111	
256	0.840878	0.451303	0.814815	0.444444	0.037037	0 	0 	0.111111	
562	0.819476	0.517119	0.814815	0.444444	0.037037	0 	0 	0.111111	
31	0.825785	0.528685	0.814815	0.444444	0.037037	0 	0 	0.111111	
673	0.85587	0.555295	0.851852	0.555556	0.037037	0 	0 	-0.111111	
448	0.885659	0.49307	0.851852	0.555556	0.037037	0 	0 	-0.111111	
223	0.870284	0.460576	0.851852	0.555556	0.037037	0 	0 	-0.111111	
279	0.862547	0.433139	0.888889	0.444444	-0.111111	0 	0 	-0.037037	
645	0.83322	0.41209	0.888889	0.444444	-0.111111	0 	0 	-0.037037	
165	0.805533	0.43876	0.888889	0.444444	-0.111111	0 	0 	-0.037037	
696	0.799125	0.375083	0.777778	0.407407	0.111111	0 	0 	-0.037037	
339	0.820684	0.385307	0.777778	0.407407	0.111111	0 	0 	-0.037037	
54	0.877206	0.395494	0.777778	0.407407	0.111111	0 	0 	-0.037037	
504	0.885889	0.360503	0.888889	0.37037	-0.111111	0 	0 	-0.037037	
114	0.847204	0.358453	0.888889	0.37037	-0.111111	0 	0 	-0.037037	
471	0.78674	0.356811	0.888889	0.37037	-0.111111	0 	0 	-0.037037	
205	0.747304	0.337974	0.777778	0.333333	-0.037037	0 	0 	0.111111	
430	0.762907	0.40513	0.777778	0.333333	-0.037037	0 	0 	0.111111	
709	0.776794	0.41895	0.777778	0.333333	-0.037037	0 	0 	0.111111	
13	0.703704	0.407407	0.740741	0.444444	-0.037037	0 	0 	-0.111111	
517	0.735843	0.406799	0.740741	0.444444	-0.037037	0 	0 	-0.111111	
319	0.717421	0.364883	0.740741	0.444444	-0.037037	0 	0 	-0.111111	
568	0.699024	0.335779	0.703704	0.333333	-0.037037	0 	0 	0.111111	
145	0.671413	0.377634	0.703704	0.333333	-0.037037	0 	0 	0.111111	
370	0.698288	0.427607	0.703704	0.333333	-0.037037	0 	0 	0.111111	
71	0.681927	0.47994	0.666667	0.444444	0.111111	0 	0 	0.037037	
677	0.729777	0.444598	0.666667	0.444444	0.111111	0 	0 	0.037037	
347	0.747392	0.459534	0.666667	0.444444	0.111111	0 	0 	0.037037	
626	0.763453	0.483985	0.777778	0.481481	-0.111111	0 	0 	0.037037	
173	0.737979	0.512189	0.777778	0.481481	-0.111111	0 	0 	0.037037	
296	0.669871	0.499933	0.777778	0.481481	-0.111111	0 	0 	0.037037	
494	0.671833	0.546333	0.666667	0.518519	0.111111	0 	0 	0.037037	
479	0.684668	0.518819	0.666667	0.518519	0.111111	0 	0 	0.037037	
122	0.76859	0.550656	0.666667	0.518519	0.111111	0 	0 	0.037037	
540	0.743854	0.590233	0.777778	0.555556	-0.037037	0 	0 	0.111111	
36	0.772941	0.606751	0.777778	0.555556	-0.037037	0 	0 	0.111111	
261	0.773394	0.63189	0.777778	0.555556	-0.037037	0 	0 	0.111111	
600	0.712462	0.662544	0.740741	0.666667	-0.037037	0 	0 	-0.111111	
402	0.740356	0.633253	0.740741	0.666667	-0.037037	0 	0 	-0.111111	
96	0.721905	0.573258	0.740741	0.666667	-0.037037	0 	0 	-0.111111	
453	0.699505	0.556276	0.703704	0.555556	-0.037037	0 	0 	0.111111	
651	0.677185	0.618886	0.703704	0.555556	-0.037037	0 	0 	0.111111	
228	0.687002	0.646143	0.703704	0.555556	-0.037037	0 	0 	0.111111	
125	0.649334	0.664476	0.666667	0.666667	-0.111111	0 	0 	-0.037037	
482	0.602554	0.651697	0.666667	0.666667	-0.111111	0 	0 	-0.037037	
488	0.573181	0.638793	0.666667	0.666667	-0.111111	0 	0 	-0.037037	
290	0.563646	0.600904	0.555556	0.62963	0.111111	0 	0 	-0.037037	
176	0.619965	0.615647	0.555556	0.62963	0.111111	0 	0 	-0.037037	
629	0.648241	0.598141	0.555556	0.62963	0.111111	0 	0 	-0.037037	
350	0.633113	0.571615	0.666667	0.592593	-0.111111	0 	0 	-0.037037	
680	0.610523	0.557397	0.666667	0.592593	-0.111111	0 	0 	-0.037037	
65	0.653119	0.59221	0.666667	0.592593	-0.111111	0 	0 	-0.037037	
525	0.550886	0.590598	0.555556	0.555556	-0.037037	0 	0 	0.111111	
21	0.517866	0.593127	0.555556	0.555556	-0.037037	0 	0 	0.111111	
300	0.532236	0.66118	0.555556	0.555556	-0.037037	0 	0 	0.111111	
576	0.508576	0.650916	0.518519	0.666667	-0.037037	0 	0 	-0.111111	
351	0.508626	0.650232	0.518519	0.666667	-0.037037	0 	0 	-0.111111	
153	0.484118	0.56448	0.518519	0.666667	-0.037037	0 	0 	-0.111111	
411	0.469573	0.592568	0.481481	0.555556	-0.037037	0 	0 	0.111111	
717	0.481225	0.597804	0.481481	0.555556	-0.037037	0 	0 	0.111111	
213	0.452883	0.63341	0.481481	0.555556	-0.037037	0 	0 	0.111111	
667	0.419333	0.653079	0.444444	0.666667	-0.111111	0 	0 	-0.037037	
34	0.382255	0.642412	0.444444	0.666667	-0.111111	0 	0 	-0.037037	
391	0.363278	0.63212	0.444444	0.666667	-0.111111	0 	0 	-0.037037	
85	0.351285	0.613668	0.333333	0.62963	0.111111	0 	0 	-0.037037	
565	0.375113	0.62542	0.333333	0.62963	0.111111	0 	0 	-0.037037	
442	0.441701	0.603567	0.333333	0.62963	0.111111	0 	0 	-0.037037	
217	0.432543	0.583419	0.444444	0.592593	-0.111111	0 	0 	-0.037037	
259	0.396825	0.563842	0.444444	0.592593	-0.111111	0 	0 	-0.037037	
616	0.340507	0.585325	0.444444	0.592593	-0.111111	0 	0 	-0.037037	
168	0.367456	0.54955	0.333333	0.555556	0.037037	0 	0 	-0.111111	
699	0.359336	0.482053	0.333333	0.555556	0.037037	0 	0 	-0.111111	
474	0.342458	0.465945	0.333333	0.555556	0.037037	0 	0 	-0.111111	
108	0.399177	0.477366	0.37037	0.444444	0.037037	0 	0 	0.111111	
333	0.37528	0.492923	0.37037	0.444444	0.037037	0 	0 	0.111111	
639	0.390121	0.526068	0.37037	0.444444	0.037037	0 	0 	0.111111	
282	0.417276	0.549549	0.407407	0.555556	0.037037	0 	0 	-0.111111	
57	0.432099	0.506173	0.407407	0.555556	0.037037	0 	0 	-0.111111	
507	0.42556	0.457575	0.407407	0.555556	0.037037	0 	0 	-0.111111	
47	0.458385	0.466501	0.444444	0.444444	0.111111	0 	0 	0.037037	
662	0.49225	0.469099	0.444444	0.444444	0.111111	0 	0 	0.037037	
386	0.548697	0.447188	0.444444	0.444444	0.111111	0 	0 	0.037037	
611	0.524526	0.508518	0.555556	0.481481	-0.111111	0 	0 	0.037037	
239	0.500607	0.497127	0.555556	0.481481	-0.111111	0 	0 	0.037037	
245	0.470489	0.486537	0.555556	0.481481	-0.111111	0 	0 	0.037037	
551	0.463384	0.5195	0.444444	0.518519	0.111111	0 	0 	0.037037	
437	0.514336	0.530608	0.444444	0.518519	0.111111	0 	0 	0.037037	
107	0.533879	0.540192	0.444444	0.518519	0.111111	0 	0 	0.037037	
373	0.569574	0.555442	0.555556	0.555556	0.037037	0 	0 	-0.111111	
148	0.560278	0.501278	0.555556	0.555556	0.037037	0 	0 	-0.111111	
571	0.586563	0.462941	0.555556	0.555556	0.037037	0 	0 	-0.111111	
322	0.602394	0.466768	0.592593	0.444444	0.037037	0 	0 	0.111111	
520	0.619483	0.504977	0.592593	0.444444	0.037037	0 	0 	0.111111	
16	0.592593	0.518519	0.592593	0.444444	0.037037	0 	0 	0.111111	
703	0.665295	0.532236	0.62963	0.555556	0.037037	0 	0 	-0.111111	
424	0.643264	0.514897	0.62963	0.555556	0.037037	0 	0 	-0.111111	
199	0.639134	0.447835	0.62963	0.555556	0.037037	0 	0 	-0.111111	
264	0.652654	0.43434	0.666667	0.444444	-0.111111	0 	0 	-0.037037	
594	0.601528	0.437742	0.666667	0.444444	-0.111111	0 	0 	-0.037037	
231	0.577284	0.423523	0.666667	0.444444	-0.111111	0 	0 	-0.037037	
654	0.570104	0.378158	0.555556	0.407407	0.111111	0 	0 	-0.037037	
396	0.625286	0.375665	0.555556	0.407407	0.111111	0 	0 	-0.037037	
39	0.639753	0.384231	0.555556	0.407407	0.111111	0 	0 	-0.037037	
543	0.66012	0.368891	0.666667	0.37037	-0.111111	0 	0 	-0.037037	
90	0.608848	0.359126	0.666667	0.37037	-0.111111	0 	0 	-0.037037	
456	0.58892	0.342524	0.666667	0.37037	-0.111111	0 	0 	-0.037037	
181	0.549903	0.355512	0.555556	0.333333	-0.037037	0 	0 	0.111111	
460	0.528306	0.393478	0.555556	0.333333	-0.037037	0 	0 	0.111111	
685	0.546708	0.411773	0.555556	0.333333	-0.037037	0 	0 	0.111111	
79	0.50898	0.419816	0.518519	0.444444	-0.037037	0 	0 	-0.111111	
502	0.498603	0.379376	0.518519	0.444444	-0.037037	0 	0 	-0.111111	
277	0.482853	0.352538	0.518519	0.444444	-0.037037	0 	0 	-0.111111	
634	0.465563	0.338314	0.481481	0.333333	-0.037037	0 	0 	0.111111	
130	0.472119	0.39563	0.481481	0.333333	-0.037037	0 	0 	0.111111	
328	0.449125	0.422484	0.481481	0.333333	-0.037037	0 	0 	0.111111	
143	0.408132	0.412005	0.444444	0.444444	-0.111111	0 	0 	-0.037037	
419	0.393499	0.441237	0.444444	0.444444	-0.111111	0 	0 	-0.037037	
533	0.363869	0.426924	0.444444	0.444444	-0.111111	0 	0 	-0.037037	
308	0.336857	0.388736	0.333333	0.407407	0.111111	0 	0 	-0.037037	
194	0.378991	0.375494	0.333333	0.407407	0.111111	0 	0 	-0.037037	
593	0.437443	0.388224	0.333333	0.407407	0.111111	0 	0 	-0.037037	
368	0.421696	0.359041	0.444444	0.37037	-0.111111	0 	0 	-0.037037	
2	0.334804	0.333828	0.444444	0.37037	-0.111111	0 	0 	-0.037037	
220	0.330558	0.347043	0.333333	0.333333	-0.037037	0 	0 	0.111111	
445	0.309999	0.400143	0.333333	0.333333	-0.037037	0 	0 	0.111111	
670	0.307241	0.432926	0.333333	0.333333	-0.037037	0 	0 	0.111111	
28	0.283697	0.420471	0.296296	0.444444	-0.037037	0 	0 	-0.111111	
559	0.262616	0.404614	0.296296	0.444444	-0.037037	0 	0 	-0.111111	
253	0.282642	0.342196	0.296296	0.444444	-0.037037	0 	0 	-0.111111	
619	0.229463	0.363456	0.259259	0.333333	-0.037037	0 	0 	0.111111	
88	0.240752	0.391903	0.259259	0.333333	-0.037037	0 	0 	0.111111	
394	0.240526	0.402743	0.259259	0.333333	-0.037037	0 	0 	0.111111	
5	0.236379	0.463709	0.222222	0.444444	0.111111	0 	0 	0.037037	
362	0.313454	0.471476	0.222222	0.444444	0.111111	0 	0 	0.037037	
587	0.333262	0.50659	0.333333	0.481481	-0.111111	0 	0 	0.037037	
197	0.263869	0.483085	0.333333	0.481481	-0.111111	0 	0 	0.037037	
311	0.312022	0.486789	0.333333	0.481481	-0.111111	0 	0 	0.037037	
536	0.237005	0.524889	0.222222	0.518519	0.111111	0 	0 	0.037037	
422	0.277728	0.551784	0.222222	0.518519	0.111111	0 	0 	0.037037	
137	0.297502	0.524363	0.222222	0.518519	0.111111	0 	0 	0.037037	
510	0.331999	0.555819	0.333333	0.555556	-0.037037	0 	0 	0.111111	
60	0.328118	0.610758	0.333333	0.555556	-0.037037	0 	0 	0.111111	
285	0.297668	0.648834	0.333333	0.555556	-0.037037	0 	0 	0.111111	
642	0.273118	0.639169	0.296296	0.666667	-0.037037	0 	0 	-0.111111	
336	0.265205	0.609136	0.296296	0.666667	-0.037037	0 	0 	-0.111111	
111	0.288696	0.589616	0.296296	0.666667	-0.037037	0 	0 	-0.111111	
468	0.233907	0.579583	0.259259	0.555556	-0.037037	0 	0 	0.111111	
693	0.248009	0.570024	0.259259	0.555556	-0.037037	0 	0 	0.111111	
162	0.249264	0.569675	0.259259	0.555556	-0.037037	0 	0 	0.111111	
706	0.213303	0.634031	0.222222	0.666667	-0.111111	0 	0 	-0.037037	
10	0.147692	0.630549	0.222222	0.666667	-0.111111	0 	0 	-0.037037	
376	0.128944	0.657064	0.222222	0.666667	-0.111111	0 	0 	-0.037037	
151	0.129498	0.60151	0.111111	0.62963	0.111111	0 	0 	-0.037037	
514	0.174934	0.621182	0.111111	0.62963	0.111111	0 	0 	-0.037037	
427	0.206221	0.628796	0.111111	0.62963	0.111111	0 	0 	-0.037037	
202	0.207802	0.587408	0.222222	0.592593	-0.111111	0 	0 	-0.037037	
316	0.164261	0.582424	0.222222	0.592593	-0.111111	0 	0 	-0.037037	
574	0.14251	0.573526	0.222222	0.592593	-0.111111	0 	0 	-0.037037	
225	0.116101	0.51921	0.111111	0.555556	0.037037	0 	0 	-0.111111	
648	0.121095	0.510605	0.111111	0.555556	0.037037	0 	0 	-0.111111	
450	0.145405	0.455418	0.111111	0.555556	0.037037	0 	0 	-0.111111	
93	0.164284	0.464031	0.148148	0.444444	0.037037	0 	0 	0.111111	
399	0.177917	0.48494	0.148148	0.444444	0.037037	0 	0 	0.111111	
597	0.157623	0.542312	0.148148	0.444444	0.037037	0 	0 	0.111111	
267	0.2097	0.525484	0.185185	0.555556	0.037037	0 	0 	-0.111111	
42	0.19711	0.492818	0.185185	0.555556	0.037037	0 	0 	-0.111111	
546	0.199477	0.490499	0.185185	0.555556	0.037037	0 	0 	-0.111111	
119	0.208109	0.439274	0.222222	0.444444	-0.111111	0 	0 	-0.037037	
485	0.157878	0.433371	0.222222	0.444444	-0.111111	0 	0 	-0.037037	
491	0.125763	0.416443	0.222222	0.444444	-0.111111	0 	0 	-0.037037	
293	0.125439	0.397294	0.111111	0.407407	0.111111	0 	0 	-0.037037	
179	0.18043	0.393464	0.111111	0.407407	0.111111	0 	0 	-0.037037	
623	0.205889	0.37753	0.111111	0.407407	0.111111	0 	0 	-0.037037	
344	0.219181	0.354443	0.222222	0.37037	-0.111111	0 	0 	-0.037037	
683	0.170896	0.334327	0.222222	0.37037	-0.111111	0 	0 	-0.037037	
68	0.13922	0.358671	0.222222	0.37037	-0.111111	0 	0 	-0.037037	
528	0.101638	0.350426	0.111111	0.333333	-0.037037	0 	0 	0.111111	
24	0.106355	0.347158	0.111111	0.333333	-0.037037	0 	0 	0.111111	
303	0.0870071	0.438012	0.111111	0.333333	-0.037037	0 	0 	0.111111	
579	0.0588266	0.431281	0.0740741	0.444444	-0.037037	0 	0 	-0.111111	
354	0.0690976	0.41658	0.0740741	0.444444	-0.037037	0 	0 	-0.111111	
156	0.0417695	0.342036	0.0740741	0.444444	-0.037037	0 	0 	-0.111111	
405	0.032549	0.375277	0.037037	0.333333	-0.037037	0 	0 	0.111111	
711	0.0369732	0.383062	0.037037	0.333333	-0.037037	0 	0 	0.111111	
207	0.00630187	0.412677	0.037037	0.333333	-0.037037	0 	0 	0.111111	
637	0.014124	0.45735	0	0.444444	0.111111	0 	0 	0.037037	
271	0.0390077	0.462964	0	0.444444	0.111111	0 	0 	0.037037	
184	0.105147	0.471655	0	0.444444	0.111111	0 	0 	0.037037	
463	0.0904926	0.497402	0.111111	0.481481	-0.111111	0 	0 	0.037037	
496	0.0542952	0.495401	0.111111	0.481481	-0.111111	0 	0 	0.037037	
133	0.0268257	0.513041	0.111111	0.481481	-0.111111	0 	0 	0.037037	
331	0.0139434	0.523882	0	0.518519	0.111111	0 	0 	0.037037	
73	0.0608157	0.546825	0	0.518519	0.111111	0 	0 	0.037037	
688	0.0957025	0.520697	0	0.518519	0.111111	0 	0 	0.037037	
380	0.110965	0.60055	0.111111	0.555556	-0.037037	0 	0 	0.111111	
605	0.0782993	0.617558	0.111111	0.555556	-0.037037	0 	0 	0.111111	
101	0.10413	0.655603	0.111111	0.555556	-0.037037	0 	0 	0.111111	
440	0.0691152	0.65833	0.0740741	0.666667	-0.037037	0 	0 	-0.111111	
242	0.0596265	0.601433	0.0740741	0.666667	-0.037037	0 	0 	-0.111111	
665	0.049633	0.578818	0.0740741	0.666667	-0.037037	0 	0 	-0.111111	
50	0.0230678	0.576745	0.037037	0.555556	-0.037037	0 	0 	0.111111	
248	0.02307	0.597903	0.037037	0.555556	-0.037037	0 	0 	0.111111	
554	0.00442299	0.661494	0.037037	0.555556	-0.037037	0 	0 	0.111111	
567	0.0311502	0.686348	0	0.666667	0.111111	0 	0 	0.037037	
318	0.0490894	0.698578	0	0.666667	0.111111	0 	0 	0.037037	
204	0.0834097	0.672817	0	0.666667	0.111111	0 	0 	0.037037	
429	0.0965316	0.709794	0.111111	0.703704	-0.111111	0 	0 	0.037037	
516	0.0654827	0.727046	0.111111	0.703704	-0.111111	0 	0 	0.037037	
144	0.00605566	0.711756	0.111111	0.703704	-0.111111	0 	0 	0.037037	
369	0.0142726	0.743429	0	0.740741	0.111111	0 	0 	0.037037	
12	0.0391831	0.740893	0	0.740741	0.111111	0 	0 	0.037037	
708	0.109689	0.755224	0	0.740741	0.111111	0 	0 	0.037037	
167	0.148242	0.768731	0.111111	0.777778	0.037037	0 	0 	-0.111111	
698	0.13295	0.708374	0.111111	0.777778	0.037037	0 	0 	-0.111111	
473	0.119621	0.776486	0.111111	0.777778	0.037037	0 	0 	-0.111111	
116	0.1773	0.700562	0.148148	0.666667	0.037037	0 	0 	0.111111	
341	0.158828	0.681609	0.148148	0.666667	0.037037	0 	0 	0.111111	
647	0.167353	0.746228	0.148148	0.666667	0.037037	0 	0 	0.111111	
281	0.19003	0.7587	0.185185	0.777778	0.037037	0 	0 	-0.111111	
56	0.209367	0.727951	0.185185	0.777778	0.037037	0 	0 	-0.111111	
506	0.204418	0.679306	0.185185	0.777778	0.037037	0 	0 	-0.111111	
52	0.236124	0.675602	0.222222	0.666667	0.111111	0 	0 	0.037037	
658	0.271055	0.691183	0.222222	0.666667	0.111111	0 	0 	0.037037	
382	0.326475	0.66941	0.222222	0.666667	0.111111	0 	0 	0.037037	
607	0.300463	0.728918	0.333333	0.703704	-0.111111	0 	0 	0.037037	
235	0.276439	0.715925	0.333333	0.703704	-0.111111	0 	0 	0.037037	
250	0.248714	0.708945	0.333333	0.703704	-0.111111	0 	0 	0.037037	
556	0.241018	0.741815	0.222222	0.740741	0.111111	0 	0 	0.037037	
433	0.293291	0.752055	0.222222	0.740741	0.111111	0 	0 	0.037037	
103	0.31146	0.76124	0.222222	0.740741	0.111111	0 	0 	0.037037	
524	0.331721	0.792318	0.333333	0.777778	-0.037037	0 	0 	0.111111	
20	0.295714	0.815313	0.333333	0.777778	-0.037037	0 	0 	0.111111	
299	0.311545	0.884229	0.333333	0.777778	-0.037037	0 	0 	0.111111	
584	0.286706	0.864416	0.296296	0.888889	-0.037037	0 	0 	-0.111111	
359	0.283353	0.87597	0.296296	0.888889	-0.037037	0 	0 	-0.111111	
161	0.263095	0.78415	0.296296	0.888889	-0.037037	0 	0 	-0.111111	
410	0.250302	0.799314	0.259259	0.777778	-0.037037	0 	0 	0.111111	
716	0.251892	0.826605	0.259259	0.777778	-0.037037	0 	0 	0.111111	
212	0.231278	0.859666	0.259259	0.777778	-0.037037	0 	0 	0.111111	
672	0.208032	0.861228	0.222222	0.888889	-0.111111	0 	0 	-0.037037	
30	0.160281	0.866627	0.222222	0.888889	-0.111111	0 	0 	-0.037037	
387	0.14361	0.853925	0.222222	0.888889	-0.111111	0 	0 	-0.037037	
81	0.134601	0.836161	0.111111	0.851852	0.111111	0 	0 	-0.037037	
561	0.151359	0.847587	0.111111	0.851852	0.111111	0 	0 	-0.037037	
447	0.221927	0.825951	0.111111	0.851852	0.111111	0 	0 	-0.037037	
222	0.206262	0.796574	0.222222	0.814815	-0.111111	0 	0 	-0.037037	
255	0.174806	0.785713	0.222222	0.814815	-0.111111	0 	0 	-0.037037	
612	0.115933	0.808951	0.222222	0.814815	-0.111111	0 	0 	-0.037037	
346	0.079561	0.792867	0.111111	0.777778	-0.037037	0 	0 	0.111111	
625	0.110667	0.80687	0.111111	0.777778	-0.037037	0 	0 	0.111111	
121	0.105031	0.877689	0.111111	0.777778	-0.037037	0 	0 	0.111111	
478	0.0458291	0.874841	0.0740741	0.888889	-0.037037	0 	0 	-0.111111	
172	0.0642863	0.853376	0.0740741	0.888889	-0.037037	0 	0 	-0.111111	
676	0.0598333	0.781861	0.0740741	0.888889	-0.037037	0 	0 	-0.111111	
70	0.0244344	0.803137	0.037037	0.777778	-0.037037	0 	0 	0.111111	
295	-0.000291315	0.835714	0.037037	0.777778	-0.037037	0 	0 	0.111111	
493	0.016653	0.861706	0.037037	0.777778	-0.037037	0 	0 	0.111111	
455	0.0417775	0.899389	0	0.888889	0.111111	0 	0 	0.037037	
98	0.052936	0.909912	0	0.888889	0.111111	0 	0 	0.037037	
542	0.0761339	0.921012	0	0.888889	0.111111	0 	0 	0.037037	
38	0.110964	0.939899	0.111111	0.925926	-0.111111	0 	0 	0.037037	
404	0.0678473	0.928699	0.111111	0.925926	-0.111111	0 	0 	0.037037	
653	0.0113304	0.948202	0.111111	0.925926	-0.111111	0 	0 	0.037037	
230	0.0188453	0.972686	0	0.962963	0.111111	0 	0 	0.037037	
602	0.0444099	0.993482	0	0.962963	0.111111	0 	0 	0.037037	
263	0.097938	0.968047	0	0.962963	0.111111	0 	0 	0.037037	
538	0.123319	0.999569	0.111111	1	0.037037	0 	0 	-0.111111	
313	0.124427	0.953529	0.111111	1	0.037037	0 	0 	-0.111111	
7	0.111349	0.901244	0.111111	1	0.037037	0 	0 	-0.111111	
721	0.185419	0.904535	0.148148	0.888889	0.037037	0 	0 	0.111111	
190	0.158003	0.935914	0.148148	0.888889	0.037037	0 	0 	0.111111	
415	0.159422	0.98415	0.148148	0.888889	0.037037	0 	0 	0.111111	
139	0.205028	0.985568	0.185185	1	0.037037	0 	0 	-0.111111	
589	0.214155	0.943693	0.185185	1	0.037037	0 	0 	-0.111111	
364	0.203849	0.918166	0.185185	1	0.037037	0 	0 	-0.111111	
630	0.232845	0.893641	0.222222	0.888889	0.111111	0 	0 	0.037037	
273	0.260163	0.909929	0.222222	0.888889	0.111111	0 	0 	0.037037	
186	0.327235	0.91747	0.222222	0.888889	0.111111	0 	0 	0.037037	
465	0.319257	0.946128	0.333333	0.925926	-0.111111	0 	0 	0.037037	
498	0.273042	0.934941	0.333333	0.925926	-0.111111	0 	0 	0.037037	
126	0.250915	0.960633	0.333333	0.925926	-0.111111	0 	0 	0.037037	
324	0.222301	0.977384	0.222222	0.962963	0.111111	0 	0 	0.037037	
75	0.283051	0.988474	0.222222	0.962963	0.111111	0 	0 	0.037037	
690	0.316881	0.963744	0.222222	0.962963	0.111111	0 	0 	0.037037	
553	0.33696	0.97205	0.333333	1	0.037037	0 	0 	-0.111111	
247	0.361211	0.928312	0.333333	1	0.037037	0 	0 	-0.111111	
49	0.351194	0.899779	0.333333	1	0.037037	0 	0 	-0.111111	
664	0.402828	0.910252	0.37037	0.888889	0.037037	0 	0 	0.111111	
241	0.388678	0.949385	0.37037	0.888889	0.037037	0 	0 	0.111111	
439	0.400497	0.973183	0.37037	0.888889	0.037037	0 	0 	0.111111	
100	0.41331	0.99191	0.407407	1	0.037037	0 	0 	-0.111111	
604	0.412801	0.95464	0.407407	1	0.037037	0 	0 	-0.111111	
379	0.436984	0.891883	0.407407	1	0.037037	0 	0 	-0.111111	
687	0.430727	0.853224	0.444444	0.888889	-0.111111	0 	0 	-0.037037	
72	0.394024	0.876235	0.444444	0.888889	-0.111111	0 	0 	-0.037037	
330	0.339072	0.864298	0.444444	0.888889	-0.111111	0 	0 	-0.037037	
132	0.368908	0.846688	0.333333	0.851852	0.111111	0 	0 	-0.037037	
495	0.385848	0.824453	0.333333	0.851852	0.111111	0 	0 	-0.037037	
462	0.416455	0.837481	0.333333	0.851852	0.111111	0 	0 	-0.037037	
183	0.427551	0.809237	0.444444	0.814815	-0.111111	0 	0 	-0.037037	
270	0.369337	0.798771	0.444444	0.814815	-0.111111	0 	0 	-0.037037	
636	0.352538	0.783265	0.444444	0.814815	-0.111111	0 	0 	-0.037037	
209	0.343322	0.770682	0.333333	0.777778	0.037037	0 	0 	-0.111111	
713	0.36904	0.717068	0.333333	0.777778	0.037037	0 	0 	-0.111111	
407	0.35692	0.700324	0.333333	0.777778	0.037037	0 	0 	-0.111111	
158	0.378681	0.68108	0.37037	0.666667	0.037037	0 	0 	0.111111	
356	0.387214	0.733032	0.37037	0.666667	0.037037	0 	0 	0.111111	
581	0.40192	0.758573	0.37037	0.666667	0.037037	0 	0 	0.111111	
305	0.415154	0.763388	0.407407	0.777778	0.037037	0 	0 	-0.111111	
26	0.412857	0.708883	0.407407	0.777778	0.037037	0 	0 	-0.111111	
530	0.43454	0.687398	0.407407	0.777778	0.037037	0 	0 	-0.111111	
67	0.467553	0.692967	0.444444	0.666667	0.111111	0 	0 	0.037037	
682	0.504801	0.668038	0.444444	0.666667	0.111111	0 	0 	0.037037	
343	0.523203	0.683192	0.444444	0.666667	0.111111	0 	0 	0.037037	
622	0.544948	0.717284	0.555556	0.703704	-0.111111	0 	0 	0.037037	
178	0.555296	0.724466	0.555556	0.703704	-0.111111	0 	0 	0.037037	
292	0.447049	0.722391	0.555556	0.703704	-0.111111	0 	0 	0.037037	
490	0.459439	0.75398	0.444444	0.740741	0.111111	0 	0 	0.037037	
484	0.488317	0.763838	0.444444	0.740741	0.111111	0 	0 	0.037037	
118	0.545828	0.772801	0.444444	0.740741	0.111111	0 	0 	0.037037	
548	0.555474	0.808046	0.555556	0.777778	-0.037037	0 	0 	0.111111	
44	0.55495	0.819601	0.555556	0.777778	-0.037037	0 	0 	0.111111	
269	0.555501	0.877561	0.555556	0.777778	-0.037037	0 	0 	0.111111	
599	0.488235	0.880747	0.518519	0.888889	-0.037037	0 	0 	-0.111111	
401	0.504508	0.819176	0.518519	0.888889	-0.037037	0 	0 	-0.111111	
95	0.497147	0.796978	0.518519	0.888889	-0.037037	0 	0 	-0.111111	
452	0.467141	0.781488	0.481481	0.777778	-0.037037	0 	0 	0.111111	
650	0.459725	0.837027	0.481481	0.777778	-0.037037	0 	0 	0.111111	
227	0.466836	0.861857	0.481481	0.777778	-0.037037	0 	0 	0.111111	
573	0.481417	0.903263	0.444444	0.888889	0.111111	0 	0 	0.037037	
315	0.496975	0.921524	0.444444	0.888889	0.111111	0 	0 	0.037037	
201	0.528387	0.891592	0.444444	0.888889	0.111111	0 	0 	0.037037	
426	0.52777	0.945495	0.555556	0.925926	-0.111111	0 	0 	0.037037	
513	0.509483	0.949495	0.555556	0.925926	-0.111111	0 	0 	0.037037	
150	0.446307	0.936195	0.555556	0.925926	-0.111111	0 	0 	0.037037	
375	0.468244	0.990426	0.444444	0.962963	0.111111	0 	0 	0.037037	
9	0.473793	0.99547	0.444444	0.962963	0.111111	0 	0 	0.037037	
705	0.551138	0.977705	0.444444	0.962963	0.111111	0 	0 	0.037037	
164	0.588207	0.992659	0.555556	1	0.037037	0 	0 	-0.111111	
695	0.555561	0.929072	0.555556	1	0.037037	0 	0 	-0.111111	
470	0.556641	0.917247	0.555556	1	0.037037	0 	0 	-0.111111	
113	0.619578	0.921141	0.592593	0.888889	0.037037	0 	0 	0.111111	
338	0.597627	0.93061	0.592593	0.888889	0.037037	0 	0 	0.111111	
644	0.6113	0.952647	0.592593	0.888889	0.037037	0 	0 	0.111111	
287	0.638912	0.968117	0.62963	1	0.037037	0 	0 	-0.111111	
62	0.634302	0.951991	0.62963	1	0.037037	0 	0 	-0.111111	
512	0.64489	0.899658	0.62963	1	0.037037	0 	0 	-0.111111	
136	0.665086	0.860522	0.666667	0.888889	-0.111111	0 	0 	-0.037037	
421	0.642834	0.860996	0.666667	0.888889	-0.111111	0 	0 	-0.037037	
535	0.583395	0.873619	0.666667	0.888889	-0.111111	0 	0 	-0.037037	
310	0.572326	0.846194	0.555556	0.851852	0.111111	0 	0 	-0.037037	
196	0.601134	0.819215	0.555556	0.851852	0.111111	0 	0 	-0.037037	
586	0.658457	0.833942	0.555556	0.851852	0.111111	0 	0 	-0.037037	
361	0.661337	0.805895	0.666667	0.814815	-0.111111	0 	0 	-0.037037	
4	0.55581	0.778775	0.666667	0.814815	-0.111111	0 	0 	-0.037037	
393	0.586827	0.743668	0.555556	0.777778	0.037037	0 	0 	-0.111111	
87	0.564972	0.760649	0.555556	0.777778	0.037037	0 	0 	-0.111111	
618	0.560232	0.697446	0.555556	0.777778	0.037037	0 	0 	-0.111111	
252	0.597588	0.677897	0.592593	0.666667	0.037037	0 	0 	0.111111	
558	0.598032	0.746904	0.592593	0.666667	0.037037	0 	0 	0.111111	
27	0.604808	0.756041	0.592593	0.666667	0.037037	0 	0 	0.111111	
669	0.6395	0.777562	0.62963	0.777778	0.037037	0 	0 	-0.111111	
444	0.665735	0.715225	0.62963	0.777778	0.037037	0 	0 	-0.111111	
219	0.653462	0.680334	0.62963	0.777778	0.037037	0 	0 	-0.111111	
1	0.677063	0.669611	0.666667	0.666667	0.111111	0 	0 	0.037037	
724	0.738457	0.682186	0.666667	0.666667	0.111111	0 	0 	0.037037	
367	0.687076	0.673336	0.666667	0.666667	0.111111	0 	0 	0.037037	
592	0.774112	0.71796	0.777778	0.703704	-0.111111	0 	0 	0.037037	
193	0.713831	0.709413	0.777778	0.703704	-0.111111	0 	0 	0.037037	
307	0.681123	0.734079	0.777778	0.703704	-0.111111	0 	0 	0.037037	
532	0.671297	0.773683	0.666667	0.740741	0.111111	0 	0 	0.037037	
418	0.727005	0.77484	0.666667	0.740741	0.111111	0 	0 	0.037037	
142	0.744901	0.749782	0.666667	0.740741	0.111111	0 	0 	0.037037	
327	0.787308	0.745158	0.777778	0.777778	0.037037	0 	0 	-0.111111	
129	0.806584	0.736626	0.777778	0.777778	0.037037	0 	0 	-0.111111	
633	0.797638	0.672871	0.777778	0.777778	0.037037	0 	0 	-0.111111	
276	0.824356	0.69986	0.814815	0.666667	0.037037	0 	0 	0.111111	
501	0.829029	0.713048	0.814815	0.666667	0.037037	0 	0 	0.111111	
78	0.839955	0.764153	0.814815	0.666667	0.037037	0 	0 	0.111111	
684	0.87995	0.74334	0.851852	0.777778	0.037037	0 	0 	-0.111111	
459	0.861647	0.721772	0.851852	0.777778	0.037037	0 	0 	-0.111111	
180	0.885736	0.696649	0.851852	0.777778	0.037037	0 	0 	-0.111111	
458	0.924256	0.682124	0.888889	0.666667	0.111111	0 	0 	0.037037	
92	0.94452	0.691252	0.888889	0.666667	0.111111	0 	0 	0.037037	
545	0.964272	0.702248	0.888889	0.666667	0.111111	0 	0 	0.037037	
41	0.981483	0.73826	1	0.703704	-0.111111	0 	0 	0.037037	
398	0.957027	0.708596	1	0.703704	-0.111111	0 	0 	0.037037	
656	0.899863	0.729767	1	0.703704	-0.111111	0 	0 	0.037037	
233	0.911899	0.764494	0.888889	0.740741	0.111111	0 	0 	0.037037	
596	0.931996	0.770807	0.888889	0.740741	0.111111	0 	0 	0.037037	
266	0.990887	0.744906	0.888889	0.740741	0.111111	0 	0 	0.037037	
198	0.976323	0.779615	1	0.777778	-0.037037	0 	0 	0.111111	
423	0.986247	0.850232	1	0.777778	-0.037037	0 	0 	0.111111	
702	0.991172	0.863262	1	0.777778	-0.037037	0 	0 	0.111111	
15	0.923279	0.850798	0.962963	0.888889	-0.037037	0 	0 	-0.111111	
519	0.955896	0.831175	0.962963	0.888889	-0.037037	0 	0 	-0.111111	
321	0.953647	0.867468	0.962963	0.888889	-0.037037	0 	0 	-0.111111	
570	0.92076	0.820015	0.925926	0.777778	-0.037037	0 	0 	0.111111	
147	0.893566	0.825043	0.925926	0.777778	-0.037037	0 	0 	0.111111	
372	0.921296	0.874356	0.925926	0.777778	-0.037037	0 	0 	0.111111	
106	0.874693	0.877483	0.888889	0.888889	-0.111111	0 	0 	-0.037037	
436	0.848195	0.860437	0.888889	0.888889	-0.111111	0 	0 	-0.037037	
550	0.781295	0.887666	0.888889	0.888889	-0.111111	0 	0 	-0.037037	
244	0.805785	0.824996	0.777778	0.851852	0.111111	0 	0 	-0.037037	
238	0.834234	0.830884	0.777778	0.851852	0.111111	0 	0 	-0.037037	
610	0.805174	0.846632	0.777778	0.851852	0.111111	0 	0 	-0.037037	
385	0.87701	0.779625	0.888889	0.814815	-0.111111	0 	0 	-0.037037	
661	0.875153	0.792594	0.888889	0.814815	-0.111111	0 	0 	-0.037037	
46	0.791532	0.791038	0.888889	0.814815	-0.111111	0 	0 	-0.037037	
509	0.763612	0.786714	0.777778	0.777778	-0.037037	0 	0 	0.111111	
59	0.768449	0.846615	0.777778	0.777778	-0.037037	0 	0 	0.111111	
284	0.774909	0.791916	0.777778	0.777778	-0.037037	0 	0 	0.111111	
641	0.721965	0.859288	0.740741	0.888889	-0.037037	0 	0 	-0.111111	
335	0.710162	0.831173	0.740741	0.888889	-0.037037	0 	0 	-0.111111	
110	0.730257	0.805217	0.740741	0.888889	-0.037037	0 	0 	-0.111111	
476	0.674409	0.799404	0.703704	0.777778	-0.037037	0 	0 	0.111111	
701	0.689881	0.815926	0.703704	0.777778	-0.037037	0 	0 	0.111111	
170	0.703055	0.883375	0.703704	0.777778	-0.037037	0 	0 	0.111111	
615	0.680333	0.923818	0.666667	0.888889	0.111111	0 	0 	0.037037	
258	0.731621	0.894752	0.666667	0.888889	0.111111	0 	0 	0.037037	
216	0.760688	0.905885	0.666667	0.888889	0.111111	0 	0 	0.037037	
441	0.740684	0.931586	0.777778	0.925926	-0.111111	0 	0 	0.037037	
564	0.706278	0.960972	0.777778	0.925926	-0.111111	0 	0 	0.037037	
84	0.681468	0.946298	0.777778	0.925926	-0.111111	0 	0 	0.037037	
390	0.681204	0.984391	0.666667	0.962963	0.111111	0 	0 	0.037037	
33	0.718447	0.973926	0.666667	0.962963	0.111111	0 	0 	0.037037	
666	0.75225	0.986333	0.666667	0.962963	0.111111	0 	0 	0.037037	
215	0.787229	0.985967	0.777778	1	0.037037	0 	0 	-0.111111	
719	0.809737	0.939855	0.777778	1	0.037037	0 	0 	-0.111111	
413	0.800008	0.926407	0.777778	1	0.037037	0 	0 	-0.111111	
155	0.814988	0.902951	0.814815	0.888889	0.037037	0 	0 	0.111111	
353	0.824036	0.948673	0.814815	0.888889	0.037037	0 	0 	0.111111	
578	0.84837	0.978101	0.814815	0.888889	0.037037	0 	0 	0.111111	
302	0.853134	0.999919	0.851852	1	0.037037	0 	0 	-0.111111	
23	0.856838	0.929597	0.851852	1	0.037037	0 	0 	-0.111111	
527	0.878923	0.911887	0.851852	1	0.037037	0 	0 	-0.111111	
64	0.910152	0.914628	0.888889	0.888889	0.111111	0 	0 	0.037037	
679	0.906799	0.909562	0.888889	0.888889	0.111111	0 	0 	0.037037	
349	0.967395	0.905811	0.888889	0.888889	0.111111	0 	0 	0.037037	
628	0.979179	0.93683	1	0.925926	-0.111111	0 	0 	0.037037	
175	0.969261	0.94936	1	0.925926	-0.111111	0 	0 	0.037037	
289	0.890261	0.94513	1	0.925926	-0.111111	0 	0 	0.037037	
487	0.904497	0.974948	0.888889	0.962963	0.111111	0 	0 	0.037037	
481	0.936914	0.987571	0.888889	0.962963	0.111111	0 	0 	0.037037	
124	0.989929	0.994927	0.888889	0.962963	0.111111	0 	0 	0.037037	
