0	0.0183952	0.0190239	0	0	0.111111	0 	0 	0.037037	
366	0.0883713	0.0251866	0	0	0.111111	0 	0 	0.037037	
192	0.0402028	0.0373054	0.111111	0.037037	-0.111111	0 	0 	0.037037	
306	0.0121675	0.0664442	0.111111	0.037037	-0.111111	0 	0 	0.037037	
417	0.0564969	0.110018	0	0.0740741	0.111111	0 	0 	0.037037	
141	0.0840346	0.0803028	0	0.0740741	0.111111	0 	0 	0.037037	
329	0.115817	0.0813955	0.111111	0.111111	0.037037	0 	0 	-0.111111	
131	0.140074	0.0715756	0.111111	0.111111	0.037037	0 	0 	-0.111111	
278	0.160112	0.0353922	0.148148	0	0.037037	0 	0 	0.111111	
503	0.158635	0.00865139	0.148148	0	0.037037	0 	0 	0.111111	
80	0.173309	0.0954833	0.148148	0	0.037037	0 	0 	0.111111	
461	0.203315	0.079867	0.185185	0.111111	0.037037	0 	0 	-0.111111	
182	0.217562	0.0328326	0.185185	0.111111	0.037037	0 	0 	-0.111111	
457	0.250032	0.012253	0.222222	0	0.111111	0 	0 	0.037037	
91	0.279952	0.0179082	0.222222	0	0.111111	0 	0 	0.037037	
40	0.333232	0.0393999	0.333333	0.037037	-0.111111	0 	0 	0.037037	
397	0.276318	0.0547136	0.333333	0.037037	-0.111111	0 	0 	0.037037	
232	0.236129	0.0855315	0.222222	0.0740741	0.111111	0 	0 	0.037037	
265	0.322861	0.0810415	0.222222	0.0740741	0.111111	0 	0 	0.037037	
200	0.303449	0.113752	0.333333	0.111111	-0.037037	0 	0 	0.111111	
425	0.309258	0.181843	0.333333	0.111111	-0.037037	0 	0 	0.111111	
17	0.259218	0.186541	0.296296	0.222222	-0.037037	0 	0 	-0.111111	
323	0.273046	0.135776	0.296296	0.222222	-0.037037	0 	0 	-0.111111	
149	0.224844	0.152469	0.259259	0.111111	-0.037037	0 	0 	0.111111	
374	0.256354	0.212441	0.259259	0.111111	-0.037037	0 	0 	0.111111	
105	0.222062	0.220676	0.222222	0.222222	-0.111111	0 	0 	-0.037037	
435	0.20707	0.185728	0.222222	0.222222	-0.111111	0 	0 	-0.037037	
243	0.125049	0.184799	0.111111	0.185185	0.111111	0 	0 	-0.037037	
237	0.165214	0.162354	0.111111	0.185185	0.111111	0 	0 	-0.037037	
384	0.221937	0.143515	0.222222	0.148148	-0.111111	0 	0 	-0.037037	
45	0.124761	0.124923	0.222222	0.148148	-0.111111	0 	0 	-0.037037	
508	0.106357	0.144474	0.111111	0.111111	-0.037037	0 	0 	0.111111	
58	0.100569	0.19112	0.111111	0.111111	-0.037037	0 	0 	0.111111	
283	0.0752755	0.203611	0.111111	0.111111	-0.037037	0 	0 	0.111111	
334	0.0449206	0.166525	0.0740741	0.222222	-0.037037	0 	0 	-0.111111	
109	0.0706869	0.143308	0.0740741	0.222222	-0.037037	0 	0 	-0.111111	
475	0.0183699	0.111159	0.037037	0.111111	-0.037037	0 	0 	0.111111	
169	0.0322965	0.213719	0.037037	0.111111	-0.037037	0 	0 	0.111111	
260	0.0156287	0.231541	0	0.222222	0.111111	0 	0 	0.037037	
218	0.0976066	0.230762	0	0.222222	0.111111	0 	0 	0.037037	
443	0.110719	0.268428	0.111111	0.259259	-0.111111	0 	0 	0.037037	
86	0.0183054	0.283469	0.111111	0.259259	-0.111111	0 	0 	0.037037	
392	0.0310067	0.315057	0	0.296296	0.111111	0 	0 	0.037037	
35	0.0564951	0.308644	0	0.296296	0.111111	0 	0 	0.037037	
214	0.115686	0.320091	0.111111	0.333333	0.037037	0 	0 	-0.111111	
412	0.111647	0.319044	0.111111	0.333333	0.037037	0 	0 	-0.111111	
154	0.166747	0.240713	0.148148	0.222222	0.037037	0 	0 	0.111111	
352	0.15206	0.278537	0.148148	0.222222	0.037037	0 	0 	0.111111	
301	0.189745	0.313348	0.185185	0.333333	0.037037	0 	0 	-0.111111	
22	0.190762	0.264216	0.185185	0.333333	0.037037	0 	0 	-0.111111	
63	0.244558	0.250564	0.222222	0.222222	0.111111	0 	0 	0.037037	
348	0.301783	0.237311	0.222222	0.222222	0.111111	0 	0 	0.037037	
174	0.292615	0.287053	0.333333	0.259259	-0.111111	0 	0 	0.037037	
288	0.22599	0.278778	0.333333	0.259259	-0.111111	0 	0 	0.037037	
486	0.222803	0.305995	0.222222	0.296296	0.111111	0 	0 	0.037037	
480	0.269353	0.320105	0.222222	0.296296	0.111111	0 	0 	0.037037	
123	0.31923	0.328079	0.222222	0.296296	0.111111	0 	0 	0.037037	
229	0.35764	0.315936	0.333333	0.333333	0.037037	0 	0 	-0.111111	
454	0.368705	0.23389	0.333333	0.333333	0.037037	0 	0 	-0.111111	
97	0.388362	0.242889	0.37037	0.222222	0.037037	0 	0 	0.111111	
403	0.402859	0.262086	0.37037	0.222222	0.037037	0 	0 	0.111111	
262	0.431638	0.305432	0.407407	0.333333	0.037037	0 	0 	-0.111111	
37	0.422066	0.282747	0.407407	0.333333	0.037037	0 	0 	-0.111111	
120	0.444191	0.197977	0.444444	0.222222	-0.111111	0 	0 	-0.037037	
477	0.382929	0.208029	0.444444	0.222222	-0.111111	0 	0 	-0.037037	
492	0.350058	0.193793	0.444444	0.222222	-0.111111	0 	0 	-0.037037	
294	0.339644	0.170457	0.333333	0.185185	0.111111	0 	0 	-0.037037	
171	0.403301	0.175421	0.333333	0.185185	0.111111	0 	0 	-0.037037	
345	0.416451	0.130238	0.444444	0.148148	-0.111111	0 	0 	-0.037037	
69	0.359418	0.137594	0.444444	0.148148	-0.111111	0 	0 	-0.037037	
371	0.337902	0.10039	0.333333	0.111111	0.037037	0 	0 	-0.111111	
146	0.335341	0.0307917	0.333333	0.111111	0.037037	0 	0 	-0.111111	
320	0.384553	0.0247726	0.37037	0	0.037037	0 	0 	0.111111	
14	0.375415	0.0704742	0.37037	0	0.037037	0 	0 	0.111111	
431	0.430585	0.0725218	0.407407	0.111111	0.037037	0 	0 	-0.111111	
206	0.416712	0.0915136	0.407407	0.111111	0.037037	0 	0 	-0.111111	
472	0.448459	0.0139085	0.444444	0	0.111111	0 	0 	0.037037	
115	0.50025	0.0314038	0.444444	0	0.111111	0 	0 	0.037037	
505	0.53224	0.0106587	0.444444	0	0.111111	0 	0 	0.037037	
55	0.523113	0.0557952	0.555556	0.037037	-0.111111	0 	0 	0.037037	
340	0.492213	0.0523235	0.555556	0.037037	-0.111111	0 	0 	0.037037	
166	0.454399	0.0974747	0.444444	0.0740741	0.111111	0 	0 	0.037037	
280	0.520585	0.0942361	0.444444	0.0740741	0.111111	0 	0 	0.037037	
224	0.536168	0.132806	0.555556	0.111111	-0.037037	0 	0 	0.111111	
449	0.546206	0.187928	0.555556	0.111111	-0.037037	0 	0 	0.111111	
32	0.504668	0.192826	0.518519	0.222222	-0.037037	0 	0 	-0.111111	
257	0.513438	0.12083	0.518519	0.222222	-0.037037	0 	0 	-0.111111	
83	0.474642	0.165607	0.481481	0.111111	-0.037037	0 	0 	0.111111	
389	0.46747	0.151336	0.481481	0.111111	-0.037037	0 	0 	0.111111	
6	0.47227	0.233346	0.444444	0.222222	0.111111	0 	0 	0.037037	
363	0.537464	0.251095	0.444444	0.222222	0.111111	0 	0 	0.037037	
189	0.490853	0.263674	0.555556	0.259259	-0.111111	0 	0 	0.037037	
312	0.457719	0.290598	0.555556	0.259259	-0.111111	0 	0 	0.037037	
414	0.504292	0.331025	0.444444	0.296296	0.111111	0 	0 	0.037037	
138	0.521054	0.302228	0.444444	0.296296	0.111111	0 	0 	0.037037	
326	0.555593	0.301241	0.555556	0.333333	0.037037	0 	0 	-0.111111	
128	0.560752	0.275942	0.555556	0.333333	0.037037	0 	0 	-0.111111	
275	0.597455	0.274206	0.592593	0.222222	0.037037	0 	0 	0.111111	
500	0.601923	0.237383	0.592593	0.222222	0.037037	0 	0 	0.111111	
77	0.617902	0.320528	0.592593	0.222222	0.037037	0 	0 	0.111111	
467	0.638912	0.312087	0.62963	0.333333	0.037037	0 	0 	-0.111111	
188	0.665905	0.249107	0.62963	0.333333	0.037037	0 	0 	-0.111111	
298	0.652879	0.217547	0.666667	0.222222	-0.111111	0 	0 	-0.037037	
211	0.563354	0.191322	0.666667	0.222222	-0.111111	0 	0 	-0.037037	
358	0.611587	0.18413	0.555556	0.185185	0.111111	0 	0 	-0.037037	
19	0.625496	0.149875	0.555556	0.185185	0.111111	0 	0 	-0.037037	
160	0.595789	0.118822	0.666667	0.148148	-0.111111	0 	0 	-0.037037	
409	0.577025	0.145243	0.666667	0.148148	-0.111111	0 	0 	-0.037037	
249	0.586237	0.0429035	0.555556	0.111111	0.037037	0 	0 	-0.111111	
51	0.583538	0.0174206	0.555556	0.111111	0.037037	0 	0 	-0.111111	
234	0.615803	0.052187	0.592593	0	0.037037	0 	0 	0.111111	
432	0.626992	0.0855386	0.592593	0	0.037037	0 	0 	0.111111	
102	0.641277	0.110526	0.62963	0.111111	0.037037	0 	0 	-0.111111	
381	0.660087	0.00168942	0.62963	0.111111	0.037037	0 	0 	-0.111111	
406	0.683531	0.0370056	0.666667	0	0.111111	0 	0 	0.037037	
157	0.699579	0.028329	0.666667	0	0.111111	0 	0 	0.037037	
25	0.777064	0.0421795	0.777778	0.037037	-0.111111	0 	0 	0.037037	
355	0.717602	0.0608063	0.777778	0.037037	-0.111111	0 	0 	0.037037	
208	0.685915	0.0922456	0.666667	0.0740741	0.111111	0 	0 	0.037037	
304	0.75252	0.105438	0.666667	0.0740741	0.111111	0 	0 	0.037037	
489	0.777787	0.0824374	0.777778	0.111111	0.037037	0 	0 	-0.111111	
291	0.787428	0.0211334	0.777778	0.111111	0.037037	0 	0 	-0.111111	
66	0.798491	0.0194261	0.777778	0.111111	0.037037	0 	0 	-0.111111	
177	0.848146	0.062449	0.814815	0	0.037037	0 	0 	0.111111	
483	0.838301	0.0866459	0.814815	0	0.037037	0 	0 	0.111111	
117	0.882338	0.104888	0.851852	0.111111	0.037037	0 	0 	-0.111111	
342	0.857348	0.0122644	0.851852	0.111111	0.037037	0 	0 	-0.111111	
254	0.945962	0.00499442	0.888889	0	0.111111	0 	0 	0.037037	
221	0.984024	0.0125088	0.888889	0	0.111111	0 	0 	0.037037	
446	0.981495	0.0740148	1	0.037037	-0.111111	0 	0 	0.037037	
89	0.908829	0.0560095	1	0.037037	-0.111111	0 	0 	0.037037	
395	0.918023	0.0745782	0.888889	0.0740741	0.111111	0 	0 	0.037037	
29	0.934072	0.0893625	0.888889	0.0740741	0.111111	0 	0 	0.037037	
360	0.980855	0.139655	1	0.111111	-0.037037	0 	0 	0.111111	
135	0.965758	0.191329	1	0.111111	-0.037037	0 	0 	0.111111	
420	0.95367	0.147154	0.962963	0.222222	-0.037037	0 	0 	-0.111111	
195	0.933471	0.154944	0.962963	0.222222	-0.037037	0 	0 	-0.111111	
3	0.921292	0.113035	0.925926	0.111111	-0.037037	0 	0 	0.111111	
309	0.922365	0.167207	0.925926	0.111111	-0.037037	0 	0 	0.111111	
268	0.880995	0.222069	0.888889	0.222222	-0.111111	0 	0 	-0.037037	
226	0.799768	0.199023	0.888889	0.222222	-0.111111	0 	0 	-0.037037	
400	0.805876	0.185087	0.777778	0.185185	0.111111	0 	0 	-0.037037	
43	0.866443	0.163791	0.777778	0.185185	0.111111	0 	0 	-0.037037	
94	0.83292	0.135199	0.888889	0.148148	-0.111111	0 	0 	-0.037037	
451	0.809341	0.120861	0.888889	0.148148	-0.111111	0 	0 	-0.037037	
185	0.759068	0.133081	0.777778	0.111111	-0.037037	0 	0 	0.111111	
464	0.772088	0.199486	0.777778	0.111111	-0.037037	0 	0 	0.111111	
74	0.727702	0.207165	0.740741	0.222222	-0.037037	0 	0 	-0.111111	
497	0.722208	0.157628	0.740741	0.222222	-0.037037	0 	0 	-0.111111	
272	0.705075	0.130316	0.740741	0.222222	-0.037037	0 	0 	-0.111111	
134	0.694024	0.163135	0.703704	0.111111	-0.037037	0 	0 	0.111111	
332	0.670859	0.200304	0.703704	0.111111	-0.037037	0 	0 	0.111111	
48	0.667235	0.230889	0.666667	0.222222	0.111111	0 	0 	0.037037	
378	0.77059	0.225424	0.666667	0.222222	0.111111	0 	0 	0.037037	
240	0.725052	0.276276	0.777778	0.259259	-0.111111	0 	0 	0.037037	
246	0.694549	0.268383	0.777778	0.259259	-0.111111	0 	0 	0.037037	
438	0.735304	0.301501	0.666667	0.296296	0.111111	0 	0 	0.037037	
99	0.756751	0.319551	0.666667	0.296296	0.111111	0 	0 	0.037037	
377	0.807313	0.318962	0.777778	0.333333	0.037037	0 	0 	-0.111111	
152	0.781516	0.333066	0.777778	0.333333	0.037037	0 	0 	-0.111111	
317	0.828857	0.249855	0.814815	0.222222	0.037037	0 	0 	0.111111	
11	0.827184	0.252005	0.814815	0.222222	0.037037	0 	0 	0.111111	
428	0.874075	0.29289	0.851852	0.333333	0.037037	0 	0 	-0.111111	
203	0.860841	0.225125	0.851852	0.333333	0.037037	0 	0 	-0.111111	
469	0.898428	0.257686	0.888889	0.222222	0.111111	0 	0 	0.037037	
112	0.952775	0.255176	0.888889	0.222222	0.111111	0 	0 	0.037037	
511	0.976502	0.232027	0.888889	0.222222	0.111111	0 	0 	0.037037	
61	0.986507	0.283964	1	0.259259	-0.111111	0 	0 	0.037037	
337	0.928795	0.27874	1	0.259259	-0.111111	0 	0 	0.037037	
163	0.923047	0.320014	0.888889	0.296296	0.111111	0 	0 	0.037037	
286	0.973224	0.319099	0.888889	0.296296	0.111111	0 	0 	0.037037	
383	0.994977	0.393327	1	0.333333	-0.037037	0 	0 	0.111111	
104	0.978638	0.42649	1	0.333333	-0.037037	0 	0 	0.111111	
434	0.953759	0.431016	0.962963	0.444444	-0.037037	0 	0 	-0.111111	
236	0.96296	0.401641	0.962963	0.444444	-0.037037	0 	0 	-0.111111	
53	0.902972	0.343322	0.925926	0.333333	-0.037037	0 	0 	0.111111	
251	0.916539	0.348341	0.925926	0.333333	-0.037037	0 	0 	0.111111	
408	0.916765	0.477641	0.888889	0.444444	0.111111	0 	0 	0.037037	
159	0.907364	0.444851	0.888889	0.444444	0.111111	0 	0 	0.037037	
18	0.965116	0.485695	1	0.481481	-0.111111	0 	0 	0.037037	
357	0.941043	0.508131	1	0.481481	-0.111111	0 	0 	0.037037	
210	0.895188	0.550635	0.888889	0.518519	0.111111	0 	0 	0.037037	
297	0.972602	0.546	0.888889	0.518519	0.111111	0 	0 	0.037037	
187	0.988991	0.569253	1	0.555556	-0.037037	0 	0 	0.111111	
466	0.981528	0.621503	1	0.555556	-0.037037	0 	0 	0.111111	
76	0.962618	0.652575	0.962963	0.666667	-0.037037	0 	0 	-0.111111	
499	0.938131	0.599326	0.962963	0.666667	-0.037037	0 	0 	-0.111111	
274	0.924777	0.574862	0.962963	0.666667	-0.037037	0 	0 	-0.111111	
127	0.915052	0.617135	0.925926	0.555556	-0.037037	0 	0 	0.111111	
325	0.904689	0.566692	0.925926	0.555556	-0.037037	0 	0 	0.111111	
140	0.861071	0.631613	0.888889	0.666667	-0.111111	0 	0 	-0.037037	
416	0.832887	0.662294	0.888889	0.666667	-0.111111	0 	0 	-0.037037	
314	0.79144	0.626203	0.777778	0.62963	0.111111	0 	0 	-0.037037	
191	0.825124	0.595523	0.777778	0.62963	0.111111	0 	0 	-0.037037	
365	0.873579	0.583109	0.888889	0.592593	-0.111111	0 	0 	-0.037037	
8	0.777778	0.555556	0.888889	0.592593	-0.111111	0 	0 	-0.037037	
388	0.80993	0.519578	0.777778	0.555556	0.037037	0 	0 	-0.111111	
82	0.777861	0.485096	0.777778	0.555556	0.037037	0 	0 	-0.111111	
256	0.837824	0.451768	0.814815	0.444444	0.037037	0 	0 	0.111111	
31	0.827751	0.528448	0.814815	0.444444	0.037037	0 	0 	0.111111	
448	0.884362	0.493596	0.851852	0.555556	0.037037	0 	0 	-0.111111	
223	0.861768	0.467266	0.851852	0.555556	0.037037	0 	0 	-0.111111	
279	0.861036	0.439068	0.888889	0.444444	-0.111111	0 	0 	-0.037037	
165	0.797403	0.435169	0.888889	0.444444	-0.111111	0 	0 	-0.037037	
339	0.820424	0.384828	0.777778	0.407407	0.111111	0 	0 	-0.037037	
54	0.875924	0.398169	0.777778	0.407407	0.111111	0 	0 	-0.037037	
504	0.879982	0.333694	0.888889	0.37037	-0.111111	0 	0 	-0.037037	
114	0.849034	0.362253	0.888889	0.37037	-0.111111	0 	0 	-0.037037	
471	0.785718	0.35831	0.888889	0.37037	-0.111111	0 	0 	-0.037037	
205	0.747487	0.339432	0.777778	0.333333	-0.037037	0 	0 	0.111111	
430	0.762689	0.406036	0.777778	0.333333	-0.037037	0 	0 	0.111111	
13	0.740605	0.440742	0.740741	0.444444	-0.037037	0 	0 	-0.111111	
319	0.716941	0.363195	0.740741	0.444444	-0.037037	0 	0 	-0.111111	
145	0.694713	0.376832	0.703704	0.333333	-0.037037	0 	0 	0.111111	
370	0.698709	0.403589	0.703704	0.333333	-0.037037	0 	0 	0.111111	
71	0.68474	0.481386	0.666667	0.444444	0.111111	0 	0 	0.037037	
347	0.747368	0.457344	0.666667	0.444444	0.111111	0 	0 	0.037037	
173	0.736019	0.507625	0.777778	0.481481	-0.111111	0 	0 	0.037037	
296	0.668038	0.500686	0.777778	0.481481	-0.111111	0 	0 	0.037037	
494	0.682005	0.532626	0.666667	0.518519	0.111111	0 	0 	0.037037	
479	0.67995	0.527278	0.666667	0.518519	0.111111	0 	0 	0.037037	
122	0.769547	0.55144	0.666667	0.518519	0.111111	0 	0 	0.037037	
36	0.768376	0.558111	0.777778	0.555556	-0.037037	0 	0 	0.111111	
261	0.777405	0.639579	0.777778	0.555556	-0.037037	0 	0 	0.111111	
402	0.730146	0.59172	0.740741	0.666667	-0.037037	0 	0 	-0.111111	
96	0.730762	0.638244	0.740741	0.666667	-0.037037	0 	0 	-0.111111	
453	0.697907	0.575408	0.703704	0.555556	-0.037037	0 	0 	0.111111	
228	0.691441	0.653745	0.703704	0.555556	-0.037037	0 	0 	0.111111	
125	0.659495	0.651763	0.666667	0.666667	-0.111111	0 	0 	-0.037037	
482	0.602012	0.652439	0.666667	0.666667	-0.111111	0 	0 	-0.037037	
488	0.565861	0.639258	0.666667	0.666667	-0.111111	0 	0 	-0.037037	
290	0.555766	0.614612	0.555556	0.62963	0.111111	0 	0 	-0.037037	
176	0.62537	0.621133	0.555556	0.62963	0.111111	0 	0 	-0.037037	
350	0.658275	0.577939	0.666667	0.592593	-0.111111	0 	0 	-0.037037	
65	0.583159	0.581317	0.666667	0.592593	-0.111111	0 	0 	-0.037037	
21	0.550654	0.570197	0.555556	0.555556	-0.037037	0 	0 	0.111111	
300	0.532362	0.661854	0.555556	0.555556	-0.037037	0 	0 	0.111111	
351	0.503012	0.637438	0.518519	0.666667	-0.037037	0 	0 	-0.111111	
153	0.485597	0.563786	0.518519	0.666667	-0.037037	0 	0 	-0.111111	
411	0.476813	0.59132	0.481481	0.555556	-0.037037	0 	0 	0.111111	
213	0.477124	0.625023	0.481481	0.555556	-0.037037	0 	0 	0.111111	
34	0.381081	0.64113	0.444444	0.666667	-0.111111	0 	0 	-0.037037	
391	0.366895	0.633172	0.444444	0.666667	-0.111111	0 	0 	-0.037037	
85	0.3498	0.619809	0.333333	0.62963	0.111111	0 	0 	-0.037037	
442	0.440065	0.606112	0.333333	0.62963	0.111111	0 	0 	-0.037037	
217	0.416539	0.592233	0.444444	0.592593	-0.111111	0 	0 	-0.037037	
259	0.394896	0.565244	0.444444	0.592593	-0.111111	0 	0 	-0.037037	
168	0.342958	0.529699	0.333333	0.555556	0.037037	0 	0 	-0.111111	
474	0.342059	0.466304	0.333333	0.555556	0.037037	0 	0 	-0.111111	
108	0.372878	0.482175	0.37037	0.444444	0.037037	0 	0 	0.111111	
333	0.371306	0.506052	0.37037	0.444444	0.037037	0 	0 	0.111111	
282	0.41853	0.536905	0.407407	0.555556	0.037037	0 	0 	-0.111111	
57	0.431545	0.505542	0.407407	0.555556	0.037037	0 	0 	-0.111111	
507	0.423711	0.455004	0.407407	0.555556	0.037037	0 	0 	-0.111111	
47	0.465239	0.472479	0.444444	0.444444	0.111111	0 	0 	0.037037	
386	0.548315	0.447337	0.444444	0.444444	0.111111	0 	0 	0.037037	
239	0.539769	0.482311	0.555556	0.481481	-0.111111	0 	0 	0.037037	
245	0.472176	0.490672	0.555556	0.481481	-0.111111	0 	0 	0.037037	
437	0.510099	0.532543	0.444444	0.518519	0.111111	0 	0 	0.037037	
107	0.528	0.539111	0.444444	0.518519	0.111111	0 	0 	0.037037	
373	0.572284	0.547227	0.555556	0.555556	0.037037	0 	0 	-0.111111	
148	0.560456	0.49117	0.555556	0.555556	0.037037	0 	0 	-0.111111	
322	0.607773	0.472836	0.592593	0.444444	0.037037	0 	0 	0.111111	
16	0.602302	0.511544	0.592593	0.444444	0.037037	0 	0 	0.111111	
424	0.635207	0.548356	0.62963	0.555556	0.037037	0 	0 	-0.111111	
199	0.63448	0.45294	0.62963	0.555556	0.037037	0 	0 	-0.111111	
264	0.65964	0.411535	0.666667	0.444444	-0.111111	0 	0 	-0.037037	
231	0.577228	0.423355	0.666667	0.444444	-0.111111	0 	0 	-0.037037	
396	0.618995	0.376	0.555556	0.407407	0.111111	0 	0 	-0.037037	
39	0.640188	0.37857	0.555556	0.407407	0.111111	0 	0 	-0.037037	
90	0.666478	0.366361	0.666667	0.37037	-0.111111	0 	0 	-0.037037	
456	0.589849	0.344307	0.666667	0.37037	-0.111111	0 	0 	-0.037037	
181	0.555499	0.361447	0.555556	0.333333	-0.037037	0 	0 	0.111111	
460	0.527196	0.39007	0.555556	0.333333	-0.037037	0 	0 	0.111111	
79	0.518261	0.430459	0.518519	0.444444	-0.037037	0 	0 	-0.111111	
502	0.512736	0.430642	0.518519	0.444444	-0.037037	0 	0 	-0.111111	
277	0.482984	0.352983	0.518519	0.444444	-0.037037	0 	0 	-0.111111	
130	0.46739	0.355077	0.481481	0.333333	-0.037037	0 	0 	0.111111	
328	0.445558	0.423493	0.481481	0.333333	-0.037037	0 	0 	0.111111	
143	0.411136	0.408792	0.444444	0.444444	-0.111111	0 	0 	-0.037037	
419	0.393925	0.44214	0.444444	0.444444	-0.111111	0 	0 	-0.037037	
308	0.350054	0.389034	0.333333	0.407407	0.111111	0 	0 	-0.037037	
194	0.380343	0.375425	0.333333	0.407407	0.111111	0 	0 	-0.037037	
368	0.440055	0.355515	0.444444	0.37037	-0.111111	0 	0 	-0.037037	
2	0.333564	0.333362	0.444444	0.37037	-0.111111	0 	0 	-0.037037	
220	0.332722	0.343118	0.333333	0.333333	-0.037037	0 	0 	0.111111	
445	0.333296	0.380657	0.333333	0.333333	-0.037037	0 	0 	0.111111	
28	0.29123	0.430057	0.296296	0.444444	-0.037037	0 	0 	-0.111111	
253	0.286047	0.34165	0.296296	0.444444	-0.037037	0 	0 	-0.111111	
88	0.249085	0.386988	0.259259	0.333333	-0.037037	0 	0 	0.111111	
394	0.251276	0.418741	0.259259	0.333333	-0.037037	0 	0 	0.111111	
5	0.236591	0.461757	0.222222	0.444444	0.111111	0 	0 	0.037037	
362	0.314901	0.470788	0.222222	0.444444	0.111111	0 	0 	0.037037	
197	0.300369	0.490929	0.333333	0.481481	-0.111111	0 	0 	0.037037	
311	0.235538	0.511742	0.333333	0.481481	-0.111111	0 	0 	0.037037	
422	0.280398	0.553677	0.222222	0.518519	0.111111	0 	0 	0.037037	
137	0.296083	0.528757	0.222222	0.518519	0.111111	0 	0 	0.037037	
510	0.324336	0.556156	0.333333	0.555556	-0.037037	0 	0 	0.111111	
60	0.333185	0.630798	0.333333	0.555556	-0.037037	0 	0 	0.111111	
285	0.296477	0.650651	0.333333	0.555556	-0.037037	0 	0 	0.111111	
336	0.282236	0.666125	0.296296	0.666667	-0.037037	0 	0 	-0.111111	
111	0.291527	0.58757	0.296296	0.666667	-0.037037	0 	0 	-0.111111	
468	0.240649	0.555605	0.259259	0.555556	-0.037037	0 	0 	0.111111	
162	0.249527	0.64309	0.259259	0.555556	-0.037037	0 	0 	0.111111	
10	0.149292	0.629736	0.222222	0.666667	-0.111111	0 	0 	-0.037037	
376	0.126263	0.652669	0.222222	0.666667	-0.111111	0 	0 	-0.037037	
151	0.125046	0.59764	0.111111	0.62963	0.111111	0 	0 	-0.037037	
427	0.208749	0.625137	0.111111	0.62963	0.111111	0 	0 	-0.037037	
202	0.193816	0.566229	0.222222	0.592593	-0.111111	0 	0 	-0.037037	
316	0.21875	0.592505	0.222222	0.592593	-0.111111	0 	0 	-0.037037	
225	0.12912	0.547837	0.111111	0.555556	0.037037	0 	0 	-0.111111	
450	0.145666	0.454718	0.111111	0.555556	0.037037	0 	0 	-0.111111	
93	0.163803	0.465201	0.148148	0.444444	0.037037	0 	0 	0.111111	
399	0.179896	0.486664	0.148148	0.444444	0.037037	0 	0 	0.111111	
267	0.197274	0.546303	0.185185	0.555556	0.037037	0 	0 	-0.111111	
42	0.189814	0.49868	0.185185	0.555556	0.037037	0 	0 	-0.111111	
119	0.221979	0.412007	0.222222	0.444444	-0.111111	0 	0 	-0.037037	
485	0.161181	0.429961	0.222222	0.444444	-0.111111	0 	0 	-0.037037	
491	0.125845	0.416521	0.222222	0.444444	-0.111111	0 	0 	-0.037037	
293	0.119802	0.402123	0.111111	0.407407	0.111111	0 	0 	-0.037037	
179	0.182398	0.387504	0.111111	0.407407	0.111111	0 	0 	-0.037037	
344	0.222184	0.363845	0.222222	0.37037	-0.111111	0 	0 	-0.037037	
68	0.13462	0.360336	0.222222	0.37037	-0.111111	0 	0 	-0.037037	
24	0.0969721	0.335755	0.111111	0.333333	-0.037037	0 	0 	0.111111	
303	0.0906179	0.4405	0.111111	0.333333	-0.037037	0 	0 	0.111111	
354	0.0600591	0.417741	0.0740741	0.444444	-0.037037	0 	0 	-0.111111	
156	0.0412048	0.341269	0.0740741	0.444444	-0.037037	0 	0 	-0.111111	
405	0.0321664	0.352727	0.037037	0.333333	-0.037037	0 	0 	0.111111	
207	0.00864114	0.413675	0.037037	0.333333	-0.037037	0 	0 	0.111111	
271	0.00227137	0.465571	0	0.444444	0.111111	0 	0 	0.037037	
184	0.107147	0.473971	0	0.444444	0.111111	0 	0 	0.037037	
463	0.0933839	0.517108	0.111111	0.481481	-0.111111	0 	0 	0.037037	
496	0.0546972	0.496676	0.111111	0.481481	-0.111111	0 	0 	0.037037	
133	0.0313431	0.510292	0.111111	0.481481	-0.111111	0 	0 	0.037037	
331	0.00510889	0.533425	0	0.518519	0.111111	0 	0 	0.037037	
73	0.0631387	0.545386	0	0.518519	0.111111	0 	0 	0.037037	
380	0.110867	0.58501	0.111111	0.555556	-0.037037	0 	0 	0.111111	
101	0.0963576	0.625775	0.111111	0.555556	-0.037037	0 	0 	0.111111	
440	0.0599902	0.664462	0.0740741	0.666667	-0.037037	0 	0 	-0.111111	
242	0.0528511	0.607764	0.0740741	0.666667	-0.037037	0 	0 	-0.111111	
50	0.028073	0.581194	0.037037	0.555556	-0.037037	0 	0 	0.111111	
248	0.0320241	0.612082	0.037037	0.555556	-0.037037	0 	0 	0.111111	
318	0.0526851	0.697078	0	0.666667	0.111111	0 	0 	0.037037	
204	0.0825573	0.671663	0	0.666667	0.111111	0 	0 	0.037037	
429	0.110334	0.717962	0.111111	0.703704	-0.111111	0 	0 	0.037037	
144	0.00422397	0.710526	0.111111	0.703704	-0.111111	0 	0 	0.037037	
369	0.0142358	0.746702	0	0.740741	0.111111	0 	0 	0.037037	
12	0.037037	0.740741	0	0.740741	0.111111	0 	0 	0.037037	
167	0.134293	0.764058	0.111111	0.777778	0.037037	0 	0 	-0.111111	
473	0.124364	0.68744	0.111111	0.777778	0.037037	0 	0 	-0.111111	
116	0.171635	0.705763	0.148148	0.666667	0.037037	0 	0 	0.111111	
341	0.155965	0.718008	0.148148	0.666667	0.037037	0 	0 	0.111111	
281	0.185221	0.760548	0.185185	0.777778	0.037037	0 	0 	-0.111111	
56	0.19049	0.750224	0.185185	0.777778	0.037037	0 	0 	-0.111111	
506	0.196694	0.668993	0.185185	0.777778	0.037037	0 	0 	-0.111111	
52	0.22227	0.668863	0.222222	0.666667	0.111111	0 	0 	0.037037	
382	0.325454	0.670296	0.222222	0.666667	0.111111	0 	0 	0.037037	
235	0.277632	0.720888	0.333333	0.703704	-0.111111	0 	0 	0.037037	
250	0.248206	0.715031	0.333333	0.703704	-0.111111	0 	0 	0.037037	
433	0.294132	0.751153	0.222222	0.740741	0.111111	0 	0 	0.037037	
103	0.310995	0.760493	0.222222	0.740741	0.111111	0 	0 	0.037037	
20	0.294533	0.816196	0.333333	0.777778	-0.037037	0 	0 	0.111111	
299	0.309062	0.885773	0.333333	0.777778	-0.037037	0 	0 	0.111111	
359	0.280032	0.88872	0.296296	0.888889	-0.037037	0 	0 	-0.111111	
161	0.263989	0.784742	0.296296	0.888889	-0.037037	0 	0 	-0.111111	
410	0.24881	0.824256	0.259259	0.777778	-0.037037	0 	0 	0.111111	
212	0.231844	0.857271	0.259259	0.777778	-0.037037	0 	0 	0.111111	
30	0.152694	0.861221	0.222222	0.888889	-0.111111	0 	0 	-0.037037	
387	0.141289	0.854595	0.222222	0.888889	-0.111111	0 	0 	-0.037037	
81	0.120571	0.83323	0.111111	0.851852	0.111111	0 	0 	-0.037037	
447	0.218729	0.825664	0.111111	0.851852	0.111111	0 	0 	-0.037037	
222	0.208131	0.809252	0.222222	0.814815	-0.111111	0 	0 	-0.037037	
255	0.170438	0.786554	0.222222	0.814815	-0.111111	0 	0 	-0.037037	
346	0.106248	0.784779	0.111111	0.777778	-0.037037	0 	0 	0.111111	
121	0.097251	0.884485	0.111111	0.777778	-0.037037	0 	0 	0.111111	
478	0.0701356	0.868041	0.0740741	0.888889	-0.037037	0 	0 	-0.111111	
172	0.0688013	0.857758	0.0740741	0.888889	-0.037037	0 	0 	-0.111111	
70	0.0276594	0.7975	0.037037	0.777778	-0.037037	0 	0 	0.111111	
295	0.0356084	0.819588	0.037037	0.777778	-0.037037	0 	0 	0.111111	
493	0.0229644	0.85519	0.037037	0.777778	-0.037037	0 	0 	0.111111	
455	0.027842	0.920397	0	0.888889	0.111111	0 	0 	0.037037	
98	0.0484685	0.907887	0	0.888889	0.111111	0 	0 	0.037037	
38	0.0924247	0.940467	0.111111	0.925926	-0.111111	0 	0 	0.037037	
404	0.06918	0.940283	0.111111	0.925926	-0.111111	0 	0 	0.037037	
230	8.10764e-05	0.973582	0	0.962963	0.111111	0 	0 	0.037037	
263	0.100315	0.972622	0	0.962963	0.111111	0 	0 	0.037037	
313	0.121514	0.985836	0.111111	1	0.037037	0 	0 	-0.111111	
7	0.111203	0.890871	0.111111	1	0.037037	0 	0 	-0.111111	
190	0.166832	0.934564	0.148148	0.888889	0.037037	0 	0 	0.111111	
415	0.15778	0.986021	0.148148	0.888889	0.037037	0 	0 	0.111111	
139	0.194811	0.979729	0.185185	1	0.037037	0 	0 	-0.111111	
364	0.195495	0.907881	0.185185	1	0.037037	0 	0 	-0.111111	
273	0.230183	0.890408	0.222222	0.888889	0.111111	0 	0 	0.037037	
186	0.32999	0.918481	0.222222	0.888889	0.111111	0 	0 	0.037037	
465	0.320795	0.946879	0.333333	0.925926	-0.111111	0 	0 	0.037037	
498	0.277811	0.934507	0.333333	0.925926	-0.111111	0 	0 	0.037037	
126	0.249883	0.956808	0.333333	0.925926	-0.111111	0 	0 	0.037037	
324	0.236298	0.963472	0.222222	0.962963	0.111111	0 	0 	0.037037	
75	0.282106	0.988384	0.222222	0.962963	0.111111	0 	0 	0.037037	
247	0.361699	0.930226	0.333333	1	0.037037	0 	0 	-0.111111	
49	0.35754	0.902981	0.333333	1	0.037037	0 	0 	-0.111111	
241	0.389238	0.942259	0.37037	0.888889	0.037037	0 	0 	0.111111	
439	0.395324	0.974857	0.37037	0.888889	0.037037	0 	0 	0.111111	
100	0.422613	0.999444	0.407407	1	0.037037	0 	0 	-0.111111	
379	0.438716	0.892335	0.407407	1	0.037037	0 	0 	-0.111111	
72	0.430573	0.863973	0.444444	0.888889	-0.111111	0 	0 	-0.037037	
330	0.336807	0.869254	0.444444	0.888889	-0.111111	0 	0 	-0.037037	
132	0.361325	0.840266	0.333333	0.851852	0.111111	0 	0 	-0.037037	
495	0.388013	0.825731	0.333333	0.851852	0.111111	0 	0 	-0.037037	
462	0.415252	0.838197	0.333333	0.851852	0.111111	0 	0 	-0.037037	
183	0.430438	0.795775	0.444444	0.814815	-0.111111	0 	0 	-0.037037	
270	0.371111	0.796212	0.444444	0.814815	-0.111111	0 	0 	-0.037037	
209	0.338499	0.748184	0.333333	0.777778	0.037037	0 	0 	-0.111111	
407	0.343324	0.771764	0.333333	0.777778	0.037037	0 	0 	-0.111111	
158	0.388985	0.690833	0.37037	0.666667	0.037037	0 	0 	0.111111	
356	0.387749	0.730833	0.37037	0.666667	0.037037	0 	0 	0.111111	
305	0.418793	0.742444	0.407407	0.777778	0.037037	0 	0 	-0.111111	
26	0.416679	0.70684	0.407407	0.777778	0.037037	0 	0 	-0.111111	
67	0.451491	0.689906	0.444444	0.666667	0.111111	0 	0 	0.037037	
343	0.458783	0.673688	0.444444	0.666667	0.111111	0 	0 	0.037037	
178	0.507762	0.727243	0.555556	0.703704	-0.111111	0 	0 	0.037037	
292	0.555471	0.706604	0.555556	0.703704	-0.111111	0 	0 	0.037037	
490	0.444492	0.746995	0.444444	0.740741	0.111111	0 	0 	0.037037	
484	0.490287	0.762626	0.444444	0.740741	0.111111	0 	0 	0.037037	
118	0.550074	0.772583	0.444444	0.740741	0.111111	0 	0 	0.037037	
44	0.555553	0.824307	0.555556	0.777778	-0.037037	0 	0 	0.111111	
269	0.545889	0.875678	0.555556	0.777778	-0.037037	0 	0 	0.111111	
401	0.513262	0.856395	0.518519	0.888889	-0.037037	0 	0 	-0.111111	
95	0.499732	0.799123	0.518519	0.888889	-0.037037	0 	0 	-0.111111	
452	0.475817	0.796406	0.481481	0.777778	-0.037037	0 	0 	0.111111	
227	0.465021	0.868313	0.481481	0.777778	-0.037037	0 	0 	0.111111	
315	0.496934	0.919822	0.444444	0.888889	0.111111	0 	0 	0.037037	
201	0.52589	0.894169	0.444444	0.888889	0.111111	0 	0 	0.037037	
426	0.52736	0.961369	0.555556	0.925926	-0.111111	0 	0 	0.037037	
150	0.44746	0.932417	0.555556	0.925926	-0.111111	0 	0 	0.037037	
375	0.473696	0.999935	0.444444	0.962963	0.111111	0 	0 	0.037037	
9	0.488752	0.96773	0.444444	0.962963	0.111111	0 	0 	0.037037	
164	0.560579	0.986042	0.555556	1	0.037037	0 	0 	-0.111111	
470	0.560425	0.911098	0.555556	1	0.037037	0 	0 	-0.111111	
113	0.615366	0.919214	0.592593	0.888889	0.037037	0 	0 	0.111111	
338	0.592968	0.942545	0.592593	0.888889	0.037037	0 	0 	0.111111	
287	0.639566	0.969973	0.62963	1	0.037037	0 	0 	-0.111111	
62	0.634853	0.962898	0.62963	1	0.037037	0 	0 	-0.111111	
512	0.649105	0.903955	0.62963	1	0.037037	0 	0 	-0.111111	
136	0.650213	0.857189	0.666667	0.888889	-0.111111	0 	0 	-0.037037	
421	0.616913	0.884777	0.666667	0.888889	-0.111111	0 	0 	-0.037037	
310	0.584143	0.83701	0.555556	0.851852	0.111111	0 	0 	-0.037037	
196	0.603461	0.816753	0.555556	0.851852	0.111111	0 	0 	-0.037037	
361	0.652155	0.807858	0.666667	0.814815	-0.111111	0 	0 	-0.037037	
4	0.55503	0.778221	0.666667	0.814815	-0.111111	0 	0 	-0.037037	
393	0.589079	0.744918	0.555556	0.777778	0.037037	0 	0 	-0.111111	
87	0.571276	0.726698	0.555556	0.777778	0.037037	0 	0 	-0.111111	
252	0.614963	0.674567	0.592593	0.666667	0.037037	0 	0 	0.111111	
27	0.607125	0.763742	0.592593	0.666667	0.037037	0 	0 	0.111111	
444	0.661371	0.714672	0.62963	0.777778	0.037037	0 	0 	-0.111111	
219	0.64925	0.685689	0.62963	0.777778	0.037037	0 	0 	-0.111111	
1	0.694561	0.689951	0.666667	0.666667	0.111111	0 	0 	0.037037	
367	0.758374	0.693856	0.666667	0.666667	0.111111	0 	0 	0.037037	
193	0.719282	0.708339	0.777778	0.703704	-0.111111	0 	0 	0.037037	
307	0.679711	0.734731	0.777778	0.703704	-0.111111	0 	0 	0.037037	
418	0.704759	0.773569	0.666667	0.740741	0.111111	0 	0 	0.037037	
142	0.751922	0.749225	0.666667	0.740741	0.111111	0 	0 	0.037037	
327	0.783142	0.750853	0.777778	0.777778	0.037037	0 	0 	-0.111111	
129	0.810338	0.736356	0.777778	0.777778	0.037037	0 	0 	-0.111111	
276	0.824236	0.680565	0.814815	0.666667	0.037037	0 	0 	0.111111	
501	0.828725	0.708279	0.814815	0.666667	0.037037	0 	0 	0.111111	
78	0.838618	0.762599	0.814815	0.666667	0.037037	0 	0 	0.111111	
459	0.865805	0.742701	0.851852	0.777778	0.037037	0 	0 	-0.111111	
180	0.884267	0.695677	0.851852	0.777778	0.037037	0 	0 	-0.111111	
458	0.918012	0.684387	0.888889	0.666667	0.111111	0 	0 	0.037037	
92	0.88941	0.682557	0.888889	0.666667	0.111111	0 	0 	0.037037	
41	0.970738	0.739992	1	0.703704	-0.111111	0 	0 	0.037037	
398	0.964264	0.709245	1	0.703704	-0.111111	0 	0 	0.037037	
233	0.916871	0.762295	0.888889	0.740741	0.111111	0 	0 	0.037037	
266	0.986372	0.743422	0.888889	0.740741	0.111111	0 	0 	0.037037	
198	0.971964	0.781032	1	0.777778	-0.037037	0 	0 	0.111111	
423	0.985923	0.847525	1	0.777778	-0.037037	0 	0 	0.111111	
15	0.925019	0.850905	0.962963	0.888889	-0.037037	0 	0 	-0.111111	
321	0.958142	0.838544	0.962963	0.888889	-0.037037	0 	0 	-0.111111	
147	0.888849	0.819259	0.925926	0.777778	-0.037037	0 	0 	0.111111	
372	0.925808	0.797148	0.925926	0.777778	-0.037037	0 	0 	0.111111	
106	0.881057	0.888422	0.888889	0.888889	-0.111111	0 	0 	-0.037037	
436	0.887239	0.888676	0.888889	0.888889	-0.111111	0 	0 	-0.037037	
244	0.818508	0.837557	0.777778	0.851852	0.111111	0 	0 	-0.037037	
238	0.829901	0.828409	0.777778	0.851852	0.111111	0 	0 	-0.037037	
385	0.88729	0.800915	0.888889	0.814815	-0.111111	0 	0 	-0.037037	
46	0.791688	0.789828	0.888889	0.814815	-0.111111	0 	0 	-0.037037	
509	0.77737	0.826228	0.777778	0.777778	-0.037037	0 	0 	0.111111	
59	0.763862	0.826826	0.777778	0.777778	-0.037037	0 	0 	0.111111	
284	0.754313	0.878955	0.777778	0.777778	-0.037037	0 	0 	0.111111	
335	0.707445	0.828807	0.740741	0.888889	-0.037037	0 	0 	-0.111111	
110	0.727317	0.802844	0.740741	0.888889	-0.037037	0 	0 	-0.111111	
476	0.674947	0.804572	0.703704	0.777778	-0.037037	0 	0 	0.111111	
170	0.697424	0.875898	0.703704	0.777778	-0.037037	0 	0 	0.111111	
258	0.724124	0.897442	0.666667	0.888889	0.111111	0 	0 	0.037037	
216	0.764083	0.908481	0.666667	0.888889	0.111111	0 	0 	0.037037	
441	0.749646	0.940762	0.777778	0.925926	-0.111111	0 	0 	0.037037	
84	0.685673	0.949252	0.777778	0.925926	-0.111111	0 	0 	0.037037	
390	0.679762	0.98957	0.666667	0.962963	0.111111	0 	0 	0.037037	
33	0.722608	0.977481	0.666667	0.962963	0.111111	0 	0 	0.037037	
215	0.796361	0.951198	0.777778	1	0.037037	0 	0 	-0.111111	
413	0.782015	0.972382	0.777778	1	0.037037	0 	0 	-0.111111	
155	0.822991	0.900368	0.814815	0.888889	0.037037	0 	0 	0.111111	
353	0.827942	0.959953	0.814815	0.888889	0.037037	0 	0 	0.111111	
302	0.856221	0.983474	0.851852	1	0.037037	0 	0 	-0.111111	
23	0.858241	0.915249	0.851852	1	0.037037	0 	0 	-0.111111	
64	0.909495	0.909698	0.888889	0.888889	0.111111	0 	0 	0.037037	
349	0.968166	0.90088	0.888889	0.888889	0.111111	0 	0 	0.037037	
175	0.950912	0.946171	1	0.925926	-0.111111	0 	0 	0.037037	
289	0.973667	0.926458	1	0.925926	-0.111111	0 	0 	0.037037	
487	0.902409	0.968053	0.888889	0.962963	0.111111	0 	0 	0.037037	
481	0.909538	0.96727	0.888889	0.962963	0.111111	0 	0 	0.037037	
124	0.993948	0.9969	0.888889	0.962963	0.111111	0 	0 	0.037037	
