0	0.2730538859032827	0.5121748375058192	0.2222222222222222	0.3333333333333333	0.1111111111111111	0.	0.	0.3333333333333333
1	0.9947558005035366	0.7051092936216218	0.6666666666666666	0.6666666666666666	0.3333333333333333	0.	0.	0.1111111111111111
2	0.427203269744122	0.32725236170975963	0.3333333333333333	0.	0.1111111111111111	0.	0.	0.3333333333333333
3	0.6754960809519809	0.06560194514303724	0.6666666666666666	0.	0.3333333333333333	0.	0.	0.1111111111111111
4	0.4824757130144107	0.5754650360442518	0.3333333333333333	0.5555555555555556	0.3333333333333333	0.	0.	0.1111111111111111
5	0.02682470071082551	0.8451749867742969	0.	0.7777777777777778	0.3333333333333333	0.	0.	0.1111111111111111
6	0.633109412032155	0.8905476206413715	0.5555555555555556	0.6666666666666666	0.1111111111111111	0.	0.	0.3333333333333333
7	0.21635892709157498	0.1612715617973765	0.	0.1111111111111111	0.3333333333333333	0.	0.	0.1111111111111111
8	0.873457163318312	0.3589114763278993	0.7777777777777778	0.3333333333333333	0.1111111111111111	0.	0.	0.3333333333333333
9	0.1431817966309641	0.9321502809487876	0.	0.8888888888888888	0.3333333333333333	0.	0.	0.1111111111111111
10	0.7838305414628359	0.21543078825997078	0.6666666666666666	0.1111111111111111	0.3333333333333333	0.	0.	0.1111111111111111
11	0.5710053398853667	0.39892477825731787	0.3333333333333333	0.3333333333333333	0.3333333333333333	0.	0.	0.1111111111111111
12	0.9207103026155816	0.5516307390409253	0.8888888888888888	0.3333333333333333	0.1111111111111111	0.	0.	0.3333333333333333
13	0.3361303175682069	0.7709597964327936	0.3333333333333333	0.6666666666666666	0.1111111111111111	0.	0.	0.3333333333333333
14	0.30585799847393547	0.2590105957629584	0.	0.2222222222222222	0.3333333333333333	0.	0.	0.1111111111111111