0	0.0822700181627892	0.3926129007596189	0.07407407407407407	0.3333333333333333	0.037037037037037035	0.	0.	0.1111111111111111
1	0.6288048117833714	0.3120056435631622	0.5925925925925926	0.2222222222222222	0.037037037037037035	0.	0.	0.1111111111111111
2	0.7550302396801392	0.7404029079800855	0.6666666666666666	0.7037037037037037	0.1111111111111111	0.	0.	0.037037037037037035
3	0.1684530491278861	0.9567823442261637	0.14814814814814814	0.8888888888888888	0.037037037037037035	0.	0.	0.1111111111111111
4	0.3564295107100889	0.6031211985452496	0.3333333333333333	0.5925925925925926	0.1111111111111111	0.	0.	0.037037037037037035
5	0.8121772490974272	0.1762389925295527	0.7777777777777778	0.14814814814814814	0.1111111111111111	0.	0.	0.037037037037037035
6	0.2362498257029457	0.09077827493699402	0.2222222222222222	0.07407407407407407	0.1111111111111111	0.	0.	0.037037037037037035
7	0.5095020370317414	0.8856642797054891	0.48148148148148145	0.7777777777777778	0.037037037037037035	0.	0.	0.1111111111111111
8	0.9974030292789532	0.5333717210810708	0.8888888888888888	0.5185185185185185	0.1111111111111111	0.	0.	0.037037037037037035
9	0.9578369786907855	0.8431224331383602	0.9259259259259259	0.7777777777777778	0.037037037037037035	0.	0.	0.1111111111111111
10	0.2976085061933831	0.5100154731362183	0.2222222222222222	0.48148148148148145	0.1111111111111111	0.	0.	0.037037037037037035
11	0.45993211611824003	0.06595604618801322	0.4444444444444444	0.037037037037037035	0.1111111111111111	0.	0.	0.037037037037037035
12	0.7310060551116937	0.29289987895641045	0.6666666666666666	0.25925925925925924	0.1111111111111111	0.	0.	0.037037037037037035
13	0.0650510114519696	0.6786911167554005	0.	0.6666666666666666	0.1111111111111111	0.	0.	0.037037037037037035
14	0.5608010095029676	0.34932679739265593	0.5555555555555556	0.3333333333333333	0.1111111111111111	0.	0.	0.037037037037037035
15	0.8693484535868211	0.5802195453839304	0.7777777777777778	0.5555555555555556	0.1111111111111111	0.	0.	0.037037037037037035
16	0.13058775525937663	0.12297224768959841	0.1111111111111111	0.1111111111111111	0.1111111111111111	0.	0.	0.037037037037037035
17	0.4262374552248664	0.9021488931457453	0.4074074074074074	0.8888888888888888	0.037037037037037035	0.	0.	0.1111111111111111
18	0.3715990999123436	0.1973445842543793	0.3333333333333333	0.18518518518518517	0.1111111111111111	0.	0.	0.037037037037037035
19	0.8295052536573511	0.9909625438868653	0.8148148148148148	0.8888888888888888	0.037037037037037035	0.	0.	0.1111111111111111
20	0.21429961507964201	0.6536217964455671	0.1111111111111111	0.6296296296296297	0.1111111111111111	0.	0.	0.037037037037037035
21	0.5530435571086519	0.4730600648915775	0.4444444444444444	0.4444444444444444	0.1111111111111111	0.	0.	0.037037037037037035
22	0.9081233784032867	0.03466671411210091	0.8888888888888888	0.	0.1111111111111111	0.	0.	0.037037037037037035
23	0.28539437417312224	0.792133032144995	0.25925925925925924	0.7777777777777778	0.037037037037037035	0.	0.	0.1111111111111111
24	0.629922118892719	0.7504977931097495	0.6296296296296297	0.6666666666666666	0.037037037037037035	0.	0.	0.1111111111111111
25	0.6680566516621859	0.43916614848937435	0.6666666666666666	0.3333333333333333	0.037037037037037035	0.	0.	0.1111111111111111
26	0.0066415081452579905	0.2392478266682483	0.	0.2222222222222222	0.1111111111111111	0.	0.	0.037037037037037035
27	0.601796222157643	0.7832713041324634	0.5555555555555556	0.7777777777777778	0.1111111111111111	0.	0.	0.037037037037037035
28	0.7740294077907344	0.4584781644490328	0.6666666666666666	0.4444444444444444	0.1111111111111111	0.	0.	0.037037037037037035
29	0.08953118377794418	0.01659194212966195	0.	0.	0.1111111111111111	0.	0.	0.037037037037037035
30	0.3584613529994968	0.22223109630115612	0.3333333333333333	0.2222222222222222	0.037037037037037035	0.	0.	0.1111111111111111
31	0.7801869964256504	0.7746201079210348	0.7777777777777778	0.6666666666666666	0.037037037037037035	0.	0.	0.1111111111111111
32	0.17903206456383364	0.4215096274890098	0.1111111111111111	0.4074074074074074	0.1111111111111111	0.	0.	0.037037037037037035
33	0.483834698961073	0.6348212325273622	0.48148148148148145	0.5555555555555556	0.037037037037037035	0.	0.	0.1111111111111111
34	0.9730405206662505	0.2176862041663126	0.9629629629629629	0.1111111111111111	0.037037037037037035	0.	0.	0.1111111111111111
35	0.255530039868387	0.9817132877554136	0.2222222222222222	0.9629629629629629	0.1111111111111111	0.	0.	0.037037037037037035
36	0.31911920297706997	0.1682140667578374	0.2962962962962963	0.1111111111111111	0.037037037037037035	0.	0.	0.1111111111111111
37	0.4694207047991207	0.9446299306763477	0.4444444444444444	0.9259259259259259	0.1111111111111111	0.	0.	0.037037037037037035
38	0.9301269083542629	0.6188944875344473	0.9259259259259259	0.5555555555555556	0.037037037037037035	0.	0.	0.1111111111111111
39	0.04252234493118578	0.528660855105162	0.	0.5185185185185185	0.1111111111111111	0.	0.	0.037037037037037035
40	0.5801140932085981	0.08306386793428815	0.5555555555555556	0.	0.037037037037037035	0.	0.	0.1111111111111111
41	0.7101559773210654	0.8714126293924533	0.7037037037037037	0.7777777777777778	0.037037037037037035	0.	0.	0.1111111111111111
42	0.1397273243680546	0.7244227343897655	0.1111111111111111	0.6666666666666666	0.037037037037037035	0.	0.	0.1111111111111111
43	0.4412195702604327	0.37532953159497634	0.3333333333333333	0.37037037037037035	0.1111111111111111	0.	0.	0.037037037037037035
44	0.880284613272824	0.30286519943622986	0.8518518518518519	0.2222222222222222	0.037037037037037035	0.	0.	0.1111111111111111
45	0.8404450398939364	0.33762575215788343	0.7777777777777778	0.3333333333333333	0.1111111111111111	0.	0.	0.037037037037037035
46	0.19587332408741043	0.27930541123239366	0.18518518518518517	0.2222222222222222	0.037037037037037035	0.	0.	0.1111111111111111
47	0.3872197089710451	0.6921137126539532	0.37037037037037035	0.6666666666666666	0.037037037037037035	0.	0.	0.1111111111111111
48	0.9220004030297944	0.8996217182514578	0.8888888888888888	0.8888888888888888	0.1111111111111111	0.	0.	0.037037037037037035
49	0.26752805012333775	0.5558323151394642	0.25925925925925924	0.5555555555555556	0.037037037037037035	0.	0.	0.1111111111111111
50	0.5300851396117049	0.13665876354825424	0.5185185185185185	0.1111111111111111	0.037037037037037035	0.	0.	0.1111111111111111
51	0.679998443930173	0.05991079716316536	0.6666666666666666	0.037037037037037035	0.1111111111111111	0.	0.	0.037037037037037035
52	0.017421379418405863	0.8379662697705181	0.	0.7777777777777778	0.037037037037037035	0.	0.	0.1111111111111111
53	0.654099907452236	0.4944789312196995	0.6296296296296297	0.4444444444444444	0.037037037037037035	0.	0.	0.1111111111111111
54	0.7484223100377465	0.13448924053506464	0.7407407407407407	0.1111111111111111	0.037037037037037035	0.	0.	0.1111111111111111
55	0.1025782213254774	0.9163611547314595	0.	0.8888888888888888	0.1111111111111111	0.	0.	0.037037037037037035
56	0.6130391906040882	0.5885120107831984	0.5555555555555556	0.5555555555555556	0.1111111111111111	0.	0.	0.037037037037037035
57	0.8006603620801275	0.49147320910020337	0.7777777777777778	0.4444444444444444	0.037037037037037035	0.	0.	0.1111111111111111
58	0.1571386948510098	0.04539710426449164	0.14814814814814814	0.	0.037037037037037035	0.	0.	0.1111111111111111
59	0.3350928057567618	0.8213462754332198	0.3333333333333333	0.8148148148148148	0.1111111111111111	0.	0.	0.037037037037037035
60	0.983941862885488	0.6838276898669653	0.8888888888888888	0.6666666666666666	0.1111111111111111	0.	0.	0.037037037037037035
61	0.2332516259871842	0.3695073752281594	0.2222222222222222	0.3333333333333333	0.037037037037037035	0.	0.	0.1111111111111111
62	0.501600019060083	0.26902973029561866	0.4444444444444444	0.25925925925925924	0.1111111111111111	0.	0.	0.037037037037037035
63	0.4524463719487656	0.4186880197070149	0.4444444444444444	0.3333333333333333	0.037037037037037035	0.	0.	0.1111111111111111
64	0.9412665953933755	0.24877889460306782	0.8888888888888888	0.2222222222222222	0.1111111111111111	0.	0.	0.037037037037037035
65	0.3288182245140198	0.7584681416612774	0.2222222222222222	0.7407407407407407	0.1111111111111111	0.	0.	0.037037037037037035
66	0.5915744473356098	0.9700856657583746	0.5555555555555556	0.8888888888888888	0.037037037037037035	0.	0.	0.1111111111111111
67	0.7206932964594275	0.6632681585751996	0.7037037037037037	0.5555555555555556	0.037037037037037035	0.	0.	0.1111111111111111
68	0.05532136255533283	0.2091487336558152	0.037037037037037035	0.1111111111111111	0.037037037037037035	0.	0.	0.1111111111111111
69	0.4155276680096631	0.010781420838414492	0.4074074074074074	0.	0.037037037037037035	0.	0.	0.1111111111111111
70	0.8593050560111187	0.814408186002436	0.7777777777777778	0.7777777777777778	0.1111111111111111	0.	0.	0.037037037037037035
71	0.11488582542847052	0.45410366598688934	0.1111111111111111	0.4444444444444444	0.037037037037037035	0.	0.	0.1111111111111111
72	0.2007758362688626	0.8571923489570528	0.1111111111111111	0.8518518518518519	0.1111111111111111	0.	0.	0.037037037037037035
73	0.3982022885045022	0.5539600823744766	0.37037037037037035	0.4444444444444444	0.037037037037037035	0.	0.	0.1111111111111111
74	0.8257881675087831	0.1096767359319157	0.8148148148148148	0.	0.037037037037037035	0.	0.	0.1111111111111111
75	0.27335277389868073	0.3226572941181401	0.2222222222222222	0.2962962962962963	0.1111111111111111	0.	0.	0.037037037037037035
76	0.54246271850291	0.7098241397690593	0.4444444444444444	0.7037037037037037	0.1111111111111111	0.	0.	0.037037037037037035
77	0.8921476220634268	0.4062334830893951	0.8888888888888888	0.3333333333333333	0.037037037037037035	0.	0.	0.1111111111111111
78	0.027397766254948903	0.6115025785329594	0.	0.5555555555555556	0.037037037037037035	0.	0.	0.1111111111111111
79	0.6590392048160366	0.14991038845134494	0.5555555555555556	0.14814814814814814	0.1111111111111111	0.	0.	0.037037037037037035
80	0.7013071009778216	0.93654928852597	0.6666666666666666	0.9259259259259259	0.1111111111111111	0.	0.	0.037037037037037035
81	0.9604401717638636	0.16885603590263404	0.9259259259259259	0.1111111111111111	0.037037037037037035	0.	0.	0.1111111111111111
82	0.30339227016634807	0.9469094444305449	0.2222222222222222	0.9259259259259259	0.1111111111111111	0.	0.	0.037037037037037035
83	0.4626245266376022	0.6223137267614499	0.4444444444444444	0.5555555555555556	0.037037037037037035	0.	0.	0.1111111111111111
84	0.7348302772219498	0.5221596209039596	0.6666666666666666	0.5185185185185185	0.1111111111111111	0.	0.	0.037037037037037035
85	0.06749680190507426	0.07458247000457428	0.	0.07407407407407407	0.1111111111111111	0.	0.	0.037037037037037035
86	0.5674142821771789	0.8746516639013725	0.5555555555555556	0.8518518518518519	0.1111111111111111	0.	0.	0.037037037037037035
87	0.8732418666685438	0.7177779300842984	0.8518518518518519	0.6666666666666666	0.037037037037037035	0.	0.	0.1111111111111111
88	0.1340425252177787	0.379713743017861	0.1111111111111111	0.37037037037037035	0.1111111111111111	0.	0.	0.037037037037037035
89	0.4317174355742451	0.30729955017944344	0.4074074074074074	0.2222222222222222	0.037037037037037035	0.	0.	0.1111111111111111
90	0.376212618601766	0.3445964676380345	0.3333333333333333	0.3333333333333333	0.1111111111111111	0.	0.	0.037037037037037035
91	0.8350513473574531	0.2832691518628829	0.8148148148148148	0.2222222222222222	0.037037037037037035	0.	0.	0.1111111111111111
92	0.22087077932869303	0.698634408913085	0.18518518518518517	0.6666666666666666	0.037037037037037035	0.	0.	0.1111111111111111
93	0.5440582166353451	0.8927949789804053	0.4444444444444444	0.8888888888888888	0.1111111111111111	0.	0.	0.037037037037037035
94	0.9111029188064789	0.5610614792927658	0.8888888888888888	0.5555555555555556	0.037037037037037035	0.	0.	0.1111111111111111
95	0.2904953959038892	0.14084192296465423	0.25925925925925924	0.1111111111111111	0.037037037037037035	0.	0.	0.1111111111111111
96	0.6354484347711753	0.050180760229918214	0.6296296296296297	0.	0.037037037037037035	0.	0.	0.1111111111111111
97	0.6729118371434404	0.8284688672381153	0.6666666666666666	0.7777777777777778	0.037037037037037035	0.	0.	0.1111111111111111
98	0.01207824865452586	0.5009636665516332	0.	0.48148148148148145	0.1111111111111111	0.	0.	0.037037037037037035
99	0.08286329344514008	0.7900518274688703	0.07407407407407407	0.7777777777777778	0.037037037037037035	0.	0.	0.1111111111111111
100	0.6174628053809513	0.46424454679095034	0.5925925925925926	0.4444444444444444	0.037037037037037035	0.	0.	0.1111111111111111
101	0.7587117073373647	0.024545879571864014	0.6666666666666666	0.	0.1111111111111111	0.	0.	0.037037037037037035
102	0.16913841126249782	0.2275048037878382	0.14814814814814814	0.2222222222222222	0.037037037037037035	0.	0.	0.1111111111111111
103	0.34762768832290647	0.7695273881087895	0.3333333333333333	0.6666666666666666	0.037037037037037035	0.	0.	0.1111111111111111
104	0.8030961909193192	0.42388655305906314	0.7777777777777778	0.4074074074074074	0.1111111111111111	0.	0.	0.037037037037037035
105	0.241584637340472	0.6402372771771501	0.2222222222222222	0.5555555555555556	0.037037037037037035	0.	0.	0.1111111111111111
106	0.5119866457725385	0.22176894986057394	0.48148148148148145	0.1111111111111111	0.037037037037037035	0.	0.	0.1111111111111111
107	0.9884764294607731	0.9845412099513406	0.8888888888888888	0.9629629629629629	0.1111111111111111	0.	0.	0.037037037037037035
108	0.30977076434385487	0.408380096455525	0.2962962962962963	0.3333333333333333	0.037037037037037035	0.	0.	0.1111111111111111
109	0.47579359868772114	0.2547249396163626	0.4444444444444444	0.2222222222222222	0.1111111111111111	0.	0.	0.037037037037037035
110	0.9372391117910133	0.7645847971659548	0.8888888888888888	0.7407407407407407	0.1111111111111111	0.	0.	0.037037037037037035
111	0.048357579250280704	0.9732557717152642	0.	0.9629629629629629	0.1111111111111111	0.	0.	0.037037037037037035
112	0.5701005486401451	0.656566153715565	0.5555555555555556	0.6296296296296297	0.1111111111111111	0.	0.	0.037037037037037035
113	0.7138419998914065	0.19923679187068843	0.7037037037037037	0.1111111111111111	0.037037037037037035	0.	0.	0.1111111111111111
114	0.14172749478237673	0.0035594082032834014	0.1111111111111111	0.	0.037037037037037035	0.	0.	0.1111111111111111
115	0.4348434283935528	0.8026719920501332	0.3333333333333333	0.7777777777777778	0.1111111111111111	0.	0.	0.037037037037037035
116	0.8829066867791118	0.4472024555211379	0.8518518518518519	0.4444444444444444	0.037037037037037035	0.	0.	0.1111111111111111
117	0.8442049408491662	0.8630998320793509	0.7777777777777778	0.8518518518518519	0.1111111111111111	0.	0.	0.037037037037037035
118	0.1870158248995792	0.5434687718163851	0.18518518518518517	0.4444444444444444	0.037037037037037035	0.	0.	0.1111111111111111
119	0.3918691154543799	0.10167095903558851	0.37037037037037035	0.	0.037037037037037035	0.	0.	0.1111111111111111
120	0.9145441418991826	0.3282508298109138	0.8888888888888888	0.2962962962962963	0.1111111111111111	0.	0.	0.037037037037037035
121	0.26128505127495555	0.7146341977110388	0.2222222222222222	0.7037037037037037	0.1111111111111111	0.	0.	0.037037037037037035
122	0.5198371770506267	0.3984883635482342	0.5185185185185185	0.3333333333333333	0.037037037037037035	0.	0.	0.1111111111111111
123	0.6844834097902688	0.6168213946303015	0.6666666666666666	0.5555555555555556	0.037037037037037035	0.	0.	0.1111111111111111
124	0.02129057677862429	0.1546308959754922	0.	0.1111111111111111	0.037037037037037035	0.	0.	0.1111111111111111
125	0.642746047434781	0.9286883886687435	0.6296296296296297	0.8888888888888888	0.037037037037037035	0.	0.	0.1111111111111111
126	0.5963475118804743	0.12495390849948912	0.5555555555555556	0.1111111111111111	0.1111111111111111	0.	0.	0.037037037037037035
127	0.7669621210973178	0.9205669906287962	0.6666666666666666	0.8888888888888888	0.1111111111111111	0.	0.	0.037037037037037035
128	0.09125359311253842	0.5828716310699131	0.07407407407407407	0.5555555555555556	0.037037037037037035	0.	0.	0.1111111111111111
129	0.36497957563278666	0.48187029416505645	0.3333333333333333	0.4444444444444444	0.037037037037037035	0.	0.	0.1111111111111111
130	0.7842816542415753	0.039169317139548604	0.7777777777777778	0.	0.037037037037037035	0.	0.	0.1111111111111111
131	0.18379185154556973	0.8237466613009551	0.1111111111111111	0.8148148148148148	0.1111111111111111	0.	0.	0.037037037037037035
132	0.48877481885924046	0.6878967062925094	0.4444444444444444	0.6666666666666666	0.1111111111111111	0.	0.	0.037037037037037035
133	0.9633242646252164	0.35951528710535835	0.9629629629629629	0.3333333333333333	0.037037037037037035	0.	0.	0.1111111111111111
134	0.24951258321291314	0.26037494969279584	0.2222222222222222	0.25925925925925924	0.1111111111111111	0.	0.	0.037037037037037035
135	0.4540086400369324	0.846595120751775	0.4444444444444444	0.7777777777777778	0.037037037037037035	0.	0.	0.1111111111111111
136	0.9461513886702743	0.511845256760973	0.8888888888888888	0.48148148148148145	0.1111111111111111	0.	0.	0.037037037037037035
137	0.33293400924561495	0.06999009801982879	0.2222222222222222	0.037037037037037035	0.1111111111111111	0.	0.	0.037037037037037035
138	0.580872061208926	0.2862707879826837	0.5555555555555556	0.2222222222222222	0.037037037037037035	0.	0.	0.1111111111111111
139	0.7255093108924345	0.6684027958056704	0.6666666666666666	0.6666666666666666	0.1111111111111111	0.	0.	0.037037037037037035
140	0.06042944810111304	0.3516908059036599	0.037037037037037035	0.3333333333333333	0.037037037037037035	0.	0.	0.1111111111111111
141	0.41589593368150446	0.5697488463669423	0.3333333333333333	0.5555555555555556	0.1111111111111111	0.	0.	0.037037037037037035
142	0.8641681889295569	0.11296900114817282	0.7777777777777778	0.1111111111111111	0.1111111111111111	0.	0.	0.037037037037037035
143	0.11690292060590181	0.908641412440459	0.1111111111111111	0.8888888888888888	0.037037037037037035	0.	0.	0.1111111111111111
144	0.20339233787916672	0.1892104300486114	0.1111111111111111	0.18518518518518517	0.1111111111111111	0.	0.	0.037037037037037035
145	0.40047419209502194	0.9919825381253908	0.37037037037037035	0.8888888888888888	0.037037037037037035	0.	0.	0.1111111111111111
146	0.8177436643866642	0.6437820724895459	0.7777777777777778	0.6296296296296297	0.1111111111111111	0.	0.	0.037037037037037035
147	0.2763924703011771	0.4742298163103432	0.2222222222222222	0.4444444444444444	0.1111111111111111	0.	0.	0.037037037037037035
148	0.5309376646485692	0.024691469015207402	0.4444444444444444	0.	0.1111111111111111	0.	0.	0.037037037037037035
149	0.8941061865212814	0.7981010575824243	0.8888888888888888	0.7777777777777778	0.037037037037037035	0.	0.	0.1111111111111111
150	0.029277819119163835	0.7434604377192178	0.	0.7407407407407407	0.1111111111111111	0.	0.	0.037037037037037035
151	0.6644477081334745	0.44034621342221614	0.5555555555555556	0.4074074074074074	0.1111111111111111	0.	0.	0.037037037037037035
152	0.6917564556925986	0.24544533747327624	0.6666666666666666	0.2222222222222222	0.1111111111111111	0.	0.	0.037037037037037035
153	0.7513428034864036	0.38406205460135073	0.7407407407407407	0.3333333333333333	0.037037037037037035	0.	0.	0.1111111111111111
154	0.10355202802227981	0.31650343786197294	0.	0.2962962962962963	0.1111111111111111	0.	0.	0.037037037037037035
155	0.6159408913794783	0.7309865947745475	0.5925925925925926	0.6666666666666666	0.037037037037037035	0.	0.	0.1111111111111111
156	0.791668043830967	0.9618026457380611	0.7777777777777778	0.8888888888888888	0.037037037037037035	0.	0.	0.1111111111111111
157	0.1505889827456527	0.5954128400954724	0.1111111111111111	0.5925925925925926	0.1111111111111111	0.	0.	0.037037037037037035
158	0.3389566936404337	0.1790589208271498	0.3333333333333333	0.14814814814814814	0.1111111111111111	0.	0.	0.037037037037037035
159	0.9790403771512113	0.09687985035814667	0.8888888888888888	0.07407407407407407	0.1111111111111111	0.	0.	0.037037037037037035
160	0.22625053524208422	0.8777679695716869	0.2222222222222222	0.7777777777777778	0.037037037037037035	0.	0.	0.1111111111111111
161	0.5023004079339405	0.5374723517354637	0.4444444444444444	0.5185185185185185	0.1111111111111111	0.	0.	0.037037037037037035
162	0.381363678987045	0.8522749150041297	0.3333333333333333	0.8518518518518519	0.1111111111111111	0.	0.	0.037037037037037035
163	0.8355921809115607	0.5475887913954219	0.8148148148148148	0.4444444444444444	0.037037037037037035	0.	0.	0.1111111111111111
164	0.21191352289751172	0.10384991624264181	0.18518518518518517	0.	0.037037037037037035	0.	0.	0.1111111111111111
165	0.5506498625063685	0.3306693725225255	0.4444444444444444	0.2962962962962963	0.1111111111111111	0.	0.	0.037037037037037035
166	0.9035402255145056	0.7071677116866854	0.8888888888888888	0.7037037037037037	0.1111111111111111	0.	0.	0.037037037037037035
167	0.2943157815280131	0.4028890669572547	0.25925925925925924	0.3333333333333333	0.037037037037037035	0.	0.	0.1111111111111111