2	0	0.0115957	0.00708902	0	0	0.111111	0	0	0.111111	0.	0.	0.1111111111111111	0.	0.	0.037037037037037035	0	0	0	0	0	0	0	0	0	0
3	0	0.0700209	0.0436772	0	0	0.111111	0	0	0.111111	0.1111111111111111	0.037037037037037035	0.	0.037037037037037035	-0.1111111111111111	0.	0	0	0	0	1	0	0	0	0	1
2	0	0.138736	0.067758	0.111111	0.111111	0	-0.111111	0.111111	0	0.1111111111111111	0.1111111111111111	0.	-0.1111111111111111	0.037037037037037035	0.	0	1	0	0	0	0	0	0	1	0
3	0	0.1597	0.0977817	0.111111	0.111111	0	-0.111111	0.111111	0	0.14814814814814814	0.	0.037037037037037035	0.	0.	0.1111111111111111	0	1	1	0	0	0	0	0	1	1
2	0	0.320761	0.111086	0.222222	0	0.111111	0	0	0.111111	0.2222222222222222	0.	0.1111111111111111	0.	0.	0.037037037037037035	0	2	0	0	0	0	0	0	2	0
3	0	0.303829	0.0210966	0.222222	0	0.111111	0	0	0.111111	0.3333333333333333	0.037037037037037035	0.	0.037037037037037035	-0.1111111111111111	0.	0	2	0	0	1	0	0	0	2	1
2	0	0.270126	0.132082	0.333333	0.111111	0	0.111111	-0.111111	0	0.3333333333333333	0.1111111111111111	0.	0.1111111111111111	-0.037037037037037035	0.	0	2	2	0	1	0	0	1	0	0
3	0	0.237091	0.152285	0.333333	0.111111	0	0.111111	-0.111111	0	0.2962962962962963	0.2222222222222222	-0.037037037037037035	0.	0.	-0.1111111111111111	0	2	1	0	1	0	0	1	0	1
2	0	0.206796	0.207803	0.222222	0.222222	-0.111111	0	0	-0.111111	0.2222222222222222	0.2222222222222222	-0.1111111111111111	0.	0.	-0.037037037037037035	0	1	0	1	2	0	0	1	1	0
3	0	0.18059	0.192917	0.222222	0.222222	-0.111111	0	0	-0.111111	0.1111111111111111	0.18518518518518517	0.	-0.037037037037037035	0.1111111111111111	0.	0	1	0	1	1	0	0	1	1	1
2	0	0.103941	0.163806	0.111111	0.111111	0	0.111111	-0.111111	0	0.1111111111111111	0.1111111111111111	0.	0.1111111111111111	-0.037037037037037035	0.	0	0	2	0	1	0	0	1	2	0
2	0	0.0528634	0.254555	0	0.222222	0.111111	0	0	0.111111	0.	0.2222222222222222	0.1111111111111111	0.	0.	0.037037037037037035	0	0	0	2	0	0	0	2	0	0
3	0	0.0216503	0.290785	0	0.222222	0.111111	0	0	0.111111	0.1111111111111111	0.25925925925925924	0.	0.037037037037037035	-0.1111111111111111	0.	0	0	0	2	1	0	0	2	0	1
2	0	0.128501	0.305696	0.111111	0.333333	0	-0.111111	0.111111	0	0.1111111111111111	0.3333333333333333	0.	-0.1111111111111111	0.037037037037037035	0.	0	1	0	0	2	0	0	2	1	0
3	0	0.196622	0.333298	0.111111	0.333333	0	-0.111111	0.111111	0	0.14814814814814814	0.2222222222222222	0.037037037037037035	0.	0.	0.1111111111111111	0	1	1	0	2	0	0	2	1	1
2	0	0.248837	0.273938	0.222222	0.222222	0.111111	0	0	0.111111	0.2222222222222222	0.2222222222222222	0.1111111111111111	0.	0.	0.037037037037037035	0	2	0	2	0	0	0	2	2	0
2	0	0.360483	0.315447	0.333333	0.333333	0	-0.111111	0.111111	0	0.3333333333333333	0.3333333333333333	0.	-0.1111111111111111	0.037037037037037035	0.	1	0	0	0	2	0	1	0	0	0
3	0	0.386033	0.238382	0.333333	0.333333	0	-0.111111	0.111111	0	0.37037037037037035	0.2222222222222222	0.037037037037037035	0.	0.	0.1111111111111111	1	0	1	0	2	0	1	0	0	1
2	0	0.430039	0.222201	0.444444	0.222222	-0.111111	0	0	-0.111111	0.4444444444444444	0.2222222222222222	-0.1111111111111111	0.	0.	-0.037037037037037035	1	0	0	1	2	0	1	0	1	0
3	0	0.407114	0.181957	0.444444	0.222222	-0.111111	0	0	-0.111111	0.3333333333333333	0.18518518518518517	0.	-0.037037037037037035	0.1111111111111111	0.	1	0	0	1	1	0	1	0	1	1
2	0	0.350866	0.0790145	0.333333	0.111111	0	-0.111111	0.111111	0	0.3333333333333333	0.1111111111111111	0.	-0.1111111111111111	0.037037037037037035	0.	1	0	0	0	0	0	1	0	2	0
3	0	0.44212	0.0564882	0.333333	0.111111	0	-0.111111	0.111111	0	0.37037037037037035	0.	0.037037037037037035	0.	0.	0.1111111111111111	1	0	1	0	0	0	1	0	2	1
2	0	0.515214	0.0293546	0.444444	0	0.111111	0	0	0.111111	0.4444444444444444	0.	0.1111111111111111	0.	0.	0.037037037037037035	1	1	0	0	0	0	1	1	0	0
3	0	0.555511	0.087622	0.444444	0	0.111111	0	0	0.111111	0.5555555555555556	0.037037037037037035	0.	0.037037037037037035	-0.1111111111111111	0.	1	1	0	0	1	0	1	1	0	1
2	0	0.537715	0.12322	0.555556	0.111111	0	0.111111	-0.111111	0	0.5555555555555556	0.1111111111111111	0.	0.1111111111111111	-0.037037037037037035	0.	1	1	2	0	1	0	1	1	1	0
3	0	0.488685	0.215813	0.555556	0.111111	0	0.111111	-0.111111	0	0.5185185185185185	0.2222222222222222	-0.037037037037037035	0.	0.	-0.1111111111111111	1	1	1	0	1	0	1	1	1	1
2	0	0.46389	0.248325	0.444444	0.222222	0.111111	0	0	0.111111	0.4444444444444444	0.2222222222222222	0.1111111111111111	0.	0.	0.037037037037037035	1	1	0	2	0	0	1	1	2	0
2	0	0.598812	0.28289	0.555556	0.333333	0	-0.111111	0.111111	0	0.5555555555555556	0.3333333333333333	0.	-0.1111111111111111	0.037037037037037035	0.	1	2	0	0	2	0	1	2	0	0
3	0	0.617762	0.321575	0.555556	0.333333	0	-0.111111	0.111111	0	0.5925925925925926	0.2222222222222222	0.037037037037037035	0.	0.	0.1111111111111111	1	2	1	0	2	0	1	2	0	1
2	0	0.585427	0.17446	0.666667	0.222222	-0.111111	0	0	-0.111111	0.6666666666666666	0.2222222222222222	-0.1111111111111111	0.	0.	-0.037037037037037035	1	2	0	1	2	0	1	2	1	0
3	0	0.62908	0.145567	0.666667	0.222222	-0.111111	0	0	-0.111111	0.5555555555555556	0.18518518518518517	0.	-0.037037037037037035	0.1111111111111111	0.	1	2	0	1	1	0	1	2	1	1
2	0	0.664355	0.104195	0.555556	0.111111	0	-0.111111	0.111111	0	0.5555555555555556	0.1111111111111111	0.	-0.1111111111111111	0.037037037037037035	0.	1	2	0	0	0	0	1	2	2	0
2	0	0.711718	0.0126188	0.666667	0	0.111111	0	0	0.111111	0.6666666666666666	0.	0.1111111111111111	0.	0.	0.037037037037037035	2	0	0	0	0	0	2	0	0	0
3	0	0.730959	0.0507092	0.666667	0	0.111111	0	0	0.111111	0.7777777777777778	0.037037037037037035	0.	0.037037037037037035	-0.1111111111111111	0.	2	0	0	0	1	0	2	0	0	1
2	0	0.839845	0.035298	0.777778	0.111111	0	-0.111111	0.111111	0	0.7777777777777778	0.1111111111111111	0.	-0.1111111111111111	0.037037037037037035	0.	2	1	0	0	0	0	2	0	1	0
3	0	0.87227	0.0739047	0.777778	0.111111	0	-0.111111	0.111111	0	0.8148148148148148	0.	0.037037037037037035	0.	0.	0.1111111111111111	2	1	1	0	0	0	2	0	1	1
2	0	0.989236	0.0619159	0.888889	0	0.111111	0	0	0.111111	0.8888888888888888	0.	0.1111111111111111	0.	0.	0.037037037037037035	2	2	0	0	0	0	2	0	2	0
2	0	0.964585	0.189196	1	0.111111	0	0.111111	-0.111111	0	1.	0.1111111111111111	0.	0.1111111111111111	-0.037037037037037035	0.	2	2	2	0	1	0	2	1	0	0
3	0	0.935004	0.116661	1	0.111111	0	0.111111	-0.111111	0	0.9629629629629629	0.2222222222222222	-0.037037037037037035	0.	0.	-0.1111111111111111	2	2	1	0	1	0	2	1	0	1
2	0	0.800517	0.200417	0.888889	0.222222	-0.111111	0	0	-0.111111	0.8888888888888888	0.2222222222222222	-0.1111111111111111	0.	0.	-0.037037037037037035	2	1	0	1	2	0	2	1	1	0
3	0	0.88887	0.168095	0.888889	0.222222	-0.111111	0	0	-0.111111	0.7777777777777778	0.18518518518518517	0.	-0.037037037037037035	0.1111111111111111	0.	2	1	0	1	1	0	2	1	1	1
2	0	0.775538	0.138946	0.777778	0.111111	0	0.111111	-0.111111	0	0.7777777777777778	0.1111111111111111	0.	0.1111111111111111	-0.037037037037037035	0.	2	0	2	0	1	0	2	1	2	0
2	0	0.765584	0.328202	0.666667	0.222222	0.111111	0	0	0.111111	0.6666666666666666	0.2222222222222222	0.1111111111111111	0.	0.	0.037037037037037035	2	0	0	2	0	0	2	2	0	0
3	0	0.689698	0.263146	0.666667	0.222222	0.111111	0	0	0.111111	0.7777777777777778	0.25925925925925924	0.	0.037037037037037035	-0.1111111111111111	0.	2	0	0	2	1	0	2	2	0	1
2	0	0.856917	0.298848	0.777778	0.333333	0	-0.111111	0.111111	0	0.7777777777777778	0.3333333333333333	0.	-0.1111111111111111	0.037037037037037035	0.	2	1	0	0	2	0	2	2	1	0
3	0	0.813054	0.231855	0.777778	0.333333	0	-0.111111	0.111111	0	0.8148148148148148	0.2222222222222222	0.037037037037037035	0.	0.	0.1111111111111111	2	1	1	0	2	0	2	2	1	1
2	0	0.910174	0.269243	0.888889	0.222222	0.111111	0	0	0.111111	0.8888888888888888	0.2222222222222222	0.1111111111111111	0.	0.	0.037037037037037035	2	2	0	2	0	0	2	2	2	0
2	0	0.979676	0.429101	1	0.333333	0	0.111111	-0.111111	0	1.	0.3333333333333333	0.	0.1111111111111111	-0.037037037037037035	0.	2	2	2	1	0	1	0	0	0	0
3	0	0.94511	0.372306	1	0.333333	0	0.111111	-0.111111	0	0.9629629629629629	0.4444444444444444	-0.037037037037037035	0.	0.	-0.1111111111111111	2	2	1	1	0	1	0	0	0	1
2	0	0.918957	0.470768	0.888889	0.444444	0.111111	0	0	0.111111	0.8888888888888888	0.4444444444444444	0.1111111111111111	0.	0.	0.037037037037037035	2	2	1	1	0	1	0	0	1	0
3	0	0.955585	0.551904	0.888889	0.444444	0.111111	0	0	0.111111	1.	0.48148148148148145	0.	0.037037037037037035	-0.1111111111111111	0.	2	2	1	1	1	1	0	0	1	1
2	0	0.997525	0.666521	1	0.555556	0	0.111111	-0.111111	0	1.	0.5555555555555556	0.	0.1111111111111111	-0.037037037037037035	0.	2	2	2	1	2	1	0	0	2	0
3	0	0.927138	0.654626	1	0.555556	0	0.111111	-0.111111	0	0.9629629629629629	0.6666666666666666	-0.037037037037037035	0.	0.	-0.1111111111111111	2	2	1	1	2	1	0	0	2	1
2	0	0.849808	0.641886	0.888889	0.666667	-0.111111	0	0	-0.111111	0.8888888888888888	0.6666666666666666	-0.1111111111111111	0.	0.	-0.037037037037037035	2	1	1	2	2	1	0	1	0	0
3	0	0.829454	0.579829	0.888889	0.666667	-0.111111	0	0	-0.111111	0.7777777777777778	0.6296296296296297	0.	-0.037037037037037035	0.1111111111111111	0.	2	1	1	2	1	1	0	1	0	1
2	0	0.792024	0.475693	0.777778	0.555556	0	-0.111111	0.111111	0	0.7777777777777778	0.5555555555555556	0.	-0.1111111111111111	0.037037037037037035	0.	2	1	0	1	1	1	0	1	1	0
3	0	0.821128	0.538782	0.777778	0.555556	0	-0.111111	0.111111	0	0.8148148148148148	0.4444444444444444	0.037037037037037035	0.	0.	0.1111111111111111	2	1	1	1	1	1	0	1	1	1
2	0	0.882156	0.402184	0.888889	0.444444	-0.111111	0	0	-0.111111	0.8888888888888888	0.4444444444444444	-0.1111111111111111	0.	0.	-0.037037037037037035	2	1	1	0	2	1	0	1	2	0
2	0	0.748539	0.344121	0.777778	0.333333	0	0.111111	-0.111111	0	0.7777777777777778	0.3333333333333333	0.	0.1111111111111111	-0.037037037037037035	0.	2	0	2	1	0	1	0	2	0	0
3	0	0.703274	0.406722	0.777778	0.333333	0	0.111111	-0.111111	0	0.7407407407407407	0.4444444444444444	-0.037037037037037035	0.	0.	-0.1111111111111111	2	0	1	1	0	1	0	2	0	1
2	0	0.674963	0.458091	0.666667	0.444444	0.111111	0	0	0.111111	0.6666666666666666	0.4444444444444444	0.1111111111111111	0.	0.	0.037037037037037035	2	0	1	1	0	1	0	2	1	0
3	0	0.739441	0.516352	0.666667	0.444444	0.111111	0	0	0.111111	0.7777777777777778	0.48148148148148145	0.	0.037037037037037035	-0.1111111111111111	0.	2	0	1	1	1	1	0	2	1	1
2	0	0.757155	0.603019	0.777778	0.555556	0	0.111111	-0.111111	0	0.7777777777777778	0.5555555555555556	0.	0.1111111111111111	-0.037037037037037035	0.	2	0	2	1	2	1	0	2	2	0
2	0	0.656127	0.658662	0.666667	0.666667	-0.111111	0	0	-0.111111	0.6666666666666666	0.6666666666666666	-0.1111111111111111	0.	0.	-0.037037037037037035	1	2	1	2	2	1	1	0	0	0
3	0	0.634317	0.618547	0.666667	0.666667	-0.111111	0	0	-0.111111	0.5555555555555556	0.6296296296296297	0.	-0.037037037037037035	0.1111111111111111	0.	1	2	1	2	1	1	1	0	0	1
2	0	0.531988	0.59655	0.555556	0.555556	0	0.111111	-0.111111	0	0.5555555555555556	0.5555555555555556	0.	0.1111111111111111	-0.037037037037037035	0.	1	1	2	1	2	1	1	0	1	0
3	0	0.496487	0.57473	0.555556	0.555556	0	0.111111	-0.111111	0	0.5185185185185185	0.6666666666666666	-0.037037037037037035	0.	0.	-0.1111111111111111	1	1	1	1	2	1	1	0	1	1
2	0	0.400006	0.626512	0.444444	0.666667	-0.111111	0	0	-0.111111	0.4444444444444444	0.6666666666666666	-0.1111111111111111	0.	0.	-0.037037037037037035	1	0	1	2	2	1	1	0	2	0
2	0	0.367009	0.545573	0.333333	0.555556	0	-0.111111	0.111111	0	0.3333333333333333	0.5555555555555556	0.	-0.1111111111111111	0.037037037037037035	0.	1	0	0	1	1	1	1	1	0	0
3	0	0.376951	0.532109	0.333333	0.555556	0	-0.111111	0.111111	0	0.37037037037037035	0.4444444444444444	0.037037037037037035	0.	0.	0.1111111111111111	1	0	1	1	1	1	1	1	0	1
2	0	0.449081	0.555485	0.444444	0.444444	0.111111	0	0	0.111111	0.4444444444444444	0.4444444444444444	0.1111111111111111	0.	0.	0.037037037037037035	1	1	1	1	0	1	1	1	1	0
3	0	0.505377	0.498485	0.444444	0.444444	0.111111	0	0	0.111111	0.5555555555555556	0.48148148148148145	0.	0.037037037037037035	-0.1111111111111111	0.	1	1	1	1	1	1	1	1	1	1
2	0	0.608184	0.491276	0.555556	0.555556	0	-0.111111	0.111111	0	0.5555555555555556	0.5555555555555556	0.	-0.1111111111111111	0.037037037037037035	0.	1	2	0	1	1	1	1	1	2	0
2	0	0.574954	0.441696	0.666667	0.444444	-0.111111	0	0	-0.111111	0.6666666666666666	0.4444444444444444	-0.1111111111111111	0.	0.	-0.037037037037037035	1	2	1	0	2	1	1	2	0	0
3	0	0.648491	0.378034	0.666667	0.444444	-0.111111	0	0	-0.111111	0.5555555555555556	0.4074074074074074	0.	-0.037037037037037035	0.1111111111111111	0.	1	2	1	0	1	1	1	2	0	1
2	0	0.547956	0.359497	0.555556	0.333333	0	0.111111	-0.111111	0	0.5555555555555556	0.3333333333333333	0.	0.1111111111111111	-0.037037037037037035	0.	1	1	2	1	0	1	1	2	1	0
3	0	0.478003	0.432776	0.555556	0.333333	0	0.111111	-0.111111	0	0.5185185185185185	0.4444444444444444	-0.037037037037037035	0.	0.	-0.1111111111111111	1	1	1	1	0	1	1	2	1	1
2	0	0.417687	0.413436	0.444444	0.444444	-0.111111	0	0	-0.111111	0.4444444444444444	0.4444444444444444	-0.1111111111111111	0.	0.	-0.037037037037037035	1	0	1	0	2	1	1	2	2	0
2	0	0.333328	0.350918	0.333333	0.333333	0	0.111111	-0.111111	0	0.3333333333333333	0.3333333333333333	0.	0.1111111111111111	-0.037037037037037035	0.	0	2	2	1	0	1	2	0	0	0
3	0	0.294641	0.397227	0.333333	0.333333	0	0.111111	-0.111111	0	0.2962962962962963	0.4444444444444444	-0.037037037037037035	0.	0.	-0.1111111111111111	0	2	1	1	0	1	2	0	0	1
2	0	0.28521	0.450416	0.222222	0.444444	0.111111	0	0	0.111111	0.2222222222222222	0.4444444444444444	0.1111111111111111	0.	0.	0.037037037037037035	0	2	1	1	0	1	2	0	1	0
3	0	0.260833	0.555549	0.222222	0.444444	0.111111	0	0	0.111111	0.3333333333333333	0.48148148148148145	0.	0.037037037037037035	-0.1111111111111111	0.	0	2	1	1	1	1	2	0	1	1
2	0	0.327783	0.636211	0.333333	0.555556	0	0.111111	-0.111111	0	0.3333333333333333	0.5555555555555556	0.	0.1111111111111111	-0.037037037037037035	0.	0	2	2	1	2	1	2	0	2	0
2	0	0.150859	0.609354	0.222222	0.666667	-0.111111	0	0	-0.111111	0.2222222222222222	0.6666666666666666	-0.1111111111111111	0.	0.	-0.037037037037037035	0	1	1	2	2	1	2	1	0	0
3	0	0.222114	0.587278	0.222222	0.666667	-0.111111	0	0	-0.111111	0.1111111111111111	0.6296296296296297	0.	-0.037037037037037035	0.1111111111111111	0.	0	1	1	2	1	1	2	1	0	1
2	0	0.115562	0.524413	0.111111	0.555556	0	-0.111111	0.111111	0	0.1111111111111111	0.5555555555555556	0.	-0.1111111111111111	0.037037037037037035	0.	0	1	0	1	1	1	2	1	1	0
3	0	0.169067	0.482477	0.111111	0.555556	0	-0.111111	0.111111	0	0.14814814814814814	0.4444444444444444	0.037037037037037035	0.	0.	0.1111111111111111	0	1	1	1	1	1	2	1	1	1
2	0	0.217176	0.424125	0.222222	0.444444	-0.111111	0	0	-0.111111	0.2222222222222222	0.4444444444444444	-0.1111111111111111	0.	0.	-0.037037037037037035	0	1	1	0	2	1	2	1	2	0
2	0	0.0803209	0.368215	0.111111	0.333333	0	0.111111	-0.111111	0	0.1111111111111111	0.3333333333333333	0.	0.1111111111111111	-0.037037037037037035	0.	0	0	2	1	0	1	2	2	0	0
3	0	0.04196	0.387789	0.111111	0.333333	0	0.111111	-0.111111	0	0.07407407407407407	0.4444444444444444	-0.037037037037037035	0.	0.	-0.1111111111111111	0	0	1	1	0	1	2	2	0	1
2	0	0.0951171	0.465665	0	0.444444	0.111111	0	0	0.111111	0.	0.4444444444444444	0.1111111111111111	0.	0.	0.037037037037037035	0	0	1	1	0	1	2	2	1	0
3	0	0.0297518	0.508294	0	0.444444	0.111111	0	0	0.111111	0.1111111111111111	0.48148148148148145	0.	0.037037037037037035	-0.1111111111111111	0.	0	0	1	1	1	1	2	2	1	1
2	0	0.060568	0.64748	0.111111	0.555556	0	0.111111	-0.111111	0	0.1111111111111111	0.5555555555555556	0.	0.1111111111111111	-0.037037037037037035	0.	0	0	2	1	2	1	2	2	2	0
2	0	0.0869616	0.666989	0	0.666667	0.111111	0	0	0.111111	0.	0.6666666666666666	0.1111111111111111	0.	0.	0.037037037037037035	0	0	2	0	0	2	0	0	0	0
3	0	0.00412486	0.692656	0	0.666667	0.111111	0	0	0.111111	0.1111111111111111	0.7037037037037037	0.	0.037037037037037035	-0.1111111111111111	0.	0	0	2	0	1	2	0	0	0	1
2	0	0.120748	0.769844	0.111111	0.777778	0	-0.111111	0.111111	0	0.1111111111111111	0.7777777777777778	0.	-0.1111111111111111	0.037037037037037035	0.	0	1	0	2	0	2	0	0	1	0
3	0	0.188505	0.707568	0.111111	0.777778	0	-0.111111	0.111111	0	0.14814814814814814	0.6666666666666666	0.037037037037037035	0.	0.	0.1111111111111111	0	1	1	2	0	2	0	0	1	1
2	0	0.254001	0.755135	0.222222	0.666667	0.111111	0	0	0.111111	0.2222222222222222	0.6666666666666666	0.1111111111111111	0.	0.	0.037037037037037035	0	2	2	0	0	2	0	0	2	0
3	0	0.27866	0.718509	0.222222	0.666667	0.111111	0	0	0.111111	0.3333333333333333	0.7037037037037037	0.	0.037037037037037035	-0.1111111111111111	0.	0	2	2	0	1	2	0	0	2	1
2	0	0.23118	0.813499	0.333333	0.777778	0	0.111111	-0.111111	0	0.3333333333333333	0.7777777777777778	0.	0.1111111111111111	-0.037037037037037035	0.	0	2	2	2	1	2	0	1	0	0
3	0	0.310587	0.796773	0.333333	0.777778	0	0.111111	-0.111111	0	0.2962962962962963	0.8888888888888888	-0.037037037037037035	0.	0.	-0.1111111111111111	0	2	1	2	1	2	0	1	0	1
2	0	0.175441	0.875753	0.222222	0.888889	-0.111111	0	0	-0.111111	0.2222222222222222	0.8888888888888888	-0.1111111111111111	0.	0.	-0.037037037037037035	0	1	2	1	2	2	0	1	1	0
3	0	0.144357	0.82447	0.222222	0.888889	-0.111111	0	0	-0.111111	0.1111111111111111	0.8518518518518519	0.	-0.037037037037037035	0.1111111111111111	0.	0	1	2	1	1	2	0	1	1	1
2	0	0.0349504	0.852169	0.111111	0.777778	0	0.111111	-0.111111	0	0.1111111111111111	0.7777777777777778	0.	0.1111111111111111	-0.037037037037037035	0.	0	0	2	2	1	2	0	1	2	0
2	0	0.0761817	0.987633	0	0.888889	0.111111	0	0	0.111111	0.	0.8888888888888888	0.1111111111111111	0.	0.	0.037037037037037035	0	0	2	2	0	2	0	2	0	0
3	0	0.0482275	0.946583	0	0.888889	0.111111	0	0	0.111111	0.1111111111111111	0.9259259259259259	0.	0.037037037037037035	-0.1111111111111111	0.	0	0	2	2	1	2	0	2	0	1
2	0	0.111164	0.898111	0.111111	1	0	-0.111111	0.111111	0	0.1111111111111111	1.	0.	-0.1111111111111111	0.037037037037037035	0.	0	1	0	2	2	2	0	2	1	0
3	0	0.212023	0.932095	0.111111	1	0	-0.111111	0.111111	0	0.14814814814814814	0.8888888888888888	0.037037037037037035	0.	0.	0.1111111111111111	0	1	1	2	2	2	0	2	1	1
2	0	0.316143	0.921258	0.222222	0.888889	0.111111	0	0	0.111111	0.2222222222222222	0.8888888888888888	0.1111111111111111	0.	0.	0.037037037037037035	0	2	2	2	0	2	0	2	2	0
2	0	0.371574	0.970893	0.333333	1	0	-0.111111	0.111111	0	0.3333333333333333	1.	0.	-0.1111111111111111	0.037037037037037035	0.	1	0	0	2	2	2	1	0	0	0
3	0	0.437502	0.954951	0.333333	1	0	-0.111111	0.111111	0	0.37037037037037035	0.8888888888888888	0.037037037037037035	0.	0.	0.1111111111111111	1	0	1	2	2	2	1	0	0	1
2	0	0.424054	0.865228	0.444444	0.888889	-0.111111	0	0	-0.111111	0.4444444444444444	0.8888888888888888	-0.1111111111111111	0.	0.	-0.037037037037037035	1	0	2	1	2	2	1	0	1	0
3	0	0.345307	0.842168	0.444444	0.888889	-0.111111	0	0	-0.111111	0.3333333333333333	0.8518518518518519	0.	-0.037037037037037035	0.1111111111111111	0.	1	0	2	1	1	2	1	0	1	1
2	0	0.392561	0.745824	0.333333	0.777778	0	-0.111111	0.111111	0	0.3333333333333333	0.7777777777777778	0.	-0.1111111111111111	0.037037037037037035	0.	1	0	0	2	0	2	1	0	2	0
2	0	0.470787	0.682585	0.444444	0.666667	0.111111	0	0	0.111111	0.4444444444444444	0.6666666666666666	0.1111111111111111	0.	0.	0.037037037037037035	1	1	2	0	0	2	1	1	0	0
3	0	0.524418	0.73505	0.444444	0.666667	0.111111	0	0	0.111111	0.5555555555555556	0.7037037037037037	0.	0.037037037037037035	-0.1111111111111111	0.	1	1	2	0	1	2	1	1	0	1
2	0	0.510368	0.888187	0.555556	0.777778	0	0.111111	-0.111111	0	0.5555555555555556	0.7777777777777778	0.	0.1111111111111111	-0.037037037037037035	0.	1	1	2	2	1	2	1	1	1	0
3	0	0.455908	0.781577	0.555556	0.777778	0	0.111111	-0.111111	0	0.5185185185185185	0.8888888888888888	-0.037037037037037035	0.	0.	-0.1111111111111111	1	1	1	2	1	2	1	1	1	1
2	0	0.543849	0.999537	0.444444	0.888889	0.111111	0	0	0.111111	0.4444444444444444	0.8888888888888888	0.1111111111111111	0.	0.	0.037037037037037035	1	1	2	2	0	2	1	1	2	0
2	0	0.604297	0.979025	0.555556	1	0	-0.111111	0.111111	0	0.5555555555555556	1.	0.	-0.1111111111111111	0.037037037037037035	0.	1	2	0	2	2	2	1	2	0	0
3	0	0.562687	0.90726	0.555556	1	0	-0.111111	0.111111	0	0.5925925925925926	0.8888888888888888	0.037037037037037035	0.	0.	0.1111111111111111	1	2	1	2	2	2	1	2	0	1
2	0	0.592181	0.807246	0.666667	0.888889	-0.111111	0	0	-0.111111	0.6666666666666666	0.8888888888888888	-0.1111111111111111	0.	0.	-0.037037037037037035	1	2	2	1	2	2	1	2	1	0
3	0	0.640771	0.790235	0.666667	0.888889	-0.111111	0	0	-0.111111	0.5555555555555556	0.8518518518518519	0.	-0.037037037037037035	0.1111111111111111	0.	1	2	2	1	1	2	1	2	1	1
2	0	0.56868	0.726043	0.555556	0.777778	0	-0.111111	0.111111	0	0.5555555555555556	0.7777777777777778	0.	-0.1111111111111111	0.037037037037037035	0.	1	2	0	2	0	2	1	2	2	0
2	0	0.682696	0.675685	0.666667	0.666667	0.111111	0	0	0.111111	0.6666666666666666	0.6666666666666666	0.1111111111111111	0.	0.	0.037037037037037035	2	0	2	0	0	2	2	0	0	0
3	0	0.723546	0.700767	0.666667	0.666667	0.111111	0	0	0.111111	0.7777777777777778	0.7037037037037037	0.	0.037037037037037035	-0.1111111111111111	0.	2	0	2	0	1	2	2	0	0	1
2	0	0.78496	0.762708	0.777778	0.777778	0	-0.111111	0.111111	0	0.7777777777777778	0.7777777777777778	0.	-0.1111111111111111	0.037037037037037035	0.	2	1	0	2	0	2	2	0	1	0
3	0	0.86549	0.739781	0.777778	0.777778	0	-0.111111	0.111111	0	0.8148148148148148	0.6666666666666666	0.037037037037037035	0.	0.	0.1111111111111111	2	1	1	2	0	2	2	0	1	1
2	0	0.972074	0.712875	0.888889	0.666667	0.111111	0	0	0.111111	0.8888888888888888	0.6666666666666666	0.1111111111111111	0.	0.	0.037037037037037035	2	2	2	0	0	2	2	0	2	0
2	0	0.897611	0.777784	1	0.777778	0	0.111111	-0.111111	0	1.	0.7777777777777778	0.	0.1111111111111111	-0.037037037037037035	0.	2	2	2	2	1	2	2	1	0	0
3	0	0.904686	0.82958	1	0.777778	0	0.111111	-0.111111	0	0.9629629629629629	0.8888888888888888	-0.037037037037037035	0.	0.	-0.1111111111111111	2	2	1	2	1	2	2	1	0	1
2	0	0.777951	0.881153	0.888889	0.888889	-0.111111	0	0	-0.111111	0.8888888888888888	0.8888888888888888	-0.1111111111111111	0.	0.	-0.037037037037037035	2	1	2	1	2	2	2	1	1	0
3	0	0.834562	0.858389	0.888889	0.888889	-0.111111	0	0	-0.111111	0.7777777777777778	0.8518518518518519	0.	-0.037037037037037035	0.1111111111111111	0.	2	1	2	1	1	2	2	1	1	1
2	0	0.697039	0.835152	0.777778	0.777778	0	0.111111	-0.111111	0	0.7777777777777778	0.7777777777777778	0.	0.1111111111111111	-0.037037037037037035	0.	2	0	2	2	1	2	2	1	2	0
2	0	0.718006	0.914941	0.666667	0.888889	0.111111	0	0	0.111111	0.6666666666666666	0.8888888888888888	0.1111111111111111	0.	0.	0.037037037037037035	2	0	2	2	0	2	2	2	0	0
3	0	0.668406	0.96221	0.666667	0.888889	0.111111	0	0	0.111111	0.7777777777777778	0.9259259259259259	0.	0.037037037037037035	-0.1111111111111111	0.	2	0	2	2	1	2	2	2	0	1
2	0	0.877603	0.992619	0.777778	1	0	-0.111111	0.111111	0	0.7777777777777778	1.	0.	-0.1111111111111111	0.037037037037037035	0.	2	1	0	2	2	2	2	2	1	0
3	0	0.807155	0.9391	0.777778	1	0	-0.111111	0.111111	0	0.8148148148148148	0.8888888888888888	0.037037037037037035	0.	0.	0.1111111111111111	2	1	1	2	2	2	2	2	1	1
2	0	0.949736	0.90244	0.888889	0.888889	0.111111	0	0	0.111111	0.8888888888888888	0.8888888888888888	0.1111111111111111	0.	0.	0.037037037037037035	2	2	2	2	0	2	2	2	2	0
