1	0	0.00182317	0.00293502	0	0	0.111111	0	0	0.037037	0.	0.	0.037037037037037035	0.	0.	0.037037037037037035	0	0	0	0	0	0	0	0	0	0	0	0
1	0	0.0743374	0.0152401	0	0	0.111111	0	0	0.037037	0.037037037037037035	0.037037037037037035	0.	-0.037037037037037035	0.037037037037037035	0.	0	0	1	0	0	0	0	0	0	0	0	1
1	0	0.0900133	0.0333153	0	0	0.111111	0	0	0.037037	0.07407407407407407	0.	0.037037037037037035	0.	0.	0.037037037037037035	0	0	2	0	0	0	0	0	0	0	0	2
1	0	0.10534	0.0565144	0.111111	0.037037	0	0.037037	-0.111111	0	0.1111111111111111	0.037037037037037035	0.	0.037037037037037035	-0.037037037037037035	0.	0	0	2	0	0	1	0	0	0	0	1	0
1	0	0.0459484	0.0422149	0.111111	0.037037	0	0.037037	-0.111111	0	0.07407407407407407	0.07407407407407407	-0.037037037037037035	0.	0.	-0.037037037037037035	0	0	1	0	0	1	0	0	0	0	1	1
1	0	0.0268329	0.0959239	0	0.0740741	0.111111	0	0	0.037037	0.	0.07407407407407407	0.037037037037037035	0.	0.	0.037037037037037035	0	0	0	0	0	2	0	0	0	0	2	0
1	0	0.0610708	0.109187	0	0.0740741	0.111111	0	0	0.037037	0.037037037037037035	0.1111111111111111	0.	-0.037037037037037035	0.037037037037037035	0.	0	0	1	0	0	2	0	0	0	0	2	1
1	0	0.121753	0.0855735	0.111111	0.111111	0	-0.111111	0.037037	0	0.1111111111111111	0.1111111111111111	0.	-0.037037037037037035	0.037037037037037035	0.	0	1	0	0	0	2	0	0	0	1	0	0
1	0	0.141013	0.0699686	0.111111	0.111111	0	-0.111111	0.037037	0	0.14814814814814814	0.07407407407407407	-0.037037037037037035	0.	0.	-0.037037037037037035	0	1	0	0	0	1	0	0	0	1	0	1
1	0	0.148129	0.00614722	0.111111	0.111111	0	-0.111111	0.037037	0	0.1111111111111111	0.037037037037037035	0.	-0.037037037037037035	0.037037037037037035	0.	0	1	0	0	0	0	0	0	0	1	0	2
1	0	0.183598	0.0798746	0.148148	0	0.037037	0	0	0.111111	0.14814814814814814	0.	0.037037037037037035	0.	0.	0.037037037037037035	0	1	1	0	0	0	0	0	0	1	1	0
1	0	0.174041	0.0475519	0.148148	0	0.037037	0	0	0.111111	0.18518518518518517	0.037037037037037035	0.	0.037037037037037035	-0.037037037037037035	0.	0	1	1	0	0	1	0	0	0	1	1	1
1	0	0.212918	0.0750313	0.185185	0.111111	0	-0.111111	0.037037	0	0.18518518518518517	0.1111111111111111	0.	-0.037037037037037035	0.037037037037037035	0.	0	1	2	0	0	2	0	0	0	1	2	0
1	0	0.196369	0.0608354	0.185185	0.111111	0	-0.111111	0.037037	0	0.2222222222222222	0.07407407407407407	-0.037037037037037035	0.	0.	-0.037037037037037035	0	1	2	0	0	1	0	0	0	1	2	1
1	0	0.257687	0.0108579	0.222222	0	0.111111	0	0	0.037037	0.2222222222222222	0.	0.037037037037037035	0.	0.	0.037037037037037035	0	2	0	0	0	0	0	0	0	2	0	0
1	0	0.277805	0.0240154	0.222222	0	0.111111	0	0	0.037037	0.25925925925925924	0.037037037037037035	0.	-0.037037037037037035	0.037037037037037035	0.	0	2	1	0	0	0	0	0	0	2	0	1
1	0	0.302991	0.0279026	0.222222	0	0.111111	0	0	0.037037	0.2962962962962963	0.	0.037037037037037035	0.	0.	0.037037037037037035	0	2	2	0	0	0	0	0	0	2	0	2
1	0	0.322243	0.0644162	0.333333	0.037037	0	0.037037	-0.111111	0	0.3333333333333333	0.037037037037037035	0.	0.037037037037037035	-0.037037037037037035	0.	0	2	2	0	0	1	0	0	0	2	1	0
1	0	0.299344	0.0393911	0.333333	0.037037	0	0.037037	-0.111111	0	0.2962962962962963	0.07407407407407407	-0.037037037037037035	0.	0.	-0.037037037037037035	0	2	1	0	0	1	0	0	0	2	1	1
1	0	0.24249	0.092916	0.222222	0.0740741	0.111111	0	0	0.037037	0.2222222222222222	0.07407407407407407	0.037037037037037035	0.	0.	0.037037037037037035	0	2	0	0	0	2	0	0	0	2	2	0
1	0	0.250443	0.10638	0.222222	0.0740741	0.111111	0	0	0.037037	0.25925925925925924	0.1111111111111111	0.	-0.037037037037037035	0.037037037037037035	0.	0	2	1	0	0	2	0	0	0	2	2	1
1	0	0.32958	0.113716	0.333333	0.111111	0	0.111111	-0.037037	0	0.3333333333333333	0.1111111111111111	0.	0.037037037037037035	-0.037037037037037035	0.	0	2	2	0	1	0	0	0	1	0	0	0
1	0	0.316706	0.182524	0.333333	0.111111	0	0.111111	-0.037037	0	0.2962962962962963	0.14814814814814814	0.037037037037037035	0.	0.	0.037037037037037035	0	2	2	0	1	1	0	0	1	0	0	1
1	0	0.333284	0.200501	0.333333	0.111111	0	0.111111	-0.037037	0	0.3333333333333333	0.18518518518518517	0.	0.037037037037037035	-0.037037037037037035	0.	0	2	2	0	1	2	0	0	1	0	0	2
1	0	0.274468	0.187702	0.296296	0.222222	-0.037037	0	0	-0.111111	0.2962962962962963	0.2222222222222222	-0.037037037037037035	0.	0.	-0.037037037037037035	0	2	1	0	1	2	0	0	1	0	1	0
1	0	0.283408	0.176263	0.296296	0.222222	-0.037037	0	0	-0.111111	0.25925925925925924	0.18518518518518517	0.	-0.037037037037037035	0.037037037037037035	0.	0	2	1	0	1	1	0	0	1	0	1	1
1	0	0.254274	0.140654	0.259259	0.111111	0	0.111111	-0.037037	0	0.25925925925925924	0.1111111111111111	0.	0.037037037037037035	-0.037037037037037035	0.	0	2	0	0	1	0	0	0	1	0	2	0
1	0	0.230877	0.159958	0.259259	0.111111	0	0.111111	-0.037037	0	0.2222222222222222	0.14814814814814814	0.037037037037037035	0.	0.	0.037037037037037035	0	2	0	0	1	1	0	0	1	0	2	1
1	0	0.209298	0.221586	0.222222	0.222222	-0.111111	0	0	-0.037037	0.2222222222222222	0.2222222222222222	-0.037037037037037035	0.	0.	-0.037037037037037035	0	1	2	0	1	2	0	0	1	1	0	0
1	0	0.179026	0.203939	0.222222	0.222222	-0.111111	0	0	-0.037037	0.18518518518518517	0.18518518518518517	0.	0.037037037037037035	-0.037037037037037035	0.	0	1	1	0	1	2	0	0	1	1	0	1
1	0	0.125367	0.215857	0.222222	0.222222	-0.111111	0	0	-0.037037	0.14814814814814814	0.2222222222222222	-0.037037037037037035	0.	0.	-0.037037037037037035	0	1	0	0	1	2	0	0	1	1	0	2
1	0	0.136766	0.154792	0.111111	0.185185	0	-0.037037	0.111111	0	0.1111111111111111	0.18518518518518517	0.	-0.037037037037037035	0.037037037037037035	0.	0	1	0	0	1	1	0	0	1	1	1	0
1	0	0.219549	0.151729	0.111111	0.185185	0	-0.037037	0.111111	0	0.14814814814814814	0.14814814814814814	0.037037037037037035	0.	0.	0.037037037037037035	0	1	1	0	1	1	0	0	1	1	1	1
1	0	0.222177	0.118322	0.222222	0.148148	-0.111111	0	0	-0.037037	0.2222222222222222	0.14814814814814814	-0.037037037037037035	0.	0.	-0.037037037037037035	0	1	2	0	1	0	0	0	1	1	2	0
1	0	0.16353	0.137827	0.222222	0.148148	-0.111111	0	0	-0.037037	0.18518518518518517	0.1111111111111111	0.	0.037037037037037035	-0.037037037037037035	0.	0	1	1	0	1	0	0	0	1	1	2	1
1	0	0.0863438	0.125091	0.111111	0.111111	0	0.111111	-0.037037	0	0.1111111111111111	0.1111111111111111	0.	0.037037037037037035	-0.037037037037037035	0.	0	0	2	0	1	0	0	0	1	2	0	0
1	0	0.0961129	0.173248	0.111111	0.111111	0	0.111111	-0.037037	0	0.07407407407407407	0.14814814814814814	0.037037037037037035	0.	0.	0.037037037037037035	0	0	2	0	1	1	0	0	1	2	0	1
1	0	0.077622	0.20998	0.111111	0.111111	0	0.111111	-0.037037	0	0.1111111111111111	0.18518518518518517	0.	0.037037037037037035	-0.037037037037037035	0.	0	0	2	0	1	2	0	0	1	2	0	2
1	0	0.0569731	0.19122	0.0740741	0.222222	-0.037037	0	0	-0.111111	0.07407407407407407	0.2222222222222222	-0.037037037037037035	0.	0.	-0.037037037037037035	0	0	1	0	1	2	0	0	1	2	1	0
1	0	0.0424265	0.167494	0.0740741	0.222222	-0.037037	0	0	-0.111111	0.037037037037037035	0.18518518518518517	0.	-0.037037037037037035	0.037037037037037035	0.	0	0	1	0	1	1	0	0	1	2	1	1
1	0	0.0108843	0.132465	0.037037	0.111111	0	0.111111	-0.037037	0	0.037037037037037035	0.1111111111111111	0.	0.037037037037037035	-0.037037037037037035	0.	0	0	0	0	1	0	0	0	1	2	2	0
1	0	0.0175416	0.14735	0.037037	0.111111	0	0.111111	-0.037037	0	0.	0.14814814814814814	0.037037037037037035	0.	0.	0.037037037037037035	0	0	0	0	1	1	0	0	1	2	2	1
1	0	0.00718084	0.250119	0	0.222222	0.111111	0	0	0.037037	0.	0.2222222222222222	0.037037037037037035	0.	0.	0.037037037037037035	0	0	0	0	2	0	0	0	2	0	0	0
1	0	0.0664548	0.238688	0	0.222222	0.111111	0	0	0.037037	0.037037037037037035	0.25925925925925924	0.	-0.037037037037037035	0.037037037037037035	0.	0	0	1	0	2	0	0	0	2	0	0	1
1	0	0.0987223	0.254656	0	0.222222	0.111111	0	0	0.037037	0.07407407407407407	0.2222222222222222	0.037037037037037035	0.	0.	0.037037037037037035	0	0	2	0	2	0	0	0	2	0	0	2
1	0	0.111094	0.273463	0.111111	0.259259	0	0.037037	-0.111111	0	0.1111111111111111	0.25925925925925924	0.	0.037037037037037035	-0.037037037037037035	0.	0	0	2	0	2	1	0	0	2	0	1	0
1	0	0.0394562	0.293902	0.111111	0.259259	0	0.037037	-0.111111	0	0.07407407407407407	0.2962962962962963	-0.037037037037037035	0.	0.	-0.037037037037037035	0	0	1	0	2	1	0	0	2	0	1	1
1	0	0.0292888	0.310721	0	0.296296	0.111111	0	0	0.037037	0.	0.2962962962962963	0.037037037037037035	0.	0.	0.037037037037037035	0	0	0	0	2	2	0	0	2	0	2	0
1	0	0.0499528	0.319397	0	0.296296	0.111111	0	0	0.037037	0.037037037037037035	0.3333333333333333	0.	-0.037037037037037035	0.037037037037037035	0.	0	0	1	0	2	2	0	0	2	0	2	1
1	0	0.117892	0.301001	0.111111	0.333333	0	-0.111111	0.037037	0	0.1111111111111111	0.3333333333333333	0.	-0.037037037037037035	0.037037037037037035	0.	0	1	0	0	2	2	0	0	2	1	0	0
1	0	0.144772	0.279332	0.111111	0.333333	0	-0.111111	0.037037	0	0.14814814814814814	0.2962962962962963	-0.037037037037037035	0.	0.	-0.037037037037037035	0	1	0	0	2	1	0	0	2	1	0	1
1	0	0.133977	0.243625	0.111111	0.333333	0	-0.111111	0.037037	0	0.1111111111111111	0.25925925925925924	0.	-0.037037037037037035	0.037037037037037035	0.	0	1	0	0	2	0	0	0	2	1	0	2
1	0	0.156271	0.226786	0.148148	0.222222	0.037037	0	0	0.111111	0.14814814814814814	0.2222222222222222	0.037037037037037035	0.	0.	0.037037037037037035	0	1	1	0	2	0	0	0	2	1	1	0
1	0	0.166265	0.28652	0.148148	0.222222	0.037037	0	0	0.111111	0.18518518518518517	0.25925925925925924	0.	0.037037037037037035	-0.037037037037037035	0.	0	1	1	0	2	1	0	0	2	1	1	1
1	0	0.203532	0.333302	0.185185	0.333333	0	-0.111111	0.037037	0	0.18518518518518517	0.3333333333333333	0.	-0.037037037037037035	0.037037037037037035	0.	0	1	2	0	2	2	0	0	2	1	2	0
1	0	0.191507	0.261686	0.185185	0.333333	0	-0.111111	0.037037	0	0.2222222222222222	0.2962962962962963	-0.037037037037037035	0.	0.	-0.037037037037037035	0	1	2	0	2	1	0	0	2	1	2	1
1	0	0.247624	0.257898	0.222222	0.222222	0.111111	0	0	0.037037	0.2222222222222222	0.2222222222222222	0.037037037037037035	0.	0.	0.037037037037037035	0	2	0	0	2	0	0	0	2	2	0	0
1	0	0.286756	0.233953	0.222222	0.222222	0.111111	0	0	0.037037	0.25925925925925924	0.25925925925925924	0.	-0.037037037037037035	0.037037037037037035	0.	0	2	1	0	2	0	0	0	2	2	0	1
1	0	0.312496	0.265428	0.333333	0.259259	0	0.037037	-0.111111	0	0.3333333333333333	0.25925925925925924	0.	0.037037037037037035	-0.037037037037037035	0.	0	2	2	0	2	1	0	0	2	2	1	0
1	0	0.29248	0.290423	0.333333	0.259259	0	0.037037	-0.111111	0	0.2962962962962963	0.2962962962962963	-0.037037037037037035	0.	0.	-0.037037037037037035	0	2	1	0	2	1	0	0	2	2	1	1
1	0	0.236998	0.323239	0.222222	0.296296	0.111111	0	0	0.037037	0.2222222222222222	0.2962962962962963	0.037037037037037035	0.	0.	0.037037037037037035	0	2	0	0	2	2	0	0	2	2	2	0
1	0	0.267268	0.326983	0.222222	0.296296	0.111111	0	0	0.037037	0.25925925925925924	0.3333333333333333	0.	-0.037037037037037035	0.037037037037037035	0.	0	2	1	0	2	2	0	0	2	2	2	1
1	0	0.343865	0.30319	0.333333	0.333333	0	-0.111111	0.037037	0	0.3333333333333333	0.3333333333333333	0.	-0.037037037037037035	0.037037037037037035	0.	1	0	0	0	2	2	0	1	0	0	0	0
1	0	0.338104	0.28218	0.333333	0.333333	0	-0.111111	0.037037	0	0.37037037037037035	0.2962962962962963	-0.037037037037037035	0.	0.	-0.037037037037037035	1	0	0	0	2	1	0	1	0	0	0	1
1	0	0.365377	0.231539	0.333333	0.333333	0	-0.111111	0.037037	0	0.3333333333333333	0.25925925925925924	0.	-0.037037037037037035	0.037037037037037035	0.	1	0	0	0	2	0	0	1	0	0	0	2
1	0	0.403085	0.316166	0.37037	0.222222	0.037037	0	0	0.111111	0.37037037037037035	0.2222222222222222	0.037037037037037035	0.	0.	0.037037037037037035	1	0	1	0	2	0	0	1	0	0	1	0
1	0	0.400129	0.275974	0.37037	0.222222	0.037037	0	0	0.111111	0.4074074074074074	0.25925925925925924	0.	0.037037037037037035	-0.037037037037037035	0.	1	0	1	0	2	1	0	1	0	0	1	1
1	0	0.436913	0.305407	0.407407	0.333333	0	-0.111111	0.037037	0	0.4074074074074074	0.3333333333333333	0.	-0.037037037037037035	0.037037037037037035	0.	1	0	2	0	2	2	0	1	0	0	2	0
1	0	0.415992	0.267926	0.407407	0.333333	0	-0.111111	0.037037	0	0.4444444444444444	0.2962962962962963	-0.037037037037037035	0.	0.	-0.037037037037037035	1	0	2	0	2	1	0	1	0	0	2	1
1	0	0.424368	0.219321	0.444444	0.222222	-0.111111	0	0	-0.037037	0.4444444444444444	0.2222222222222222	-0.037037037037037035	0.	0.	-0.037037037037037035	1	0	2	0	1	2	0	1	0	1	0	0
1	0	0.378963	0.207861	0.444444	0.222222	-0.111111	0	0	-0.037037	0.4074074074074074	0.18518518518518517	0.	0.037037037037037035	-0.037037037037037035	0.	1	0	1	0	1	2	0	1	0	1	0	1
1	0	0.349337	0.193788	0.444444	0.222222	-0.111111	0	0	-0.037037	0.37037037037037035	0.2222222222222222	-0.037037037037037035	0.	0.	-0.037037037037037035	1	0	0	0	1	2	0	1	0	1	0	2
1	0	0.441913	0.169731	0.333333	0.185185	0	-0.037037	0.111111	0	0.3333333333333333	0.18518518518518517	0.	-0.037037037037037035	0.037037037037037035	0.	1	0	0	0	1	1	0	1	0	1	1	0
1	0	0.392293	0.178756	0.333333	0.185185	0	-0.037037	0.111111	0	0.37037037037037035	0.14814814814814814	0.037037037037037035	0.	0.	0.037037037037037035	1	0	1	0	1	1	0	1	0	1	1	1
1	0	0.420835	0.128381	0.444444	0.148148	-0.111111	0	0	-0.037037	0.4444444444444444	0.14814814814814814	-0.037037037037037035	0.	0.	-0.037037037037037035	1	0	2	0	1	0	0	1	0	1	2	0
1	0	0.382899	0.121024	0.444444	0.148148	-0.111111	0	0	-0.037037	0.4074074074074074	0.1111111111111111	0.	0.037037037037037035	-0.037037037037037035	0.	1	0	1	0	1	0	0	1	0	1	2	1
1	0	0.360187	0.101281	0.333333	0.111111	0	-0.111111	0.037037	0	0.3333333333333333	0.1111111111111111	0.	-0.037037037037037035	0.037037037037037035	0.	1	0	0	0	0	2	0	1	0	2	0	0
1	0	0.370081	0.0822691	0.333333	0.111111	0	-0.111111	0.037037	0	0.37037037037037035	0.07407407407407407	-0.037037037037037035	0.	0.	-0.037037037037037035	1	0	0	0	0	1	0	1	0	2	0	1
1	0	0.356715	0.0167683	0.333333	0.111111	0	-0.111111	0.037037	0	0.3333333333333333	0.037037037037037035	0.	-0.037037037037037035	0.037037037037037035	0.	1	0	0	0	0	0	0	1	0	2	0	2
1	0	0.389029	0.0358266	0.37037	0	0.037037	0	0	0.111111	0.37037037037037035	0.	0.037037037037037035	0.	0.	0.037037037037037035	1	0	1	0	0	0	0	1	0	2	1	0
1	0	0.407282	0.0536828	0.37037	0	0.037037	0	0	0.111111	0.4074074074074074	0.037037037037037035	0.	0.037037037037037035	-0.037037037037037035	0.	1	0	1	0	0	1	0	1	0	2	1	1
1	0	0.444439	0.0875149	0.407407	0.111111	0	-0.111111	0.037037	0	0.4074074074074074	0.1111111111111111	0.	-0.037037037037037035	0.037037037037037035	0.	1	0	2	0	0	2	0	1	0	2	2	0
1	0	0.432606	0.0725408	0.407407	0.111111	0	-0.111111	0.037037	0	0.4444444444444444	0.07407407407407407	-0.037037037037037035	0.	0.	-0.037037037037037035	1	0	2	0	0	1	0	1	0	2	2	1
1	0	0.457057	0.0208665	0.444444	0	0.111111	0	0	0.037037	0.4444444444444444	0.	0.037037037037037035	0.	0.	0.037037037037037035	1	1	0	0	0	0	0	1	1	0	0	0
1	0	0.510223	0.0300378	0.444444	0	0.111111	0	0	0.037037	0.48148148148148145	0.037037037037037035	0.	-0.037037037037037035	0.037037037037037035	0.	1	1	1	0	0	0	0	1	1	0	0	1
1	0	0.534179	0.00744271	0.444444	0	0.111111	0	0	0.037037	0.5185185185185185	0.	0.037037037037037035	0.	0.	0.037037037037037035	1	1	2	0	0	0	0	1	1	0	0	2
1	0	0.55218	0.0680187	0.555556	0.037037	0	0.037037	-0.111111	0	0.5555555555555556	0.037037037037037035	0.	0.037037037037037035	-0.037037037037037035	0.	1	1	2	0	0	1	0	1	1	0	1	0
1	0	0.485369	0.0495422	0.555556	0.037037	0	0.037037	-0.111111	0	0.5185185185185185	0.07407407407407407	-0.037037037037037035	0.	0.	-0.037037037037037035	1	1	1	0	0	1	0	1	1	0	1	1
1	0	0.493104	0.10366	0.444444	0.0740741	0.111111	0	0	0.037037	0.4444444444444444	0.07407407407407407	0.037037037037037035	0.	0.	0.037037037037037035	1	1	0	0	0	2	0	1	1	0	2	0
1	0	0.514842	0.0987885	0.444444	0.0740741	0.111111	0	0	0.037037	0.48148148148148145	0.1111111111111111	0.	-0.037037037037037035	0.037037037037037035	0.	1	1	1	0	0	2	0	1	1	0	2	1
1	0	0.540632	0.130513	0.555556	0.111111	0	0.111111	-0.037037	0	0.5555555555555556	0.1111111111111111	0.	0.037037037037037035	-0.037037037037037035	0.	1	1	2	0	1	0	0	1	1	1	0	0
1	0	0.555509	0.161959	0.555556	0.111111	0	0.111111	-0.037037	0	0.5185185185185185	0.14814814814814814	0.037037037037037035	0.	0.	0.037037037037037035	1	1	2	0	1	1	0	1	1	1	0	1
1	0	0.527434	0.212462	0.555556	0.111111	0	0.111111	-0.037037	0	0.5555555555555556	0.18518518518518517	0.	0.037037037037037035	-0.037037037037037035	0.	1	1	2	0	1	2	0	1	1	1	0	2
1	0	0.496517	0.197449	0.518519	0.222222	-0.037037	0	0	-0.111111	0.5185185185185185	0.2222222222222222	-0.037037037037037035	0.	0.	-0.037037037037037035	1	1	1	0	1	2	0	1	1	1	1	0
1	0	0.48153	0.184761	0.518519	0.222222	-0.037037	0	0	-0.111111	0.48148148148148145	0.18518518518518517	0.	-0.037037037037037035	0.037037037037037035	0.	1	1	1	0	1	1	0	1	1	1	1	1
1	0	0.450522	0.144248	0.481481	0.111111	0	0.111111	-0.037037	0	0.48148148148148145	0.1111111111111111	0.	0.037037037037037035	-0.037037037037037035	0.	1	1	0	0	1	0	0	1	1	1	2	0
1	0	0.46025	0.164832	0.481481	0.111111	0	0.111111	-0.037037	0	0.4444444444444444	0.14814814814814814	0.037037037037037035	0.	0.	0.037037037037037035	1	1	0	0	1	1	0	1	1	1	2	1
1	0	0.471676	0.248026	0.444444	0.222222	0.111111	0	0	0.037037	0.4444444444444444	0.2222222222222222	0.037037037037037035	0.	0.	0.037037037037037035	1	1	0	0	2	0	0	1	1	2	0	0
1	0	0.518	0.237027	0.444444	0.222222	0.111111	0	0	0.037037	0.48148148148148145	0.25925925925925924	0.	-0.037037037037037035	0.037037037037037035	0.	1	1	1	0	2	0	0	1	1	2	0	1
1	0	0.548224	0.271377	0.555556	0.259259	0	0.037037	-0.111111	0	0.5555555555555556	0.25925925925925924	0.	0.037037037037037035	-0.037037037037037035	0.	1	1	2	0	2	1	0	1	1	2	1	0
1	0	0.478913	0.295619	0.555556	0.259259	0	0.037037	-0.111111	0	0.5185185185185185	0.2962962962962963	-0.037037037037037035	0.	0.	-0.037037037037037035	1	1	1	0	2	1	0	1	1	2	1	1
1	0	0.467909	0.312891	0.444444	0.296296	0.111111	0	0	0.037037	0.4444444444444444	0.2962962962962963	0.037037037037037035	0.	0.	0.037037037037037035	1	1	0	0	2	2	0	1	1	2	2	0
1	0	0.504662	0.329089	0.444444	0.296296	0.111111	0	0	0.037037	0.48148148148148145	0.3333333333333333	0.	-0.037037037037037035	0.037037037037037035	0.	1	1	1	0	2	2	0	1	1	2	2	1
1	0	0.583146	0.331399	0.555556	0.333333	0	-0.111111	0.037037	0	0.5555555555555556	0.3333333333333333	0.	-0.037037037037037035	0.037037037037037035	0.	1	2	0	0	2	2	0	1	2	0	0	0
1	0	0.579219	0.297856	0.555556	0.333333	0	-0.111111	0.037037	0	0.5925925925925926	0.2962962962962963	-0.037037037037037035	0.	0.	-0.037037037037037035	1	2	0	0	2	1	0	1	2	0	0	1
1	0	0.573319	0.22938	0.555556	0.333333	0	-0.111111	0.037037	0	0.5555555555555556	0.25925925925925924	0.	-0.037037037037037035	0.037037037037037035	0.	1	2	0	0	2	0	0	1	2	0	0	2
1	0	0.592605	0.241479	0.592593	0.222222	0.037037	0	0	0.111111	0.5925925925925926	0.2222222222222222	0.037037037037037035	0.	0.	0.037037037037037035	1	2	1	0	2	0	0	1	2	0	1	0
1	0	0.607663	0.32108	0.592593	0.222222	0.037037	0	0	0.111111	0.6296296296296297	0.25925925925925924	0.	0.037037037037037035	-0.037037037037037035	0.	1	2	1	0	2	1	0	1	2	0	1	1
1	0	0.655517	0.263535	0.62963	0.333333	0	-0.111111	0.037037	0	0.6296296296296297	0.3333333333333333	0.	-0.037037037037037035	0.037037037037037035	0.	1	2	2	0	2	2	0	1	2	0	2	0
1	0	0.640142	0.284101	0.62963	0.333333	0	-0.111111	0.037037	0	0.6666666666666666	0.2962962962962963	-0.037037037037037035	0.	0.	-0.037037037037037035	1	2	2	0	2	1	0	1	2	0	2	1
1	0	0.628068	0.222178	0.666667	0.222222	-0.111111	0	0	-0.037037	0.6666666666666666	0.2222222222222222	-0.037037037037037035	0.	0.	-0.037037037037037035	1	2	2	0	1	2	0	1	2	1	0	0
1	0	0.623746	0.202069	0.666667	0.222222	-0.111111	0	0	-0.037037	0.6296296296296297	0.18518518518518517	0.	0.037037037037037035	-0.037037037037037035	0.	1	2	1	0	1	2	0	1	2	1	0	1
1	0	0.643995	0.19513	0.666667	0.222222	-0.111111	0	0	-0.037037	0.5925925925925926	0.2222222222222222	-0.037037037037037035	0.	0.	-0.037037037037037035	1	2	0	0	1	2	0	1	2	1	0	2
1	0	0.587531	0.157128	0.555556	0.185185	0	-0.037037	0.111111	0	0.5555555555555556	0.18518518518518517	0.	-0.037037037037037035	0.037037037037037035	0.	1	2	0	0	1	1	0	1	2	1	1	0
1	0	0.620445	0.149743	0.555556	0.185185	0	-0.037037	0.111111	0	0.5925925925925926	0.14814814814814814	0.037037037037037035	0.	0.	0.037037037037037035	1	2	1	0	1	1	0	1	2	1	1	1
1	0	0.659296	0.134671	0.666667	0.148148	-0.111111	0	0	-0.037037	0.6666666666666666	0.14814814814814814	-0.037037037037037035	0.	0.	-0.037037037037037035	1	2	2	0	1	0	0	1	2	1	2	0
1	0	0.59617	0.123004	0.666667	0.148148	-0.111111	0	0	-0.037037	0.6296296296296297	0.1111111111111111	0.	0.037037037037037035	-0.037037037037037035	0.	1	2	1	0	1	0	0	1	2	1	2	1
1	0	0.563893	0.111069	0.555556	0.111111	0	-0.111111	0.037037	0	0.5555555555555556	0.1111111111111111	0.	-0.037037037037037035	0.037037037037037035	0.	1	2	0	0	0	2	0	1	2	2	0	0
1	0	0.576259	0.0435494	0.555556	0.111111	0	-0.111111	0.037037	0	0.5925925925925926	0.07407407407407407	-0.037037037037037035	0.	0.	-0.037037037037037035	1	2	0	0	0	1	0	1	2	2	0	1
1	0	0.60254	0.0188066	0.592593	0	0.037037	0	0	0.111111	0.5925925925925926	0.	0.037037037037037035	0.	0.	0.037037037037037035	1	2	1	0	0	0	0	1	2	2	1	0
1	0	0.613601	0.0516054	0.592593	0	0.037037	0	0	0.111111	0.6296296296296297	0.037037037037037035	0.	0.037037037037037035	-0.037037037037037035	0.	1	2	1	0	0	1	0	1	2	2	1	1
1	0	0.647396	0.0909664	0.62963	0.111111	0	-0.111111	0.037037	0	0.6296296296296297	0.1111111111111111	0.	-0.037037037037037035	0.037037037037037035	0.	1	2	2	0	0	2	0	1	2	2	2	0
1	0	0.637357	0.0586841	0.62963	0.111111	0	-0.111111	0.037037	0	0.6666666666666666	0.07407407407407407	-0.037037037037037035	0.	0.	-0.037037037037037035	1	2	2	0	0	1	0	1	2	2	2	1
1	0	0.691642	0.0259584	0.666667	0	0.111111	0	0	0.037037	0.6666666666666666	0.	0.037037037037037035	0.	0.	0.037037037037037035	2	0	0	0	0	0	0	2	0	0	0	0
1	0	0.701187	0.0010924	0.666667	0	0.111111	0	0	0.037037	0.7037037037037037	0.037037037037037035	0.	-0.037037037037037035	0.037037037037037035	0.	2	0	1	0	0	0	0	2	0	0	0	1
1	0	0.764315	0.0129193	0.666667	0	0.111111	0	0	0.037037	0.7407407407407407	0.	0.037037037037037035	0.	0.	0.037037037037037035	2	0	2	0	0	0	0	2	0	0	0	2
1	0	0.747469	0.045552	0.777778	0.037037	0	0.037037	-0.111111	0	0.7777777777777778	0.037037037037037035	0.	0.037037037037037035	-0.037037037037037035	0.	2	0	2	0	0	1	0	2	0	0	1	0
1	0	0.727299	0.0665112	0.777778	0.037037	0	0.037037	-0.111111	0	0.7407407407407407	0.07407407407407407	-0.037037037037037035	0.	0.	-0.037037037037037035	2	0	1	0	0	1	0	2	0	0	1	1
1	0	0.67474	0.077908	0.666667	0.0740741	0.111111	0	0	0.037037	0.6666666666666666	0.07407407407407407	0.037037037037037035	0.	0.	0.037037037037037035	2	0	0	0	0	2	0	2	0	0	2	0
1	0	0.735204	0.0892536	0.666667	0.0740741	0.111111	0	0	0.037037	0.7037037037037037	0.1111111111111111	0.	-0.037037037037037035	0.037037037037037035	0.	2	0	1	0	0	2	0	2	0	0	2	1
1	0	0.792774	0.0977708	0.777778	0.111111	0	-0.111111	0.037037	0	0.7777777777777778	0.1111111111111111	0.	-0.037037037037037035	0.037037037037037035	0.	2	1	0	0	0	2	0	2	0	1	0	0
1	0	0.77984	0.0626041	0.777778	0.111111	0	-0.111111	0.037037	0	0.8148148148148148	0.07407407407407407	-0.037037037037037035	0.	0.	-0.037037037037037035	2	1	0	0	0	1	0	2	0	1	0	1
1	0	0.810012	0.0321087	0.777778	0.111111	0	-0.111111	0.037037	0	0.7777777777777778	0.037037037037037035	0.	-0.037037037037037035	0.037037037037037035	0.	2	1	0	0	0	0	0	2	0	1	0	2
1	0	0.837645	0.00898489	0.814815	0	0.037037	0	0	0.111111	0.8148148148148148	0.	0.037037037037037035	0.	0.	0.037037037037037035	2	1	1	0	0	0	0	2	0	1	1	0
1	0	0.846989	0.076277	0.814815	0	0.037037	0	0	0.111111	0.8518518518518519	0.037037037037037035	0.	0.037037037037037035	-0.037037037037037035	0.	2	1	1	0	0	1	0	2	0	1	1	1
1	0	0.882316	0.105332	0.851852	0.111111	0	-0.111111	0.037037	0	0.8518518518518519	0.1111111111111111	0.	-0.037037037037037035	0.037037037037037035	0.	2	1	2	0	0	2	0	2	0	1	2	0
1	0	0.867219	0.0381733	0.851852	0.111111	0	-0.111111	0.037037	0	0.8888888888888888	0.07407407407407407	-0.037037037037037035	0.	0.	-0.037037037037037035	2	1	2	0	0	1	0	2	0	1	2	1
1	0	0.905215	0.0223403	0.888889	0	0.111111	0	0	0.037037	0.8888888888888888	0.	0.037037037037037035	0.	0.	0.037037037037037035	2	2	0	0	0	0	0	2	0	2	0	0
1	0	0.95378	0.0367367	0.888889	0	0.111111	0	0	0.037037	0.9259259259259259	0.037037037037037035	0.	-0.037037037037037035	0.037037037037037035	0.	2	2	1	0	0	0	0	2	0	2	0	1
1	0	0.981885	0.00475325	0.888889	0	0.111111	0	0	0.037037	0.9629629629629629	0.	0.037037037037037035	0.	0.	0.037037037037037035	2	2	2	0	0	0	0	2	0	2	0	2
1	0	1	0.0399865	1	0.037037	0	0.037037	-0.111111	0	1.	0.037037037037037035	0.	0.037037037037037035	-0.037037037037037035	0.	2	2	2	0	0	1	0	2	0	2	1	0
1	0	0.928061	0.0553034	1	0.037037	0	0.037037	-0.111111	0	0.9629629629629629	0.07407407407407407	-0.037037037037037035	0.	0.	-0.037037037037037035	2	2	1	0	0	1	0	2	0	2	1	1
1	0	0.918782	0.0834862	0.888889	0.0740741	0.111111	0	0	0.037037	0.8888888888888888	0.07407407407407407	0.037037037037037035	0.	0.	0.037037037037037035	2	2	0	0	0	2	0	2	0	2	2	0
1	0	0.941405	0.0945189	0.888889	0.0740741	0.111111	0	0	0.037037	0.9259259259259259	0.1111111111111111	0.	-0.037037037037037035	0.037037037037037035	0.	2	2	1	0	0	2	0	2	0	2	2	1
1	0	0.977566	0.158798	1	0.111111	0	0.111111	-0.037037	0	1.	0.1111111111111111	0.	0.037037037037037035	-0.037037037037037035	0.	2	2	2	0	1	0	0	2	1	0	0	0
1	0	0.991883	0.139315	1	0.111111	0	0.111111	-0.037037	0	0.9629629629629629	0.14814814814814814	0.037037037037037035	0.	0.	0.037037037037037035	2	2	2	0	1	1	0	2	1	0	0	1
1	0	0.969862	0.119696	1	0.111111	0	0.111111	-0.037037	0	1.	0.18518518518518517	0.	0.037037037037037035	-0.037037037037037035	0.	2	2	2	0	1	2	0	2	1	0	0	2
1	0	0.948734	0.198756	0.962963	0.222222	-0.037037	0	0	-0.111111	0.9629629629629629	0.2222222222222222	-0.037037037037037035	0.	0.	-0.037037037037037035	2	2	1	0	1	2	0	2	1	0	1	0
1	0	0.934431	0.185921	0.962963	0.222222	-0.037037	0	0	-0.111111	0.9259259259259259	0.18518518518518517	0.	-0.037037037037037035	0.037037037037037035	0.	2	2	1	0	1	1	0	2	1	0	1	1
1	0	0.891019	0.126843	0.925926	0.111111	0	0.111111	-0.037037	0	0.9259259259259259	0.1111111111111111	0.	0.037037037037037035	-0.037037037037037035	0.	2	2	0	0	1	0	0	2	1	0	2	0
1	0	0.900891	0.171245	0.925926	0.111111	0	0.111111	-0.037037	0	0.8888888888888888	0.14814814814814814	0.037037037037037035	0.	0.	0.037037037037037035	2	2	0	0	1	1	0	2	1	0	2	1
1	0	0.875604	0.217498	0.888889	0.222222	-0.111111	0	0	-0.037037	0.8888888888888888	0.2222222222222222	-0.037037037037037035	0.	0.	-0.037037037037037035	2	1	2	0	1	2	0	2	1	1	0	0
1	0	0.821186	0.205816	0.888889	0.222222	-0.111111	0	0	-0.037037	0.8518518518518519	0.18518518518518517	0.	0.037037037037037035	-0.037037037037037035	0.	2	1	1	0	1	2	0	2	1	1	0	1
1	0	0.799301	0.189419	0.888889	0.222222	-0.111111	0	0	-0.037037	0.8148148148148148	0.2222222222222222	-0.037037037037037035	0.	0.	-0.037037037037037035	2	1	0	0	1	2	0	2	1	1	0	2
1	0	0.803925	0.174769	0.777778	0.185185	0	-0.037037	0.111111	0	0.7777777777777778	0.18518518518518517	0.	-0.037037037037037035	0.037037037037037035	0.	2	1	0	0	1	1	0	2	1	1	1	0
1	0	0.853485	0.155796	0.777778	0.185185	0	-0.037037	0.111111	0	0.8148148148148148	0.14814814814814814	0.037037037037037035	0.	0.	0.037037037037037035	2	1	1	0	1	1	0	2	1	1	1	1
1	0	0.856593	0.146082	0.888889	0.148148	-0.111111	0	0	-0.037037	0.8888888888888888	0.14814814814814814	-0.037037037037037035	0.	0.	-0.037037037037037035	2	1	2	0	1	0	0	2	1	1	2	0
1	0	0.82632	0.114916	0.888889	0.148148	-0.111111	0	0	-0.037037	0.8518518518518519	0.1111111111111111	0.	0.037037037037037035	-0.037037037037037035	0.	2	1	1	0	1	0	0	2	1	1	2	1
1	0	0.773675	0.136185	0.777778	0.111111	0	0.111111	-0.037037	0	0.7777777777777778	0.1111111111111111	0.	0.037037037037037035	-0.037037037037037035	0.	2	0	2	0	1	0	0	2	1	2	0	0
1	0	0.75496	0.163779	0.777778	0.111111	0	0.111111	-0.037037	0	0.7407407407407407	0.14814814814814814	0.037037037037037035	0.	0.	0.037037037037037035	2	0	2	0	1	1	0	2	1	2	0	1
1	0	0.719992	0.213728	0.740741	0.222222	-0.037037	0	0	-0.111111	0.7407407407407407	0.2222222222222222	-0.037037037037037035	0.	0.	-0.037037037037037035	2	0	1	0	1	2	0	2	1	2	1	0
1	0	0.708276	0.142528	0.740741	0.222222	-0.037037	0	0	-0.111111	0.7037037037037037	0.18518518518518517	0.	-0.037037037037037035	0.037037037037037035	0.	2	0	1	0	1	1	0	2	1	2	1	1
1	0	0.685514	0.116579	0.703704	0.111111	0	0.111111	-0.037037	0	0.7037037037037037	0.1111111111111111	0.	0.037037037037037035	-0.037037037037037035	0.	2	0	0	0	1	0	0	2	1	2	2	0
1	0	0.695828	0.180562	0.703704	0.111111	0	0.111111	-0.037037	0	0.6666666666666666	0.14814814814814814	0.037037037037037035	0.	0.	0.037037037037037035	2	0	0	0	1	1	0	2	1	2	2	1
1	0	0.667657	0.252231	0.666667	0.222222	0.111111	0	0	0.037037	0.6666666666666666	0.2222222222222222	0.037037037037037035	0.	0.	0.037037037037037035	2	0	0	0	2	0	0	2	2	0	0	0
1	0	0.715556	0.245185	0.666667	0.222222	0.111111	0	0	0.037037	0.7037037037037037	0.25925925925925924	0.	-0.037037037037037035	0.037037037037037035	0.	2	0	1	0	2	0	0	2	2	0	0	1
1	0	0.770792	0.225158	0.666667	0.222222	0.111111	0	0	0.037037	0.7407407407407407	0.2222222222222222	0.037037037037037035	0.	0.	0.037037037037037035	2	0	2	0	2	0	0	2	2	0	0	2
1	0	0.74213	0.269947	0.777778	0.259259	0	0.037037	-0.111111	0	0.7777777777777778	0.25925925925925924	0.	0.037037037037037035	-0.037037037037037035	0.	2	0	2	0	2	1	0	2	2	0	1	0
1	0	0.680203	0.28828	0.777778	0.259259	0	0.037037	-0.111111	0	0.7407407407407407	0.2962962962962963	-0.037037037037037035	0.	0.	-0.037037037037037035	2	0	1	0	2	1	0	2	2	0	1	1
1	0	0.682918	0.308946	0.666667	0.296296	0.111111	0	0	0.037037	0.6666666666666666	0.2962962962962963	0.037037037037037035	0.	0.	0.037037037037037035	2	0	0	0	2	2	0	2	2	0	2	0
1	0	0.738092	0.30673	0.666667	0.296296	0.111111	0	0	0.037037	0.7037037037037037	0.3333333333333333	0.	-0.037037037037037035	0.037037037037037035	0.	2	0	1	0	2	2	0	2	2	0	2	1
1	0	0.795658	0.314643	0.777778	0.333333	0	-0.111111	0.037037	0	0.7777777777777778	0.3333333333333333	0.	-0.037037037037037035	0.037037037037037035	0.	2	1	0	0	2	2	0	2	2	1	0	0
1	0	0.782979	0.259661	0.777778	0.333333	0	-0.111111	0.037037	0	0.8148148148148148	0.2962962962962963	-0.037037037037037035	0.	0.	-0.037037037037037035	2	1	0	0	2	1	0	2	2	1	0	1
1	0	0.788809	0.325513	0.777778	0.333333	0	-0.111111	0.037037	0	0.7777777777777778	0.25925925925925924	0.	-0.037037037037037035	0.037037037037037035	0.	2	1	0	0	2	0	0	2	2	1	0	2
1	0	0.829204	0.256052	0.814815	0.222222	0.037037	0	0	0.111111	0.8148148148148148	0.2222222222222222	0.037037037037037035	0.	0.	0.037037037037037035	2	1	1	0	2	0	0	2	2	1	1	0
1	0	0.841481	0.29226	0.814815	0.222222	0.037037	0	0	0.111111	0.8518518518518519	0.25925925925925924	0.	0.037037037037037035	-0.037037037037037035	0.	2	1	1	0	2	1	0	2	2	1	1	1
1	0	0.885275	0.281087	0.851852	0.333333	0	-0.111111	0.037037	0	0.8518518518518519	0.3333333333333333	0.	-0.037037037037037035	0.037037037037037035	0.	2	1	2	0	2	2	0	2	2	1	2	0
1	0	0.86176	0.235277	0.851852	0.333333	0	-0.111111	0.037037	0	0.8888888888888888	0.2962962962962963	-0.037037037037037035	0.	0.	-0.037037037037037035	2	1	2	0	2	1	0	2	2	1	2	1
1	0	0.896191	0.246899	0.888889	0.222222	0.111111	0	0	0.037037	0.8888888888888888	0.2222222222222222	0.037037037037037035	0.	0.	0.037037037037037035	2	2	0	0	2	0	0	2	2	2	0	0
1	0	0.962135	0.228172	0.888889	0.222222	0.111111	0	0	0.037037	0.9259259259259259	0.25925925925925924	0.	-0.037037037037037035	0.037037037037037035	0.	2	2	1	0	2	0	0	2	2	2	0	1
1	0	0.985259	0.266636	1	0.259259	0	0.037037	-0.111111	0	1.	0.25925925925925924	0.	0.037037037037037035	-0.037037037037037035	0.	2	2	2	0	2	1	0	2	2	2	1	0
1	0	0.910474	0.277217	1	0.259259	0	0.037037	-0.111111	0	0.9629629629629629	0.2962962962962963	-0.037037037037037035	0.	0.	-0.037037037037037035	2	2	1	0	2	1	0	2	2	2	1	1
1	0	0.92162	0.318044	0.888889	0.296296	0.111111	0	0	0.037037	0.8888888888888888	0.2962962962962963	0.037037037037037035	0.	0.	0.037037037037037035	2	2	0	0	2	2	0	2	2	2	2	0
1	0	0.938518	0.299361	0.888889	0.296296	0.111111	0	0	0.037037	0.9259259259259259	0.3333333333333333	0.	-0.037037037037037035	0.037037037037037035	0.	2	2	1	0	2	2	0	2	2	2	2	1
1	0	0.995405	0.33849	1	0.333333	0	0.111111	-0.037037	0	1.	0.3333333333333333	0.	0.037037037037037035	-0.037037037037037035	0.	2	2	2	1	0	0	1	0	0	0	0	0
1	0	0.966916	0.333995	1	0.333333	0	0.111111	-0.037037	0	0.9629629629629629	0.37037037037037035	0.037037037037037035	0.	0.	0.037037037037037035	2	2	2	1	0	1	1	0	0	0	0	1
1	0	0.975411	0.435231	1	0.333333	0	0.111111	-0.037037	0	1.	0.4074074074074074	0.	0.037037037037037035	-0.037037037037037035	0.	2	2	2	1	0	2	1	0	0	0	0	2
1	0	0.959225	0.367494	0.962963	0.444444	-0.037037	0	0	-0.111111	0.9629629629629629	0.4444444444444444	-0.037037037037037035	0.	0.	-0.037037037037037035	2	2	1	1	0	2	1	0	0	0	1	0
1	0	0.946135	0.400614	0.962963	0.444444	-0.037037	0	0	-0.111111	0.9259259259259259	0.4074074074074074	0.	-0.037037037037037035	0.037037037037037035	0.	2	2	1	1	0	1	1	0	0	0	1	1
1	0	0.907617	0.343493	0.925926	0.333333	0	0.111111	-0.037037	0	0.9259259259259259	0.3333333333333333	0.	0.037037037037037035	-0.037037037037037035	0.	2	2	0	1	0	0	1	0	0	0	2	0
1	0	0.915305	0.395426	0.925926	0.333333	0	0.111111	-0.037037	0	0.8888888888888888	0.37037037037037035	0.037037037037037035	0.	0.	0.037037037037037035	2	2	0	1	0	1	1	0	0	0	2	1
1	0	0.923663	0.478238	0.888889	0.444444	0.111111	0	0	0.037037	0.8888888888888888	0.4444444444444444	0.037037037037037035	0.	0.	0.037037037037037035	2	2	0	1	1	0	1	0	0	1	0	0
1	0	0.930971	0.447993	0.888889	0.444444	0.111111	0	0	0.037037	0.9259259259259259	0.48148148148148145	0.	-0.037037037037037035	0.037037037037037035	0.	2	2	1	1	1	0	1	0	0	1	0	1
1	0	0.989476	0.456594	0.888889	0.444444	0.111111	0	0	0.037037	0.9629629629629629	0.4444444444444444	0.037037037037037035	0.	0.	0.037037037037037035	2	2	2	1	1	0	1	0	0	1	0	2
1	0	0.964509	0.49109	1	0.481481	0	0.037037	-0.111111	0	1.	0.48148148148148145	0.	0.037037037037037035	-0.037037037037037035	0.	2	2	2	1	1	1	1	0	0	1	1	0
1	0	0.943264	0.514716	1	0.481481	0	0.037037	-0.111111	0	0.9629629629629629	0.5185185185185185	-0.037037037037037035	0.	0.	-0.037037037037037035	2	2	1	1	1	1	1	0	0	1	1	1
1	0	0.898607	0.538942	0.888889	0.518519	0.111111	0	0	0.037037	0.8888888888888888	0.5185185185185185	0.037037037037037035	0.	0.	0.037037037037037035	2	2	0	1	1	2	1	0	0	1	2	0
1	0	0.955737	0.544376	0.888889	0.518519	0.111111	0	0	0.037037	0.9259259259259259	0.5555555555555556	0.	-0.037037037037037035	0.037037037037037035	0.	2	2	1	1	1	2	1	0	0	1	2	1
1	0	0.99766	0.561266	1	0.555556	0	0.111111	-0.037037	0	1.	0.5555555555555556	0.	0.037037037037037035	-0.037037037037037035	0.	2	2	2	1	2	0	1	0	0	2	0	0
1	0	0.971963	0.586529	1	0.555556	0	0.111111	-0.037037	0	0.9629629629629629	0.5925925925925926	0.037037037037037035	0.	0.	0.037037037037037035	2	2	2	1	2	1	1	0	0	2	0	1
1	0	0.987439	0.595133	1	0.555556	0	0.111111	-0.037037	0	1.	0.6296296296296297	0.	0.037037037037037035	-0.037037037037037035	0.	2	2	2	1	2	2	1	0	0	2	0	2
1	0	0.950321	0.651756	0.962963	0.666667	-0.037037	0	0	-0.111111	0.9629629629629629	0.6666666666666666	-0.037037037037037035	0.	0.	-0.037037037037037035	2	2	1	1	2	2	1	0	0	2	1	0
1	0	0.92594	0.606987	0.962963	0.666667	-0.037037	0	0	-0.111111	0.9259259259259259	0.6296296296296297	0.	-0.037037037037037035	0.037037037037037035	0.	2	2	1	1	2	1	1	0	0	2	1	1
1	0	0.894028	0.574131	0.925926	0.555556	0	0.111111	-0.037037	0	0.9259259259259259	0.5555555555555556	0.	0.037037037037037035	-0.037037037037037035	0.	2	2	0	1	2	0	1	0	0	2	2	0
1	0	0.91188	0.635335	0.925926	0.555556	0	0.111111	-0.037037	0	0.8888888888888888	0.5925925925925926	0.037037037037037035	0.	0.	0.037037037037037035	2	2	0	1	2	1	1	0	0	2	2	1
1	0	0.848996	0.662924	0.888889	0.666667	-0.111111	0	0	-0.037037	0.8888888888888888	0.6666666666666666	-0.037037037037037035	0.	0.	-0.037037037037037035	2	1	2	1	2	2	1	0	1	0	0	0
1	0	0.864746	0.642693	0.888889	0.666667	-0.111111	0	0	-0.037037	0.8518518518518519	0.6296296296296297	0.	0.037037037037037035	-0.037037037037037035	0.	2	1	1	1	2	2	1	0	1	0	0	1
1	0	0.801395	0.64833	0.888889	0.666667	-0.111111	0	0	-0.037037	0.8148148148148148	0.6666666666666666	-0.037037037037037035	0.	0.	-0.037037037037037035	2	1	0	1	2	2	1	0	1	0	0	2
1	0	0.87142	0.620201	0.777778	0.62963	0	-0.037037	0.111111	0	0.7777777777777778	0.6296296296296297	0.	-0.037037037037037035	0.037037037037037035	0.	2	1	0	1	2	1	1	0	1	0	1	0
1	0	0.824517	0.603863	0.777778	0.62963	0	-0.037037	0.111111	0	0.8148148148148148	0.5925925925925926	0.037037037037037035	0.	0.	0.037037037037037035	2	1	1	1	2	1	1	0	1	0	1	1
1	0	0.869157	0.558749	0.888889	0.592593	-0.111111	0	0	-0.037037	0.8888888888888888	0.5925925925925926	-0.037037037037037035	0.	0.	-0.037037037037037035	2	1	2	1	2	0	1	0	1	0	2	0
1	0	0.835947	0.581801	0.888889	0.592593	-0.111111	0	0	-0.037037	0.8518518518518519	0.5555555555555556	0.	0.037037037037037035	-0.037037037037037035	0.	2	1	1	1	2	0	1	0	1	0	2	1
1	0	0.777827	0.521966	0.777778	0.555556	0	-0.111111	0.037037	0	0.7777777777777778	0.5555555555555556	0.	-0.037037037037037035	0.037037037037037035	0.	2	1	0	1	1	2	1	0	1	1	0	0
1	0	0.814096	0.53582	0.777778	0.555556	0	-0.111111	0.037037	0	0.8148148148148148	0.5185185185185185	-0.037037037037037035	0.	0.	-0.037037037037037035	2	1	0	1	1	1	1	0	1	1	0	1
1	0	0.786818	0.487366	0.777778	0.555556	0	-0.111111	0.037037	0	0.7777777777777778	0.48148148148148145	0.	-0.037037037037037035	0.037037037037037035	0.	2	1	0	1	1	0	1	0	1	1	0	2
1	0	0.851001	0.463374	0.814815	0.444444	0.037037	0	0	0.111111	0.8148148148148148	0.4444444444444444	0.037037037037037035	0.	0.	0.037037037037037035	2	1	1	1	1	0	1	0	1	1	1	0
1	0	0.81671	0.555404	0.814815	0.444444	0.037037	0	0	0.111111	0.8518518518518519	0.48148148148148145	0.	0.037037037037037035	-0.037037037037037035	0.	2	1	1	1	1	1	1	0	1	1	1	1
1	0	0.859119	0.501537	0.851852	0.555556	0	-0.111111	0.037037	0	0.8518518518518519	0.5555555555555556	0.	-0.037037037037037035	0.037037037037037035	0.	2	1	2	1	1	2	1	0	1	1	2	0
1	0	0.888465	0.474866	0.851852	0.555556	0	-0.111111	0.037037	0	0.8888888888888888	0.5185185185185185	-0.037037037037037035	0.	0.	-0.037037037037037035	2	1	2	1	1	1	1	0	1	1	2	1
1	0	0.87937	0.419303	0.888889	0.444444	-0.111111	0	0	-0.037037	0.8888888888888888	0.4444444444444444	-0.037037037037037035	0.	0.	-0.037037037037037035	2	1	2	1	0	2	1	0	1	2	0	0
1	0	0.833712	0.411607	0.888889	0.444444	-0.111111	0	0	-0.037037	0.8518518518518519	0.4074074074074074	0.	0.037037037037037035	-0.037037037037037035	0.	2	1	1	1	0	2	1	0	1	2	0	1
1	0	0.812116	0.426611	0.888889	0.444444	-0.111111	0	0	-0.037037	0.8148148148148148	0.4444444444444444	-0.037037037037037035	0.	0.	-0.037037037037037035	2	1	0	1	0	2	1	0	1	2	0	2
1	0	0.806373	0.37232	0.777778	0.407407	0	-0.037037	0.111111	0	0.7777777777777778	0.4074074074074074	0.	-0.037037037037037035	0.037037037037037035	0.	2	1	0	1	0	1	1	0	1	2	1	0
1	0	0.818817	0.382214	0.777778	0.407407	0	-0.037037	0.111111	0	0.8148148148148148	0.37037037037037035	0.037037037037037035	0.	0.	0.037037037037037035	2	1	1	1	0	1	1	0	1	2	1	1
1	0	0.872994	0.352861	0.888889	0.37037	-0.111111	0	0	-0.037037	0.8888888888888888	0.37037037037037035	-0.037037037037037035	0.	0.	-0.037037037037037035	2	1	2	1	0	0	1	0	1	2	2	0
1	0	0.844168	0.364015	0.888889	0.37037	-0.111111	0	0	-0.037037	0.8518518518518519	0.3333333333333333	0.	0.037037037037037035	-0.037037037037037035	0.	2	1	1	1	0	0	1	0	1	2	2	1
1	0	0.750781	0.335768	0.777778	0.333333	0	0.111111	-0.037037	0	0.7777777777777778	0.3333333333333333	0.	0.037037037037037035	-0.037037037037037035	0.	2	0	2	1	0	0	1	0	2	0	0	0
1	0	0.758315	0.432251	0.777778	0.333333	0	0.111111	-0.037037	0	0.7407407407407407	0.37037037037037035	0.037037037037037035	0.	0.	0.037037037037037035	2	0	2	1	0	1	1	0	2	0	0	1
1	0	0.769028	0.442828	0.777778	0.333333	0	0.111111	-0.037037	0	0.7777777777777778	0.4074074074074074	0.	0.037037037037037035	-0.037037037037037035	0.	2	0	2	1	0	2	1	0	2	0	0	2
1	0	0.712125	0.405799	0.740741	0.444444	-0.037037	0	0	-0.111111	0.7407407407407407	0.4444444444444444	-0.037037037037037035	0.	0.	-0.037037037037037035	2	0	1	1	0	2	1	0	2	0	1	0
1	0	0.732773	0.392152	0.740741	0.444444	-0.037037	0	0	-0.111111	0.7037037037037037	0.4074074074074074	0.	-0.037037037037037035	0.037037037037037035	0.	2	0	1	1	0	1	1	0	2	0	1	1
1	0	0.703679	0.349031	0.703704	0.333333	0	0.111111	-0.037037	0	0.7037037037037037	0.3333333333333333	0.	0.037037037037037035	-0.037037037037037035	0.	2	0	0	1	0	0	1	0	2	0	2	0
1	0	0.671764	0.385939	0.703704	0.333333	0	0.111111	-0.037037	0	0.6666666666666666	0.37037037037037035	0.037037037037037035	0.	0.	0.037037037037037035	2	0	0	1	0	1	1	0	2	0	2	1
1	0	0.689317	0.460015	0.666667	0.444444	0.111111	0	0	0.037037	0.6666666666666666	0.4444444444444444	0.037037037037037035	0.	0.	0.037037037037037035	2	0	0	1	1	0	1	0	2	1	0	0
1	0	0.722041	0.453656	0.666667	0.444444	0.111111	0	0	0.037037	0.7037037037037037	0.48148148148148145	0.	-0.037037037037037035	0.037037037037037035	0.	2	0	1	1	1	0	1	0	2	1	0	1
1	0	0.744367	0.469402	0.666667	0.444444	0.111111	0	0	0.037037	0.7407407407407407	0.4444444444444444	0.037037037037037035	0.	0.	0.037037037037037035	2	0	2	1	1	0	1	0	2	1	0	2
1	0	0.7606	0.493644	0.777778	0.481481	0	0.037037	-0.111111	0	0.7777777777777778	0.48148148148148145	0.	0.037037037037037035	-0.037037037037037035	0.	2	0	2	1	1	1	1	0	2	1	1	0
1	0	0.724313	0.502921	0.777778	0.481481	0	0.037037	-0.111111	0	0.7407407407407407	0.5185185185185185	-0.037037037037037035	0.	0.	-0.037037037037037035	2	0	1	1	1	1	1	0	2	1	1	1
1	0	0.677671	0.525955	0.666667	0.518519	0.111111	0	0	0.037037	0.6666666666666666	0.5185185185185185	0.037037037037037035	0.	0.	0.037037037037037035	2	0	0	1	1	2	1	0	2	1	2	0
1	0	0.709899	0.549529	0.666667	0.518519	0.111111	0	0	0.037037	0.7037037037037037	0.5555555555555556	0.	-0.037037037037037035	0.037037037037037035	0.	2	0	1	1	1	2	1	0	2	1	2	1
1	0	0.762836	0.598192	0.777778	0.555556	0	0.111111	-0.037037	0	0.7777777777777778	0.5555555555555556	0.	0.037037037037037035	-0.037037037037037035	0.	2	0	2	1	2	0	1	0	2	2	0	0
1	0	0.752501	0.614656	0.777778	0.555556	0	0.111111	-0.037037	0	0.7407407407407407	0.5925925925925926	0.037037037037037035	0.	0.	0.037037037037037035	2	0	2	1	2	1	1	0	2	2	0	1
1	0	0.717508	0.630141	0.740741	0.666667	-0.037037	0	0	-0.111111	0.7407407407407407	0.6666666666666666	-0.037037037037037035	0.	0.	-0.037037037037037035	2	0	1	1	2	2	1	0	2	2	1	0
1	0	0.731006	0.592022	0.740741	0.666667	-0.037037	0	0	-0.111111	0.7037037037037037	0.6296296296296297	0.	-0.037037037037037035	0.037037037037037035	0.	2	0	1	1	2	1	1	0	2	2	1	1
1	0	0.698606	0.566698	0.703704	0.555556	0	0.111111	-0.037037	0	0.7037037037037037	0.5555555555555556	0.	0.037037037037037035	-0.037037037037037035	0.	2	0	0	1	2	0	1	0	2	2	2	0
1	0	0.669894	0.623772	0.703704	0.555556	0	0.111111	-0.037037	0	0.6666666666666666	0.5925925925925926	0.037037037037037035	0.	0.	0.037037037037037035	2	0	0	1	2	1	1	0	2	2	2	1
1	0	0.651257	0.659127	0.666667	0.666667	-0.111111	0	0	-0.037037	0.6666666666666666	0.6666666666666666	-0.037037037037037035	0.	0.	-0.037037037037037035	1	2	2	1	2	2	1	1	0	0	0	0
1	0	0.600745	0.664339	0.666667	0.666667	-0.111111	0	0	-0.037037	0.6296296296296297	0.6296296296296297	0.	0.037037037037037035	-0.037037037037037035	0.	1	2	1	1	2	2	1	1	0	0	0	1
1	0	0.585911	0.636689	0.666667	0.666667	-0.111111	0	0	-0.037037	0.5925925925925926	0.6666666666666666	-0.037037037037037035	0.	0.	-0.037037037037037035	1	2	0	1	2	2	1	1	0	0	0	2
1	0	0.566616	0.621407	0.555556	0.62963	0	-0.037037	0.111111	0	0.5555555555555556	0.6296296296296297	0.	-0.037037037037037035	0.037037037037037035	0.	1	2	0	1	2	1	1	1	0	0	1	0
1	0	0.625772	0.610406	0.555556	0.62963	0	-0.037037	0.111111	0	0.5925925925925926	0.5925925925925926	0.037037037037037035	0.	0.	0.037037037037037035	1	2	1	1	2	1	1	1	0	0	1	1
1	0	0.635636	0.570736	0.666667	0.592593	-0.111111	0	0	-0.037037	0.6666666666666666	0.5925925925925926	-0.037037037037037035	0.	0.	-0.037037037037037035	1	2	2	1	2	0	1	1	0	0	2	0
1	0	0.630313	0.580176	0.666667	0.592593	-0.111111	0	0	-0.037037	0.6296296296296297	0.5555555555555556	0.	0.037037037037037035	-0.037037037037037035	0.	1	2	1	1	2	0	1	1	0	0	2	1
1	0	0.555524	0.57587	0.555556	0.555556	0	0.111111	-0.037037	0	0.5555555555555556	0.5555555555555556	0.	0.037037037037037035	-0.037037037037037035	0.	1	1	2	1	2	0	1	1	0	1	0	0
1	0	0.523373	0.590158	0.555556	0.555556	0	0.111111	-0.037037	0	0.5185185185185185	0.5925925925925926	0.037037037037037035	0.	0.	0.037037037037037035	1	1	2	1	2	1	1	1	0	1	0	1
1	0	0.530005	0.654903	0.555556	0.555556	0	0.111111	-0.037037	0	0.5555555555555556	0.6296296296296297	0.	0.037037037037037035	-0.037037037037037035	0.	1	1	2	1	2	2	1	1	0	1	0	2
1	0	0.512521	0.646631	0.518519	0.666667	-0.037037	0	0	-0.111111	0.5185185185185185	0.6666666666666666	-0.037037037037037035	0.	0.	-0.037037037037037035	1	1	1	1	2	2	1	1	0	1	1	0
1	0	0.491128	0.599923	0.518519	0.666667	-0.037037	0	0	-0.111111	0.48148148148148145	0.6296296296296297	0.	-0.037037037037037035	0.037037037037037035	0.	1	1	1	1	2	1	1	1	0	1	1	1
1	0	0.461683	0.559921	0.481481	0.555556	0	0.111111	-0.037037	0	0.48148148148148145	0.5555555555555556	0.	0.037037037037037035	-0.037037037037037035	0.	1	1	0	1	2	0	1	1	0	1	2	0
1	0	0.476647	0.605592	0.481481	0.555556	0	0.111111	-0.037037	0	0.4444444444444444	0.5925925925925926	0.037037037037037035	0.	0.	0.037037037037037035	1	1	0	1	2	1	1	1	0	1	2	1
1	0	0.434788	0.661584	0.444444	0.666667	-0.111111	0	0	-0.037037	0.4444444444444444	0.6666666666666666	-0.037037037037037035	0.	0.	-0.037037037037037035	1	0	2	1	2	2	1	1	0	2	0	0
1	0	0.394267	0.638846	0.444444	0.666667	-0.111111	0	0	-0.037037	0.4074074074074074	0.6296296296296297	0.	0.037037037037037035	-0.037037037037037035	0.	1	0	1	1	2	2	1	1	0	2	0	1
1	0	0.362383	0.63161	0.444444	0.666667	-0.111111	0	0	-0.037037	0.37037037037037035	0.6666666666666666	-0.037037037037037035	0.	0.	-0.037037037037037035	1	0	0	1	2	2	1	1	0	2	0	2
1	0	0.351426	0.612378	0.333333	0.62963	0	-0.037037	0.111111	0	0.3333333333333333	0.6296296296296297	0.	-0.037037037037037035	0.037037037037037035	0.	1	0	0	1	2	1	1	1	0	2	1	0
1	0	0.372547	0.627784	0.333333	0.62963	0	-0.037037	0.111111	0	0.37037037037037035	0.5925925925925926	0.037037037037037035	0.	0.	0.037037037037037035	1	0	1	1	2	1	1	1	0	2	1	1
1	0	0.430491	0.585498	0.444444	0.592593	-0.111111	0	0	-0.037037	0.4444444444444444	0.5925925925925926	-0.037037037037037035	0.	0.	-0.037037037037037035	1	0	2	1	2	0	1	1	0	2	2	0
1	0	0.396223	0.562343	0.444444	0.592593	-0.111111	0	0	-0.037037	0.4074074074074074	0.5555555555555556	0.	0.037037037037037035	-0.037037037037037035	0.	1	0	1	1	2	0	1	1	0	2	2	1
1	0	0.367781	0.547381	0.333333	0.555556	0	-0.111111	0.037037	0	0.3333333333333333	0.5555555555555556	0.	-0.037037037037037035	0.037037037037037035	0.	1	0	0	1	1	2	1	1	1	0	0	0
1	0	0.355201	0.479434	0.333333	0.555556	0	-0.111111	0.037037	0	0.37037037037037035	0.5185185185185185	-0.037037037037037035	0.	0.	-0.037037037037037035	1	0	0	1	1	1	1	1	1	0	0	1
1	0	0.340513	0.444476	0.333333	0.555556	0	-0.111111	0.037037	0	0.3333333333333333	0.48148148148148145	0.	-0.037037037037037035	0.037037037037037035	0.	1	0	0	1	1	0	1	1	1	0	0	2
1	0	0.398268	0.455473	0.37037	0.444444	0.037037	0	0	0.111111	0.37037037037037035	0.4444444444444444	0.037037037037037035	0.	0.	0.037037037037037035	1	0	1	1	1	0	1	1	1	0	1	0
1	0	0.374667	0.495518	0.37037	0.444444	0.037037	0	0	0.111111	0.4074074074074074	0.48148148148148145	0.	0.037037037037037035	-0.037037037037037035	0.	1	0	1	1	1	1	1	1	1	0	1	1
1	0	0.41422	0.523764	0.407407	0.555556	0	-0.111111	0.037037	0	0.4074074074074074	0.5555555555555556	0.	-0.037037037037037035	0.037037037037037035	0.	1	0	2	1	1	2	1	1	1	0	2	0
1	0	0.439945	0.504683	0.407407	0.555556	0	-0.111111	0.037037	0	0.4444444444444444	0.5185185185185185	-0.037037037037037035	0.	0.	-0.037037037037037035	1	0	2	1	1	1	1	1	1	0	2	1
1	0	0.453533	0.465133	0.444444	0.444444	0.111111	0	0	0.037037	0.4444444444444444	0.4444444444444444	0.037037037037037035	0.	0.	0.037037037037037035	1	1	0	1	1	0	1	1	1	1	0	0
1	0	0.488612	0.471164	0.444444	0.444444	0.111111	0	0	0.037037	0.48148148148148145	0.48148148148148145	0.	-0.037037037037037035	0.037037037037037035	0.	1	1	1	1	1	0	1	1	1	1	0	1
1	0	0.546076	0.449546	0.444444	0.444444	0.111111	0	0	0.037037	0.5185185185185185	0.4444444444444444	0.037037037037037035	0.	0.	0.037037037037037035	1	1	2	1	1	0	1	1	1	1	0	2
1	0	0.525415	0.513644	0.555556	0.481481	0	0.037037	-0.111111	0	0.5555555555555556	0.48148148148148145	0.	0.037037037037037035	-0.037037037037037035	0.	1	1	2	1	1	1	1	1	1	1	1	0
1	0	0.500802	0.500184	0.555556	0.481481	0	0.037037	-0.111111	0	0.5185185185185185	0.5185185185185185	-0.037037037037037035	0.	0.	-0.037037037037037035	1	1	1	1	1	1	1	1	1	1	1	1
1	0	0.448095	0.551092	0.444444	0.518519	0.111111	0	0	0.037037	0.4444444444444444	0.5185185185185185	0.037037037037037035	0.	0.	0.037037037037037035	1	1	0	1	1	2	1	1	1	1	2	0
1	0	0.538893	0.53024	0.444444	0.518519	0.111111	0	0	0.037037	0.48148148148148145	0.5555555555555556	0.	-0.037037037037037035	0.037037037037037035	0.	1	1	1	1	1	2	1	1	1	1	2	1
1	0	0.590055	0.542784	0.555556	0.555556	0	-0.111111	0.037037	0	0.5555555555555556	0.5555555555555556	0.	-0.037037037037037035	0.037037037037037035	0.	1	2	0	1	1	2	1	1	1	2	0	0
1	0	0.560566	0.485878	0.555556	0.555556	0	-0.111111	0.037037	0	0.5925925925925926	0.5185185185185185	-0.037037037037037035	0.	0.	-0.037037037037037035	1	2	0	1	1	1	1	1	1	2	0	1
1	0	0.605331	0.481271	0.592593	0.444444	0.037037	0	0	0.111111	0.5925925925925926	0.4444444444444444	0.037037037037037035	0.	0.	0.037037037037037035	1	2	1	1	1	0	1	1	1	2	1	0
1	0	0.61726	0.511166	0.592593	0.444444	0.037037	0	0	0.111111	0.6296296296296297	0.48148148148148145	0.	0.037037037037037035	-0.037037037037037035	0.	1	2	1	1	1	1	1	1	1	2	1	1
1	0	0.665245	0.532364	0.62963	0.555556	0	-0.111111	0.037037	0	0.6296296296296297	0.5555555555555556	0.	-0.037037037037037035	0.037037037037037035	0.	1	2	2	1	1	2	1	1	1	2	2	0
1	0	0.649133	0.517952	0.62963	0.555556	0	-0.111111	0.037037	0	0.6666666666666666	0.5185185185185185	-0.037037037037037035	0.	0.	-0.037037037037037035	1	2	2	1	1	1	1	1	1	2	2	1
1	0	0.652969	0.422931	0.666667	0.444444	-0.111111	0	0	-0.037037	0.6666666666666666	0.4444444444444444	-0.037037037037037035	0.	0.	-0.037037037037037035	1	2	2	1	0	2	1	1	2	0	0	0
1	0	0.598604	0.441159	0.666667	0.444444	-0.111111	0	0	-0.037037	0.6296296296296297	0.4074074074074074	0.	0.037037037037037035	-0.037037037037037035	0.	1	2	1	1	0	2	1	1	2	0	0	1
1	0	0.568221	0.428257	0.666667	0.444444	-0.111111	0	0	-0.037037	0.5925925925925926	0.4444444444444444	-0.037037037037037035	0.	0.	-0.037037037037037035	1	2	0	1	0	2	1	1	2	0	0	2
1	0	0.571269	0.399012	0.555556	0.407407	0	-0.037037	0.111111	0	0.5555555555555556	0.4074074074074074	0.	-0.037037037037037035	0.037037037037037035	0.	1	2	0	1	0	1	1	1	2	0	1	0
1	0	0.661771	0.378351	0.555556	0.407407	0	-0.037037	0.111111	0	0.5925925925925926	0.37037037037037035	0.037037037037037035	0.	0.	0.037037037037037035	1	2	1	1	0	1	1	1	2	0	1	1
1	0	0.632489	0.368773	0.666667	0.37037	-0.111111	0	0	-0.037037	0.6666666666666666	0.37037037037037035	-0.037037037037037035	0.	0.	-0.037037037037037035	1	2	2	1	0	0	1	1	2	0	2	0
1	0	0.611049	0.356302	0.666667	0.37037	-0.111111	0	0	-0.037037	0.6296296296296297	0.3333333333333333	0.	0.037037037037037035	-0.037037037037037035	0.	1	2	1	1	0	0	1	1	2	0	2	1
1	0	0.543572	0.358461	0.555556	0.333333	0	0.111111	-0.037037	0	0.5555555555555556	0.3333333333333333	0.	0.037037037037037035	-0.037037037037037035	0.	1	1	2	1	0	0	1	1	2	1	0	0
1	0	0.531653	0.339569	0.555556	0.333333	0	0.111111	-0.037037	0	0.5185185185185185	0.37037037037037035	0.037037037037037035	0.	0.	0.037037037037037035	1	1	2	1	0	1	1	1	2	1	0	1
1	0	0.521269	0.407585	0.555556	0.333333	0	0.111111	-0.037037	0	0.5555555555555556	0.4074074074074074	0.	0.037037037037037035	-0.037037037037037035	0.	1	1	2	1	0	2	1	1	2	1	0	2
1	0	0.507269	0.436562	0.518519	0.444444	-0.037037	0	0	-0.111111	0.5185185185185185	0.4444444444444444	-0.037037037037037035	0.	0.	-0.037037037037037035	1	1	1	1	0	2	1	1	2	1	1	0
1	0	0.498545	0.390158	0.518519	0.444444	-0.037037	0	0	-0.111111	0.48148148148148145	0.4074074074074074	0.	-0.037037037037037035	0.037037037037037035	0.	1	1	1	1	0	1	1	1	2	1	1	1
1	0	0.463998	0.344862	0.481481	0.333333	0	0.111111	-0.037037	0	0.48148148148148145	0.3333333333333333	0.	0.037037037037037035	-0.037037037037037035	0.	1	1	0	1	0	0	1	1	2	1	2	0
1	0	0.474396	0.403895	0.481481	0.333333	0	0.111111	-0.037037	0	0.4444444444444444	0.37037037037037035	0.037037037037037035	0.	0.	0.037037037037037035	1	1	0	1	0	1	1	1	2	1	2	1
1	0	0.418803	0.415495	0.444444	0.444444	-0.111111	0	0	-0.037037	0.4444444444444444	0.4444444444444444	-0.037037037037037035	0.	0.	-0.037037037037037035	1	0	2	1	0	2	1	1	2	2	0	0
1	0	0.386442	0.430399	0.444444	0.444444	-0.111111	0	0	-0.037037	0.4074074074074074	0.4074074074074074	0.	0.037037037037037035	-0.037037037037037035	0.	1	0	1	1	0	2	1	1	2	2	0	1
1	0	0.347147	0.387882	0.333333	0.407407	0	-0.037037	0.111111	0	0.3333333333333333	0.4074074074074074	0.	-0.037037037037037035	0.037037037037037035	0.	1	0	0	1	0	1	1	1	2	2	1	0
1	0	0.37662	0.373769	0.333333	0.407407	0	-0.037037	0.111111	0	0.37037037037037035	0.37037037037037035	0.037037037037037035	0.	0.	0.037037037037037035	1	0	1	1	0	1	1	1	2	2	1	1
1	0	0.428334	0.360519	0.444444	0.37037	-0.111111	0	0	-0.037037	0.4444444444444444	0.37037037037037035	-0.037037037037037035	0.	0.	-0.037037037037037035	1	0	2	1	0	0	1	1	2	2	2	0
1	0	0.410551	0.341934	0.444444	0.37037	-0.111111	0	0	-0.037037	0.4074074074074074	0.3333333333333333	0.	0.037037037037037035	-0.037037037037037035	0.	1	0	1	1	0	0	1	1	2	2	2	1
1	0	0.305063	0.350753	0.333333	0.333333	0	0.111111	-0.037037	0	0.3333333333333333	0.3333333333333333	0.	0.037037037037037035	-0.037037037037037035	0.	0	2	2	1	0	0	1	2	0	0	0	0
1	0	0.326101	0.376306	0.333333	0.333333	0	0.111111	-0.037037	0	0.2962962962962963	0.37037037037037035	0.037037037037037035	0.	0.	0.037037037037037035	0	2	2	1	0	1	1	2	0	0	0	1
1	0	0.296309	0.421228	0.333333	0.333333	0	0.111111	-0.037037	0	0.3333333333333333	0.4074074074074074	0.	0.037037037037037035	-0.037037037037037035	0.	0	2	2	1	0	2	1	2	0	0	0	2
1	0	0.271124	0.412915	0.296296	0.444444	-0.037037	0	0	-0.111111	0.2962962962962963	0.4444444444444444	-0.037037037037037035	0.	0.	-0.037037037037037035	0	2	1	1	0	2	1	2	0	0	1	0
1	0	0.260921	0.409419	0.296296	0.444444	-0.037037	0	0	-0.111111	0.25925925925925924	0.4074074074074074	0.	-0.037037037037037035	0.037037037037037035	0.	0	2	1	1	0	1	1	2	0	0	1	1
1	0	0.226288	0.362393	0.259259	0.333333	0	0.111111	-0.037037	0	0.25925925925925924	0.3333333333333333	0.	0.037037037037037035	-0.037037037037037035	0.	0	2	0	1	0	0	1	2	0	0	2	0
1	0	0.24042	0.393527	0.259259	0.333333	0	0.111111	-0.037037	0	0.2222222222222222	0.37037037037037035	0.037037037037037035	0.	0.	0.037037037037037035	0	2	0	1	0	1	1	2	0	0	2	1
1	0	0.233053	0.451753	0.222222	0.444444	0.111111	0	0	0.037037	0.2222222222222222	0.4444444444444444	0.037037037037037035	0.	0.	0.037037037037037035	0	2	0	1	1	0	1	2	0	1	0	0
1	0	0.28879	0.476676	0.222222	0.444444	0.111111	0	0	0.037037	0.25925925925925924	0.48148148148148145	0.	-0.037037037037037035	0.037037037037037035	0.	0	2	1	1	1	0	1	2	0	1	0	1
1	0	0.30818	0.458039	0.222222	0.444444	0.111111	0	0	0.037037	0.2962962962962963	0.4444444444444444	0.037037037037037035	0.	0.	0.037037037037037035	0	2	2	1	1	0	1	2	0	1	0	2
1	0	0.319767	0.506945	0.333333	0.481481	0	0.037037	-0.111111	0	0.3333333333333333	0.48148148148148145	0.	0.037037037037037035	-0.037037037037037035	0.	0	2	2	1	1	1	1	2	0	1	1	0
1	0	0.263104	0.483738	0.333333	0.481481	0	0.037037	-0.111111	0	0.2962962962962963	0.5185185185185185	-0.037037037037037035	0.	0.	-0.037037037037037035	0	2	1	1	1	1	1	2	0	1	1	1
1	0	0.331944	0.540208	0.222222	0.518519	0.111111	0	0	0.037037	0.2222222222222222	0.5185185185185185	0.037037037037037035	0.	0.	0.037037037037037035	0	2	0	1	1	2	1	2	0	1	2	0
1	0	0.28103	0.553447	0.222222	0.518519	0.111111	0	0	0.037037	0.25925925925925924	0.5555555555555556	0.	-0.037037037037037035	0.037037037037037035	0.	0	2	1	1	1	2	1	2	0	1	2	1
1	0	0.310181	0.564832	0.333333	0.555556	0	0.111111	-0.037037	0	0.3333333333333333	0.5555555555555556	0.	0.037037037037037035	-0.037037037037037035	0.	0	2	2	1	2	0	1	2	0	2	0	0
1	0	0.314658	0.616117	0.333333	0.555556	0	0.111111	-0.037037	0	0.2962962962962963	0.5925925925925926	0.037037037037037035	0.	0.	0.037037037037037035	0	2	2	1	2	1	1	2	0	2	0	1
1	0	0.297846	0.650212	0.333333	0.555556	0	0.111111	-0.037037	0	0.3333333333333333	0.6296296296296297	0.	0.037037037037037035	-0.037037037037037035	0.	0	2	2	1	2	2	1	2	0	2	0	2
1	0	0.264713	0.63416	0.296296	0.666667	-0.037037	0	0	-0.111111	0.2962962962962963	0.6666666666666666	-0.037037037037037035	0.	0.	-0.037037037037037035	0	2	1	1	2	2	1	2	0	2	1	0
1	0	0.259273	0.602697	0.296296	0.666667	-0.037037	0	0	-0.111111	0.25925925925925924	0.6296296296296297	0.	-0.037037037037037035	0.037037037037037035	0.	0	2	1	1	2	1	1	2	0	2	1	1
1	0	0.22844	0.57293	0.259259	0.555556	0	0.111111	-0.037037	0	0.25925925925925924	0.5555555555555556	0.	0.037037037037037035	-0.037037037037037035	0.	0	2	0	1	2	0	1	2	0	2	2	0
1	0	0.245516	0.596868	0.259259	0.555556	0	0.111111	-0.037037	0	0.2222222222222222	0.5925925925925926	0.037037037037037035	0.	0.	0.037037037037037035	0	2	0	1	2	1	1	2	0	2	2	1
1	0	0.217922	0.644638	0.222222	0.666667	-0.111111	0	0	-0.037037	0.2222222222222222	0.6666666666666666	-0.037037037037037035	0.	0.	-0.037037037037037035	0	1	2	1	2	2	1	2	1	0	0	0
1	0	0.138858	0.657801	0.222222	0.666667	-0.111111	0	0	-0.037037	0.18518518518518517	0.6296296296296297	0.	0.037037037037037035	-0.037037037037037035	0.	0	1	1	1	2	2	1	2	1	0	0	1
1	0	0.119831	0.652852	0.222222	0.666667	-0.111111	0	0	-0.037037	0.14814814814814814	0.6666666666666666	-0.037037037037037035	0.	0.	-0.037037037037037035	0	1	0	1	2	2	1	2	1	0	0	2
1	0	0.193494	0.594134	0.111111	0.62963	0	-0.037037	0.111111	0	0.1111111111111111	0.6296296296296297	0.	-0.037037037037037035	0.037037037037037035	0.	0	1	0	1	2	1	1	2	1	0	1	0
1	0	0.168035	0.618907	0.111111	0.62963	0	-0.037037	0.111111	0	0.14814814814814814	0.5925925925925926	0.037037037037037035	0.	0.	0.037037037037037035	0	1	1	1	2	1	1	2	1	0	1	1
1	0	0.189047	0.557082	0.222222	0.592593	-0.111111	0	0	-0.037037	0.2222222222222222	0.5925925925925926	-0.037037037037037035	0.	0.	-0.037037037037037035	0	1	2	1	2	0	1	2	1	0	2	0
1	0	0.158393	0.588384	0.222222	0.592593	-0.111111	0	0	-0.037037	0.18518518518518517	0.5555555555555556	0.	0.037037037037037035	-0.037037037037037035	0.	0	1	1	1	2	0	1	2	1	0	2	1
1	0	0.127615	0.537442	0.111111	0.555556	0	-0.111111	0.037037	0	0.1111111111111111	0.5555555555555556	0.	-0.037037037037037035	0.037037037037037035	0.	0	1	0	1	1	2	1	2	1	1	0	0
1	0	0.115343	0.509463	0.111111	0.555556	0	-0.111111	0.037037	0	0.14814814814814814	0.5185185185185185	-0.037037037037037035	0.	0.	-0.037037037037037035	0	1	0	1	1	1	1	2	1	1	0	1
1	0	0.14677	0.467496	0.111111	0.555556	0	-0.111111	0.037037	0	0.1111111111111111	0.48148148148148145	0.	-0.037037037037037035	0.037037037037037035	0.	0	1	0	1	1	0	1	2	1	1	0	2
1	0	0.152329	0.498427	0.148148	0.444444	0.037037	0	0	0.111111	0.14814814814814814	0.4444444444444444	0.037037037037037035	0.	0.	0.037037037037037035	0	1	1	1	1	0	1	2	1	1	1	0
1	0	0.17649	0.527612	0.148148	0.444444	0.037037	0	0	0.111111	0.18518518518518517	0.48148148148148145	0.	0.037037037037037035	-0.037037037037037035	0.	0	1	1	1	1	1	1	2	1	1	1	1
1	0	0.216013	0.520314	0.185185	0.555556	0	-0.111111	0.037037	0	0.18518518518518517	0.5555555555555556	0.	-0.037037037037037035	0.037037037037037035	0.	0	1	2	1	1	2	1	2	1	1	2	0
1	0	0.198549	0.492157	0.185185	0.555556	0	-0.111111	0.037037	0	0.2222222222222222	0.5185185185185185	-0.037037037037037035	0.	0.	-0.037037037037037035	0	1	2	1	1	1	1	2	1	1	2	1
1	0	0.206765	0.433947	0.222222	0.444444	-0.111111	0	0	-0.037037	0.2222222222222222	0.4444444444444444	-0.037037037037037035	0.	0.	-0.037037037037037035	0	1	2	1	0	2	1	2	1	2	0	0
1	0	0.160377	0.417939	0.222222	0.444444	-0.111111	0	0	-0.037037	0.18518518518518517	0.4074074074074074	0.	0.037037037037037035	-0.037037037037037035	0.	0	1	1	1	0	2	1	2	1	2	0	1
1	0	0.13045	0.380481	0.111111	0.407407	0	-0.037037	0.111111	0	0.1111111111111111	0.4074074074074074	0.	-0.037037037037037035	0.037037037037037035	0.	0	1	0	1	0	1	1	2	1	2	1	0
1	0	0.200695	0.396872	0.111111	0.407407	0	-0.037037	0.111111	0	0.14814814814814814	0.37037037037037035	0.037037037037037035	0.	0.	0.037037037037037035	0	1	1	1	0	1	1	2	1	2	1	1
1	0	0.185756	0.3468	0.222222	0.37037	-0.111111	0	0	-0.037037	0.2222222222222222	0.37037037037037035	-0.037037037037037035	0.	0.	-0.037037037037037035	0	1	2	1	0	0	1	2	1	2	2	0
1	0	0.17117	0.337366	0.222222	0.37037	-0.111111	0	0	-0.037037	0.18518518518518517	0.3333333333333333	0.	0.037037037037037035	-0.037037037037037035	0.	0	1	1	1	0	0	1	2	1	2	2	1
1	0	0.101972	0.35383	0.111111	0.333333	0	0.111111	-0.037037	0	0.1111111111111111	0.3333333333333333	0.	0.037037037037037035	-0.037037037037037035	0.	0	0	2	1	0	0	1	2	2	0	0	0
1	0	0.0810663	0.365637	0.111111	0.333333	0	0.111111	-0.037037	0	0.07407407407407407	0.37037037037037035	0.037037037037037035	0.	0.	0.037037037037037035	0	0	2	1	0	1	1	2	2	0	0	1
1	0	0.0925129	0.438793	0.111111	0.333333	0	0.111111	-0.037037	0	0.1111111111111111	0.4074074074074074	0.	0.037037037037037035	-0.037037037037037035	0.	0	0	2	1	0	2	1	2	2	0	0	2
1	0	0.0690912	0.42543	0.0740741	0.444444	-0.037037	0	0	-0.111111	0.07407407407407407	0.4444444444444444	-0.037037037037037035	0.	0.	-0.037037037037037035	0	0	1	1	0	2	1	2	2	0	1	0
1	0	0.0546677	0.401861	0.0740741	0.444444	-0.037037	0	0	-0.111111	0.037037037037037035	0.4074074074074074	0.	-0.037037037037037035	0.037037037037037035	0.	0	0	1	1	0	1	1	2	2	0	1	1
1	0	0.0207624	0.370423	0.037037	0.333333	0	0.111111	-0.037037	0	0.037037037037037035	0.3333333333333333	0.	0.037037037037037035	-0.037037037037037035	0.	0	0	0	1	0	0	1	2	2	0	2	0
1	0	0.033339	0.384329	0.037037	0.333333	0	0.111111	-0.037037	0	0.	0.37037037037037035	0.037037037037037035	0.	0.	0.037037037037037035	0	0	0	1	0	1	1	2	2	0	2	1
1	0	0.0234155	0.44677	0	0.444444	0.111111	0	0	0.037037	0.	0.4444444444444444	0.037037037037037035	0.	0.	0.037037037037037035	0	0	0	1	1	0	1	2	2	1	0	0
1	0	0.037656	0.461897	0	0.444444	0.111111	0	0	0.037037	0.037037037037037035	0.48148148148148145	0.	-0.037037037037037035	0.037037037037037035	0.	0	0	1	1	1	0	1	2	2	1	0	1
1	0	0.107268	0.47358	0	0.444444	0.111111	0	0	0.037037	0.07407407407407407	0.4444444444444444	0.037037037037037035	0.	0.	0.037037037037037035	0	0	2	1	1	0	1	2	2	1	0	2
1	0	0.0152728	0.516037	0.111111	0.481481	0	0.037037	-0.111111	0	0.1111111111111111	0.48148148148148145	0.	0.037037037037037035	-0.037037037037037035	0.	0	0	2	1	1	1	1	2	2	1	1	0
1	0	0.0522906	0.489064	0.111111	0.481481	0	0.037037	-0.111111	0	0.07407407407407407	0.5185185185185185	-0.037037037037037035	0.	0.	-0.037037037037037035	0	0	1	1	1	1	1	2	2	1	1	1
1	0	0.00497145	0.533727	0	0.518519	0.111111	0	0	0.037037	0.	0.5185185185185185	0.037037037037037035	0.	0.	0.037037037037037035	0	0	0	1	1	2	1	2	2	1	2	0
1	0	0.0634026	0.545311	0	0.518519	0.111111	0	0	0.037037	0.037037037037037035	0.5555555555555556	0.	-0.037037037037037035	0.037037037037037035	0.	0	0	1	1	1	2	1	2	2	1	2	1
1	0	0.109126	0.583208	0.111111	0.555556	0	0.111111	-0.037037	0	0.1111111111111111	0.5555555555555556	0.	0.037037037037037035	-0.037037037037037035	0.	0	0	2	1	2	0	1	2	2	2	0	0
1	0	0.0850015	0.625285	0.111111	0.555556	0	0.111111	-0.037037	0	0.07407407407407407	0.5925925925925926	0.037037037037037035	0.	0.	0.037037037037037035	0	0	2	1	2	1	1	2	2	2	0	1
1	0	0.0704675	0.641048	0.0740741	0.666667	-0.037037	0	0	-0.111111	0.07407407407407407	0.6666666666666666	-0.037037037037037035	0.	0.	-0.037037037037037035	0	0	1	1	2	2	1	2	2	2	1	0
1	0	0.0728479	0.578006	0.0740741	0.666667	-0.037037	0	0	-0.111111	0.037037037037037035	0.6296296296296297	0.	-0.037037037037037035	0.037037037037037035	0.	0	0	1	1	2	1	1	2	2	2	1	1
1	0	0.0126256	0.568589	0.037037	0.555556	0	0.111111	-0.037037	0	0.037037037037037035	0.5555555555555556	0.	0.037037037037037035	-0.037037037037037035	0.	0	0	0	1	2	0	1	2	2	2	2	0
1	0	0.0355034	0.608612	0.037037	0.555556	0	0.111111	-0.037037	0	0.	0.5925925925925926	0.037037037037037035	0.	0.	0.037037037037037035	0	0	0	1	2	1	1	2	2	2	2	1
1	0	0.0312071	0.681172	0	0.666667	0.111111	0	0	0.037037	0.	0.6666666666666666	0.037037037037037035	0.	0.	0.037037037037037035	0	0	0	2	0	0	2	0	0	0	0	0
1	0	0.0478467	0.698722	0	0.666667	0.111111	0	0	0.037037	0.037037037037037035	0.7037037037037037	0.	-0.037037037037037035	0.037037037037037035	0.	0	0	1	2	0	0	2	0	0	0	0	1
1	0	0.082885	0.670588	0	0.666667	0.111111	0	0	0.037037	0.07407407407407407	0.6666666666666666	0.037037037037037035	0.	0.	0.037037037037037035	0	0	2	2	0	0	2	0	0	0	0	2
1	0	0.0942554	0.736449	0.111111	0.703704	0	0.037037	-0.111111	0	0.1111111111111111	0.7037037037037037	0.	0.037037037037037035	-0.037037037037037035	0.	0	0	2	2	0	1	2	0	0	0	1	0
1	0	0.0588608	0.723945	0.111111	0.703704	0	0.037037	-0.111111	0	0.07407407407407407	0.7407407407407407	-0.037037037037037035	0.	0.	-0.037037037037037035	0	0	1	2	0	1	2	0	0	0	1	1
1	0	0.0195878	0.766587	0	0.740741	0.111111	0	0	0.037037	0.	0.7407407407407407	0.037037037037037035	0.	0.	0.037037037037037035	0	0	0	2	0	2	2	0	0	0	2	0
1	0	0.00314954	0.740753	0	0.740741	0.111111	0	0	0.037037	0.037037037037037035	0.7777777777777778	0.	-0.037037037037037035	0.037037037037037035	0.	0	0	1	2	0	2	2	0	0	0	2	1
1	0	0.142592	0.77025	0.111111	0.777778	0	-0.111111	0.037037	0	0.1111111111111111	0.7777777777777778	0.	-0.037037037037037035	0.037037037037037035	0.	0	1	0	2	0	2	2	0	0	1	0	0
1	0	0.132431	0.706614	0.111111	0.777778	0	-0.111111	0.037037	0	0.14814814814814814	0.7407407407407407	-0.037037037037037035	0.	0.	-0.037037037037037035	0	1	0	2	0	1	2	0	0	1	0	1
1	0	0.113271	0.69169	0.111111	0.777778	0	-0.111111	0.037037	0	0.1111111111111111	0.7037037037037037	0.	-0.037037037037037035	0.037037037037037035	0.	0	1	0	2	0	0	2	0	0	1	0	2
1	0	0.180816	0.68548	0.148148	0.666667	0.037037	0	0	0.111111	0.14814814814814814	0.6666666666666666	0.037037037037037035	0.	0.	0.037037037037037035	0	1	1	2	0	0	2	0	0	1	1	0
1	0	0.154334	0.714825	0.148148	0.666667	0.037037	0	0	0.111111	0.18518518518518517	0.7037037037037037	0.	0.037037037037037035	-0.037037037037037035	0.	0	1	1	2	0	1	2	0	0	1	1	1
1	0	0.187228	0.762359	0.185185	0.777778	0	-0.111111	0.037037	0	0.18518518518518517	0.7777777777777778	0.	-0.037037037037037035	0.037037037037037035	0.	0	1	2	2	0	2	2	0	0	1	2	0
1	0	0.210876	0.757712	0.185185	0.777778	0	-0.111111	0.037037	0	0.2222222222222222	0.7407407407407407	-0.037037037037037035	0.	0.	-0.037037037037037035	0	1	2	2	0	1	2	0	0	1	2	1
1	0	0.235015	0.67861	0.222222	0.666667	0.111111	0	0	0.037037	0.2222222222222222	0.6666666666666666	0.037037037037037035	0.	0.	0.037037037037037035	0	2	0	2	0	0	2	0	0	2	0	0
1	0	0.272978	0.695482	0.222222	0.666667	0.111111	0	0	0.037037	0.25925925925925924	0.7037037037037037	0.	-0.037037037037037035	0.037037037037037035	0.	0	2	1	2	0	0	2	0	0	2	0	1
1	0	0.324095	0.666687	0.222222	0.666667	0.111111	0	0	0.037037	0.2962962962962963	0.6666666666666666	0.037037037037037035	0.	0.	0.037037037037037035	0	2	2	2	0	0	2	0	0	2	0	2
1	0	0.290839	0.732034	0.333333	0.703704	0	0.037037	-0.111111	0	0.3333333333333333	0.7037037037037037	0.	0.037037037037037035	-0.037037037037037035	0.	0	2	2	2	0	1	2	0	0	2	1	0
1	0	0.268621	0.71888	0.333333	0.703704	0	0.037037	-0.111111	0	0.2962962962962963	0.7407407407407407	-0.037037037037037035	0.	0.	-0.037037037037037035	0	2	1	2	0	1	2	0	0	2	1	1
1	0	0.224914	0.776364	0.222222	0.740741	0.111111	0	0	0.037037	0.2222222222222222	0.7407407407407407	0.037037037037037035	0.	0.	0.037037037037037035	0	2	0	2	0	2	2	0	0	2	2	0
1	0	0.279193	0.753172	0.222222	0.740741	0.111111	0	0	0.037037	0.25925925925925924	0.7777777777777778	0.	-0.037037037037037035	0.037037037037037035	0.	0	2	1	2	0	2	2	0	0	2	2	1
1	0	0.328034	0.800111	0.333333	0.777778	0	0.111111	-0.037037	0	0.3333333333333333	0.7777777777777778	0.	0.037037037037037035	-0.037037037037037035	0.	0	2	2	2	1	0	2	0	1	0	0	0
1	0	0.306597	0.817058	0.333333	0.777778	0	0.111111	-0.037037	0	0.2962962962962963	0.8148148148148148	0.037037037037037035	0.	0.	0.037037037037037035	0	2	2	2	1	1	2	0	1	0	0	1
1	0	0.318604	0.883837	0.333333	0.777778	0	0.111111	-0.037037	0	0.3333333333333333	0.8518518518518519	0.	0.037037037037037035	-0.037037037037037035	0.	0	2	2	2	1	2	2	0	1	0	0	2
1	0	0.294425	0.868411	0.296296	0.888889	-0.037037	0	0	-0.111111	0.2962962962962963	0.8888888888888888	-0.037037037037037035	0.	0.	-0.037037037037037035	0	2	1	2	1	2	2	0	1	0	1	0
1	0	0.284972	0.847057	0.296296	0.888889	-0.037037	0	0	-0.111111	0.25925925925925924	0.8518518518518519	0.	-0.037037037037037035	0.037037037037037035	0.	0	2	1	2	1	1	2	0	1	0	1	1
1	0	0.2388	0.808495	0.259259	0.777778	0	0.111111	-0.037037	0	0.25925925925925924	0.7777777777777778	0.	0.037037037037037035	-0.037037037037037035	0.	0	2	0	2	1	0	2	0	1	0	2	0
1	0	0.251873	0.824313	0.259259	0.777778	0	0.111111	-0.037037	0	0.2222222222222222	0.8148148148148148	0.037037037037037035	0.	0.	0.037037037037037035	0	2	0	2	1	1	2	0	1	0	2	1
1	0	0.19503	0.876529	0.222222	0.888889	-0.111111	0	0	-0.037037	0.2222222222222222	0.8888888888888888	-0.037037037037037035	0.	0.	-0.037037037037037035	0	1	2	2	1	2	2	0	1	1	0	0
1	0	0.214625	0.865528	0.222222	0.888889	-0.111111	0	0	-0.037037	0.18518518518518517	0.8518518518518519	0.	0.037037037037037035	-0.037037037037037035	0.	0	1	1	2	1	2	2	0	1	1	0	1
1	0	0.16222	0.857048	0.222222	0.888889	-0.111111	0	0	-0.037037	0.14814814814814814	0.8888888888888888	-0.037037037037037035	0.	0.	-0.037037037037037035	0	1	0	2	1	2	2	0	1	1	0	2
1	0	0.123553	0.835414	0.111111	0.851852	0	-0.037037	0.111111	0	0.1111111111111111	0.8518518518518519	0.	-0.037037037037037035	0.037037037037037035	0.	0	1	0	2	1	1	2	0	1	1	1	0
1	0	0.150406	0.850456	0.111111	0.851852	0	-0.037037	0.111111	0	0.14814814814814814	0.8148148148148148	0.037037037037037035	0.	0.	0.037037037037037035	0	1	1	2	1	1	2	0	1	1	1	1
1	0	0.204948	0.781386	0.222222	0.814815	-0.111111	0	0	-0.037037	0.2222222222222222	0.8148148148148148	-0.037037037037037035	0.	0.	-0.037037037037037035	0	1	2	2	1	0	2	0	1	1	2	0
1	0	0.169723	0.78731	0.222222	0.814815	-0.111111	0	0	-0.037037	0.18518518518518517	0.7777777777777778	0.	0.037037037037037035	-0.037037037037037035	0.	0	1	1	2	1	0	2	0	1	1	2	1
1	0	0.0790345	0.792185	0.111111	0.777778	0	0.111111	-0.037037	0	0.1111111111111111	0.7777777777777778	0.	0.037037037037037035	-0.037037037037037035	0.	0	0	2	2	1	0	2	0	1	2	0	0
1	0	0.100262	0.812832	0.111111	0.777778	0	0.111111	-0.037037	0	0.07407407407407407	0.8148148148148148	0.037037037037037035	0.	0.	0.037037037037037035	0	0	2	2	1	1	2	0	1	2	0	1
1	0	0.0884781	0.886238	0.111111	0.777778	0	0.111111	-0.037037	0	0.1111111111111111	0.8518518518518519	0.	0.037037037037037035	-0.037037037037037035	0.	0	0	2	2	1	2	2	0	1	2	0	2
1	0	0.0444891	0.871582	0.0740741	0.888889	-0.037037	0	0	-0.111111	0.07407407407407407	0.8888888888888888	-0.037037037037037035	0.	0.	-0.037037037037037035	0	0	1	2	1	2	2	0	1	2	1	0
1	0	0.0646647	0.840368	0.0740741	0.888889	-0.037037	0	0	-0.111111	0.037037037037037035	0.8518518518518519	0.	-0.037037037037037035	0.037037037037037035	0.	0	0	1	2	1	1	2	0	1	2	1	1
1	0	0.025616	0.802707	0.037037	0.777778	0	0.111111	-0.037037	0	0.037037037037037035	0.7777777777777778	0.	0.037037037037037035	-0.037037037037037035	0.	0	0	0	2	1	0	2	0	1	2	2	0
1	0	0.00904717	0.829126	0.037037	0.777778	0	0.111111	-0.037037	0	0.	0.8148148148148148	0.037037037037037035	0.	0.	0.037037037037037035	0	0	0	2	1	1	2	0	1	2	2	1
1	0	0.0141438	0.922878	0	0.888889	0.111111	0	0	0.037037	0.	0.8888888888888888	0.037037037037037035	0.	0.	0.037037037037037035	0	0	0	2	2	0	2	0	2	0	0	0
1	0	0.0409652	0.903215	0	0.888889	0.111111	0	0	0.037037	0.037037037037037035	0.9259259259259259	0.	-0.037037037037037035	0.037037037037037035	0.	0	0	1	2	2	0	2	0	2	0	0	1
1	0	0.103786	0.914645	0	0.888889	0.111111	0	0	0.037037	0.07407407407407407	0.8888888888888888	0.037037037037037035	0.	0.	0.037037037037037035	0	0	2	2	2	0	2	0	2	0	0	2
1	0	0.075859	0.96296	0.111111	0.925926	0	0.037037	-0.111111	0	0.1111111111111111	0.9259259259259259	0.	0.037037037037037035	-0.037037037037037035	0.	0	0	2	2	2	1	2	0	2	0	1	0
1	0	0.0558353	0.939426	0.111111	0.925926	0	0.037037	-0.111111	0	0.07407407407407407	0.9629629629629629	-0.037037037037037035	0.	0.	-0.037037037037037035	0	0	1	2	2	1	2	0	2	0	1	1
1	0	0.0283933	0.978553	0	0.962963	0.111111	0	0	0.037037	0.	0.9629629629629629	0.037037037037037035	0.	0.	0.037037037037037035	0	0	0	2	2	2	2	0	2	0	2	0
1	0	0.0975606	0.992664	0	0.962963	0.111111	0	0	0.037037	0.037037037037037035	1.	0.	-0.037037037037037035	0.037037037037037035	0.	0	0	1	2	2	2	2	0	2	0	2	1
1	0	0.147927	0.985355	0.111111	1	0	-0.111111	0.037037	0	0.1111111111111111	1.	0.	-0.037037037037037035	0.037037037037037035	0.	0	1	0	2	2	2	2	0	2	1	0	0
1	0	0.116598	0.957348	0.111111	1	0	-0.111111	0.037037	0	0.14814814814814814	0.9629629629629629	-0.037037037037037035	0.	0.	-0.037037037037037035	0	1	0	2	2	1	2	0	2	1	0	1
1	0	0.129161	0.892353	0.111111	1	0	-0.111111	0.037037	0	0.1111111111111111	0.9259259259259259	0.	-0.037037037037037035	0.037037037037037035	0.	0	1	0	2	2	0	2	0	2	1	0	2
1	0	0.182357	0.935692	0.148148	0.888889	0.037037	0	0	0.111111	0.14814814814814814	0.8888888888888888	0.037037037037037035	0.	0.	0.037037037037037035	0	1	1	2	2	0	2	0	2	1	1	0
1	0	0.172803	0.929504	0.148148	0.888889	0.037037	0	0	0.111111	0.18518518518518517	0.9259259259259259	0.	0.037037037037037035	-0.037037037037037035	0.	0	1	1	2	2	1	2	0	2	1	1	1
1	0	0.202329	0.972043	0.185185	1	0	-0.111111	0.037037	0	0.18518518518518517	1.	0.	-0.037037037037037035	0.037037037037037035	0.	0	1	2	2	2	2	2	0	2	1	2	0
1	0	0.222097	0.945941	0.185185	1	0	-0.111111	0.037037	0	0.2222222222222222	0.9629629629629629	-0.037037037037037035	0.	0.	-0.037037037037037035	0	1	2	2	2	1	2	0	2	1	2	1
1	0	0.244275	0.895315	0.222222	0.888889	0.111111	0	0	0.037037	0.2222222222222222	0.8888888888888888	0.037037037037037035	0.	0.	0.037037037037037035	0	2	0	2	2	0	2	0	2	2	0	0
1	0	0.255558	0.909009	0.222222	0.888889	0.111111	0	0	0.037037	0.25925925925925924	0.9259259259259259	0.	-0.037037037037037035	0.037037037037037035	0.	0	2	1	2	2	0	2	0	2	2	0	1
1	0	0.301771	0.948529	0.333333	0.925926	0	0.037037	-0.111111	0	0.3333333333333333	0.9259259259259259	0.	0.037037037037037035	-0.037037037037037035	0.	0	2	2	2	2	1	2	0	2	2	1	0
1	0	0.275857	0.962092	0.333333	0.925926	0	0.037037	-0.111111	0	0.2962962962962963	0.9629629629629629	-0.037037037037037035	0.	0.	-0.037037037037037035	0	2	1	2	2	1	2	0	2	2	1	1
1	0	0.333294	0.975903	0.222222	0.962963	0.111111	0	0	0.037037	0.2222222222222222	0.9629629629629629	0.037037037037037035	0.	0.	0.037037037037037035	0	2	0	2	2	2	2	0	2	2	2	0
1	0	0.313736	0.988148	0.222222	0.962963	0.111111	0	0	0.037037	0.25925925925925924	1.	0.	-0.037037037037037035	0.037037037037037035	0.	0	2	1	2	2	2	2	0	2	2	2	1
1	0	0.369566	0.99804	0.333333	1	0	-0.111111	0.037037	0	0.3333333333333333	1.	0.	-0.037037037037037035	0.037037037037037035	0.	1	0	0	2	2	2	2	1	0	0	0	0
1	0	0.358497	0.925989	0.333333	1	0	-0.111111	0.037037	0	0.37037037037037035	0.9629629629629629	-0.037037037037037035	0.	0.	-0.037037037037037035	1	0	0	2	2	1	2	1	0	0	0	1
1	0	0.345668	0.900486	0.333333	1	0	-0.111111	0.037037	0	0.3333333333333333	0.9259259259259259	0.	-0.037037037037037035	0.037037037037037035	0.	1	0	0	2	2	0	2	1	0	0	0	2
1	0	0.373518	0.918252	0.37037	0.888889	0.037037	0	0	0.111111	0.37037037037037035	0.8888888888888888	0.037037037037037035	0.	0.	0.037037037037037035	1	0	1	2	2	0	2	1	0	0	1	0
1	0	0.401631	0.941674	0.37037	0.888889	0.037037	0	0	0.111111	0.4074074074074074	0.9259259259259259	0.	0.037037037037037035	-0.037037037037037035	0.	1	0	1	2	2	1	2	1	0	0	1	1
1	0	0.434037	0.995522	0.407407	1	0	-0.111111	0.037037	0	0.4074074074074074	1.	0.	-0.037037037037037035	0.037037037037037035	0.	1	0	2	2	2	2	2	1	0	0	2	0
1	0	0.427391	0.953812	0.407407	1	0	-0.111111	0.037037	0	0.4444444444444444	0.9629629629629629	-0.037037037037037035	0.	0.	-0.037037037037037035	1	0	2	2	2	1	2	1	0	0	2	1
1	0	0.438435	0.85295	0.444444	0.888889	-0.111111	0	0	-0.037037	0.4444444444444444	0.8888888888888888	-0.037037037037037035	0.	0.	-0.037037037037037035	1	0	2	2	1	2	2	1	0	1	0	0
1	0	0.422233	0.880453	0.444444	0.888889	-0.111111	0	0	-0.037037	0.4074074074074074	0.8518518518518519	0.	0.037037037037037035	-0.037037037037037035	0.	1	0	1	2	1	2	2	1	0	1	0	1
1	0	0.390547	0.862778	0.444444	0.888889	-0.111111	0	0	-0.037037	0.37037037037037035	0.8888888888888888	-0.037037037037037035	0.	0.	-0.037037037037037035	1	0	0	2	1	2	2	1	0	1	0	2
1	0	0.408776	0.842682	0.333333	0.851852	0	-0.037037	0.111111	0	0.3333333333333333	0.8518518518518519	0.	-0.037037037037037035	0.037037037037037035	0.	1	0	0	2	1	1	2	1	0	1	1	0
1	0	0.384815	0.821817	0.333333	0.851852	0	-0.037037	0.111111	0	0.37037037037037035	0.8148148148148148	0.037037037037037035	0.	0.	0.037037037037037035	1	0	1	2	1	1	2	1	0	1	1	1
1	0	0.443969	0.805022	0.444444	0.814815	-0.111111	0	0	-0.037037	0.4444444444444444	0.8148148148148148	-0.037037037037037035	0.	0.	-0.037037037037037035	1	0	2	2	1	0	2	1	0	1	2	0
1	0	0.364239	0.795914	0.444444	0.814815	-0.111111	0	0	-0.037037	0.4074074074074074	0.7777777777777778	0.	0.037037037037037035	-0.037037037037037035	0.	1	0	1	2	1	0	2	1	0	1	2	1
1	0	0.34238	0.744515	0.333333	0.777778	0	-0.111111	0.037037	0	0.3333333333333333	0.7777777777777778	0.	-0.037037037037037035	0.037037037037037035	0.	1	0	0	2	0	2	2	1	0	2	0	0
1	0	0.33616	0.747839	0.333333	0.777778	0	-0.111111	0.037037	0	0.37037037037037035	0.7407407407407407	-0.037037037037037035	0.	0.	-0.037037037037037035	1	0	0	2	0	1	2	1	0	2	0	1
1	0	0.353298	0.703024	0.333333	0.777778	0	-0.111111	0.037037	0	0.3333333333333333	0.7037037037037037	0.	-0.037037037037037035	0.037037037037037035	0.	1	0	0	2	0	0	2	1	0	2	0	2
1	0	0.405378	0.674729	0.37037	0.666667	0.037037	0	0	0.111111	0.37037037037037035	0.6666666666666666	0.037037037037037035	0.	0.	0.037037037037037035	1	0	1	2	0	0	2	1	0	2	1	0
1	0	0.381454	0.728512	0.37037	0.666667	0.037037	0	0	0.111111	0.4074074074074074	0.7037037037037037	0.	0.037037037037037035	-0.037037037037037035	0.	1	0	1	2	0	1	2	1	0	2	1	1
1	0	0.41259	0.772499	0.407407	0.777778	0	-0.111111	0.037037	0	0.4074074074074074	0.7777777777777778	0.	-0.037037037037037035	0.037037037037037035	0.	1	0	2	2	0	2	2	1	0	2	2	0
1	0	0.425858	0.710759	0.407407	0.777778	0	-0.111111	0.037037	0	0.4444444444444444	0.7407407407407407	-0.037037037037037035	0.	0.	-0.037037037037037035	1	0	2	2	0	1	2	1	0	2	2	1
1	0	0.465797	0.689383	0.444444	0.666667	0.111111	0	0	0.037037	0.4444444444444444	0.6666666666666666	0.037037037037037035	0.	0.	0.037037037037037035	1	1	0	2	0	0	2	1	1	0	0	0
1	0	0.502472	0.669024	0.444444	0.666667	0.111111	0	0	0.037037	0.48148148148148145	0.7037037037037037	0.	-0.037037037037037035	0.037037037037037035	0.	1	1	1	2	0	0	2	1	1	0	0	1
1	0	0.550076	0.700479	0.444444	0.666667	0.111111	0	0	0.037037	0.5185185185185185	0.6666666666666666	0.037037037037037035	0.	0.	0.037037037037037035	1	1	2	2	0	0	2	1	1	0	0	2
1	0	0.53712	0.708346	0.555556	0.703704	0	0.037037	-0.111111	0	0.5555555555555556	0.7037037037037037	0.	0.037037037037037035	-0.037037037037037035	0.	1	1	2	2	0	1	2	1	1	0	1	0
1	0	0.486934	0.726392	0.555556	0.703704	0	0.037037	-0.111111	0	0.5185185185185185	0.7407407407407407	-0.037037037037037035	0.	0.	-0.037037037037037035	1	1	1	2	0	1	2	1	1	0	1	1
1	0	0.482964	0.750153	0.444444	0.740741	0.111111	0	0	0.037037	0.4444444444444444	0.7407407407407407	0.037037037037037035	0.	0.	0.037037037037037035	1	1	0	2	0	2	2	1	1	0	2	0
1	0	0.469911	0.755937	0.444444	0.740741	0.111111	0	0	0.037037	0.48148148148148145	0.7777777777777778	0.	-0.037037037037037035	0.037037037037037035	0.	1	1	1	2	0	2	2	1	1	0	2	1
1	0	0.519822	0.778873	0.555556	0.777778	0	0.111111	-0.037037	0	0.5555555555555556	0.7777777777777778	0.	0.037037037037037035	-0.037037037037037035	0.	1	1	2	2	1	0	2	1	1	1	0	0
1	0	0.553657	0.826978	0.555556	0.777778	0	0.111111	-0.037037	0	0.5185185185185185	0.8148148148148148	0.037037037037037035	0.	0.	0.037037037037037035	1	1	2	2	1	1	2	1	1	1	0	1
1	0	0.535212	0.860732	0.555556	0.777778	0	0.111111	-0.037037	0	0.5555555555555556	0.8518518518518519	0.	0.037037037037037035	-0.037037037037037035	0.	1	1	2	2	1	2	2	1	1	1	0	2
1	0	0.516019	0.888759	0.518519	0.888889	-0.037037	0	0	-0.111111	0.5185185185185185	0.8888888888888888	-0.037037037037037035	0.	0.	-0.037037037037037035	1	1	1	2	1	2	2	1	1	1	1	0
1	0	0.508512	0.819272	0.518519	0.888889	-0.037037	0	0	-0.111111	0.48148148148148145	0.8518518518518519	0.	-0.037037037037037035	0.037037037037037035	0.	1	1	1	2	1	1	2	1	1	1	1	1
1	0	0.451937	0.833104	0.481481	0.777778	0	0.111111	-0.037037	0	0.48148148148148145	0.7777777777777778	0.	0.037037037037037035	-0.037037037037037035	0.	1	1	0	2	1	0	2	1	1	1	2	0
1	0	0.455496	0.784775	0.481481	0.777778	0	0.111111	-0.037037	0	0.4444444444444444	0.8148148148148148	0.037037037037037035	0.	0.	0.037037037037037035	1	1	0	2	1	1	2	1	1	1	2	1
1	0	0.473171	0.906106	0.444444	0.888889	0.111111	0	0	0.037037	0.4444444444444444	0.8888888888888888	0.037037037037037035	0.	0.	0.037037037037037035	1	1	0	2	2	0	2	1	1	2	0	0
1	0	0.495028	0.920602	0.444444	0.888889	0.111111	0	0	0.037037	0.48148148148148145	0.9259259259259259	0.	-0.037037037037037035	0.037037037037037035	0.	1	1	1	2	2	0	2	1	1	2	0	1
1	0	0.54246	0.959995	0.555556	0.925926	0	0.037037	-0.111111	0	0.5555555555555556	0.9259259259259259	0.	0.037037037037037035	-0.037037037037037035	0.	1	1	2	2	2	1	2	1	1	2	1	0
1	0	0.489863	0.951351	0.555556	0.925926	0	0.037037	-0.111111	0	0.5185185185185185	0.9629629629629629	-0.037037037037037035	0.	0.	-0.037037037037037035	1	1	1	2	2	1	2	1	1	2	1	1
1	0	0.505743	0.983195	0.444444	0.962963	0.111111	0	0	0.037037	0.4444444444444444	0.9629629629629629	0.037037037037037035	0.	0.	0.037037037037037035	1	1	0	2	2	2	2	1	1	2	2	0
1	0	0.458477	0.968577	0.444444	0.962963	0.111111	0	0	0.037037	0.48148148148148145	1.	0.	-0.037037037037037035	0.037037037037037035	0.	1	1	1	2	2	2	2	1	1	2	2	1
1	0	0.591417	0.990289	0.555556	1	0	-0.111111	0.037037	0	0.5555555555555556	1.	0.	-0.037037037037037035	0.037037037037037035	0.	1	2	0	2	2	2	2	1	2	0	0	0
1	0	0.57733	0.931756	0.555556	1	0	-0.111111	0.037037	0	0.5925925925925926	0.9629629629629629	-0.037037037037037035	0.	0.	-0.037037037037037035	1	2	0	2	2	1	2	1	2	0	0	1
1	0	0.558723	0.912625	0.555556	1	0	-0.111111	0.037037	0	0.5555555555555556	0.9259259259259259	0.	-0.037037037037037035	0.037037037037037035	0.	1	2	0	2	2	0	2	1	2	0	0	2
1	0	0.622344	0.898529	0.592593	0.888889	0.037037	0	0	0.111111	0.5925925925925926	0.8888888888888888	0.037037037037037035	0.	0.	0.037037037037037035	1	2	1	2	2	0	2	1	2	0	1	0
1	0	0.603754	0.93384	0.592593	0.888889	0.037037	0	0	0.111111	0.6296296296296297	0.9259259259259259	0.	0.037037037037037035	-0.037037037037037035	0.	1	2	1	2	2	1	2	1	2	0	1	1
1	0	0.629665	0.981311	0.62963	1	0	-0.111111	0.037037	0	0.6296296296296297	1.	0.	-0.037037037037037035	0.037037037037037035	0.	1	2	2	2	2	2	2	1	2	0	2	0
1	0	0.660371	0.943719	0.62963	1	0	-0.111111	0.037037	0	0.6666666666666666	0.9629629629629629	-0.037037037037037035	0.	0.	-0.037037037037037035	1	2	2	2	2	1	2	1	2	0	2	1
1	0	0.633975	0.854679	0.666667	0.888889	-0.111111	0	0	-0.037037	0.6666666666666666	0.8888888888888888	-0.037037037037037035	0.	0.	-0.037037037037037035	1	2	2	2	1	2	2	1	2	1	0	0
1	0	0.645381	0.878224	0.666667	0.888889	-0.111111	0	0	-0.037037	0.6296296296296297	0.8518518518518519	0.	0.037037037037037035	-0.037037037037037035	0.	1	2	1	2	1	2	2	1	2	1	0	1
1	0	0.584551	0.873529	0.666667	0.888889	-0.111111	0	0	-0.037037	0.5925925925925926	0.8888888888888888	-0.037037037037037035	0.	0.	-0.037037037037037035	1	2	0	2	1	2	2	1	2	1	0	2
1	0	0.570312	0.844694	0.555556	0.851852	0	-0.037037	0.111111	0	0.5555555555555556	0.8518518518518519	0.	-0.037037037037037035	0.037037037037037035	0.	1	2	0	2	1	1	2	1	2	1	1	0
1	0	0.608893	0.814873	0.555556	0.851852	0	-0.037037	0.111111	0	0.5925925925925926	0.8148148148148148	0.037037037037037035	0.	0.	0.037037037037037035	1	2	1	2	1	1	2	1	2	1	1	1
1	0	0.656976	0.798402	0.666667	0.814815	-0.111111	0	0	-0.037037	0.6666666666666666	0.8148148148148148	-0.037037037037037035	0.	0.	-0.037037037037037035	1	2	2	2	1	0	2	1	2	1	2	0
1	0	0.618827	0.789025	0.666667	0.814815	-0.111111	0	0	-0.037037	0.6296296296296297	0.7777777777777778	0.	0.037037037037037035	-0.037037037037037035	0.	1	2	1	2	1	0	2	1	2	1	2	1
1	0	0.580917	0.734348	0.555556	0.777778	0	-0.111111	0.037037	0	0.5555555555555556	0.7777777777777778	0.	-0.037037037037037035	0.037037037037037035	0.	1	2	0	2	0	2	2	1	2	2	0	0
1	0	0.562595	0.721123	0.555556	0.777778	0	-0.111111	0.037037	0	0.5925925925925926	0.7407407407407407	-0.037037037037037035	0.	0.	-0.037037037037037035	1	2	0	2	0	1	2	1	2	2	0	1
1	0	0.615407	0.677265	0.592593	0.666667	0.037037	0	0	0.111111	0.5925925925925926	0.6666666666666666	0.037037037037037035	0.	0.	0.037037037037037035	1	2	1	2	0	0	2	1	2	2	1	0
1	0	0.594423	0.742672	0.592593	0.666667	0.037037	0	0	0.111111	0.6296296296296297	0.7037037037037037	0.	0.037037037037037035	-0.037037037037037035	0.	1	2	1	2	0	1	2	1	2	2	1	1
1	0	0.641857	0.760488	0.62963	0.777778	0	-0.111111	0.037037	0	0.6296296296296297	0.7777777777777778	0.	-0.037037037037037035	0.037037037037037035	0.	1	2	2	2	0	2	2	1	2	2	2	0
1	0	0.663561	0.7167	0.62963	0.777778	0	-0.111111	0.037037	0	0.6666666666666666	0.7407407407407407	-0.037037037037037035	0.	0.	-0.037037037037037035	1	2	2	2	0	1	2	1	2	2	2	1
1	0	0.687179	0.687521	0.666667	0.666667	0.111111	0	0	0.037037	0.6666666666666666	0.6666666666666666	0.037037037037037035	0.	0.	0.037037037037037035	2	0	0	2	0	0	2	2	0	0	0	0
1	0	0.739873	0.683225	0.666667	0.666667	0.111111	0	0	0.037037	0.7037037037037037	0.7037037037037037	0.	-0.037037037037037035	0.037037037037037035	0.	2	0	1	2	0	0	2	2	0	0	0	1
1	0	0.775606	0.693385	0.666667	0.666667	0.111111	0	0	0.037037	0.7407407407407407	0.6666666666666666	0.037037037037037035	0.	0.	0.037037037037037035	2	0	2	2	0	0	2	2	0	0	0	2
1	0	0.767141	0.730049	0.777778	0.703704	0	0.037037	-0.111111	0	0.7777777777777778	0.7037037037037037	0.	0.037037037037037035	-0.037037037037037035	0.	2	0	2	2	0	1	2	2	0	0	1	0
1	0	0.705882	0.712146	0.777778	0.703704	0	0.037037	-0.111111	0	0.7407407407407407	0.7407407407407407	-0.037037037037037035	0.	0.	-0.037037037037037035	2	0	1	2	0	1	2	2	0	0	1	1
1	0	0.693155	0.764603	0.666667	0.740741	0.111111	0	0	0.037037	0.6666666666666666	0.7407407407407407	0.037037037037037035	0.	0.	0.037037037037037035	2	0	0	2	0	2	2	2	0	0	2	0
1	0	0.729459	0.774056	0.666667	0.740741	0.111111	0	0	0.037037	0.7037037037037037	0.7777777777777778	0.	-0.037037037037037035	0.037037037037037035	0.	2	0	1	2	0	2	2	2	0	0	2	1
1	0	0.797336	0.751783	0.777778	0.777778	0	-0.111111	0.037037	0	0.7777777777777778	0.7777777777777778	0.	-0.037037037037037035	0.037037037037037035	0.	2	1	0	2	0	2	2	2	0	1	0	0
1	0	0.784816	0.738119	0.777778	0.777778	0	-0.111111	0.037037	0	0.8148148148148148	0.7407407407407407	-0.037037037037037035	0.	0.	-0.037037037037037035	2	1	0	2	0	1	2	2	0	1	0	1
1	0	0.791179	0.672512	0.777778	0.777778	0	-0.111111	0.037037	0	0.7777777777777778	0.7037037037037037	0.	-0.037037037037037035	0.037037037037037035	0.	2	1	0	2	0	0	2	2	0	1	0	2
1	0	0.840059	0.768433	0.814815	0.666667	0.037037	0	0	0.111111	0.8148148148148148	0.6666666666666666	0.037037037037037035	0.	0.	0.037037037037037035	2	1	1	2	0	0	2	2	0	1	1	0
1	0	0.831843	0.704244	0.814815	0.666667	0.037037	0	0	0.111111	0.8518518518518519	0.7037037037037037	0.	0.037037037037037035	-0.037037037037037035	0.	2	1	1	2	0	1	2	2	0	1	1	1
1	0	0.877692	0.722385	0.851852	0.777778	0	-0.111111	0.037037	0	0.8518518518518519	0.7777777777777778	0.	-0.037037037037037035	0.037037037037037035	0.	2	1	2	2	0	2	2	2	0	1	2	0
1	0	0.862992	0.745985	0.851852	0.777778	0	-0.111111	0.037037	0	0.8888888888888888	0.7407407407407407	-0.037037037037037035	0.	0.	-0.037037037037037035	2	1	2	2	0	1	2	2	0	1	2	1
1	0	0.902752	0.696999	0.888889	0.666667	0.111111	0	0	0.037037	0.8888888888888888	0.6666666666666666	0.037037037037037035	0.	0.	0.037037037037037035	2	2	0	2	0	0	2	2	0	2	0	0
1	0	0.936656	0.675775	0.888889	0.666667	0.111111	0	0	0.037037	0.9259259259259259	0.7037037037037037	0.	-0.037037037037037035	0.037037037037037035	0.	2	2	1	2	0	0	2	2	0	2	0	1
1	0	0.980059	0.684421	0.888889	0.666667	0.111111	0	0	0.037037	0.9629629629629629	0.6666666666666666	0.037037037037037035	0.	0.	0.037037037037037035	2	2	2	2	0	0	2	2	0	2	0	2
1	0	0.973732	0.73926	1	0.703704	0	0.037037	-0.111111	0	1.	0.7037037037037037	0.	0.037037037037037035	-0.037037037037037035	0.	2	2	2	2	0	1	2	2	0	2	1	0
1	0	0.957803	0.71378	1	0.703704	0	0.037037	-0.111111	0	0.9629629629629629	0.7407407407407407	-0.037037037037037035	0.	0.	-0.037037037037037035	2	2	1	2	0	1	2	2	0	2	1	1
1	0	0.913571	0.758919	0.888889	0.740741	0.111111	0	0	0.037037	0.8888888888888888	0.7407407407407407	0.037037037037037035	0.	0.	0.037037037037037035	2	2	0	2	0	2	2	2	0	2	2	0
1	0	0.932979	0.777644	0.888889	0.740741	0.111111	0	0	0.037037	0.9259259259259259	0.7777777777777778	0.	-0.037037037037037035	0.037037037037037035	0.	2	2	1	2	0	2	2	2	0	2	2	1
1	0	0.968325	0.887684	1	0.777778	0	0.111111	-0.037037	0	1.	0.7777777777777778	0.	0.037037037037037035	-0.037037037037037035	0.	2	2	2	2	1	0	2	2	1	0	0	0
1	0	0.983713	0.845894	1	0.777778	0	0.111111	-0.037037	0	0.9629629629629629	0.8148148148148148	0.037037037037037035	0.	0.	0.037037037037037035	2	2	2	2	1	1	2	2	1	0	0	1
1	0	0.99356	0.79704	1	0.777778	0	0.111111	-0.037037	0	1.	0.8518518518518519	0.	0.037037037037037035	-0.037037037037037035	0.	2	2	2	2	1	2	2	2	1	0	0	2
1	0	0.929487	0.875234	0.962963	0.888889	-0.037037	0	0	-0.111111	0.9629629629629629	0.8888888888888888	-0.037037037037037035	0.	0.	-0.037037037037037035	2	2	1	2	1	2	2	2	1	0	1	0
1	0	0.952098	0.820501	0.962963	0.888889	-0.037037	0	0	-0.111111	0.9259259259259259	0.8518518518518519	0.	-0.037037037037037035	0.037037037037037035	0.	2	2	1	2	1	1	2	2	1	0	1	1
1	0	0.917487	0.811581	0.925926	0.777778	0	0.111111	-0.037037	0	0.9259259259259259	0.7777777777777778	0.	0.037037037037037035	-0.037037037037037035	0.	2	2	0	2	1	0	2	2	1	0	2	0
1	0	0.892738	0.825748	0.925926	0.777778	0	0.111111	-0.037037	0	0.8888888888888888	0.8148148148148148	0.037037037037037035	0.	0.	0.037037037037037035	2	2	0	2	1	1	2	2	1	0	2	1
1	0	0.881045	0.864237	0.888889	0.888889	-0.111111	0	0	-0.037037	0.8888888888888888	0.8888888888888888	-0.037037037037037035	0.	0.	-0.037037037037037035	2	1	2	2	1	2	2	2	1	1	0	0
1	0	0.857646	0.869867	0.888889	0.888889	-0.111111	0	0	-0.037037	0.8518518518518519	0.8518518518518519	0.	0.037037037037037035	-0.037037037037037035	0.	2	1	1	2	1	2	2	2	1	1	0	1
1	0	0.781266	0.882119	0.888889	0.888889	-0.111111	0	0	-0.037037	0.8148148148148148	0.8888888888888888	-0.037037037037037035	0.	0.	-0.037037037037037035	2	1	0	2	1	2	2	2	1	1	0	2
1	0	0.808036	0.838664	0.777778	0.851852	0	-0.037037	0.111111	0	0.7777777777777778	0.8518518518518519	0.	-0.037037037037037035	0.037037037037037035	0.	2	1	0	2	1	1	2	2	1	1	1	0
1	0	0.830338	0.848862	0.777778	0.851852	0	-0.037037	0.111111	0	0.8148148148148148	0.8148148148148148	0.037037037037037035	0.	0.	0.037037037037037035	2	1	1	2	1	1	2	2	1	1	1	1
1	0	0.886787	0.790642	0.888889	0.814815	-0.111111	0	0	-0.037037	0.8888888888888888	0.8148148148148148	-0.037037037037037035	0.	0.	-0.037037037037037035	2	1	2	2	1	0	2	2	1	1	2	0
1	0	0.822529	0.80626	0.888889	0.814815	-0.111111	0	0	-0.037037	0.8518518518518519	0.7777777777777778	0.	0.037037037037037035	-0.037037037037037035	0.	2	1	1	2	1	0	2	2	1	1	2	1
1	0	0.756755	0.783023	0.777778	0.777778	0	0.111111	-0.037037	0	0.7777777777777778	0.7777777777777778	0.	0.037037037037037035	-0.037037037037037035	0.	2	0	2	2	1	0	2	2	1	2	0	0
1	0	0.745861	0.837109	0.777778	0.777778	0	0.111111	-0.037037	0	0.7407407407407407	0.8148148148148148	0.037037037037037035	0.	0.	0.037037037037037035	2	0	2	2	1	1	2	2	1	2	0	1
1	0	0.725874	0.858852	0.740741	0.888889	-0.037037	0	0	-0.111111	0.7407407407407407	0.8888888888888888	-0.037037037037037035	0.	0.	-0.037037037037037035	2	0	1	2	1	2	2	2	1	2	1	0
1	0	0.713899	0.830947	0.740741	0.888889	-0.037037	0	0	-0.111111	0.7037037037037037	0.8518518518518519	0.	-0.037037037037037035	0.037037037037037035	0.	2	0	1	2	1	1	2	2	1	2	1	1
1	0	0.673712	0.794036	0.703704	0.777778	0	0.111111	-0.037037	0	0.7037037037037037	0.7777777777777778	0.	0.037037037037037035	-0.037037037037037035	0.	2	0	0	2	1	0	2	2	1	2	2	0
1	0	0.697112	0.810255	0.703704	0.777778	0	0.111111	-0.037037	0	0.6666666666666666	0.8148148148148148	0.037037037037037035	0.	0.	0.037037037037037035	2	0	0	2	1	1	2	2	1	2	2	1
1	0	0.678932	0.910852	0.666667	0.888889	0.111111	0	0	0.037037	0.6666666666666666	0.8888888888888888	0.037037037037037035	0.	0.	0.037037037037037035	2	0	0	2	2	0	2	2	2	0	0	0
1	0	0.702529	0.896609	0.666667	0.888889	0.111111	0	0	0.037037	0.7037037037037037	0.9259259259259259	0.	-0.037037037037037035	0.037037037037037035	0.	2	0	1	2	2	0	2	2	2	0	0	1
1	0	0.749353	0.890595	0.666667	0.888889	0.111111	0	0	0.037037	0.7407407407407407	0.8888888888888888	0.037037037037037035	0.	0.	0.037037037037037035	2	0	2	2	2	0	2	2	2	0	0	2
1	0	0.765937	0.92779	0.777778	0.925926	0	0.037037	-0.111111	0	0.7777777777777778	0.9259259259259259	0.	0.037037037037037035	-0.037037037037037035	0.	2	0	2	2	2	1	2	2	2	0	1	0
1	0	0.684322	0.955756	0.777778	0.925926	0	0.037037	-0.111111	0	0.7407407407407407	0.9629629629629629	-0.037037037037037035	0.	0.	-0.037037037037037035	2	0	1	2	2	1	2	2	2	0	1	1
1	0	0.736814	0.97041	0.666667	0.962963	0.111111	0	0	0.037037	0.6666666666666666	0.9629629629629629	0.037037037037037035	0.	0.	0.037037037037037035	2	0	0	2	2	2	2	2	2	0	2	0
1	0	0.718589	0.974508	0.666667	0.962963	0.111111	0	0	0.037037	0.7037037037037037	1.	0.	-0.037037037037037035	0.037037037037037035	0.	2	0	1	2	2	2	2	2	2	0	2	1
1	0	0.790102	0.966524	0.777778	1	0	-0.111111	0.037037	0	0.7777777777777778	1.	0.	-0.037037037037037035	0.037037037037037035	0.	2	1	0	2	2	2	2	2	2	1	0	0
1	0	0.814798	0.937825	0.777778	1	0	-0.111111	0.037037	0	0.8148148148148148	0.9629629629629629	-0.037037037037037035	0.	0.	-0.037037037037037035	2	1	0	2	2	1	2	2	2	1	0	1
1	0	0.802604	0.916776	0.777778	1	0	-0.111111	0.037037	0	0.7777777777777778	0.9259259259259259	0.	-0.037037037037037035	0.037037037037037035	0.	2	1	0	2	2	0	2	2	2	1	0	2
1	0	0.845641	0.904427	0.814815	0.888889	0.037037	0	0	0.111111	0.8148148148148148	0.8888888888888888	0.037037037037037035	0.	0.	0.037037037037037035	2	1	1	2	2	0	2	2	2	1	1	0
1	0	0.851666	0.949908	0.814815	0.888889	0.037037	0	0	0.111111	0.8518518518518519	0.9259259259259259	0.	0.037037037037037035	-0.037037037037037035	0.	2	1	1	2	2	1	2	2	2	1	1	1
1	0	0.866111	0.993829	0.851852	1	0	-0.111111	0.037037	0	0.8518518518518519	1.	0.	-0.037037037037037035	0.037037037037037035	0.	2	1	2	2	2	2	2	2	2	1	2	0
1	0	0.883881	0.979984	0.851852	1	0	-0.111111	0.037037	0	0.8888888888888888	0.9629629629629629	-0.037037037037037035	0.	0.	-0.037037037037037035	2	1	2	2	2	1	2	2	2	1	2	1
1	0	0.903925	0.924411	0.888889	0.888889	0.111111	0	0	0.037037	0.8888888888888888	0.8888888888888888	0.037037037037037035	0.	0.	0.037037037037037035	2	2	0	2	2	0	2	2	2	2	0	0
1	0	0.944484	0.907748	0.888889	0.888889	0.111111	0	0	0.037037	0.9259259259259259	0.9259259259259259	0.	-0.037037037037037035	0.037037037037037035	0.	2	2	1	2	2	0	2	2	2	2	0	1
1	0	0.998783	0.930983	1	0.925926	0	0.037037	-0.111111	0	1.	0.9259259259259259	0.	0.037037037037037035	-0.037037037037037035	0.	2	2	2	2	2	1	2	2	2	2	1	0
1	0	0.961067	0.944812	1	0.925926	0	0.037037	-0.111111	0	0.9629629629629629	0.9629629629629629	-0.037037037037037035	0.	0.	-0.037037037037037035	2	2	1	2	2	1	2	2	2	2	1	1
1	0	0.920493	0.964909	0.888889	0.962963	0.111111	0	0	0.037037	0.8888888888888888	0.9629629629629629	0.037037037037037035	0.	0.	0.037037037037037035	2	2	0	2	2	2	2	2	2	2	2	0
1	0	0.978591	0.986749	0.888889	0.962963	0.111111	0	0	0.037037	0.9259259259259259	1.	0.	-0.037037037037037035	0.037037037037037035	0.	2	2	1	2	2	2	2	2	2	2	2	1
