1	0	0.0192352	0.00274165	0	0	0.111111	0	0	0.037037	0.	0.	0.037037037037037035	0.	0.	0.037037037037037035	0	0	0	0	0	0	0	0	0	0	0	0
1	0	0.0715948	0.0159544	0	0	0.111111	0	0	0.037037	0.037037037037037035	0.037037037037037035	0.	-0.037037037037037035	0.037037037037037035	0.	0	0	1	0	0	0	0	0	0	0	0	1
1	0	0.11111	0.0643918	0.111111	0.037037	0	0.037037	-0.111111	0	0.1111111111111111	0.037037037037037035	0.	0.037037037037037035	-0.037037037037037035	0.	0	0	2	0	0	1	0	0	0	0	1	0
1	0	0.0442147	0.0429662	0.111111	0.037037	0	0.037037	-0.111111	0	0.07407407407407407	0.07407407407407407	-0.037037037037037035	0.	0.	-0.037037037037037035	0	0	1	0	0	1	0	0	0	0	1	1
1	0	0.0513484	0.111075	0	0.0740741	0.111111	0	0	0.037037	0.	0.07407407407407407	0.037037037037037035	0.	0.	0.037037037037037035	0	0	0	0	0	2	0	0	0	0	2	0
1	0	0.132461	0.0911223	0.111111	0.111111	0	-0.111111	0.037037	0	0.1111111111111111	0.1111111111111111	0.	-0.037037037037037035	0.037037037037037035	0.	0	1	0	0	0	2	0	0	0	1	0	0
1	0	0.148119	0.101233	0.111111	0.111111	0	-0.111111	0.037037	0	0.14814814814814814	0.07407407407407407	-0.037037037037037035	0.	0.	-0.037037037037037035	0	1	0	0	0	1	0	0	0	1	0	1
1	0	0.183886	0.0302775	0.148148	0	0.037037	0	0	0.111111	0.14814814814814814	0.	0.037037037037037035	0.	0.	0.037037037037037035	0	1	1	0	0	0	0	0	0	1	1	0
1	0	0.169885	0.0515033	0.148148	0	0.037037	0	0	0.111111	0.18518518518518517	0.037037037037037035	0.	0.037037037037037035	-0.037037037037037035	0.	0	1	1	0	0	1	0	0	0	1	1	1
1	0	0.208183	0.0734194	0.185185	0.111111	0	-0.111111	0.037037	0	0.18518518518518517	0.1111111111111111	0.	-0.037037037037037035	0.037037037037037035	0.	0	1	2	0	0	2	0	0	0	1	2	0
1	0	0.255745	0.0101342	0.222222	0	0.111111	0	0	0.037037	0.2222222222222222	0.	0.037037037037037035	0.	0.	0.037037037037037035	0	2	0	0	0	0	0	0	0	2	0	0
1	0	0.275957	0.0196731	0.222222	0	0.111111	0	0	0.037037	0.25925925925925924	0.037037037037037035	0.	-0.037037037037037035	0.037037037037037035	0.	0	2	1	0	0	0	0	0	0	2	0	1
1	0	0.306773	0.0562775	0.333333	0.037037	0	0.037037	-0.111111	0	0.3333333333333333	0.037037037037037035	0.	0.037037037037037035	-0.037037037037037035	0.	0	2	2	0	0	1	0	0	0	2	1	0
1	0	0.333281	0.0836992	0.222222	0.0740741	0.111111	0	0	0.037037	0.2222222222222222	0.07407407407407407	0.037037037037037035	0.	0.	0.037037037037037035	0	2	0	0	0	2	0	0	0	2	2	0
1	0	0.299542	0.116498	0.333333	0.111111	0	0.111111	-0.037037	0	0.3333333333333333	0.1111111111111111	0.	0.037037037037037035	-0.037037037037037035	0.	0	2	2	0	1	0	0	0	1	0	0	0
1	0	0.31953	0.192337	0.333333	0.111111	0	0.111111	-0.037037	0	0.2962962962962963	0.14814814814814814	0.037037037037037035	0.	0.	0.037037037037037035	0	2	2	0	1	1	0	0	1	0	0	1
1	0	0.264708	0.19656	0.296296	0.222222	-0.037037	0	0	-0.111111	0.2962962962962963	0.2222222222222222	-0.037037037037037035	0.	0.	-0.037037037037037035	0	2	1	0	1	2	0	0	1	0	1	0
1	0	0.285307	0.168969	0.296296	0.222222	-0.037037	0	0	-0.111111	0.25925925925925924	0.18518518518518517	0.	-0.037037037037037035	0.037037037037037035	0.	0	2	1	0	1	1	0	0	1	0	1	1
1	0	0.251158	0.222165	0.259259	0.111111	0	0.111111	-0.037037	0	0.25925925925925924	0.1111111111111111	0.	0.037037037037037035	-0.037037037037037035	0.	0	2	0	0	1	0	0	0	1	0	2	0
1	0	0.202256	0.203503	0.222222	0.222222	-0.111111	0	0	-0.037037	0.2222222222222222	0.2222222222222222	-0.037037037037037035	0.	0.	-0.037037037037037035	0	1	2	0	1	2	0	0	1	1	0	0
1	0	0.216347	0.213899	0.222222	0.222222	-0.111111	0	0	-0.037037	0.18518518518518517	0.18518518518518517	0.	0.037037037037037035	-0.037037037037037035	0.	0	1	1	0	1	2	0	0	1	1	0	1
1	0	0.137405	0.150595	0.111111	0.185185	0	-0.037037	0.111111	0	0.1111111111111111	0.18518518518518517	0.	-0.037037037037037035	0.037037037037037035	0.	0	1	0	0	1	1	0	0	1	1	1	0
1	0	0.177263	0.160225	0.111111	0.185185	0	-0.037037	0.111111	0	0.14814814814814814	0.14814814814814814	0.037037037037037035	0.	0.	0.037037037037037035	0	1	1	0	1	1	0	0	1	1	1	1
1	0	0.222188	0.123282	0.222222	0.148148	-0.111111	0	0	-0.037037	0.2222222222222222	0.14814814814814814	-0.037037037037037035	0.	0.	-0.037037037037037035	0	1	2	0	1	0	0	0	1	1	2	0
1	0	0.0902236	0.127886	0.111111	0.111111	0	0.111111	-0.037037	0	0.1111111111111111	0.1111111111111111	0.	0.037037037037037035	-0.037037037037037035	0.	0	0	2	0	1	0	0	0	1	2	0	0
1	0	0.0984077	0.17927	0.111111	0.111111	0	0.111111	-0.037037	0	0.07407407407407407	0.14814814814814814	0.037037037037037035	0.	0.	0.037037037037037035	0	0	2	0	1	1	0	0	1	2	0	1
1	0	0.0559492	0.186469	0.0740741	0.222222	-0.037037	0	0	-0.111111	0.07407407407407407	0.2222222222222222	-0.037037037037037035	0.	0.	-0.037037037037037035	0	0	1	0	1	2	0	0	1	2	1	0
1	0	0.00883537	0.138272	0.037037	0.111111	0	0.111111	-0.037037	0	0.037037037037037035	0.1111111111111111	0.	0.037037037037037035	-0.037037037037037035	0.	0	0	0	0	1	0	0	0	1	2	2	0
1	0	0.00462239	0.257625	0	0.222222	0.111111	0	0	0.037037	0.	0.2222222222222222	0.037037037037037035	0.	0.	0.037037037037037035	0	0	0	0	2	0	0	0	2	0	0	0
1	0	0.082672	0.227886	0	0.222222	0.111111	0	0	0.037037	0.037037037037037035	0.25925925925925924	0.	-0.037037037037037035	0.037037037037037035	0.	0	0	1	0	2	0	0	0	2	0	0	1
1	0	0.102489	0.295757	0.111111	0.259259	0	0.037037	-0.111111	0	0.1111111111111111	0.25925925925925924	0.	0.037037037037037035	-0.037037037037037035	0.	0	0	2	0	2	1	0	0	2	0	1	0
1	0	0.0367814	0.268077	0.111111	0.259259	0	0.037037	-0.111111	0	0.07407407407407407	0.2962962962962963	-0.037037037037037035	0.	0.	-0.037037037037037035	0	0	1	0	2	1	0	0	2	0	1	1
1	0	0.0325429	0.303234	0	0.296296	0.111111	0	0	0.037037	0.	0.2962962962962963	0.037037037037037035	0.	0.	0.037037037037037035	0	0	0	0	2	2	0	0	2	0	2	0
1	0	0.124659	0.285162	0.111111	0.333333	0	-0.111111	0.037037	0	0.1111111111111111	0.3333333333333333	0.	-0.037037037037037035	0.037037037037037035	0.	0	1	0	0	2	2	0	0	2	1	0	0
1	0	0.14585	0.324258	0.111111	0.333333	0	-0.111111	0.037037	0	0.14814814814814814	0.2962962962962963	-0.037037037037037035	0.	0.	-0.037037037037037035	0	1	0	0	2	1	0	0	2	1	0	1
1	0	0.157323	0.235346	0.148148	0.222222	0.037037	0	0	0.111111	0.14814814814814814	0.2222222222222222	0.037037037037037035	0.	0.	0.037037037037037035	0	1	1	0	2	0	0	0	2	1	1	0
1	0	0.19843	0.330688	0.185185	0.333333	0	-0.111111	0.037037	0	0.18518518518518517	0.3333333333333333	0.	-0.037037037037037035	0.037037037037037035	0.	0	1	2	0	2	2	0	0	2	1	2	0
1	0	0.243008	0.247101	0.222222	0.222222	0.111111	0	0	0.037037	0.2222222222222222	0.2222222222222222	0.037037037037037035	0.	0.	0.037037037037037035	0	2	0	0	2	0	0	0	2	2	0	0
1	0	0.290536	0.241792	0.222222	0.222222	0.111111	0	0	0.037037	0.25925925925925924	0.25925925925925924	0.	-0.037037037037037035	0.037037037037037035	0.	0	2	1	0	2	0	0	0	2	2	0	1
1	0	0.313547	0.281385	0.333333	0.259259	0	0.037037	-0.111111	0	0.3333333333333333	0.25925925925925924	0.	0.037037037037037035	-0.037037037037037035	0.	0	2	2	0	2	1	0	0	2	2	1	0
1	0	0.237149	0.317194	0.222222	0.296296	0.111111	0	0	0.037037	0.2222222222222222	0.2962962962962963	0.037037037037037035	0.	0.	0.037037037037037035	0	2	0	0	2	2	0	0	2	2	2	0
1	0	0.354824	0.33331	0.333333	0.333333	0	-0.111111	0.037037	0	0.3333333333333333	0.3333333333333333	0.	-0.037037037037037035	0.037037037037037035	0.	1	0	0	0	2	2	0	1	0	0	0	0
1	0	0.3405	0.27431	0.333333	0.333333	0	-0.111111	0.037037	0	0.37037037037037035	0.2962962962962963	-0.037037037037037035	0.	0.	-0.037037037037037035	1	0	0	0	2	1	0	1	0	0	0	1
1	0	0.383352	0.289862	0.37037	0.222222	0.037037	0	0	0.111111	0.37037037037037035	0.2222222222222222	0.037037037037037035	0.	0.	0.037037037037037035	1	0	1	0	2	0	0	1	0	0	1	0
1	0	0.40089	0.250096	0.37037	0.222222	0.037037	0	0	0.111111	0.4074074074074074	0.25925925925925924	0.	0.037037037037037035	-0.037037037037037035	0.	1	0	1	0	2	1	0	1	0	0	1	1
1	0	0.430804	0.30887	0.407407	0.333333	0	-0.111111	0.037037	0	0.4074074074074074	0.3333333333333333	0.	-0.037037037037037035	0.037037037037037035	0.	1	0	2	0	2	2	0	1	0	0	2	0
1	0	0.43518	0.218243	0.444444	0.222222	-0.111111	0	0	-0.037037	0.4444444444444444	0.2222222222222222	-0.037037037037037035	0.	0.	-0.037037037037037035	1	0	2	0	1	2	0	1	0	1	0	0
1	0	0.378267	0.207431	0.444444	0.222222	-0.111111	0	0	-0.037037	0.4074074074074074	0.18518518518518517	0.	0.037037037037037035	-0.037037037037037035	0.	1	0	1	0	1	2	0	1	0	1	0	1
1	0	0.347338	0.163863	0.333333	0.185185	0	-0.037037	0.111111	0	0.3333333333333333	0.18518518518518517	0.	-0.037037037037037035	0.037037037037037035	0.	1	0	0	0	1	1	0	1	0	1	1	0
1	0	0.40772	0.154412	0.333333	0.185185	0	-0.037037	0.111111	0	0.37037037037037035	0.14814814814814814	0.037037037037037035	0.	0.	0.037037037037037035	1	0	1	0	1	1	0	1	0	1	1	1
1	0	0.415687	0.141186	0.444444	0.148148	-0.111111	0	0	-0.037037	0.4444444444444444	0.14814814814814814	-0.037037037037037035	0.	0.	-0.037037037037037035	1	0	2	0	1	0	0	1	0	1	2	0
1	0	0.359723	0.0791626	0.333333	0.111111	0	-0.111111	0.037037	0	0.3333333333333333	0.1111111111111111	0.	-0.037037037037037035	0.037037037037037035	0.	1	0	0	0	0	2	0	1	0	2	0	0
1	0	0.370363	0.0367397	0.333333	0.111111	0	-0.111111	0.037037	0	0.37037037037037035	0.07407407407407407	-0.037037037037037035	0.	0.	-0.037037037037037035	1	0	0	0	0	1	0	1	0	2	0	1
1	0	0.393668	0.0670316	0.37037	0	0.037037	0	0	0.111111	0.37037037037037035	0.	0.037037037037037035	0.	0.	0.037037037037037035	1	0	1	0	0	0	0	1	0	2	1	0
1	0	0.444007	0.0870677	0.407407	0.111111	0	-0.111111	0.037037	0	0.4074074074074074	0.1111111111111111	0.	-0.037037037037037035	0.037037037037037035	0.	1	0	2	0	0	2	0	1	0	2	2	0
1	0	0.455145	0.0251348	0.444444	0	0.111111	0	0	0.037037	0.4444444444444444	0.	0.037037037037037035	0.	0.	0.037037037037037035	1	1	0	0	0	0	0	1	1	0	0	0
1	0	0.513498	0.0330377	0.444444	0	0.111111	0	0	0.037037	0.48148148148148145	0.037037037037037035	0.	-0.037037037037037035	0.037037037037037035	0.	1	1	1	0	0	0	0	1	1	0	0	1
1	0	0.540969	0.0593093	0.555556	0.037037	0	0.037037	-0.111111	0	0.5555555555555556	0.037037037037037035	0.	0.037037037037037035	-0.037037037037037035	0.	1	1	2	0	0	1	0	1	1	0	1	0
1	0	0.487108	0.0475342	0.555556	0.037037	0	0.037037	-0.111111	0	0.5185185185185185	0.07407407407407407	-0.037037037037037035	0.	0.	-0.037037037037037035	1	1	1	0	0	1	0	1	1	0	1	1
1	0	0.478744	0.105202	0.444444	0.0740741	0.111111	0	0	0.037037	0.4444444444444444	0.07407407407407407	0.037037037037037035	0.	0.	0.037037037037037035	1	1	0	0	0	2	0	1	1	0	2	0
1	0	0.535965	0.130665	0.555556	0.111111	0	0.111111	-0.037037	0	0.5555555555555556	0.1111111111111111	0.	0.037037037037037035	-0.037037037037037035	0.	1	1	2	0	1	0	0	1	1	1	0	0
1	0	0.554715	0.172034	0.555556	0.111111	0	0.111111	-0.037037	0	0.5185185185185185	0.14814814814814814	0.037037037037037035	0.	0.	0.037037037037037035	1	1	2	0	1	1	0	1	1	1	0	1
1	0	0.497202	0.175697	0.518519	0.222222	-0.037037	0	0	-0.111111	0.5185185185185185	0.2222222222222222	-0.037037037037037035	0.	0.	-0.037037037037037035	1	1	1	0	1	2	0	1	1	1	1	0
1	0	0.472215	0.146725	0.481481	0.111111	0	0.111111	-0.037037	0	0.48148148148148145	0.1111111111111111	0.	0.037037037037037035	-0.037037037037037035	0.	1	1	0	0	1	0	0	1	1	1	2	0
1	0	0.53077	0.25922	0.444444	0.222222	0.111111	0	0	0.037037	0.4444444444444444	0.2222222222222222	0.037037037037037035	0.	0.	0.037037037037037035	1	1	0	0	2	0	0	1	1	2	0	0
1	0	0.501705	0.253181	0.444444	0.222222	0.111111	0	0	0.037037	0.48148148148148145	0.25925925925925924	0.	-0.037037037037037035	0.037037037037037035	0.	1	1	1	0	2	0	0	1	1	2	0	1
1	0	0.546439	0.277882	0.555556	0.259259	0	0.037037	-0.111111	0	0.5555555555555556	0.25925925925925924	0.	0.037037037037037035	-0.037037037037037035	0.	1	1	2	0	2	1	0	1	1	2	1	0
1	0	0.468497	0.31252	0.444444	0.296296	0.111111	0	0	0.037037	0.4444444444444444	0.2962962962962963	0.037037037037037035	0.	0.	0.037037037037037035	1	1	0	0	2	2	0	1	1	2	2	0
1	0	0.558616	0.321372	0.555556	0.333333	0	-0.111111	0.037037	0	0.5555555555555556	0.3333333333333333	0.	-0.037037037037037035	0.037037037037037035	0.	1	2	0	0	2	2	0	1	2	0	0	0
1	0	0.581171	0.305827	0.555556	0.333333	0	-0.111111	0.037037	0	0.5925925925925926	0.2962962962962963	-0.037037037037037035	0.	0.	-0.037037037037037035	1	2	0	0	2	1	0	1	2	0	0	1
1	0	0.595102	0.237858	0.592593	0.222222	0.037037	0	0	0.111111	0.5925925925925926	0.2222222222222222	0.037037037037037035	0.	0.	0.037037037037037035	1	2	1	0	2	0	0	1	2	0	1	0
1	0	0.616545	0.271337	0.592593	0.222222	0.037037	0	0	0.111111	0.6296296296296297	0.25925925925925924	0.	0.037037037037037035	-0.037037037037037035	0.	1	2	1	0	2	1	0	1	2	0	1	1
1	0	0.651197	0.298818	0.62963	0.333333	0	-0.111111	0.037037	0	0.6296296296296297	0.3333333333333333	0.	-0.037037037037037035	0.037037037037037035	0.	1	2	2	0	2	2	0	1	2	0	2	0
1	0	0.637965	0.189127	0.666667	0.222222	-0.111111	0	0	-0.037037	0.6666666666666666	0.2222222222222222	-0.037037037037037035	0.	0.	-0.037037037037037035	1	2	2	0	1	2	0	1	2	1	0	0
1	0	0.627183	0.210454	0.666667	0.222222	-0.111111	0	0	-0.037037	0.6296296296296297	0.18518518518518517	0.	0.037037037037037035	-0.037037037037037035	0.	1	2	1	0	1	2	0	1	2	1	0	1
1	0	0.611342	0.182553	0.555556	0.185185	0	-0.037037	0.111111	0	0.5555555555555556	0.18518518518518517	0.	-0.037037037037037035	0.037037037037037035	0.	1	2	0	0	1	1	0	1	2	1	1	0
1	0	0.656257	0.13373	0.666667	0.148148	-0.111111	0	0	-0.037037	0.6666666666666666	0.14814814814814814	-0.037037037037037035	0.	0.	-0.037037037037037035	1	2	2	0	1	0	0	1	2	1	2	0
1	0	0.567008	0.109353	0.555556	0.111111	0	-0.111111	0.037037	0	0.5555555555555556	0.1111111111111111	0.	-0.037037037037037035	0.037037037037037035	0.	1	2	0	0	0	2	0	1	2	2	0	0
1	0	0.586622	0.0961968	0.555556	0.111111	0	-0.111111	0.037037	0	0.5925925925925926	0.07407407407407407	-0.037037037037037035	0.	0.	-0.037037037037037035	1	2	0	0	0	1	0	1	2	2	0	1
1	0	0.601581	0.0219293	0.592593	0	0.037037	0	0	0.111111	0.5925925925925926	0.	0.037037037037037035	0.	0.	0.037037037037037035	1	2	1	0	0	0	0	1	2	2	1	0
1	0	0.644984	0.0930053	0.62963	0.111111	0	-0.111111	0.037037	0	0.6296296296296297	0.1111111111111111	0.	-0.037037037037037035	0.037037037037037035	0.	1	2	2	0	0	2	0	1	2	2	2	0
1	0	0.692483	0.00492981	0.666667	0	0.111111	0	0	0.037037	0.6666666666666666	0.	0.037037037037037035	0.	0.	0.037037037037037035	2	0	0	0	0	0	0	2	0	0	0	0
1	0	0.707292	0.00805474	0.666667	0	0.111111	0	0	0.037037	0.7037037037037037	0.037037037037037035	0.	-0.037037037037037035	0.037037037037037035	0.	2	0	1	0	0	0	0	2	0	0	0	1
1	0	0.756778	0.0452313	0.777778	0.037037	0	0.037037	-0.111111	0	0.7777777777777778	0.037037037037037035	0.	0.037037037037037035	-0.037037037037037035	0.	2	0	2	0	0	1	0	2	0	0	1	0
1	0	0.717689	0.0696785	0.777778	0.037037	0	0.037037	-0.111111	0	0.7407407407407407	0.07407407407407407	-0.037037037037037035	0.	0.	-0.037037037037037035	2	0	1	0	0	1	0	2	0	0	1	1
1	0	0.666759	0.0756421	0.666667	0.0740741	0.111111	0	0	0.037037	0.6666666666666666	0.07407407407407407	0.037037037037037035	0.	0.	0.037037037037037035	2	0	0	0	0	2	0	2	0	0	2	0
1	0	0.789549	0.0987329	0.777778	0.111111	0	-0.111111	0.037037	0	0.7777777777777778	0.1111111111111111	0.	-0.037037037037037035	0.037037037037037035	0.	2	1	0	0	0	2	0	2	0	1	0	0
1	0	0.806952	0.0393973	0.777778	0.111111	0	-0.111111	0.037037	0	0.8148148148148148	0.07407407407407407	-0.037037037037037035	0.	0.	-0.037037037037037035	2	1	0	0	0	1	0	2	0	1	0	1
1	0	0.850927	0.0134127	0.814815	0	0.037037	0	0	0.111111	0.8148148148148148	0.	0.037037037037037035	0.	0.	0.037037037037037035	2	1	1	0	0	0	0	2	0	1	1	0
1	0	0.840406	0.054477	0.814815	0	0.037037	0	0	0.111111	0.8518518518518519	0.037037037037037035	0.	0.037037037037037035	-0.037037037037037035	0.	2	1	1	0	0	1	0	2	0	1	1	1
1	0	0.878756	0.106995	0.851852	0.111111	0	-0.111111	0.037037	0	0.8518518518518519	0.1111111111111111	0.	-0.037037037037037035	0.037037037037037035	0.	2	1	2	0	0	2	0	2	0	1	2	0
1	0	0.90049	0.0276105	0.888889	0	0.111111	0	0	0.037037	0.8888888888888888	0.	0.037037037037037035	0.	0.	0.037037037037037035	2	2	0	0	0	0	0	2	0	2	0	0
1	0	0.983199	0.0346238	0.888889	0	0.111111	0	0	0.037037	0.9259259259259259	0.037037037037037035	0.	-0.037037037037037035	0.037037037037037035	0.	2	2	1	0	0	0	0	2	0	2	0	1
1	0	0.964315	0.0619067	1	0.037037	0	0.037037	-0.111111	0	1.	0.037037037037037035	0.	0.037037037037037035	-0.037037037037037035	0.	2	2	2	0	0	1	0	2	0	2	1	0
1	0	0.920449	0.080913	0.888889	0.0740741	0.111111	0	0	0.037037	0.8888888888888888	0.07407407407407407	0.037037037037037035	0.	0.	0.037037037037037035	2	2	0	0	0	2	0	2	0	2	2	0
1	0	0.976131	0.194048	1	0.111111	0	0.111111	-0.037037	0	1.	0.1111111111111111	0.	0.037037037037037035	-0.037037037037037035	0.	2	2	2	0	1	0	0	2	1	0	0	0
1	0	0.995717	0.125952	1	0.111111	0	0.111111	-0.037037	0	0.9629629629629629	0.14814814814814814	0.037037037037037035	0.	0.	0.037037037037037035	2	2	2	0	1	1	0	2	1	0	0	1
1	0	0.947853	0.177439	0.962963	0.222222	-0.037037	0	0	-0.111111	0.9629629629629629	0.2222222222222222	-0.037037037037037035	0.	0.	-0.037037037037037035	2	2	1	0	1	2	0	2	1	0	1	0
1	0	0.93499	0.152281	0.962963	0.222222	-0.037037	0	0	-0.111111	0.9259259259259259	0.18518518518518517	0.	-0.037037037037037035	0.037037037037037035	0.	2	2	1	0	1	1	0	2	1	0	1	1
1	0	0.891785	0.118645	0.925926	0.111111	0	0.111111	-0.037037	0	0.9259259259259259	0.1111111111111111	0.	0.037037037037037035	-0.037037037037037035	0.	2	2	0	0	1	0	0	2	1	0	2	0
1	0	0.870545	0.21613	0.888889	0.222222	-0.111111	0	0	-0.037037	0.8888888888888888	0.2222222222222222	-0.037037037037037035	0.	0.	-0.037037037037037035	2	1	2	0	1	2	0	2	1	1	0	0
1	0	0.81948	0.201247	0.888889	0.222222	-0.111111	0	0	-0.037037	0.8518518518518519	0.18518518518518517	0.	0.037037037037037035	-0.037037037037037035	0.	2	1	1	0	1	2	0	2	1	1	0	1
1	0	0.833789	0.16684	0.777778	0.185185	0	-0.037037	0.111111	0	0.7777777777777778	0.18518518518518517	0.	-0.037037037037037035	0.037037037037037035	0.	2	1	0	0	1	1	0	2	1	1	1	0
1	0	0.859568	0.135977	0.888889	0.148148	-0.111111	0	0	-0.037037	0.8888888888888888	0.14814814814814814	-0.037037037037037035	0.	0.	-0.037037037037037035	2	1	2	0	1	0	0	2	1	1	2	0
1	0	0.774139	0.144265	0.777778	0.111111	0	0.111111	-0.037037	0	0.7777777777777778	0.1111111111111111	0.	0.037037037037037035	-0.037037037037037035	0.	2	0	2	0	1	0	0	2	1	2	0	0
1	0	0.748426	0.157583	0.777778	0.111111	0	0.111111	-0.037037	0	0.7407407407407407	0.14814814814814814	0.037037037037037035	0.	0.	0.037037037037037035	2	0	2	0	1	1	0	2	1	2	0	1
1	0	0.728402	0.198671	0.740741	0.222222	-0.037037	0	0	-0.111111	0.7407407407407407	0.2222222222222222	-0.037037037037037035	0.	0.	-0.037037037037037035	2	0	1	0	1	2	0	2	1	2	1	0
1	0	0.684493	0.120628	0.703704	0.111111	0	0.111111	-0.037037	0	0.7037037037037037	0.1111111111111111	0.	0.037037037037037035	-0.037037037037037035	0.	2	0	0	0	1	0	0	2	1	2	2	0
1	0	0.678493	0.230844	0.666667	0.222222	0.111111	0	0	0.037037	0.6666666666666666	0.2222222222222222	0.037037037037037035	0.	0.	0.037037037037037035	2	0	0	0	2	0	0	2	2	0	0	0
1	0	0.737137	0.224542	0.666667	0.222222	0.111111	0	0	0.037037	0.7037037037037037	0.25925925925925924	0.	-0.037037037037037035	0.037037037037037035	0.	2	0	1	0	2	0	0	2	2	0	0	1
1	0	0.760959	0.265808	0.777778	0.259259	0	0.037037	-0.111111	0	0.7777777777777778	0.25925925925925924	0.	0.037037037037037035	-0.037037037037037035	0.	2	0	2	0	2	1	0	2	2	0	1	0
1	0	0.722141	0.29251	0.777778	0.259259	0	0.037037	-0.111111	0	0.7407407407407407	0.2962962962962963	-0.037037037037037035	0.	0.	-0.037037037037037035	2	0	1	0	2	1	0	2	2	0	1	1
1	0	0.673288	0.327918	0.666667	0.296296	0.111111	0	0	0.037037	0.6666666666666666	0.2962962962962963	0.037037037037037035	0.	0.	0.037037037037037035	2	0	0	0	2	2	0	2	2	0	2	0
1	0	0.79756	0.31507	0.777778	0.333333	0	-0.111111	0.037037	0	0.7777777777777778	0.3333333333333333	0.	-0.037037037037037035	0.037037037037037035	0.	2	1	0	0	2	2	0	2	2	1	0	0
1	0	0.783055	0.262862	0.777778	0.333333	0	-0.111111	0.037037	0	0.8148148148148148	0.2962962962962963	-0.037037037037037035	0.	0.	-0.037037037037037035	2	1	0	0	2	1	0	2	2	1	0	1
1	0	0.829732	0.244412	0.814815	0.222222	0.037037	0	0	0.111111	0.8148148148148148	0.2222222222222222	0.037037037037037035	0.	0.	0.037037037037037035	2	1	1	0	2	0	0	2	2	1	1	0
1	0	0.885651	0.287205	0.851852	0.333333	0	-0.111111	0.037037	0	0.8518518518518519	0.3333333333333333	0.	-0.037037037037037035	0.037037037037037035	0.	2	1	2	0	2	2	0	2	2	1	2	0
1	0	0.90981	0.233034	0.888889	0.222222	0.111111	0	0	0.037037	0.8888888888888888	0.2222222222222222	0.037037037037037035	0.	0.	0.037037037037037035	2	2	0	0	2	0	0	2	2	2	0	0
1	0	0.953031	0.255196	0.888889	0.222222	0.111111	0	0	0.037037	0.9259259259259259	0.25925925925925924	0.	-0.037037037037037035	0.037037037037037035	0.	2	2	1	0	2	0	0	2	2	2	0	1
1	0	0.988743	0.283009	1	0.259259	0	0.037037	-0.111111	0	1.	0.25925925925925924	0.	0.037037037037037035	-0.037037037037037035	0.	2	2	2	0	2	1	0	2	2	2	1	0
1	0	0.929534	0.301114	0.888889	0.296296	0.111111	0	0	0.037037	0.8888888888888888	0.2962962962962963	0.037037037037037035	0.	0.	0.037037037037037035	2	2	0	0	2	2	0	2	2	2	2	0
1	0	1	0.438098	1	0.333333	0	0.111111	-0.037037	0	1.	0.3333333333333333	0.	0.037037037037037035	-0.037037037037037035	0.	2	2	2	1	0	0	1	0	0	0	0	0
1	0	0.970581	0.334719	1	0.333333	0	0.111111	-0.037037	0	0.9629629629629629	0.37037037037037035	0.037037037037037035	0.	0.	0.037037037037037035	2	2	2	1	0	1	1	0	0	0	0	1
1	0	0.960915	0.3961	0.962963	0.444444	-0.037037	0	0	-0.111111	0.9629629629629629	0.4444444444444444	-0.037037037037037035	0.	0.	-0.037037037037037035	2	2	1	1	0	2	1	0	0	0	1	0
1	0	0.944154	0.382242	0.962963	0.444444	-0.037037	0	0	-0.111111	0.9259259259259259	0.4074074074074074	0.	-0.037037037037037035	0.037037037037037035	0.	2	2	1	1	0	1	1	0	0	0	1	1
1	0	0.90397	0.356901	0.925926	0.333333	0	0.111111	-0.037037	0	0.9259259259259259	0.3333333333333333	0.	0.037037037037037035	-0.037037037037037035	0.	2	2	0	1	0	0	1	0	0	0	2	0
1	0	0.913037	0.460563	0.888889	0.444444	0.111111	0	0	0.037037	0.8888888888888888	0.4444444444444444	0.037037037037037035	0.	0.	0.037037037037037035	2	2	0	1	1	0	1	0	0	1	0	0
1	0	0.926142	0.449248	0.888889	0.444444	0.111111	0	0	0.037037	0.9259259259259259	0.48148148148148145	0.	-0.037037037037037035	0.037037037037037035	0.	2	2	1	1	1	0	1	0	0	1	0	1
1	0	0.957505	0.489049	1	0.481481	0	0.037037	-0.111111	0	1.	0.48148148148148145	0.	0.037037037037037035	-0.037037037037037035	0.	2	2	2	1	1	1	1	0	0	1	1	0
1	0	0.938593	0.511052	1	0.481481	0	0.037037	-0.111111	0	0.9629629629629629	0.5185185185185185	-0.037037037037037035	0.	0.	-0.037037037037037035	2	2	1	1	1	1	1	0	0	1	1	1
1	0	0.895198	0.527081	0.888889	0.518519	0.111111	0	0	0.037037	0.8888888888888888	0.5185185185185185	0.037037037037037035	0.	0.	0.037037037037037035	2	2	0	1	1	2	1	0	0	1	2	0
1	0	0.991955	0.563286	1	0.555556	0	0.111111	-0.037037	0	1.	0.5555555555555556	0.	0.037037037037037035	-0.037037037037037035	0.	2	2	2	1	2	0	1	0	0	2	0	0
1	0	0.980036	0.601293	1	0.555556	0	0.111111	-0.037037	0	0.9629629629629629	0.5925925925925926	0.037037037037037035	0.	0.	0.037037037037037035	2	2	2	1	2	1	1	0	0	2	0	1
1	0	0.941895	0.649071	0.962963	0.666667	-0.037037	0	0	-0.111111	0.9629629629629629	0.6666666666666666	-0.037037037037037035	0.	0.	-0.037037037037037035	2	2	1	1	2	2	1	0	0	2	1	0
1	0	0.916394	0.596883	0.925926	0.555556	0	0.111111	-0.037037	0	0.9259259259259259	0.5555555555555556	0.	0.037037037037037035	-0.037037037037037035	0.	2	2	0	1	2	0	1	0	0	2	2	0
1	0	0.863783	0.657217	0.888889	0.666667	-0.111111	0	0	-0.037037	0.8888888888888888	0.6666666666666666	-0.037037037037037035	0.	0.	-0.037037037037037035	2	1	2	1	2	2	1	0	1	0	0	0
1	0	0.823874	0.638259	0.888889	0.666667	-0.111111	0	0	-0.037037	0.8518518518518519	0.6296296296296297	0.	0.037037037037037035	-0.037037037037037035	0.	2	1	1	1	2	2	1	0	1	0	0	1
1	0	0.78586	0.608564	0.777778	0.62963	0	-0.037037	0.111111	0	0.7777777777777778	0.6296296296296297	0.	-0.037037037037037035	0.037037037037037035	0.	2	1	0	1	2	1	1	0	1	0	1	0
1	0	0.847849	0.617286	0.777778	0.62963	0	-0.037037	0.111111	0	0.8148148148148148	0.5925925925925926	0.037037037037037035	0.	0.	0.037037037037037035	2	1	1	1	2	1	1	0	1	0	1	1
1	0	0.875506	0.585654	0.888889	0.592593	-0.111111	0	0	-0.037037	0.8888888888888888	0.5925925925925926	-0.037037037037037035	0.	0.	-0.037037037037037035	2	1	2	1	2	0	1	0	1	0	2	0
1	0	0.810617	0.493412	0.777778	0.555556	0	-0.111111	0.037037	0	0.7777777777777778	0.5555555555555556	0.	-0.037037037037037035	0.037037037037037035	0.	2	1	0	1	1	2	1	0	1	1	0	0
1	0	0.792697	0.552614	0.777778	0.555556	0	-0.111111	0.037037	0	0.8148148148148148	0.5185185185185185	-0.037037037037037035	0.	0.	-0.037037037037037035	2	1	0	1	1	1	1	0	1	1	0	1
1	0	0.844621	0.447588	0.814815	0.444444	0.037037	0	0	0.111111	0.8148148148148148	0.4444444444444444	0.037037037037037035	0.	0.	0.037037037037037035	2	1	1	1	1	0	1	0	1	1	1	0
1	0	0.814838	0.515588	0.814815	0.444444	0.037037	0	0	0.111111	0.8518518518518519	0.48148148148148145	0.	0.037037037037037035	-0.037037037037037035	0.	2	1	1	1	1	1	1	0	1	1	1	1
1	0	0.882396	0.547365	0.851852	0.555556	0	-0.111111	0.037037	0	0.8518518518518519	0.5555555555555556	0.	-0.037037037037037035	0.037037037037037035	0.	2	1	2	1	1	2	1	0	1	1	2	0
1	0	0.855708	0.429836	0.888889	0.444444	-0.111111	0	0	-0.037037	0.8888888888888888	0.4444444444444444	-0.037037037037037035	0.	0.	-0.037037037037037035	2	1	2	1	0	2	1	0	1	2	0	0
1	0	0.826367	0.407465	0.888889	0.444444	-0.111111	0	0	-0.037037	0.8518518518518519	0.4074074074074074	0.	0.037037037037037035	-0.037037037037037035	0.	2	1	1	1	0	2	1	0	1	2	0	1
1	0	0.801761	0.371171	0.777778	0.407407	0	-0.037037	0.111111	0	0.7777777777777778	0.4074074074074074	0.	-0.037037037037037035	0.037037037037037035	0.	2	1	0	1	0	1	1	0	1	2	1	0
1	0	0.866531	0.342474	0.888889	0.37037	-0.111111	0	0	-0.037037	0.8888888888888888	0.37037037037037035	-0.037037037037037035	0.	0.	-0.037037037037037035	2	1	2	1	0	0	1	0	1	2	2	0
1	0	0.76639	0.340422	0.777778	0.333333	0	0.111111	-0.037037	0	0.7777777777777778	0.3333333333333333	0.	0.037037037037037035	-0.037037037037037035	0.	2	0	2	1	0	0	1	0	2	0	0	0
1	0	0.740747	0.425049	0.777778	0.333333	0	0.111111	-0.037037	0	0.7407407407407407	0.37037037037037035	0.037037037037037035	0.	0.	0.037037037037037035	2	0	2	1	0	1	1	0	2	0	0	1
1	0	0.710856	0.415772	0.740741	0.444444	-0.037037	0	0	-0.111111	0.7407407407407407	0.4444444444444444	-0.037037037037037035	0.	0.	-0.037037037037037035	2	0	1	1	0	2	1	0	2	0	1	0
1	0	0.732246	0.39072	0.740741	0.444444	-0.037037	0	0	-0.111111	0.7037037037037037	0.4074074074074074	0.	-0.037037037037037035	0.037037037037037035	0.	2	0	1	1	0	1	1	0	2	0	1	1
1	0	0.699663	0.351573	0.703704	0.333333	0	0.111111	-0.037037	0	0.7037037037037037	0.3333333333333333	0.	0.037037037037037035	-0.037037037037037035	0.	2	0	0	1	0	0	1	0	2	0	2	0
1	0	0.777355	0.468254	0.666667	0.444444	0.111111	0	0	0.037037	0.6666666666666666	0.4444444444444444	0.037037037037037035	0.	0.	0.037037037037037035	2	0	0	1	1	0	1	0	2	1	0	0
1	0	0.687827	0.481191	0.666667	0.444444	0.111111	0	0	0.037037	0.7037037037037037	0.48148148148148145	0.	-0.037037037037037035	0.037037037037037035	0.	2	0	1	1	1	0	1	0	2	1	0	1
1	0	0.769349	0.505835	0.777778	0.481481	0	0.037037	-0.111111	0	0.7777777777777778	0.48148148148148145	0.	0.037037037037037035	-0.037037037037037035	0.	2	0	2	1	1	1	1	0	2	1	1	0
1	0	0.695662	0.528942	0.666667	0.518519	0.111111	0	0	0.037037	0.6666666666666666	0.5185185185185185	0.037037037037037035	0.	0.	0.037037037037037035	2	0	0	1	1	2	1	0	2	1	2	0
1	0	0.743154	0.558417	0.777778	0.555556	0	0.111111	-0.037037	0	0.7777777777777778	0.5555555555555556	0.	0.037037037037037035	-0.037037037037037035	0.	2	0	2	1	2	0	1	0	2	2	0	0
1	0	0.751443	0.58064	0.777778	0.555556	0	0.111111	-0.037037	0	0.7407407407407407	0.5925925925925926	0.037037037037037035	0.	0.	0.037037037037037035	2	0	2	1	2	1	1	0	2	2	0	1
1	0	0.714267	0.629036	0.740741	0.666667	-0.037037	0	0	-0.111111	0.7407407407407407	0.6666666666666666	-0.037037037037037035	0.	0.	-0.037037037037037035	2	0	1	1	2	2	1	0	2	2	1	0
1	0	0.702187	0.662043	0.703704	0.555556	0	0.111111	-0.037037	0	0.7037037037037037	0.5555555555555556	0.	0.037037037037037035	-0.037037037037037035	0.	2	0	0	1	2	0	1	0	2	2	2	0
1	0	0.642408	0.640486	0.666667	0.666667	-0.111111	0	0	-0.037037	0.6666666666666666	0.6666666666666666	-0.037037037037037035	0.	0.	-0.037037037037037035	1	2	2	1	2	2	1	1	0	0	0	0
1	0	0.608811	0.651118	0.666667	0.666667	-0.111111	0	0	-0.037037	0.6296296296296297	0.6296296296296297	0.	0.037037037037037035	-0.037037037037037035	0.	1	2	1	1	2	2	1	1	0	0	0	1
1	0	0.563989	0.626478	0.555556	0.62963	0	-0.037037	0.111111	0	0.5555555555555556	0.6296296296296297	0.	-0.037037037037037035	0.037037037037037035	0.	1	2	0	1	2	1	1	1	0	0	1	0
1	0	0.624349	0.605818	0.555556	0.62963	0	-0.037037	0.111111	0	0.5925925925925926	0.5925925925925926	0.037037037037037035	0.	0.	0.037037037037037035	1	2	1	1	2	1	1	1	0	0	1	1
1	0	0.631241	0.567586	0.666667	0.592593	-0.111111	0	0	-0.037037	0.6666666666666666	0.5925925925925926	-0.037037037037037035	0.	0.	-0.037037037037037035	1	2	2	1	2	0	1	1	0	0	2	0
1	0	0.54982	0.574226	0.555556	0.555556	0	0.111111	-0.037037	0	0.5555555555555556	0.5555555555555556	0.	0.037037037037037035	-0.037037037037037035	0.	1	1	2	1	2	0	1	1	0	1	0	0
1	0	0.525092	0.591528	0.555556	0.555556	0	0.111111	-0.037037	0	0.5185185185185185	0.5925925925925926	0.037037037037037035	0.	0.	0.037037037037037035	1	1	2	1	2	1	1	1	0	1	0	1
1	0	0.483424	0.60328	0.518519	0.666667	-0.037037	0	0	-0.111111	0.5185185185185185	0.6666666666666666	-0.037037037037037035	0.	0.	-0.037037037037037035	1	1	1	1	2	2	1	1	0	1	1	0
1	0	0.490535	0.619661	0.518519	0.666667	-0.037037	0	0	-0.111111	0.48148148148148145	0.6296296296296297	0.	-0.037037037037037035	0.037037037037037035	0.	1	1	1	1	2	1	1	1	0	1	1	1
1	0	0.44818	0.588239	0.481481	0.555556	0	0.111111	-0.037037	0	0.48148148148148145	0.5555555555555556	0.	0.037037037037037035	-0.037037037037037035	0.	1	1	0	1	2	0	1	1	0	1	2	0
1	0	0.404386	0.66495	0.444444	0.666667	-0.111111	0	0	-0.037037	0.4444444444444444	0.6666666666666666	-0.037037037037037035	0.	0.	-0.037037037037037035	1	0	2	1	2	2	1	1	0	2	0	0
1	0	0.386349	0.643354	0.444444	0.666667	-0.111111	0	0	-0.037037	0.4074074074074074	0.6296296296296297	0.	0.037037037037037035	-0.037037037037037035	0.	1	0	1	1	2	2	1	1	0	2	0	1
1	0	0.343569	0.610825	0.333333	0.62963	0	-0.037037	0.111111	0	0.3333333333333333	0.6296296296296297	0.	-0.037037037037037035	0.037037037037037035	0.	1	0	0	1	2	1	1	1	0	2	1	0
1	0	0.427795	0.571188	0.444444	0.592593	-0.111111	0	0	-0.037037	0.4444444444444444	0.5925925925925926	-0.037037037037037035	0.	0.	-0.037037037037037035	1	0	2	1	2	0	1	1	0	2	2	0
1	0	0.368264	0.545546	0.333333	0.555556	0	-0.111111	0.037037	0	0.3333333333333333	0.5555555555555556	0.	-0.037037037037037035	0.037037037037037035	0.	1	0	0	1	1	2	1	1	1	0	0	0
1	0	0.351229	0.490984	0.333333	0.555556	0	-0.111111	0.037037	0	0.37037037037037035	0.5185185185185185	-0.037037037037037035	0.	0.	-0.037037037037037035	1	0	0	1	1	1	1	1	1	0	0	1
1	0	0.397083	0.466027	0.37037	0.444444	0.037037	0	0	0.111111	0.37037037037037035	0.4444444444444444	0.037037037037037035	0.	0.	0.037037037037037035	1	0	1	1	1	0	1	1	1	0	1	0
1	0	0.389226	0.500265	0.37037	0.444444	0.037037	0	0	0.111111	0.4074074074074074	0.48148148148148145	0.	0.037037037037037035	-0.037037037037037035	0.	1	0	1	1	1	1	1	1	1	0	1	1
1	0	0.410824	0.555318	0.407407	0.555556	0	-0.111111	0.037037	0	0.4074074074074074	0.5555555555555556	0.	-0.037037037037037035	0.037037037037037035	0.	1	0	2	1	1	2	1	1	1	0	2	0
1	0	0.45182	0.458317	0.444444	0.444444	0.111111	0	0	0.037037	0.4444444444444444	0.4444444444444444	0.037037037037037035	0.	0.	0.037037037037037035	1	1	0	1	1	0	1	1	1	1	0	0
1	0	0.493507	0.462501	0.444444	0.444444	0.111111	0	0	0.037037	0.48148148148148145	0.48148148148148145	0.	-0.037037037037037035	0.037037037037037035	0.	1	1	1	1	1	0	1	1	1	1	0	1
1	0	0.516978	0.509078	0.555556	0.481481	0	0.037037	-0.111111	0	0.5555555555555556	0.48148148148148145	0.	0.037037037037037035	-0.037037037037037035	0.	1	1	2	1	1	1	1	1	1	1	1	0
1	0	0.459875	0.541562	0.444444	0.518519	0.111111	0	0	0.037037	0.4444444444444444	0.5185185185185185	0.037037037037037035	0.	0.	0.037037037037037035	1	1	0	1	1	2	1	1	1	1	2	0
1	0	0.574694	0.521629	0.555556	0.555556	0	-0.111111	0.037037	0	0.5555555555555556	0.5555555555555556	0.	-0.037037037037037035	0.037037037037037035	0.	1	2	0	1	1	2	1	1	1	2	0	0
1	0	0.570913	0.484141	0.555556	0.555556	0	-0.111111	0.037037	0	0.5925925925925926	0.5185185185185185	-0.037037037037037035	0.	0.	-0.037037037037037035	1	2	0	1	1	1	1	1	1	2	0	1
1	0	0.592595	0.474846	0.592593	0.444444	0.037037	0	0	0.111111	0.5925925925925926	0.4444444444444444	0.037037037037037035	0.	0.	0.037037037037037035	1	2	1	1	1	0	1	1	1	2	1	0
1	0	0.663331	0.535303	0.62963	0.555556	0	-0.111111	0.037037	0	0.6296296296296297	0.5555555555555556	0.	-0.037037037037037035	0.037037037037037035	0.	1	2	2	1	1	2	1	1	1	2	2	0
1	0	0.660106	0.442787	0.666667	0.444444	-0.111111	0	0	-0.037037	0.6666666666666666	0.4444444444444444	-0.037037037037037035	0.	0.	-0.037037037037037035	1	2	2	1	0	2	1	1	2	0	0	0
1	0	0.605714	0.43958	0.666667	0.444444	-0.111111	0	0	-0.037037	0.6296296296296297	0.4074074074074074	0.	0.037037037037037035	-0.037037037037037035	0.	1	2	1	1	0	2	1	1	2	0	0	1
1	0	0.577618	0.400954	0.555556	0.407407	0	-0.037037	0.111111	0	0.5555555555555556	0.4074074074074074	0.	-0.037037037037037035	0.037037037037037035	0.	1	2	0	1	0	1	1	1	2	0	1	0
1	0	0.620523	0.374055	0.555556	0.407407	0	-0.037037	0.111111	0	0.5925925925925926	0.37037037037037035	0.037037037037037035	0.	0.	0.037037037037037035	1	2	1	1	0	1	1	1	2	0	1	1
1	0	0.634462	0.362104	0.666667	0.37037	-0.111111	0	0	-0.037037	0.6666666666666666	0.37037037037037035	-0.037037037037037035	0.	0.	-0.037037037037037035	1	2	2	1	0	0	1	1	2	0	2	0
1	0	0.520845	0.376718	0.555556	0.333333	0	0.111111	-0.037037	0	0.5555555555555556	0.3333333333333333	0.	0.037037037037037035	-0.037037037037037035	0.	1	1	2	1	0	0	1	1	2	1	0	0
1	0	0.527676	0.393673	0.555556	0.333333	0	0.111111	-0.037037	0	0.5185185185185185	0.37037037037037035	0.037037037037037035	0.	0.	0.037037037037037035	1	1	2	1	0	1	1	1	2	1	0	1
1	0	0.505304	0.418674	0.518519	0.444444	-0.037037	0	0	-0.111111	0.5185185185185185	0.4444444444444444	-0.037037037037037035	0.	0.	-0.037037037037037035	1	1	1	1	0	2	1	1	2	1	1	0
1	0	0.462942	0.338381	0.481481	0.333333	0	0.111111	-0.037037	0	0.48148148148148145	0.3333333333333333	0.	0.037037037037037035	-0.037037037037037035	0.	1	1	0	1	0	0	1	1	2	1	2	0
1	0	0.418863	0.412839	0.444444	0.444444	-0.111111	0	0	-0.037037	0.4444444444444444	0.4444444444444444	-0.037037037037037035	0.	0.	-0.037037037037037035	1	0	2	1	0	2	1	1	2	2	0	0
1	0	0.362992	0.436382	0.444444	0.444444	-0.111111	0	0	-0.037037	0.4074074074074074	0.4074074074074074	0.	0.037037037037037035	-0.037037037037037035	0.	1	0	1	1	0	2	1	1	2	2	0	1
1	0	0.440318	0.384302	0.333333	0.407407	0	-0.037037	0.111111	0	0.3333333333333333	0.4074074074074074	0.	-0.037037037037037035	0.037037037037037035	0.	1	0	0	1	0	1	1	1	2	2	1	0
1	0	0.424149	0.358973	0.444444	0.37037	-0.111111	0	0	-0.037037	0.4444444444444444	0.37037037037037035	-0.037037037037037035	0.	0.	-0.037037037037037035	1	0	2	1	0	0	1	1	2	2	2	0
1	0	0.322939	0.348657	0.333333	0.333333	0	0.111111	-0.037037	0	0.3333333333333333	0.3333333333333333	0.	0.037037037037037035	-0.037037037037037035	0.	0	2	2	1	0	0	1	2	0	0	0	0
1	0	0.329802	0.427485	0.333333	0.333333	0	0.111111	-0.037037	0	0.2962962962962963	0.37037037037037035	0.037037037037037035	0.	0.	0.037037037037037035	0	2	2	1	0	1	1	2	0	0	0	1
1	0	0.270073	0.409269	0.296296	0.444444	-0.037037	0	0	-0.111111	0.2962962962962963	0.4444444444444444	-0.037037037037037035	0.	0.	-0.037037037037037035	0	2	1	1	0	2	1	2	0	0	1	0
1	0	0.260759	0.404145	0.296296	0.444444	-0.037037	0	0	-0.111111	0.25925925925925924	0.4074074074074074	0.	-0.037037037037037035	0.037037037037037035	0.	0	2	1	1	0	1	1	2	0	0	1	1
1	0	0.229846	0.365104	0.259259	0.333333	0	0.111111	-0.037037	0	0.25925925925925924	0.3333333333333333	0.	0.037037037037037035	-0.037037037037037035	0.	0	2	0	1	0	0	1	2	0	0	2	0
1	0	0.233369	0.455463	0.222222	0.444444	0.111111	0	0	0.037037	0.2222222222222222	0.4444444444444444	0.037037037037037035	0.	0.	0.037037037037037035	0	2	0	1	1	0	1	2	0	1	0	0
1	0	0.295785	0.47783	0.222222	0.444444	0.111111	0	0	0.037037	0.25925925925925924	0.48148148148148145	0.	-0.037037037037037035	0.037037037037037035	0.	0	2	1	1	1	0	1	2	0	1	0	1
1	0	0.326033	0.496332	0.333333	0.481481	0	0.037037	-0.111111	0	0.3333333333333333	0.48148148148148145	0.	0.037037037037037035	-0.037037037037037035	0.	0	2	2	1	1	1	1	2	0	1	1	0
1	0	0.281854	0.518295	0.333333	0.481481	0	0.037037	-0.111111	0	0.2962962962962963	0.5185185185185185	-0.037037037037037035	0.	0.	-0.037037037037037035	0	2	1	1	1	1	1	2	0	1	1	1
1	0	0.248147	0.550281	0.222222	0.518519	0.111111	0	0	0.037037	0.2222222222222222	0.5185185185185185	0.037037037037037035	0.	0.	0.037037037037037035	0	2	0	1	1	2	1	2	0	1	2	0
1	0	0.310414	0.565166	0.333333	0.555556	0	0.111111	-0.037037	0	0.3333333333333333	0.5555555555555556	0.	0.037037037037037035	-0.037037037037037035	0.	0	2	2	1	2	0	1	2	0	2	0	0
1	0	0.3034	0.659156	0.333333	0.555556	0	0.111111	-0.037037	0	0.2962962962962963	0.5925925925925926	0.037037037037037035	0.	0.	0.037037037037037035	0	2	2	1	2	1	1	2	0	2	0	1
1	0	0.278958	0.635916	0.296296	0.666667	-0.037037	0	0	-0.111111	0.2962962962962963	0.6666666666666666	-0.037037037037037035	0.	0.	-0.037037037037037035	0	2	1	1	2	2	1	2	0	2	1	0
1	0	0.226007	0.577608	0.259259	0.555556	0	0.111111	-0.037037	0	0.25925925925925924	0.5555555555555556	0.	0.037037037037037035	-0.037037037037037035	0.	0	2	0	1	2	0	1	2	0	2	2	0
1	0	0.21927	0.647068	0.222222	0.666667	-0.111111	0	0	-0.037037	0.2222222222222222	0.6666666666666666	-0.037037037037037035	0.	0.	-0.037037037037037035	0	1	2	1	2	2	1	2	1	0	0	0
1	0	0.152506	0.631906	0.222222	0.666667	-0.111111	0	0	-0.037037	0.18518518518518517	0.6296296296296297	0.	0.037037037037037035	-0.037037037037037035	0.	0	1	1	1	2	2	1	2	1	0	0	1
1	0	0.115221	0.599745	0.111111	0.62963	0	-0.037037	0.111111	0	0.1111111111111111	0.6296296296296297	0.	-0.037037037037037035	0.037037037037037035	0.	0	1	0	1	2	1	1	2	1	0	1	0
1	0	0.173386	0.614514	0.111111	0.62963	0	-0.037037	0.111111	0	0.14814814814814814	0.5925925925925926	0.037037037037037035	0.	0.	0.037037037037037035	0	1	1	1	2	1	1	2	1	0	1	1
1	0	0.186509	0.58336	0.222222	0.592593	-0.111111	0	0	-0.037037	0.2222222222222222	0.5925925925925926	-0.037037037037037035	0.	0.	-0.037037037037037035	0	1	2	1	2	0	1	2	1	0	2	0
1	0	0.140393	0.538603	0.111111	0.555556	0	-0.111111	0.037037	0	0.1111111111111111	0.5555555555555556	0.	-0.037037037037037035	0.037037037037037035	0.	0	1	0	1	1	2	1	2	1	1	0	0
1	0	0.128096	0.512885	0.111111	0.555556	0	-0.111111	0.037037	0	0.14814814814814814	0.5185185185185185	-0.037037037037037035	0.	0.	-0.037037037037037035	0	1	0	1	1	1	1	2	1	1	0	1
1	0	0.164309	0.486675	0.148148	0.444444	0.037037	0	0	0.111111	0.14814814814814814	0.4444444444444444	0.037037037037037035	0.	0.	0.037037037037037035	0	1	1	1	1	0	1	2	1	1	1	0
1	0	0.210589	0.525065	0.185185	0.555556	0	-0.111111	0.037037	0	0.18518518518518517	0.5555555555555556	0.	-0.037037037037037035	0.037037037037037035	0.	0	1	2	1	1	2	1	2	1	1	2	0
1	0	0.193609	0.444435	0.222222	0.444444	-0.111111	0	0	-0.037037	0.2222222222222222	0.4444444444444444	-0.037037037037037035	0.	0.	-0.037037037037037035	0	1	2	1	0	2	1	2	1	2	0	0
1	0	0.160944	0.432778	0.222222	0.444444	-0.111111	0	0	-0.037037	0.18518518518518517	0.4074074074074074	0.	0.037037037037037035	-0.037037037037037035	0.	0	1	1	1	0	2	1	2	1	2	0	1
1	0	0.119146	0.388628	0.111111	0.407407	0	-0.037037	0.111111	0	0.1111111111111111	0.4074074074074074	0.	-0.037037037037037035	0.037037037037037035	0.	0	1	0	1	0	1	1	2	1	2	1	0
1	0	0.189549	0.344293	0.222222	0.37037	-0.111111	0	0	-0.037037	0.2222222222222222	0.37037037037037035	-0.037037037037037035	0.	0.	-0.037037037037037035	0	1	2	1	0	0	1	2	1	2	2	0
1	0	0.108548	0.380404	0.111111	0.333333	0	0.111111	-0.037037	0	0.1111111111111111	0.3333333333333333	0.	0.037037037037037035	-0.037037037037037035	0.	0	0	2	1	0	0	1	2	2	0	0	0
1	0	0.0766665	0.369421	0.111111	0.333333	0	0.111111	-0.037037	0	0.07407407407407407	0.37037037037037035	0.037037037037037035	0.	0.	0.037037037037037035	0	0	2	1	0	1	1	2	2	0	0	1
1	0	0.0671311	0.422295	0.0740741	0.444444	-0.037037	0	0	-0.111111	0.07407407407407407	0.4444444444444444	-0.037037037037037035	0.	0.	-0.037037037037037035	0	0	1	1	0	2	1	2	2	0	1	0
1	0	0.0592843	0.398042	0.0740741	0.444444	-0.037037	0	0	-0.111111	0.037037037037037035	0.4074074074074074	0.	-0.037037037037037035	0.037037037037037035	0.	0	0	1	1	0	1	1	2	2	0	1	1
1	0	0.0266874	0.354313	0.037037	0.333333	0	0.111111	-0.037037	0	0.037037037037037035	0.3333333333333333	0.	0.037037037037037035	-0.037037037037037035	0.	0	0	0	1	0	0	1	2	2	0	2	0
1	0	0.0136029	0.451203	0	0.444444	0.111111	0	0	0.037037	0.	0.4444444444444444	0.037037037037037035	0.	0.	0.037037037037037035	0	0	0	1	1	0	1	2	2	1	0	0
1	0	0.0408077	0.471744	0	0.444444	0.111111	0	0	0.037037	0.037037037037037035	0.48148148148148145	0.	-0.037037037037037035	0.037037037037037035	0.	0	0	1	1	1	0	1	2	2	1	0	1
1	0	0.0863744	0.503645	0.111111	0.481481	0	0.037037	-0.111111	0	0.1111111111111111	0.48148148148148145	0.	0.037037037037037035	-0.037037037037037035	0.	0	0	2	1	1	1	1	2	2	1	1	0
1	0	0.0226269	0.532094	0	0.518519	0.111111	0	0	0.037037	0.	0.5185185185185185	0.037037037037037035	0.	0.	0.037037037037037035	0	0	0	1	1	2	1	2	2	1	2	0
1	0	0.0948355	0.560873	0.111111	0.555556	0	0.111111	-0.037037	0	0.1111111111111111	0.5555555555555556	0.	0.037037037037037035	-0.037037037037037035	0.	0	0	2	1	2	0	1	2	2	2	0	0
1	0	0.0796349	0.622967	0.111111	0.555556	0	0.111111	-0.037037	0	0.07407407407407407	0.5925925925925926	0.037037037037037035	0.	0.	0.037037037037037035	0	0	2	1	2	1	1	2	2	2	0	1
1	0	0.0615171	0.653994	0.0740741	0.666667	-0.037037	0	0	-0.111111	0.07407407407407407	0.6666666666666666	-0.037037037037037035	0.	0.	-0.037037037037037035	0	0	1	1	2	2	1	2	2	2	1	0
1	0	0.00181062	0.594296	0.037037	0.555556	0	0.111111	-0.037037	0	0.037037037037037035	0.5555555555555556	0.	0.037037037037037035	-0.037037037037037035	0.	0	0	0	1	2	0	1	2	2	2	2	0
1	0	0.0300996	0.679438	0	0.666667	0.111111	0	0	0.037037	0.	0.6666666666666666	0.037037037037037035	0.	0.	0.037037037037037035	0	0	0	2	0	0	2	0	0	0	0	0
1	0	0.04717	0.696108	0	0.666667	0.111111	0	0	0.037037	0.037037037037037035	0.7037037037037037	0.	-0.037037037037037035	0.037037037037037035	0.	0	0	1	2	0	0	2	0	0	0	0	1
1	0	0.10478	0.737894	0.111111	0.703704	0	0.037037	-0.111111	0	0.1111111111111111	0.7037037037037037	0.	0.037037037037037035	-0.037037037037037035	0.	0	0	2	2	0	1	2	0	0	0	1	0
1	0	0.0645553	0.721844	0.111111	0.703704	0	0.037037	-0.111111	0	0.07407407407407407	0.7407407407407407	-0.037037037037037035	0.	0.	-0.037037037037037035	0	0	1	2	0	1	2	0	0	0	1	1
1	0	0.01663	0.763269	0	0.740741	0.111111	0	0	0.037037	0.	0.7407407407407407	0.037037037037037035	0.	0.	0.037037037037037035	0	0	0	2	0	2	2	0	0	0	2	0
1	0	0.143279	0.770589	0.111111	0.777778	0	-0.111111	0.037037	0	0.1111111111111111	0.7777777777777778	0.	-0.037037037037037035	0.037037037037037035	0.	0	1	0	2	0	2	2	0	0	1	0	0
1	0	0.121909	0.710173	0.111111	0.777778	0	-0.111111	0.037037	0	0.14814814814814814	0.7407407407407407	-0.037037037037037035	0.	0.	-0.037037037037037035	0	1	0	2	0	1	2	0	0	1	0	1
1	0	0.167112	0.701086	0.148148	0.666667	0.037037	0	0	0.111111	0.14814814814814814	0.6666666666666666	0.037037037037037035	0.	0.	0.037037037037037035	0	1	1	2	0	0	2	0	0	1	1	0
1	0	0.180773	0.748619	0.148148	0.666667	0.037037	0	0	0.111111	0.18518518518518517	0.7037037037037037	0.	0.037037037037037035	-0.037037037037037035	0.	0	1	1	2	0	1	2	0	0	1	1	1
1	0	0.213907	0.757456	0.185185	0.777778	0	-0.111111	0.037037	0	0.18518518518518517	0.7777777777777778	0.	-0.037037037037037035	0.037037037037037035	0.	0	1	2	2	0	2	2	0	0	1	2	0
1	0	0.239972	0.671626	0.222222	0.666667	0.111111	0	0	0.037037	0.2222222222222222	0.6666666666666666	0.037037037037037035	0.	0.	0.037037037037037035	0	2	0	2	0	0	2	0	0	2	0	0
1	0	0.272784	0.690336	0.222222	0.666667	0.111111	0	0	0.037037	0.25925925925925924	0.7037037037037037	0.	-0.037037037037037035	0.037037037037037035	0.	0	2	1	2	0	0	2	0	0	2	0	1
1	0	0.293761	0.729208	0.333333	0.703704	0	0.037037	-0.111111	0	0.3333333333333333	0.7037037037037037	0.	0.037037037037037035	-0.037037037037037035	0.	0	2	2	2	0	1	2	0	0	2	1	0
1	0	0.267015	0.777765	0.222222	0.740741	0.111111	0	0	0.037037	0.2222222222222222	0.7407407407407407	0.037037037037037035	0.	0.	0.037037037037037035	0	2	0	2	0	2	2	0	0	2	2	0
1	0	0.332309	0.846269	0.333333	0.777778	0	0.111111	-0.037037	0	0.3333333333333333	0.7777777777777778	0.	0.037037037037037035	-0.037037037037037035	0.	0	2	2	2	1	0	2	0	1	0	0	0
1	0	0.317297	0.807559	0.333333	0.777778	0	0.111111	-0.037037	0	0.2962962962962963	0.8148148148148148	0.037037037037037035	0.	0.	0.037037037037037035	0	2	2	2	1	1	2	0	1	0	0	1
1	0	0.287555	0.854725	0.296296	0.888889	-0.037037	0	0	-0.111111	0.2962962962962963	0.8888888888888888	-0.037037037037037035	0.	0.	-0.037037037037037035	0	2	1	2	1	2	2	0	1	0	1	0
1	0	0.259281	0.842333	0.296296	0.888889	-0.037037	0	0	-0.111111	0.25925925925925924	0.8518518518518519	0.	-0.037037037037037035	0.037037037037037035	0.	0	2	1	2	1	1	2	0	1	0	1	1
1	0	0.245146	0.81729	0.259259	0.777778	0	0.111111	-0.037037	0	0.25925925925925924	0.7777777777777778	0.	0.037037037037037035	-0.037037037037037035	0.	0	2	0	2	1	0	2	0	1	0	2	0
1	0	0.204065	0.871035	0.222222	0.888889	-0.111111	0	0	-0.037037	0.2222222222222222	0.8888888888888888	-0.037037037037037035	0.	0.	-0.037037037037037035	0	1	2	2	1	2	2	0	1	1	0	0
1	0	0.154724	0.864735	0.222222	0.888889	-0.111111	0	0	-0.037037	0.18518518518518517	0.8518518518518519	0.	0.037037037037037035	-0.037037037037037035	0.	0	1	1	2	1	2	2	0	1	1	0	1
1	0	0.130063	0.83444	0.111111	0.851852	0	-0.037037	0.111111	0	0.1111111111111111	0.8518518518518519	0.	-0.037037037037037035	0.037037037037037035	0.	0	1	0	2	1	1	2	0	1	1	1	0
1	0	0.196136	0.784285	0.222222	0.814815	-0.111111	0	0	-0.037037	0.2222222222222222	0.8148148148148148	-0.037037037037037035	0.	0.	-0.037037037037037035	0	1	2	2	1	0	2	0	1	1	2	0
1	0	0.0742185	0.794083	0.111111	0.777778	0	0.111111	-0.037037	0	0.1111111111111111	0.7777777777777778	0.	0.037037037037037035	-0.037037037037037035	0.	0	0	2	2	1	0	2	0	1	2	0	0
1	0	0.0924231	0.825606	0.111111	0.777778	0	0.111111	-0.037037	0	0.07407407407407407	0.8148148148148148	0.037037037037037035	0.	0.	0.037037037037037035	0	0	2	2	1	1	2	0	1	2	0	1
1	0	0.0497688	0.876193	0.0740741	0.888889	-0.037037	0	0	-0.111111	0.07407407407407407	0.8888888888888888	-0.037037037037037035	0.	0.	-0.037037037037037035	0	0	1	2	1	2	2	0	1	2	1	0
1	0	0.0106846	0.804392	0.037037	0.777778	0	0.111111	-0.037037	0	0.037037037037037035	0.7777777777777778	0.	0.037037037037037035	-0.037037037037037035	0.	0	0	0	2	1	0	2	0	1	2	2	0
1	0	0.0246755	0.897418	0	0.888889	0.111111	0	0	0.037037	0.	0.8888888888888888	0.037037037037037035	0.	0.	0.037037037037037035	0	0	0	2	2	0	2	0	2	0	0	0
1	0	0.106824	0.910475	0	0.888889	0.111111	0	0	0.037037	0.037037037037037035	0.9259259259259259	0.	-0.037037037037037035	0.037037037037037035	0.	0	0	1	2	2	0	2	0	2	0	0	1
1	0	0.0690822	0.960523	0.111111	0.925926	0	0.037037	-0.111111	0	0.1111111111111111	0.9259259259259259	0.	0.037037037037037035	-0.037037037037037035	0.	0	0	2	2	2	1	2	0	2	0	1	0
1	0	0.0386339	0.930955	0.111111	0.925926	0	0.037037	-0.111111	0	0.07407407407407407	0.9629629629629629	-0.037037037037037035	0.	0.	-0.037037037037037035	0	0	1	2	2	1	2	0	2	0	1	1
1	0	0.0877174	0.979774	0	0.962963	0.111111	0	0	0.037037	0.	0.9629629629629629	0.037037037037037035	0.	0.	0.037037037037037035	0	0	0	2	2	2	2	0	2	0	2	0
1	0	0.148005	0.988536	0.111111	1	0	-0.111111	0.037037	0	0.1111111111111111	1.	0.	-0.037037037037037035	0.037037037037037035	0.	0	1	0	2	2	2	2	0	2	1	0	0
1	0	0.135065	0.951716	0.111111	1	0	-0.111111	0.037037	0	0.14814814814814814	0.9629629629629629	-0.037037037037037035	0.	0.	-0.037037037037037035	0	1	0	2	2	1	2	0	2	1	0	1
1	0	0.175155	0.905533	0.148148	0.888889	0.037037	0	0	0.111111	0.14814814814814814	0.8888888888888888	0.037037037037037035	0.	0.	0.037037037037037035	0	1	1	2	2	0	2	0	2	1	1	0
1	0	0.206343	0.971634	0.185185	1	0	-0.111111	0.037037	0	0.18518518518518517	1.	0.	-0.037037037037037035	0.037037037037037035	0.	0	1	2	2	2	2	2	0	2	1	2	0
1	0	0.308529	0.893823	0.222222	0.888889	0.111111	0	0	0.037037	0.2222222222222222	0.8888888888888888	0.037037037037037035	0.	0.	0.037037037037037035	0	2	0	2	2	0	2	0	2	2	0	0
1	0	0.227812	0.923955	0.222222	0.888889	0.111111	0	0	0.037037	0.25925925925925924	0.9259259259259259	0.	-0.037037037037037035	0.037037037037037035	0.	0	2	1	2	2	0	2	0	2	2	0	1
1	0	0.253251	0.945116	0.333333	0.925926	0	0.037037	-0.111111	0	0.3333333333333333	0.9259259259259259	0.	0.037037037037037035	-0.037037037037037035	0.	0	2	2	2	2	1	2	0	2	2	1	0
1	0	0.301496	0.966889	0.222222	0.962963	0.111111	0	0	0.037037	0.2222222222222222	0.9629629629629629	0.037037037037037035	0.	0.	0.037037037037037035	0	2	0	2	2	2	2	0	2	2	2	0
1	0	0.335714	0.998392	0.333333	1	0	-0.111111	0.037037	0	0.3333333333333333	1.	0.	-0.037037037037037035	0.037037037037037035	0.	1	0	0	2	2	2	2	1	0	0	0	0
1	0	0.35737	0.936363	0.333333	1	0	-0.111111	0.037037	0	0.37037037037037035	0.9629629629629629	-0.037037037037037035	0.	0.	-0.037037037037037035	1	0	0	2	2	1	2	1	0	0	0	1
1	0	0.391655	0.913922	0.37037	0.888889	0.037037	0	0	0.111111	0.37037037037037035	0.8888888888888888	0.037037037037037035	0.	0.	0.037037037037037035	1	0	1	2	2	0	2	1	0	0	1	0
1	0	0.402777	0.94153	0.37037	0.888889	0.037037	0	0	0.111111	0.4074074074074074	0.9259259259259259	0.	0.037037037037037035	-0.037037037037037035	0.	1	0	1	2	2	1	2	1	0	0	1	1
1	0	0.432402	0.983488	0.407407	1	0	-0.111111	0.037037	0	0.4074074074074074	1.	0.	-0.037037037037037035	0.037037037037037035	0.	1	0	2	2	2	2	2	1	0	0	2	0
1	0	0.413332	0.861064	0.444444	0.888889	-0.111111	0	0	-0.037037	0.4444444444444444	0.8888888888888888	-0.037037037037037035	0.	0.	-0.037037037037037035	1	0	2	2	1	2	2	1	0	1	0	0
1	0	0.349588	0.880128	0.444444	0.888889	-0.111111	0	0	-0.037037	0.4074074074074074	0.8518518518518519	0.	0.037037037037037035	-0.037037037037037035	0.	1	0	1	2	1	2	2	1	0	1	0	1
1	0	0.44444	0.849985	0.333333	0.851852	0	-0.037037	0.111111	0	0.3333333333333333	0.8518518518518519	0.	-0.037037037037037035	0.037037037037037035	0.	1	0	0	2	1	1	2	1	0	1	1	0
1	0	0.380707	0.821035	0.333333	0.851852	0	-0.037037	0.111111	0	0.37037037037037035	0.8148148148148148	0.037037037037037035	0.	0.	0.037037037037037035	1	0	1	2	1	1	2	1	0	1	1	1
1	0	0.437222	0.799671	0.444444	0.814815	-0.111111	0	0	-0.037037	0.4444444444444444	0.8148148148148148	-0.037037037037037035	0.	0.	-0.037037037037037035	1	0	2	2	1	0	2	1	0	1	2	0
1	0	0.337805	0.742252	0.333333	0.777778	0	-0.111111	0.037037	0	0.3333333333333333	0.7777777777777778	0.	-0.037037037037037035	0.037037037037037035	0.	1	0	0	2	0	2	2	1	0	2	0	0
1	0	0.36534	0.717871	0.333333	0.777778	0	-0.111111	0.037037	0	0.37037037037037035	0.7407407407407407	-0.037037037037037035	0.	0.	-0.037037037037037035	1	0	0	2	0	1	2	1	0	2	0	1
1	0	0.374849	0.676552	0.37037	0.666667	0.037037	0	0	0.111111	0.37037037037037035	0.6666666666666666	0.037037037037037035	0.	0.	0.037037037037037035	1	0	1	2	0	0	2	1	0	2	1	0
1	0	0.421666	0.773785	0.407407	0.777778	0	-0.111111	0.037037	0	0.4074074074074074	0.7777777777777778	0.	-0.037037037037037035	0.037037037037037035	0.	1	0	2	2	0	2	2	1	0	2	2	0
1	0	0.474803	0.687166	0.444444	0.666667	0.111111	0	0	0.037037	0.4444444444444444	0.6666666666666666	0.037037037037037035	0.	0.	0.037037037037037035	1	1	0	2	0	0	2	1	1	0	0	0
1	0	0.507981	0.668569	0.444444	0.666667	0.111111	0	0	0.037037	0.48148148148148145	0.7037037037037037	0.	-0.037037037037037035	0.037037037037037035	0.	1	1	1	2	0	0	2	1	1	0	0	1
1	0	0.542862	0.706619	0.555556	0.703704	0	0.037037	-0.111111	0	0.5555555555555556	0.7037037037037037	0.	0.037037037037037035	-0.037037037037037035	0.	1	1	2	2	0	1	2	1	1	0	1	0
1	0	0.510674	0.733224	0.555556	0.703704	0	0.037037	-0.111111	0	0.5185185185185185	0.7407407407407407	-0.037037037037037035	0.	0.	-0.037037037037037035	1	1	1	2	0	1	2	1	1	0	1	1
1	0	0.465427	0.754107	0.444444	0.740741	0.111111	0	0	0.037037	0.4444444444444444	0.7407407407407407	0.037037037037037035	0.	0.	0.037037037037037035	1	1	0	2	0	2	2	1	1	0	2	0
1	0	0.55196	0.813187	0.555556	0.777778	0	0.111111	-0.037037	0	0.5555555555555556	0.7777777777777778	0.	0.037037037037037035	-0.037037037037037035	0.	1	1	2	2	1	0	2	1	1	1	0	0
1	0	0.533856	0.829886	0.555556	0.777778	0	0.111111	-0.037037	0	0.5185185185185185	0.8148148148148148	0.037037037037037035	0.	0.	0.037037037037037035	1	1	2	2	1	1	2	1	1	1	0	1
1	0	0.518491	0.882874	0.518519	0.888889	-0.037037	0	0	-0.111111	0.5185185185185185	0.8888888888888888	-0.037037037037037035	0.	0.	-0.037037037037037035	1	1	1	2	1	2	2	1	1	1	1	0
1	0	0.481308	0.788992	0.481481	0.777778	0	0.111111	-0.037037	0	0.48148148148148145	0.7777777777777778	0.	0.037037037037037035	-0.037037037037037035	0.	1	1	0	2	1	0	2	1	1	1	2	0
1	0	0.457752	0.889328	0.444444	0.888889	0.111111	0	0	0.037037	0.4444444444444444	0.8888888888888888	0.037037037037037035	0.	0.	0.037037037037037035	1	1	0	2	2	0	2	1	1	2	0	0
1	0	0.499607	0.917097	0.444444	0.888889	0.111111	0	0	0.037037	0.48148148148148145	0.9259259259259259	0.	-0.037037037037037035	0.037037037037037035	0.	1	1	1	2	2	0	2	1	1	2	0	1
1	0	0.48874	0.957144	0.555556	0.925926	0	0.037037	-0.111111	0	0.5555555555555556	0.9259259259259259	0.	0.037037037037037035	-0.037037037037037035	0.	1	1	2	2	2	1	2	1	1	2	1	0
1	0	0.470403	0.994943	0.444444	0.962963	0.111111	0	0	0.037037	0.4444444444444444	0.9629629629629629	0.037037037037037035	0.	0.	0.037037037037037035	1	1	0	2	2	2	2	1	1	2	2	0
1	0	0.555631	0.991511	0.555556	1	0	-0.111111	0.037037	0	0.5555555555555556	1.	0.	-0.037037037037037035	0.037037037037037035	0.	1	2	0	2	2	2	2	1	2	0	0	0
1	0	0.568563	0.927605	0.555556	1	0	-0.111111	0.037037	0	0.5925925925925926	0.9629629629629629	-0.037037037037037035	0.	0.	-0.037037037037037035	1	2	0	2	2	1	2	1	2	0	0	1
1	0	0.622292	0.920151	0.592593	0.888889	0.037037	0	0	0.111111	0.5925925925925926	0.8888888888888888	0.037037037037037035	0.	0.	0.037037037037037035	1	2	1	2	2	0	2	1	2	0	1	0
1	0	0.596639	0.948645	0.592593	0.888889	0.037037	0	0	0.111111	0.6296296296296297	0.9259259259259259	0.	0.037037037037037035	-0.037037037037037035	0.	1	2	1	2	2	1	2	1	2	0	1	1
1	0	0.629673	0.977083	0.62963	1	0	-0.111111	0.037037	0	0.6296296296296297	1.	0.	-0.037037037037037035	0.037037037037037035	0.	1	2	2	2	2	2	2	1	2	0	2	0
1	0	0.614175	0.857819	0.666667	0.888889	-0.111111	0	0	-0.037037	0.6666666666666666	0.8888888888888888	-0.037037037037037035	0.	0.	-0.037037037037037035	1	2	2	2	1	2	2	1	2	1	0	0
1	0	0.639918	0.885758	0.666667	0.888889	-0.111111	0	0	-0.037037	0.6296296296296297	0.8518518518518519	0.	0.037037037037037035	-0.037037037037037035	0.	1	2	1	2	1	2	2	1	2	1	0	1
1	0	0.589416	0.837373	0.555556	0.851852	0	-0.037037	0.111111	0	0.5555555555555556	0.8518518518518519	0.	-0.037037037037037035	0.037037037037037035	0.	1	2	0	2	1	1	2	1	2	1	1	0
1	0	0.653854	0.797001	0.666667	0.814815	-0.111111	0	0	-0.037037	0.6666666666666666	0.8148148148148148	-0.037037037037037035	0.	0.	-0.037037037037037035	1	2	2	2	1	0	2	1	2	1	2	0
1	0	0.584114	0.74588	0.555556	0.777778	0	-0.111111	0.037037	0	0.5555555555555556	0.7777777777777778	0.	-0.037037037037037035	0.037037037037037035	0.	1	2	0	2	0	2	2	1	2	2	0	0
1	0	0.561077	0.725302	0.555556	0.777778	0	-0.111111	0.037037	0	0.5925925925925926	0.7407407407407407	-0.037037037037037035	0.	0.	-0.037037037037037035	1	2	0	2	0	1	2	1	2	2	0	1
1	0	0.599275	0.713659	0.592593	0.666667	0.037037	0	0	0.111111	0.5925925925925926	0.6666666666666666	0.037037037037037035	0.	0.	0.037037037037037035	1	2	1	2	0	0	2	1	2	2	1	0
1	0	0.647923	0.766246	0.62963	0.777778	0	-0.111111	0.037037	0	0.6296296296296297	0.7777777777777778	0.	-0.037037037037037035	0.037037037037037035	0.	1	2	2	2	0	2	2	1	2	2	2	0
1	0	0.669478	0.693591	0.666667	0.666667	0.111111	0	0	0.037037	0.6666666666666666	0.6666666666666666	0.037037037037037035	0.	0.	0.037037037037037035	2	0	0	2	0	0	2	2	0	0	0	0
1	0	0.725515	0.682191	0.666667	0.666667	0.111111	0	0	0.037037	0.7037037037037037	0.7037037037037037	0.	-0.037037037037037035	0.037037037037037035	0.	2	0	1	2	0	0	2	2	0	0	0	1
1	0	0.763268	0.735585	0.777778	0.703704	0	0.037037	-0.111111	0	0.7777777777777778	0.7037037037037037	0.	0.037037037037037035	-0.037037037037037035	0.	2	0	2	2	0	1	2	2	0	0	1	0
1	0	0.681815	0.703916	0.777778	0.703704	0	0.037037	-0.111111	0	0.7407407407407407	0.7407407407407407	-0.037037037037037035	0.	0.	-0.037037037037037035	2	0	1	2	0	1	2	2	0	0	1	1
1	0	0.704909	0.77702	0.666667	0.740741	0.111111	0	0	0.037037	0.6666666666666666	0.7407407407407407	0.037037037037037035	0.	0.	0.037037037037037035	2	0	0	2	0	2	2	2	0	0	2	0
1	0	0.779895	0.760458	0.777778	0.777778	0	-0.111111	0.037037	0	0.7777777777777778	0.7777777777777778	0.	-0.037037037037037035	0.037037037037037035	0.	2	1	0	2	0	2	2	2	0	1	0	0
1	0	0.804574	0.751551	0.777778	0.777778	0	-0.111111	0.037037	0	0.8148148148148148	0.7407407407407407	-0.037037037037037035	0.	0.	-0.037037037037037035	2	1	0	2	0	1	2	2	0	1	0	1
1	0	0.817442	0.685151	0.814815	0.666667	0.037037	0	0	0.111111	0.8148148148148148	0.6666666666666666	0.037037037037037035	0.	0.	0.037037037037037035	2	1	1	2	0	0	2	2	0	1	1	0
1	0	0.83819	0.715919	0.814815	0.666667	0.037037	0	0	0.111111	0.8518518518518519	0.7037037037037037	0.	0.037037037037037035	-0.037037037037037035	0.	2	1	1	2	0	1	2	2	0	1	1	1
1	0	0.888727	0.727357	0.851852	0.777778	0	-0.111111	0.037037	0	0.8518518518518519	0.7777777777777778	0.	-0.037037037037037035	0.037037037037037035	0.	2	1	2	2	0	2	2	2	0	1	2	0
1	0	0.923597	0.674624	0.888889	0.666667	0.111111	0	0	0.037037	0.8888888888888888	0.6666666666666666	0.037037037037037035	0.	0.	0.037037037037037035	2	2	0	2	0	0	2	2	0	2	0	0
1	0	0.966922	0.699019	0.888889	0.666667	0.111111	0	0	0.037037	0.9259259259259259	0.7037037037037037	0.	-0.037037037037037035	0.037037037037037035	0.	2	2	1	2	0	0	2	2	0	2	0	1
1	0	0.972999	0.740455	1	0.703704	0	0.037037	-0.111111	0	1.	0.7037037037037037	0.	0.037037037037037035	-0.037037037037037035	0.	2	2	2	2	0	1	2	2	0	2	1	0
1	0	0.907197	0.768622	0.888889	0.740741	0.111111	0	0	0.037037	0.8888888888888888	0.7407407407407407	0.037037037037037035	0.	0.	0.037037037037037035	2	2	0	2	0	2	2	2	0	2	2	0
1	0	0.985854	0.802157	1	0.777778	0	0.111111	-0.037037	0	1.	0.7777777777777778	0.	0.037037037037037035	-0.037037037037037035	0.	2	2	2	2	1	0	2	2	1	0	0	0
1	0	0.998122	0.781178	1	0.777778	0	0.111111	-0.037037	0	0.9629629629629629	0.8148148148148148	0.037037037037037035	0.	0.	0.037037037037037035	2	2	2	2	1	1	2	2	1	0	0	1
1	0	0.932639	0.832123	0.962963	0.888889	-0.037037	0	0	-0.111111	0.9629629629629629	0.8888888888888888	-0.037037037037037035	0.	0.	-0.037037037037037035	2	2	1	2	1	2	2	2	1	0	1	0
1	0	0.950202	0.862996	0.962963	0.888889	-0.037037	0	0	-0.111111	0.9259259259259259	0.8518518518518519	0.	-0.037037037037037035	0.037037037037037035	0.	2	2	1	2	1	1	2	2	1	0	1	1
1	0	0.897498	0.815498	0.925926	0.777778	0	0.111111	-0.037037	0	0.9259259259259259	0.7777777777777778	0.	0.037037037037037035	-0.037037037037037035	0.	2	2	0	2	1	0	2	2	1	0	2	0
1	0	0.852915	0.873859	0.888889	0.888889	-0.111111	0	0	-0.037037	0.8888888888888888	0.8888888888888888	-0.037037037037037035	0.	0.	-0.037037037037037035	2	1	2	2	1	2	2	2	1	1	0	0
1	0	0.861386	0.852132	0.888889	0.888889	-0.111111	0	0	-0.037037	0.8518518518518519	0.8518518518518519	0.	0.037037037037037035	-0.037037037037037035	0.	2	1	1	2	1	2	2	2	1	1	0	1
1	0	0.794994	0.827223	0.777778	0.851852	0	-0.037037	0.111111	0	0.7777777777777778	0.8518518518518519	0.	-0.037037037037037035	0.037037037037037035	0.	2	1	0	2	1	1	2	2	1	1	1	0
1	0	0.872951	0.791968	0.888889	0.814815	-0.111111	0	0	-0.037037	0.8888888888888888	0.8148148148148148	-0.037037037037037035	0.	0.	-0.037037037037037035	2	1	2	2	1	0	2	2	1	1	2	0
1	0	0.754247	0.786412	0.777778	0.777778	0	0.111111	-0.037037	0	0.7777777777777778	0.7777777777777778	0.	0.037037037037037035	-0.037037037037037035	0.	2	0	2	2	1	0	2	2	1	2	0	0
1	0	0.745626	0.840247	0.777778	0.777778	0	0.111111	-0.037037	0	0.7407407407407407	0.8148148148148148	0.037037037037037035	0.	0.	0.037037037037037035	2	0	2	2	1	1	2	2	1	2	0	1
1	0	0.719542	0.86785	0.740741	0.888889	-0.037037	0	0	-0.111111	0.7407407407407407	0.8888888888888888	-0.037037037037037035	0.	0.	-0.037037037037037035	2	0	1	2	1	2	2	2	1	2	1	0
1	0	0.675987	0.810343	0.703704	0.777778	0	0.111111	-0.037037	0	0.7037037037037037	0.7777777777777778	0.	0.037037037037037035	-0.037037037037037035	0.	2	0	0	2	1	0	2	2	1	2	2	0
1	0	0.690423	0.90325	0.666667	0.888889	0.111111	0	0	0.037037	0.6666666666666666	0.8888888888888888	0.037037037037037035	0.	0.	0.037037037037037035	2	0	0	2	2	0	2	2	2	0	0	0
1	0	0.734577	0.900321	0.666667	0.888889	0.111111	0	0	0.037037	0.7037037037037037	0.9259259259259259	0.	-0.037037037037037035	0.037037037037037035	0.	2	0	1	2	2	0	2	2	2	0	0	1
1	0	0.771794	0.933239	0.777778	0.925926	0	0.037037	-0.111111	0	0.7777777777777778	0.9259259259259259	0.	0.037037037037037035	-0.037037037037037035	0.	2	0	2	2	2	1	2	2	2	0	1	0
1	0	0.6711	0.962962	0.777778	0.925926	0	0.037037	-0.111111	0	0.7407407407407407	0.9629629629629629	-0.037037037037037035	0.	0.	-0.037037037037037035	2	0	1	2	2	1	2	2	2	0	1	1
1	0	0.729958	0.97436	0.666667	0.962963	0.111111	0	0	0.037037	0.6666666666666666	0.9629629629629629	0.037037037037037035	0.	0.	0.037037037037037035	2	0	0	2	2	2	2	2	2	0	2	0
1	0	0.799774	0.954624	0.777778	1	0	-0.111111	0.037037	0	0.7777777777777778	1.	0.	-0.037037037037037035	0.037037037037037035	0.	2	1	0	2	2	2	2	2	2	1	0	0
1	0	0.813544	0.939001	0.777778	1	0	-0.111111	0.037037	0	0.8148148148148148	0.9629629629629629	-0.037037037037037035	0.	0.	-0.037037037037037035	2	1	0	2	2	1	2	2	2	1	0	1
1	0	0.835636	0.891593	0.814815	0.888889	0.037037	0	0	0.111111	0.8148148148148148	0.8888888888888888	0.037037037037037035	0.	0.	0.037037037037037035	2	1	1	2	2	0	2	2	2	1	1	0
1	0	0.880176	0.985914	0.851852	1	0	-0.111111	0.037037	0	0.8518518518518519	1.	0.	-0.037037037037037035	0.037037037037037035	0.	2	1	2	2	2	2	2	2	2	1	2	0
1	0	0.955428	0.908052	0.888889	0.888889	0.111111	0	0	0.037037	0.8888888888888888	0.8888888888888888	0.037037037037037035	0.	0.	0.037037037037037035	2	2	0	2	2	0	2	2	2	2	0	0
1	0	0.918098	0.921887	0.888889	0.888889	0.111111	0	0	0.037037	0.9259259259259259	0.9259259259259259	0.	-0.037037037037037035	0.037037037037037035	0.	2	2	1	2	2	0	2	2	2	2	0	1
1	0	0.977911	0.946754	1	0.925926	0	0.037037	-0.111111	0	1.	0.9259259259259259	0.	0.037037037037037035	-0.037037037037037035	0.	2	2	2	2	2	1	2	2	2	2	1	0
1	0	0.90204	0.96865	0.888889	0.962963	0.111111	0	0	0.037037	0.8888888888888888	0.9629629629629629	0.037037037037037035	0.	0.	0.037037037037037035	2	2	0	2	2	2	2	2	2	2	2	0
