1	0	0.00259963	0.00251271	0	0	0.111111	0	0	0.037037	0.	0.	0.037037037037037035	0.	0.	0.037037037037037035	0	0	0	0	0	0	0	0	0	0	0	0
1	0	0.0818933	0.0241769	0	0	0.111111	0	0	0.037037	0.037037037037037035	0.037037037037037035	0.	-0.037037037037037035	0.037037037037037035	0.	0	0	1	0	0	0	0	0	0	0	0	1
1	0	0.104253	0.0546781	0.111111	0.037037	0	0.037037	-0.111111	0	0.1111111111111111	0.037037037037037035	0.	0.037037037037037035	-0.037037037037037035	0.	0	0	2	0	0	1	0	0	0	0	1	0
1	0	0.0498233	0.0437967	0.111111	0.037037	0	0.037037	-0.111111	0	0.07407407407407407	0.07407407407407407	-0.037037037037037035	0.	0.	-0.037037037037037035	0	0	1	0	0	1	0	0	0	0	1	1
1	0	0.0286696	0.0959041	0	0.0740741	0.111111	0	0	0.037037	0.	0.07407407407407407	0.037037037037037035	0.	0.	0.037037037037037035	0	0	0	0	0	2	0	0	0	0	2	0
1	0	0.119313	0.0777807	0.111111	0.111111	0	-0.111111	0.037037	0	0.1111111111111111	0.1111111111111111	0.	-0.037037037037037035	0.037037037037037035	0.	0	1	0	0	0	2	0	0	0	1	0	0
1	0	0.139446	0.110758	0.111111	0.111111	0	-0.111111	0.037037	0	0.14814814814814814	0.07407407407407407	-0.037037037037037035	0.	0.	-0.037037037037037035	0	1	0	0	0	1	0	0	0	1	0	1
1	0	0.157259	0.0166392	0.148148	0	0.037037	0	0	0.111111	0.14814814814814814	0.	0.037037037037037035	0.	0.	0.037037037037037035	0	1	1	0	0	0	0	0	0	1	1	0
1	0	0.166889	0.0482875	0.148148	0	0.037037	0	0	0.111111	0.18518518518518517	0.037037037037037035	0.	0.037037037037037035	-0.037037037037037035	0.	0	1	1	0	0	1	0	0	0	1	1	1
1	0	0.206927	0.0827508	0.185185	0.111111	0	-0.111111	0.037037	0	0.18518518518518517	0.1111111111111111	0.	-0.037037037037037035	0.037037037037037035	0.	0	1	2	0	0	2	0	0	0	1	2	0
1	0	0.232927	0.00841367	0.222222	0	0.111111	0	0	0.037037	0.2222222222222222	0.	0.037037037037037035	0.	0.	0.037037037037037035	0	2	0	0	0	0	0	0	0	2	0	0
1	0	0.27382	0.0279355	0.222222	0	0.111111	0	0	0.037037	0.25925925925925924	0.037037037037037035	0.	-0.037037037037037035	0.037037037037037035	0.	0	2	1	0	0	0	0	0	0	2	0	1
1	0	0.328683	0.0584969	0.333333	0.037037	0	0.037037	-0.111111	0	0.3333333333333333	0.037037037037037035	0.	0.037037037037037035	-0.037037037037037035	0.	0	2	2	0	0	1	0	0	0	2	1	0
1	0	0.310853	0.0692566	0.333333	0.037037	0	0.037037	-0.111111	0	0.2962962962962963	0.07407407407407407	-0.037037037037037035	0.	0.	-0.037037037037037035	0	2	1	0	0	1	0	0	0	2	1	1
1	0	0.242388	0.090122	0.222222	0.0740741	0.111111	0	0	0.037037	0.2222222222222222	0.07407407407407407	0.037037037037037035	0.	0.	0.037037037037037035	0	2	0	0	0	2	0	0	0	2	2	0
1	0	0.30429	0.115241	0.333333	0.111111	0	0.111111	-0.037037	0	0.3333333333333333	0.1111111111111111	0.	0.037037037037037035	-0.037037037037037035	0.	0	2	2	0	1	0	0	0	1	0	0	0
1	0	0.318535	0.18232	0.333333	0.111111	0	0.111111	-0.037037	0	0.2962962962962963	0.14814814814814814	0.037037037037037035	0.	0.	0.037037037037037035	0	2	2	0	1	1	0	0	1	0	0	1
1	0	0.25927	0.186238	0.296296	0.222222	-0.037037	0	0	-0.111111	0.2962962962962963	0.2222222222222222	-0.037037037037037035	0.	0.	-0.037037037037037035	0	2	1	0	1	2	0	0	1	0	1	0
1	0	0.289286	0.172126	0.296296	0.222222	-0.037037	0	0	-0.111111	0.25925925925925924	0.18518518518518517	0.	-0.037037037037037035	0.037037037037037035	0.	0	2	1	0	1	1	0	0	1	0	1	1
1	0	0.254147	0.131744	0.259259	0.111111	0	0.111111	-0.037037	0	0.25925925925925924	0.1111111111111111	0.	0.037037037037037035	-0.037037037037037035	0.	0	2	0	0	1	0	0	0	1	0	2	0
1	0	0.202028	0.219454	0.222222	0.222222	-0.111111	0	0	-0.037037	0.2222222222222222	0.2222222222222222	-0.037037037037037035	0.	0.	-0.037037037037037035	0	1	2	0	1	2	0	0	1	1	0	0
1	0	0.182825	0.196194	0.222222	0.222222	-0.111111	0	0	-0.037037	0.18518518518518517	0.18518518518518517	0.	0.037037037037037035	-0.037037037037037035	0.	0	1	1	0	1	2	0	0	1	1	0	1
1	0	0.133999	0.156792	0.111111	0.185185	0	-0.037037	0.111111	0	0.1111111111111111	0.18518518518518517	0.	-0.037037037037037035	0.037037037037037035	0.	0	1	0	0	1	1	0	0	1	1	1	0
1	0	0.187413	0.150209	0.111111	0.185185	0	-0.037037	0.111111	0	0.14814814814814814	0.14814814814814814	0.037037037037037035	0.	0.	0.037037037037037035	0	1	1	0	1	1	0	0	1	1	1	1
1	0	0.218954	0.13667	0.222222	0.148148	-0.111111	0	0	-0.037037	0.2222222222222222	0.14814814814814814	-0.037037037037037035	0.	0.	-0.037037037037037035	0	1	2	0	1	0	0	0	1	1	2	0
1	0	0.0890487	0.120969	0.111111	0.111111	0	0.111111	-0.037037	0	0.1111111111111111	0.1111111111111111	0.	0.037037037037037035	-0.037037037037037035	0.	0	0	2	0	1	0	0	0	1	2	0	0
1	0	0.0985752	0.211101	0.111111	0.111111	0	0.111111	-0.037037	0	0.07407407407407407	0.14814814814814814	0.037037037037037035	0.	0.	0.037037037037037035	0	0	2	0	1	1	0	0	1	2	0	1
1	0	0.0537559	0.191885	0.0740741	0.222222	-0.037037	0	0	-0.111111	0.07407407407407407	0.2222222222222222	-0.037037037037037035	0.	0.	-0.037037037037037035	0	0	1	0	1	2	0	0	1	2	1	0
1	0	0.0419626	0.164034	0.0740741	0.222222	-0.037037	0	0	-0.111111	0.037037037037037035	0.18518518518518517	0.	-0.037037037037037035	0.037037037037037035	0.	0	0	1	0	1	1	0	0	1	2	1	1
1	0	0.0165808	0.144194	0.037037	0.111111	0	0.111111	-0.037037	0	0.037037037037037035	0.1111111111111111	0.	0.037037037037037035	-0.037037037037037035	0.	0	0	0	0	1	0	0	0	1	2	2	0
1	0	0.00896727	0.250258	0	0.222222	0.111111	0	0	0.037037	0.	0.2222222222222222	0.037037037037037035	0.	0.	0.037037037037037035	0	0	0	0	2	0	0	0	2	0	0	0
1	0	0.0634292	0.237235	0	0.222222	0.111111	0	0	0.037037	0.037037037037037035	0.25925925925925924	0.	-0.037037037037037035	0.037037037037037035	0.	0	0	1	0	2	0	0	0	2	0	0	1
1	0	0.108974	0.267255	0.111111	0.259259	0	0.037037	-0.111111	0	0.1111111111111111	0.25925925925925924	0.	0.037037037037037035	-0.037037037037037035	0.	0	0	2	0	2	1	0	0	2	0	1	0
1	0	0.0718011	0.294717	0.111111	0.259259	0	0.037037	-0.111111	0	0.07407407407407407	0.2962962962962963	-0.037037037037037035	0.	0.	-0.037037037037037035	0	0	1	0	2	1	0	0	2	0	1	1
1	0	0.024236	0.314012	0	0.296296	0.111111	0	0	0.037037	0.	0.2962962962962963	0.037037037037037035	0.	0.	0.037037037037037035	0	0	0	0	2	2	0	0	2	0	2	0
1	0	0.130734	0.328021	0.111111	0.333333	0	-0.111111	0.037037	0	0.1111111111111111	0.3333333333333333	0.	-0.037037037037037035	0.037037037037037035	0.	0	1	0	0	2	2	0	0	2	1	0	0
1	0	0.147808	0.273984	0.111111	0.333333	0	-0.111111	0.037037	0	0.14814814814814814	0.2962962962962963	-0.037037037037037035	0.	0.	-0.037037037037037035	0	1	0	0	2	1	0	0	2	1	0	1
1	0	0.152285	0.230903	0.148148	0.222222	0.037037	0	0	0.111111	0.14814814814814814	0.2222222222222222	0.037037037037037035	0.	0.	0.037037037037037035	0	1	1	0	2	0	0	0	2	1	1	0
1	0	0.170193	0.28499	0.148148	0.222222	0.037037	0	0	0.111111	0.18518518518518517	0.25925925925925924	0.	0.037037037037037035	-0.037037037037037035	0.	0	1	1	0	2	1	0	0	2	1	1	1
1	0	0.198529	0.32138	0.185185	0.333333	0	-0.111111	0.037037	0	0.18518518518518517	0.3333333333333333	0.	-0.037037037037037035	0.037037037037037035	0.	0	1	2	0	2	2	0	0	2	1	2	0
1	0	0.247366	0.254564	0.222222	0.222222	0.111111	0	0	0.037037	0.2222222222222222	0.2222222222222222	0.037037037037037035	0.	0.	0.037037037037037035	0	2	0	0	2	0	0	0	2	2	0	0
1	0	0.28153	0.227464	0.222222	0.222222	0.111111	0	0	0.037037	0.25925925925925924	0.25925925925925924	0.	-0.037037037037037035	0.037037037037037035	0.	0	2	1	0	2	0	0	0	2	2	0	1
1	0	0.300683	0.259886	0.333333	0.259259	0	0.037037	-0.111111	0	0.3333333333333333	0.25925925925925924	0.	0.037037037037037035	-0.037037037037037035	0.	0	2	2	0	2	1	0	0	2	2	1	0
1	0	0.285495	0.290944	0.333333	0.259259	0	0.037037	-0.111111	0	0.2962962962962963	0.2962962962962963	-0.037037037037037035	0.	0.	-0.037037037037037035	0	2	1	0	2	1	0	0	2	2	1	1
1	0	0.238852	0.307985	0.222222	0.296296	0.111111	0	0	0.037037	0.2222222222222222	0.2962962962962963	0.037037037037037035	0.	0.	0.037037037037037035	0	2	0	0	2	2	0	0	2	2	2	0
1	0	0.360543	0.303367	0.333333	0.333333	0	-0.111111	0.037037	0	0.3333333333333333	0.3333333333333333	0.	-0.037037037037037035	0.037037037037037035	0.	1	0	0	0	2	2	0	1	0	0	0	0
1	0	0.34356	0.281459	0.333333	0.333333	0	-0.111111	0.037037	0	0.37037037037037035	0.2962962962962963	-0.037037037037037035	0.	0.	-0.037037037037037035	1	0	0	0	2	1	0	1	0	0	0	1
1	0	0.372207	0.243289	0.37037	0.222222	0.037037	0	0	0.111111	0.37037037037037035	0.2222222222222222	0.037037037037037035	0.	0.	0.037037037037037035	1	0	1	0	2	0	0	1	0	0	1	0
1	0	0.403093	0.333313	0.37037	0.222222	0.037037	0	0	0.111111	0.4074074074074074	0.25925925925925924	0.	0.037037037037037035	-0.037037037037037035	0.	1	0	1	0	2	1	0	1	0	0	1	1
1	0	0.431083	0.298916	0.407407	0.333333	0	-0.111111	0.037037	0	0.4074074074074074	0.3333333333333333	0.	-0.037037037037037035	0.037037037037037035	0.	1	0	2	0	2	2	0	1	0	0	2	0
1	0	0.436626	0.216094	0.444444	0.222222	-0.111111	0	0	-0.037037	0.4444444444444444	0.2222222222222222	-0.037037037037037035	0.	0.	-0.037037037037037035	1	0	2	0	1	2	0	1	0	1	0	0
1	0	0.38014	0.207986	0.444444	0.222222	-0.111111	0	0	-0.037037	0.4074074074074074	0.18518518518518517	0.	0.037037037037037035	-0.037037037037037035	0.	1	0	1	0	1	2	0	1	0	1	0	1
1	0	0.337822	0.167041	0.333333	0.185185	0	-0.037037	0.111111	0	0.3333333333333333	0.18518518518518517	0.	-0.037037037037037035	0.037037037037037035	0.	1	0	0	0	1	1	0	1	0	1	1	0
1	0	0.407113	0.17538	0.333333	0.185185	0	-0.037037	0.111111	0	0.37037037037037035	0.14814814814814814	0.037037037037037035	0.	0.	0.037037037037037035	1	0	1	0	1	1	0	1	0	1	1	1
1	0	0.414399	0.124274	0.444444	0.148148	-0.111111	0	0	-0.037037	0.4444444444444444	0.14814814814814814	-0.037037037037037035	0.	0.	-0.037037037037037035	1	0	2	0	1	0	0	1	0	1	2	0
1	0	0.357551	0.101331	0.333333	0.111111	0	-0.111111	0.037037	0	0.3333333333333333	0.1111111111111111	0.	-0.037037037037037035	0.037037037037037035	0.	1	0	0	0	0	2	0	1	0	2	0	0
1	0	0.352286	0.0621218	0.333333	0.111111	0	-0.111111	0.037037	0	0.37037037037037035	0.07407407407407407	-0.037037037037037035	0.	0.	-0.037037037037037035	1	0	0	0	0	1	0	1	0	2	0	1
1	0	0.385055	0.031073	0.37037	0	0.037037	0	0	0.111111	0.37037037037037035	0.	0.037037037037037035	0.	0.	0.037037037037037035	1	0	1	0	0	0	0	1	0	2	1	0
1	0	0.397739	0.0744132	0.37037	0	0.037037	0	0	0.111111	0.4074074074074074	0.037037037037037035	0.	0.037037037037037035	-0.037037037037037035	0.	1	0	1	0	0	1	0	1	0	2	1	1
1	0	0.441124	0.107609	0.407407	0.111111	0	-0.111111	0.037037	0	0.4074074074074074	0.1111111111111111	0.	-0.037037037037037035	0.037037037037037035	0.	1	0	2	0	0	2	0	1	0	2	2	0
1	0	0.448665	0.0197441	0.444444	0	0.111111	0	0	0.037037	0.4444444444444444	0.	0.037037037037037035	0.	0.	0.037037037037037035	1	1	0	0	0	0	0	1	1	0	0	0
1	0	0.510495	0.033973	0.444444	0	0.111111	0	0	0.037037	0.48148148148148145	0.037037037037037035	0.	-0.037037037037037035	0.037037037037037035	0.	1	1	1	0	0	0	0	1	1	0	0	1
1	0	0.532802	0.0662279	0.555556	0.037037	0	0.037037	-0.111111	0	0.5555555555555556	0.037037037037037035	0.	0.037037037037037035	-0.037037037037037035	0.	1	1	2	0	0	1	0	1	1	0	1	0
1	0	0.478229	0.0392192	0.555556	0.037037	0	0.037037	-0.111111	0	0.5185185185185185	0.07407407407407407	-0.037037037037037035	0.	0.	-0.037037037037037035	1	1	1	0	0	1	0	1	1	0	1	1
1	0	0.468741	0.0858028	0.444444	0.0740741	0.111111	0	0	0.037037	0.4444444444444444	0.07407407407407407	0.037037037037037035	0.	0.	0.037037037037037035	1	1	0	0	0	2	0	1	1	0	2	0
1	0	0.540038	0.127063	0.555556	0.111111	0	0.111111	-0.037037	0	0.5555555555555556	0.1111111111111111	0.	0.037037037037037035	-0.037037037037037035	0.	1	1	2	0	1	0	0	1	1	1	0	0
1	0	0.552969	0.159583	0.555556	0.111111	0	0.111111	-0.037037	0	0.5185185185185185	0.14814814814814814	0.037037037037037035	0.	0.	0.037037037037037035	1	1	2	0	1	1	0	1	1	1	0	1
1	0	0.496761	0.204906	0.518519	0.222222	-0.037037	0	0	-0.111111	0.5185185185185185	0.2222222222222222	-0.037037037037037035	0.	0.	-0.037037037037037035	1	1	1	0	1	2	0	1	1	1	1	0
1	0	0.484731	0.1992	0.518519	0.222222	-0.037037	0	0	-0.111111	0.48148148148148145	0.18518518518518517	0.	-0.037037037037037035	0.037037037037037035	0.	1	1	1	0	1	1	0	1	1	1	1	1
1	0	0.455015	0.140407	0.481481	0.111111	0	0.111111	-0.037037	0	0.48148148148148145	0.1111111111111111	0.	0.037037037037037035	-0.037037037037037035	0.	1	1	0	0	1	0	0	1	1	1	2	0
1	0	0.524877	0.247703	0.444444	0.222222	0.111111	0	0	0.037037	0.4444444444444444	0.2222222222222222	0.037037037037037035	0.	0.	0.037037037037037035	1	1	0	0	2	0	0	1	1	2	0	0
1	0	0.516569	0.224501	0.444444	0.222222	0.111111	0	0	0.037037	0.48148148148148145	0.25925925925925924	0.	-0.037037037037037035	0.037037037037037035	0.	1	1	1	0	2	0	0	1	1	2	0	1
1	0	0.549253	0.277124	0.555556	0.259259	0	0.037037	-0.111111	0	0.5555555555555556	0.25925925925925924	0.	0.037037037037037035	-0.037037037037037035	0.	1	1	2	0	2	1	0	1	1	2	1	0
1	0	0.490048	0.262854	0.555556	0.259259	0	0.037037	-0.111111	0	0.5185185185185185	0.2962962962962963	-0.037037037037037035	0.	0.	-0.037037037037037035	1	1	1	0	2	1	0	1	1	2	1	1
1	0	0.472487	0.317897	0.444444	0.296296	0.111111	0	0	0.037037	0.4444444444444444	0.2962962962962963	0.037037037037037035	0.	0.	0.037037037037037035	1	1	0	0	2	2	0	1	1	2	2	0
1	0	0.561792	0.310963	0.555556	0.333333	0	-0.111111	0.037037	0	0.5555555555555556	0.3333333333333333	0.	-0.037037037037037035	0.037037037037037035	0.	1	2	0	0	2	2	0	1	2	0	0	0
1	0	0.577026	0.330929	0.555556	0.333333	0	-0.111111	0.037037	0	0.5925925925925926	0.2962962962962963	-0.037037037037037035	0.	0.	-0.037037037037037035	1	2	0	0	2	1	0	1	2	0	0	1
1	0	0.594243	0.24033	0.592593	0.222222	0.037037	0	0	0.111111	0.5925925925925926	0.2222222222222222	0.037037037037037035	0.	0.	0.037037037037037035	1	2	1	0	2	0	0	1	2	0	1	0
1	0	0.606672	0.270669	0.592593	0.222222	0.037037	0	0	0.111111	0.6296296296296297	0.25925925925925924	0.	0.037037037037037035	-0.037037037037037035	0.	1	2	1	0	2	1	0	1	2	0	1	1
1	0	0.65211	0.28854	0.62963	0.333333	0	-0.111111	0.037037	0	0.6296296296296297	0.3333333333333333	0.	-0.037037037037037035	0.037037037037037035	0.	1	2	2	0	2	2	0	1	2	0	2	0
1	0	0.642621	0.202575	0.666667	0.222222	-0.111111	0	0	-0.037037	0.6666666666666666	0.2222222222222222	-0.037037037037037035	0.	0.	-0.037037037037037035	1	2	2	0	1	2	0	1	2	1	0	0
1	0	0.632359	0.189443	0.666667	0.222222	-0.111111	0	0	-0.037037	0.6296296296296297	0.18518518518518517	0.	0.037037037037037035	-0.037037037037037035	0.	1	2	1	0	1	2	0	1	2	1	0	1
1	0	0.588824	0.153398	0.555556	0.185185	0	-0.037037	0.111111	0	0.5555555555555556	0.18518518518518517	0.	-0.037037037037037035	0.037037037037037035	0.	1	2	0	0	1	1	0	1	2	1	1	0
1	0	0.610931	0.179742	0.555556	0.185185	0	-0.037037	0.111111	0	0.5925925925925926	0.14814814814814814	0.037037037037037035	0.	0.	0.037037037037037035	1	2	1	0	1	1	0	1	2	1	1	1
1	0	0.660871	0.147755	0.666667	0.148148	-0.111111	0	0	-0.037037	0.6666666666666666	0.14814814814814814	-0.037037037037037035	0.	0.	-0.037037037037037035	1	2	2	0	1	0	0	1	2	1	2	0
1	0	0.567841	0.104158	0.555556	0.111111	0	-0.111111	0.037037	0	0.5555555555555556	0.1111111111111111	0.	-0.037037037037037035	0.037037037037037035	0.	1	2	0	0	0	2	0	1	2	2	0	0
1	0	0.582926	0.0112021	0.555556	0.111111	0	-0.111111	0.037037	0	0.5925925925925926	0.07407407407407407	-0.037037037037037035	0.	0.	-0.037037037037037035	1	2	0	0	0	1	0	1	2	2	0	1
1	0	0.625801	0.0144497	0.592593	0	0.037037	0	0	0.111111	0.5925925925925926	0.	0.037037037037037035	0.	0.	0.037037037037037035	1	2	1	0	0	0	0	1	2	2	1	0
1	0	0.614796	0.0512298	0.592593	0	0.037037	0	0	0.111111	0.6296296296296297	0.037037037037037035	0.	0.037037037037037035	-0.037037037037037035	0.	1	2	1	0	0	1	0	1	2	2	1	1
1	0	0.647599	0.098497	0.62963	0.111111	0	-0.111111	0.037037	0	0.6296296296296297	0.1111111111111111	0.	-0.037037037037037035	0.037037037037037035	0.	1	2	2	0	0	2	0	1	2	2	2	0
1	0	0.690101	0.0366027	0.666667	0	0.111111	0	0	0.037037	0.6666666666666666	0.	0.037037037037037035	0.	0.	0.037037037037037035	2	0	0	0	0	0	0	2	0	0	0	0
1	0	0.710682	0.00437382	0.666667	0	0.111111	0	0	0.037037	0.7037037037037037	0.037037037037037035	0.	-0.037037037037037035	0.037037037037037035	0.	2	0	1	0	0	0	0	2	0	0	0	1
1	0	0.742449	0.041904	0.777778	0.037037	0	0.037037	-0.111111	0	0.7777777777777778	0.037037037037037035	0.	0.037037037037037035	-0.037037037037037035	0.	2	0	2	0	0	1	0	2	0	0	1	0
1	0	0.721478	0.0724631	0.777778	0.037037	0	0.037037	-0.111111	0	0.7407407407407407	0.07407407407407407	-0.037037037037037035	0.	0.	-0.037037037037037035	2	0	1	0	0	1	0	2	0	0	1	1
1	0	0.668667	0.0926076	0.666667	0.0740741	0.111111	0	0	0.037037	0.6666666666666666	0.07407407407407407	0.037037037037037035	0.	0.	0.037037037037037035	2	0	0	0	0	2	0	2	0	0	2	0
1	0	0.805204	0.0803969	0.777778	0.111111	0	-0.111111	0.037037	0	0.7777777777777778	0.1111111111111111	0.	-0.037037037037037035	0.037037037037037035	0.	2	1	0	0	0	2	0	2	0	1	0	0
1	0	0.78649	0.0562878	0.777778	0.111111	0	-0.111111	0.037037	0	0.8148148148148148	0.07407407407407407	-0.037037037037037035	0.	0.	-0.037037037037037035	2	1	0	0	0	1	0	2	0	1	0	1
1	0	0.832851	0.00674702	0.814815	0	0.037037	0	0	0.111111	0.8148148148148148	0.	0.037037037037037035	0.	0.	0.037037037037037035	2	1	1	0	0	0	0	2	0	1	1	0
1	0	0.845292	0.0641899	0.814815	0	0.037037	0	0	0.111111	0.8518518518518519	0.037037037037037035	0.	0.037037037037037035	-0.037037037037037035	0.	2	1	1	0	0	1	0	2	0	1	1	1
1	0	0.879148	0.0879332	0.851852	0.111111	0	-0.111111	0.037037	0	0.8518518518518519	0.1111111111111111	0.	-0.037037037037037035	0.037037037037037035	0.	2	1	2	0	0	2	0	2	0	1	2	0
1	0	0.90631	0.0260871	0.888889	0	0.111111	0	0	0.037037	0.8888888888888888	0.	0.037037037037037035	0.	0.	0.037037037037037035	2	2	0	0	0	0	0	2	0	2	0	0
1	0	0.955434	0.0214945	0.888889	0	0.111111	0	0	0.037037	0.9259259259259259	0.037037037037037035	0.	-0.037037037037037035	0.037037037037037035	0.	2	2	1	0	0	0	0	2	0	2	0	1
1	0	0.997535	0.0704501	1	0.037037	0	0.037037	-0.111111	0	1.	0.037037037037037035	0.	0.037037037037037035	-0.037037037037037035	0.	2	2	2	0	0	1	0	2	0	2	1	0
1	0	0.925174	0.0467543	1	0.037037	0	0.037037	-0.111111	0	0.9629629629629629	0.07407407407407407	-0.037037037037037035	0.	0.	-0.037037037037037035	2	2	1	0	0	1	0	2	0	2	1	1
1	0	0.919568	0.105952	0.888889	0.0740741	0.111111	0	0	0.037037	0.8888888888888888	0.07407407407407407	0.037037037037037035	0.	0.	0.037037037037037035	2	2	0	0	0	2	0	2	0	2	2	0
1	0	0.977644	0.117081	1	0.111111	0	0.111111	-0.037037	0	1.	0.1111111111111111	0.	0.037037037037037035	-0.037037037037037035	0.	2	2	2	0	1	0	0	2	1	0	0	0
1	0	0.965546	0.151989	1	0.111111	0	0.111111	-0.037037	0	0.9629629629629629	0.14814814814814814	0.037037037037037035	0.	0.	0.037037037037037035	2	2	2	0	1	1	0	2	1	0	0	1
1	0	0.948887	0.217805	0.962963	0.222222	-0.037037	0	0	-0.111111	0.9629629629629629	0.2222222222222222	-0.037037037037037035	0.	0.	-0.037037037037037035	2	2	1	0	1	2	0	2	1	0	1	0
1	0	0.937327	0.184748	0.962963	0.222222	-0.037037	0	0	-0.111111	0.9259259259259259	0.18518518518518517	0.	-0.037037037037037035	0.037037037037037035	0.	2	2	1	0	1	1	0	2	1	0	1	1
1	0	0.891181	0.113317	0.925926	0.111111	0	0.111111	-0.037037	0	0.9259259259259259	0.1111111111111111	0.	0.037037037037037035	-0.037037037037037035	0.	2	2	0	0	1	0	0	2	1	0	2	0
1	0	0.875162	0.197538	0.888889	0.222222	-0.111111	0	0	-0.037037	0.8888888888888888	0.2222222222222222	-0.037037037037037035	0.	0.	-0.037037037037037035	2	1	2	0	1	2	0	2	1	1	0	0
1	0	0.817067	0.213036	0.888889	0.222222	-0.111111	0	0	-0.037037	0.8518518518518519	0.18518518518518517	0.	0.037037037037037035	-0.037037037037037035	0.	2	1	1	0	1	2	0	2	1	1	0	1
1	0	0.799839	0.177559	0.777778	0.185185	0	-0.037037	0.111111	0	0.7777777777777778	0.18518518518518517	0.	-0.037037037037037035	0.037037037037037035	0.	2	1	0	0	1	1	0	2	1	1	1	0
1	0	0.862434	0.161952	0.777778	0.185185	0	-0.037037	0.111111	0	0.8148148148148148	0.14814814814814814	0.037037037037037035	0.	0.	0.037037037037037035	2	1	1	0	1	1	0	2	1	1	1	1
1	0	0.854762	0.142578	0.888889	0.148148	-0.111111	0	0	-0.037037	0.8888888888888888	0.14814814814814814	-0.037037037037037035	0.	0.	-0.037037037037037035	2	1	2	0	1	0	0	2	1	1	2	0
1	0	0.769796	0.134788	0.777778	0.111111	0	0.111111	-0.037037	0	0.7777777777777778	0.1111111111111111	0.	0.037037037037037035	-0.037037037037037035	0.	2	0	2	0	1	0	0	2	1	2	0	0
1	0	0.753438	0.169504	0.777778	0.111111	0	0.111111	-0.037037	0	0.7407407407407407	0.14814814814814814	0.037037037037037035	0.	0.	0.037037037037037035	2	0	2	0	1	1	0	2	1	2	0	1
1	0	0.729354	0.129708	0.740741	0.222222	-0.037037	0	0	-0.111111	0.7407407407407407	0.2222222222222222	-0.037037037037037035	0.	0.	-0.037037037037037035	2	0	1	0	1	2	0	2	1	2	1	0
1	0	0.737302	0.222129	0.740741	0.222222	-0.037037	0	0	-0.111111	0.7037037037037037	0.18518518518518517	0.	-0.037037037037037035	0.037037037037037035	0.	2	0	1	0	1	1	0	2	1	2	1	1
1	0	0.685789	0.118271	0.703704	0.111111	0	0.111111	-0.037037	0	0.7037037037037037	0.1111111111111111	0.	0.037037037037037035	-0.037037037037037035	0.	2	0	0	0	1	0	0	2	1	2	2	0
1	0	0.679038	0.234685	0.666667	0.222222	0.111111	0	0	0.037037	0.6666666666666666	0.2222222222222222	0.037037037037037035	0.	0.	0.037037037037037035	2	0	0	0	2	0	0	2	2	0	0	0
1	0	0.700878	0.25686	0.666667	0.222222	0.111111	0	0	0.037037	0.7037037037037037	0.25925925925925924	0.	-0.037037037037037035	0.037037037037037035	0.	2	0	1	0	2	0	0	2	2	0	0	1
1	0	0.747669	0.279644	0.777778	0.259259	0	0.037037	-0.111111	0	0.7777777777777778	0.25925925925925924	0.	0.037037037037037035	-0.037037037037037035	0.	2	0	2	0	2	1	0	2	2	0	1	0
1	0	0.773748	0.296239	0.777778	0.259259	0	0.037037	-0.111111	0	0.7407407407407407	0.2962962962962963	-0.037037037037037035	0.	0.	-0.037037037037037035	2	0	1	0	2	1	0	2	2	0	1	1
1	0	0.673395	0.323939	0.666667	0.296296	0.111111	0	0	0.037037	0.6666666666666666	0.2962962962962963	0.037037037037037035	0.	0.	0.037037037037037035	2	0	0	0	2	2	0	2	2	0	2	0
1	0	0.792247	0.306014	0.777778	0.333333	0	-0.111111	0.037037	0	0.7777777777777778	0.3333333333333333	0.	-0.037037037037037035	0.037037037037037035	0.	2	1	0	0	2	2	0	2	2	1	0	0
1	0	0.782048	0.26466	0.777778	0.333333	0	-0.111111	0.037037	0	0.8148148148148148	0.2962962962962963	-0.037037037037037035	0.	0.	-0.037037037037037035	2	1	0	0	2	1	0	2	2	1	0	1
1	0	0.829058	0.245309	0.814815	0.222222	0.037037	0	0	0.111111	0.8148148148148148	0.2222222222222222	0.037037037037037035	0.	0.	0.037037037037037035	2	1	1	0	2	0	0	2	2	1	1	0
1	0	0.851374	0.326026	0.814815	0.222222	0.037037	0	0	0.111111	0.8518518518518519	0.25925925925925924	0.	0.037037037037037035	-0.037037037037037035	0.	2	1	1	0	2	1	0	2	2	1	1	1
1	0	0.886594	0.300772	0.851852	0.333333	0	-0.111111	0.037037	0	0.8518518518518519	0.3333333333333333	0.	-0.037037037037037035	0.037037037037037035	0.	2	1	2	0	2	2	0	2	2	1	2	0
1	0	0.895484	0.233073	0.888889	0.222222	0.111111	0	0	0.037037	0.8888888888888888	0.2222222222222222	0.037037037037037035	0.	0.	0.037037037037037035	2	2	0	0	2	0	0	2	2	2	0	0
1	0	0.982576	0.251974	0.888889	0.222222	0.111111	0	0	0.037037	0.9259259259259259	0.25925925925925924	0.	-0.037037037037037035	0.037037037037037035	0.	2	2	1	0	2	0	0	2	2	2	0	1
1	0	0.988115	0.286288	1	0.259259	0	0.037037	-0.111111	0	1.	0.25925925925925924	0.	0.037037037037037035	-0.037037037037037035	0.	2	2	2	0	2	1	0	2	2	2	1	0
1	0	0.931256	0.272175	1	0.259259	0	0.037037	-0.111111	0	0.9629629629629629	0.2962962962962963	-0.037037037037037035	0.	0.	-0.037037037037037035	2	2	1	0	2	1	0	2	2	2	1	1
1	0	0.915951	0.316237	0.888889	0.296296	0.111111	0	0	0.037037	0.8888888888888888	0.2962962962962963	0.037037037037037035	0.	0.	0.037037037037037035	2	2	0	0	2	2	0	2	2	2	2	0
1	0	0.992006	0.43538	1	0.333333	0	0.111111	-0.037037	0	1.	0.3333333333333333	0.	0.037037037037037035	-0.037037037037037035	0.	2	2	2	1	0	0	1	0	0	0	0	0
1	0	0.972024	0.335908	1	0.333333	0	0.111111	-0.037037	0	0.9629629629629629	0.37037037037037035	0.037037037037037035	0.	0.	0.037037037037037035	2	2	2	1	0	1	1	0	0	0	0	1
1	0	0.961447	0.421135	0.962963	0.444444	-0.037037	0	0	-0.111111	0.9629629629629629	0.4444444444444444	-0.037037037037037035	0.	0.	-0.037037037037037035	2	2	1	1	0	2	1	0	0	0	1	0
1	0	0.945055	0.398962	0.962963	0.444444	-0.037037	0	0	-0.111111	0.9259259259259259	0.4074074074074074	0.	-0.037037037037037035	0.037037037037037035	0.	2	2	1	1	0	1	1	0	0	0	1	1
1	0	0.90142	0.363644	0.925926	0.333333	0	0.111111	-0.037037	0	0.9259259259259259	0.3333333333333333	0.	0.037037037037037035	-0.037037037037037035	0.	2	2	0	1	0	0	1	0	0	0	2	0
1	0	0.912711	0.470516	0.888889	0.444444	0.111111	0	0	0.037037	0.8888888888888888	0.4444444444444444	0.037037037037037035	0.	0.	0.037037037037037035	2	2	0	1	1	0	1	0	0	1	0	0
1	0	0.968956	0.477324	0.888889	0.444444	0.111111	0	0	0.037037	0.9259259259259259	0.48148148148148145	0.	-0.037037037037037035	0.037037037037037035	0.	2	2	1	1	1	0	1	0	0	1	0	1
1	0	0.95852	0.51474	1	0.481481	0	0.037037	-0.111111	0	1.	0.48148148148148145	0.	0.037037037037037035	-0.037037037037037035	0.	2	2	2	1	1	1	1	0	0	1	1	0
1	0	0.939915	0.499481	1	0.481481	0	0.037037	-0.111111	0	0.9629629629629629	0.5185185185185185	-0.037037037037037035	0.	0.	-0.037037037037037035	2	2	1	1	1	1	1	0	0	1	1	1
1	0	0.897982	0.555023	0.888889	0.518519	0.111111	0	0	0.037037	0.8888888888888888	0.5185185185185185	0.037037037037037035	0.	0.	0.037037037037037035	2	2	0	1	1	2	1	0	0	1	2	0
1	0	0.995051	0.569722	1	0.555556	0	0.111111	-0.037037	0	1.	0.5555555555555556	0.	0.037037037037037035	-0.037037037037037035	0.	2	2	2	1	2	0	1	0	0	2	0	0
1	0	0.974674	0.653697	1	0.555556	0	0.111111	-0.037037	0	0.9629629629629629	0.5925925925925926	0.037037037037037035	0.	0.	0.037037037037037035	2	2	2	1	2	1	1	0	0	2	0	1
1	0	0.926668	0.637202	0.962963	0.666667	-0.037037	0	0	-0.111111	0.9629629629629629	0.6666666666666666	-0.037037037037037035	0.	0.	-0.037037037037037035	2	2	1	1	2	2	1	0	0	2	1	0
1	0	0.933913	0.60629	0.962963	0.666667	-0.037037	0	0	-0.111111	0.9259259259259259	0.6296296296296297	0.	-0.037037037037037035	0.037037037037037035	0.	2	2	1	1	2	1	1	0	0	2	1	1
1	0	0.909205	0.580982	0.925926	0.555556	0	0.111111	-0.037037	0	0.9259259259259259	0.5555555555555556	0.	0.037037037037037035	-0.037037037037037035	0.	2	2	0	1	2	0	1	0	0	2	2	0
1	0	0.849109	0.646982	0.888889	0.666667	-0.111111	0	0	-0.037037	0.8888888888888888	0.6666666666666666	-0.037037037037037035	0.	0.	-0.037037037037037035	2	1	2	1	2	2	1	0	1	0	0	0
1	0	0.865268	0.666305	0.888889	0.666667	-0.111111	0	0	-0.037037	0.8518518518518519	0.6296296296296297	0.	0.037037037037037035	-0.037037037037037035	0.	2	1	1	1	2	2	1	0	1	0	0	1
1	0	0.789045	0.629604	0.777778	0.62963	0	-0.037037	0.111111	0	0.7777777777777778	0.6296296296296297	0.	-0.037037037037037035	0.037037037037037035	0.	2	1	0	1	2	1	1	0	1	0	1	0
1	0	0.820845	0.624343	0.777778	0.62963	0	-0.037037	0.111111	0	0.8148148148148148	0.5925925925925926	0.037037037037037035	0.	0.	0.037037037037037035	2	1	1	1	2	1	1	0	1	0	1	1
1	0	0.883766	0.588638	0.888889	0.592593	-0.111111	0	0	-0.037037	0.8888888888888888	0.5925925925925926	-0.037037037037037035	0.	0.	-0.037037037037037035	2	1	2	1	2	0	1	0	1	0	2	0
1	0	0.808259	0.523859	0.777778	0.555556	0	-0.111111	0.037037	0	0.7777777777777778	0.5555555555555556	0.	-0.037037037037037035	0.037037037037037035	0.	2	1	0	1	1	2	1	0	1	1	0	0
1	0	0.795081	0.544857	0.777778	0.555556	0	-0.111111	0.037037	0	0.8148148148148148	0.5185185185185185	-0.037037037037037035	0.	0.	-0.037037037037037035	2	1	0	1	1	1	1	0	1	1	0	1
1	0	0.842792	0.461024	0.814815	0.444444	0.037037	0	0	0.111111	0.8148148148148148	0.4444444444444444	0.037037037037037035	0.	0.	0.037037037037037035	2	1	1	1	1	0	1	0	1	1	1	0
1	0	0.826387	0.489776	0.814815	0.444444	0.037037	0	0	0.111111	0.8518518518518519	0.48148148148148145	0.	0.037037037037037035	-0.037037037037037035	0.	2	1	1	1	1	1	1	0	1	1	1	1
1	0	0.868029	0.539609	0.851852	0.555556	0	-0.111111	0.037037	0	0.8518518518518519	0.5555555555555556	0.	-0.037037037037037035	0.037037037037037035	0.	2	1	2	1	1	2	1	0	1	1	2	0
1	0	0.859391	0.442216	0.888889	0.444444	-0.111111	0	0	-0.037037	0.8888888888888888	0.4444444444444444	-0.037037037037037035	0.	0.	-0.037037037037037035	2	1	2	1	0	2	1	0	1	2	0	0
1	0	0.838322	0.40937	0.888889	0.444444	-0.111111	0	0	-0.037037	0.8518518518518519	0.4074074074074074	0.	0.037037037037037035	-0.037037037037037035	0.	2	1	1	1	0	2	1	0	1	2	0	1
1	0	0.811233	0.373215	0.777778	0.407407	0	-0.037037	0.111111	0	0.7777777777777778	0.4074074074074074	0.	-0.037037037037037035	0.037037037037037035	0.	2	1	0	1	0	1	1	0	1	2	1	0
1	0	0.822855	0.386759	0.777778	0.407407	0	-0.037037	0.111111	0	0.8148148148148148	0.37037037037037035	0.037037037037037035	0.	0.	0.037037037037037035	2	1	1	1	0	1	1	0	1	2	1	1
1	0	0.870882	0.347978	0.888889	0.37037	-0.111111	0	0	-0.037037	0.8888888888888888	0.37037037037037035	-0.037037037037037035	0.	0.	-0.037037037037037035	2	1	2	1	0	0	1	0	1	2	2	0
1	0	0.764809	0.342691	0.777778	0.333333	0	0.111111	-0.037037	0	0.7777777777777778	0.3333333333333333	0.	0.037037037037037035	-0.037037037037037035	0.	2	0	2	1	0	0	1	0	2	0	0	0
1	0	0.75916	0.391884	0.777778	0.333333	0	0.111111	-0.037037	0	0.7407407407407407	0.37037037037037035	0.037037037037037035	0.	0.	0.037037037037037035	2	0	2	1	0	1	1	0	2	0	0	1
1	0	0.703803	0.4168	0.740741	0.444444	-0.037037	0	0	-0.111111	0.7407407407407407	0.4444444444444444	-0.037037037037037035	0.	0.	-0.037037037037037035	2	0	1	1	0	2	1	0	2	0	1	0
1	0	0.724766	0.425874	0.740741	0.444444	-0.037037	0	0	-0.111111	0.7037037037037037	0.4074074074074074	0.	-0.037037037037037035	0.037037037037037035	0.	2	0	1	1	0	1	1	0	2	0	1	1
1	0	0.696834	0.358278	0.703704	0.333333	0	0.111111	-0.037037	0	0.7037037037037037	0.3333333333333333	0.	0.037037037037037035	-0.037037037037037035	0.	2	0	0	1	0	0	1	0	2	0	2	0
1	0	0.777731	0.463043	0.666667	0.444444	0.111111	0	0	0.037037	0.6666666666666666	0.4444444444444444	0.037037037037037035	0.	0.	0.037037037037037035	2	0	0	1	1	0	1	0	2	1	0	0
1	0	0.71361	0.44738	0.666667	0.444444	0.111111	0	0	0.037037	0.7037037037037037	0.48148148148148145	0.	-0.037037037037037035	0.037037037037037035	0.	2	0	1	1	1	0	1	0	2	1	0	1
1	0	0.755858	0.481492	0.777778	0.481481	0	0.037037	-0.111111	0	0.7777777777777778	0.48148148148148145	0.	0.037037037037037035	-0.037037037037037035	0.	2	0	2	1	1	1	1	0	2	1	1	0
1	0	0.732315	0.506558	0.777778	0.481481	0	0.037037	-0.111111	0	0.7407407407407407	0.5185185185185185	-0.037037037037037035	0.	0.	-0.037037037037037035	2	0	1	1	1	1	1	0	2	1	1	1
1	0	0.681973	0.528915	0.666667	0.518519	0.111111	0	0	0.037037	0.6666666666666666	0.5185185185185185	0.037037037037037035	0.	0.	0.037037037037037035	2	0	0	1	1	2	1	0	2	1	2	0
1	0	0.744885	0.574029	0.777778	0.555556	0	0.111111	-0.037037	0	0.7777777777777778	0.5555555555555556	0.	0.037037037037037035	-0.037037037037037035	0.	2	0	2	1	2	0	1	0	2	2	0	0
1	0	0.762241	0.613843	0.777778	0.555556	0	0.111111	-0.037037	0	0.7407407407407407	0.5925925925925926	0.037037037037037035	0.	0.	0.037037037037037035	2	0	2	1	2	1	1	0	2	2	0	1
1	0	0.706177	0.66349	0.740741	0.666667	-0.037037	0	0	-0.111111	0.7407407407407407	0.6666666666666666	-0.037037037037037035	0.	0.	-0.037037037037037035	2	0	1	1	2	2	1	0	2	2	1	0
1	0	0.718824	0.59905	0.740741	0.666667	-0.037037	0	0	-0.111111	0.7037037037037037	0.6296296296296297	0.	-0.037037037037037035	0.037037037037037035	0.	2	0	1	1	2	1	1	0	2	2	1	1
1	0	0.692081	0.562433	0.703704	0.555556	0	0.111111	-0.037037	0	0.7037037037037037	0.5555555555555556	0.	0.037037037037037035	-0.037037037037037035	0.	2	0	0	1	2	0	1	0	2	2	2	0
1	0	0.654622	0.657872	0.666667	0.666667	-0.111111	0	0	-0.037037	0.6666666666666666	0.6666666666666666	-0.037037037037037035	0.	0.	-0.037037037037037035	1	2	2	1	2	2	1	1	0	0	0	0
1	0	0.603872	0.651968	0.666667	0.666667	-0.111111	0	0	-0.037037	0.6296296296296297	0.6296296296296297	0.	0.037037037037037035	-0.037037037037037035	0.	1	2	1	1	2	2	1	1	0	0	0	1
1	0	0.558638	0.608473	0.555556	0.62963	0	-0.037037	0.111111	0	0.5555555555555556	0.6296296296296297	0.	-0.037037037037037035	0.037037037037037035	0.	1	2	0	1	2	1	1	1	0	0	1	0
1	0	0.62357	0.622452	0.555556	0.62963	0	-0.037037	0.111111	0	0.5925925925925926	0.5925925925925926	0.037037037037037035	0.	0.	0.037037037037037035	1	2	1	1	2	1	1	1	0	0	1	1
1	0	0.636735	0.56818	0.666667	0.592593	-0.111111	0	0	-0.037037	0.6666666666666666	0.5925925925925926	-0.037037037037037035	0.	0.	-0.037037037037037035	1	2	2	1	2	0	1	1	0	0	2	0
1	0	0.555466	0.578891	0.555556	0.555556	0	0.111111	-0.037037	0	0.5555555555555556	0.5555555555555556	0.	0.037037037037037035	-0.037037037037037035	0.	1	1	2	1	2	0	1	1	0	1	0	0
1	0	0.535972	0.596533	0.555556	0.555556	0	0.111111	-0.037037	0	0.5185185185185185	0.5925925925925926	0.037037037037037035	0.	0.	0.037037037037037035	1	1	2	1	2	1	1	1	0	1	0	1
1	0	0.513043	0.645115	0.518519	0.666667	-0.037037	0	0	-0.111111	0.5185185185185185	0.6666666666666666	-0.037037037037037035	0.	0.	-0.037037037037037035	1	1	1	1	2	2	1	1	0	1	1	0
1	0	0.49252	0.626794	0.518519	0.666667	-0.037037	0	0	-0.111111	0.48148148148148145	0.6296296296296297	0.	-0.037037037037037035	0.037037037037037035	0.	1	1	1	1	2	1	1	1	0	1	1	1
1	0	0.466039	0.590184	0.481481	0.555556	0	0.111111	-0.037037	0	0.48148148148148145	0.5555555555555556	0.	0.037037037037037035	-0.037037037037037035	0.	1	1	0	1	2	0	1	1	0	1	2	0
1	0	0.416722	0.642231	0.444444	0.666667	-0.111111	0	0	-0.037037	0.4444444444444444	0.6666666666666666	-0.037037037037037035	0.	0.	-0.037037037037037035	1	0	2	1	2	2	1	1	0	2	0	0
1	0	0.349388	0.649464	0.444444	0.666667	-0.111111	0	0	-0.037037	0.4074074074074074	0.6296296296296297	0.	0.037037037037037035	-0.037037037037037035	0.	1	0	1	1	2	2	1	1	0	2	0	1
1	0	0.340298	0.611465	0.333333	0.62963	0	-0.037037	0.111111	0	0.3333333333333333	0.6296296296296297	0.	-0.037037037037037035	0.037037037037037035	0.	1	0	0	1	2	1	1	1	0	2	1	0
1	0	0.387538	0.60148	0.333333	0.62963	0	-0.037037	0.111111	0	0.37037037037037035	0.5925925925925926	0.037037037037037035	0.	0.	0.037037037037037035	1	0	1	1	2	1	1	1	0	2	1	1
1	0	0.433976	0.586232	0.444444	0.592593	-0.111111	0	0	-0.037037	0.4444444444444444	0.5925925925925926	-0.037037037037037035	0.	0.	-0.037037037037037035	1	0	2	1	2	0	1	1	0	2	2	0
1	0	0.363463	0.546886	0.333333	0.555556	0	-0.111111	0.037037	0	0.3333333333333333	0.5555555555555556	0.	-0.037037037037037035	0.037037037037037035	0.	1	0	0	1	1	2	1	1	1	0	0	0
1	0	0.34659	0.459425	0.333333	0.555556	0	-0.111111	0.037037	0	0.37037037037037035	0.5185185185185185	-0.037037037037037035	0.	0.	-0.037037037037037035	1	0	0	1	1	1	1	1	1	0	0	1
1	0	0.390511	0.468753	0.37037	0.444444	0.037037	0	0	0.111111	0.37037037037037035	0.4444444444444444	0.037037037037037035	0.	0.	0.037037037037037035	1	0	1	1	1	0	1	1	1	0	1	0
1	0	0.375193	0.491708	0.37037	0.444444	0.037037	0	0	0.111111	0.4074074074074074	0.48148148148148145	0.	0.037037037037037035	-0.037037037037037035	0.	1	0	1	1	1	1	1	1	1	0	1	1
1	0	0.409943	0.537714	0.407407	0.555556	0	-0.111111	0.037037	0	0.4074074074074074	0.5555555555555556	0.	-0.037037037037037035	0.037037037037037035	0.	1	0	2	1	1	2	1	1	1	0	2	0
1	0	0.458174	0.456193	0.444444	0.444444	0.111111	0	0	0.037037	0.4444444444444444	0.4444444444444444	0.037037037037037035	0.	0.	0.037037037037037035	1	1	0	1	1	0	1	1	1	1	0	0
1	0	0.481195	0.475964	0.444444	0.444444	0.111111	0	0	0.037037	0.48148148148148145	0.48148148148148145	0.	-0.037037037037037035	0.037037037037037035	0.	1	1	1	1	1	0	1	1	1	1	0	1
1	0	0.522009	0.516233	0.555556	0.481481	0	0.037037	-0.111111	0	0.5555555555555556	0.48148148148148145	0.	0.037037037037037035	-0.037037037037037035	0.	1	1	2	1	1	1	1	1	1	1	1	0
1	0	0.502942	0.498114	0.555556	0.481481	0	0.037037	-0.111111	0	0.5185185185185185	0.5185185185185185	-0.037037037037037035	0.	0.	-0.037037037037037035	1	1	1	1	1	1	1	1	1	1	1	1
1	0	0.446152	0.555553	0.444444	0.518519	0.111111	0	0	0.037037	0.4444444444444444	0.5185185185185185	0.037037037037037035	0.	0.	0.037037037037037035	1	1	0	1	1	2	1	1	1	1	2	0
1	0	0.572587	0.53479	0.555556	0.555556	0	-0.111111	0.037037	0	0.5555555555555556	0.5555555555555556	0.	-0.037037037037037035	0.037037037037037035	0.	1	2	0	1	1	2	1	1	1	2	0	0
1	0	0.565097	0.487045	0.555556	0.555556	0	-0.111111	0.037037	0	0.5925925925925926	0.5185185185185185	-0.037037037037037035	0.	0.	-0.037037037037037035	1	2	0	1	1	1	1	1	1	2	0	1
1	0	0.62943	0.552637	0.592593	0.444444	0.037037	0	0	0.111111	0.5925925925925926	0.4444444444444444	0.037037037037037035	0.	0.	0.037037037037037035	1	2	1	1	1	0	1	1	1	2	1	0
1	0	0.618377	0.500859	0.592593	0.444444	0.037037	0	0	0.111111	0.6296296296296297	0.48148148148148145	0.	0.037037037037037035	-0.037037037037037035	0.	1	2	1	1	1	1	1	1	1	2	1	1
1	0	0.665478	0.518384	0.62963	0.555556	0	-0.111111	0.037037	0	0.6296296296296297	0.5555555555555556	0.	-0.037037037037037035	0.037037037037037035	0.	1	2	2	1	1	2	1	1	1	2	2	0
1	0	0.657187	0.428615	0.666667	0.444444	-0.111111	0	0	-0.037037	0.6666666666666666	0.4444444444444444	-0.037037037037037035	0.	0.	-0.037037037037037035	1	2	2	1	0	2	1	1	2	0	0	0
1	0	0.598275	0.444393	0.666667	0.444444	-0.111111	0	0	-0.037037	0.6296296296296297	0.4074074074074074	0.	0.037037037037037035	-0.037037037037037035	0.	1	2	1	1	0	2	1	1	2	0	0	1
1	0	0.580728	0.400907	0.555556	0.407407	0	-0.037037	0.111111	0	0.5555555555555556	0.4074074074074074	0.	-0.037037037037037035	0.037037037037037035	0.	1	2	0	1	0	1	1	1	2	0	1	0
1	0	0.639238	0.378795	0.555556	0.407407	0	-0.037037	0.111111	0	0.5925925925925926	0.37037037037037035	0.037037037037037035	0.	0.	0.037037037037037035	1	2	1	1	0	1	1	1	2	0	1	1
1	0	0.601489	0.368073	0.666667	0.37037	-0.111111	0	0	-0.037037	0.6666666666666666	0.37037037037037035	-0.037037037037037035	0.	0.	-0.037037037037037035	1	2	2	1	0	0	1	1	2	0	2	0
1	0	0.544259	0.352768	0.555556	0.333333	0	0.111111	-0.037037	0	0.5555555555555556	0.3333333333333333	0.	0.037037037037037035	-0.037037037037037035	0.	1	1	2	1	0	0	1	1	2	1	0	0
1	0	0.529605	0.394092	0.555556	0.333333	0	0.111111	-0.037037	0	0.5185185185185185	0.37037037037037035	0.037037037037037035	0.	0.	0.037037037037037035	1	1	2	1	0	1	1	1	2	1	0	1
1	0	0.507426	0.437524	0.518519	0.444444	-0.037037	0	0	-0.111111	0.5185185185185185	0.4444444444444444	-0.037037037037037035	0.	0.	-0.037037037037037035	1	1	1	1	0	2	1	1	2	1	1	0
1	0	0.499957	0.381433	0.518519	0.444444	-0.037037	0	0	-0.111111	0.48148148148148145	0.4074074074074074	0.	-0.037037037037037035	0.037037037037037035	0.	1	1	1	1	0	1	1	1	2	1	1	1
1	0	0.462786	0.337214	0.481481	0.333333	0	0.111111	-0.037037	0	0.48148148148148145	0.3333333333333333	0.	0.037037037037037035	-0.037037037037037035	0.	1	1	0	1	0	0	1	1	2	1	2	0
1	0	0.424381	0.414642	0.444444	0.444444	-0.111111	0	0	-0.037037	0.4444444444444444	0.4444444444444444	-0.037037037037037035	0.	0.	-0.037037037037037035	1	0	2	1	0	2	1	1	2	2	0	0
1	0	0.394203	0.430642	0.444444	0.444444	-0.111111	0	0	-0.037037	0.4074074074074074	0.4074074074074074	0.	0.037037037037037035	-0.037037037037037035	0.	1	0	1	1	0	2	1	1	2	2	0	1
1	0	0.419574	0.406647	0.333333	0.407407	0	-0.037037	0.111111	0	0.3333333333333333	0.4074074074074074	0.	-0.037037037037037035	0.037037037037037035	0.	1	0	0	1	0	1	1	1	2	2	1	0
1	0	0.36672	0.37109	0.333333	0.407407	0	-0.037037	0.111111	0	0.37037037037037035	0.37037037037037035	0.037037037037037035	0.	0.	0.037037037037037035	1	0	1	1	0	1	1	1	2	2	1	1
1	0	0.427564	0.365143	0.444444	0.37037	-0.111111	0	0	-0.037037	0.4444444444444444	0.37037037037037035	-0.037037037037037035	0.	0.	-0.037037037037037035	1	0	2	1	0	0	1	1	2	2	2	0
1	0	0.324491	0.34547	0.333333	0.333333	0	0.111111	-0.037037	0	0.3333333333333333	0.3333333333333333	0.	0.037037037037037035	-0.037037037037037035	0.	0	2	2	1	0	0	1	2	0	0	0	0
1	0	0.332413	0.419655	0.333333	0.333333	0	0.111111	-0.037037	0	0.2962962962962963	0.37037037037037035	0.037037037037037035	0.	0.	0.037037037037037035	0	2	2	1	0	1	1	2	0	0	0	1
1	0	0.277614	0.41114	0.296296	0.444444	-0.037037	0	0	-0.111111	0.2962962962962963	0.4444444444444444	-0.037037037037037035	0.	0.	-0.037037037037037035	0	2	1	1	0	2	1	2	0	0	1	0
1	0	0.263878	0.403276	0.296296	0.444444	-0.037037	0	0	-0.111111	0.25925925925925924	0.4074074074074074	0.	-0.037037037037037035	0.037037037037037035	0.	0	2	1	1	0	1	1	2	0	0	1	1
1	0	0.228611	0.361873	0.259259	0.333333	0	0.111111	-0.037037	0	0.25925925925925924	0.3333333333333333	0.	0.037037037037037035	-0.037037037037037035	0.	0	2	0	1	0	0	1	2	0	0	2	0
1	0	0.222798	0.45299	0.222222	0.444444	0.111111	0	0	0.037037	0.2222222222222222	0.4444444444444444	0.037037037037037035	0.	0.	0.037037037037037035	0	2	0	1	1	0	1	2	0	1	0	0
1	0	0.295199	0.472773	0.222222	0.444444	0.111111	0	0	0.037037	0.25925925925925924	0.48148148148148145	0.	-0.037037037037037035	0.037037037037037035	0.	0	2	1	1	1	0	1	2	0	1	0	1
1	0	0.321596	0.513184	0.333333	0.481481	0	0.037037	-0.111111	0	0.3333333333333333	0.48148148148148145	0.	0.037037037037037035	-0.037037037037037035	0.	0	2	2	1	1	1	1	2	0	1	1	0
1	0	0.2691	0.484814	0.333333	0.481481	0	0.037037	-0.111111	0	0.2962962962962963	0.5185185185185185	-0.037037037037037035	0.	0.	-0.037037037037037035	0	2	1	1	1	1	1	2	0	1	1	1
1	0	0.25012	0.542191	0.222222	0.518519	0.111111	0	0	0.037037	0.2222222222222222	0.5185185185185185	0.037037037037037035	0.	0.	0.037037037037037035	0	2	0	1	1	2	1	2	0	1	2	0
1	0	0.313837	0.565421	0.333333	0.555556	0	0.111111	-0.037037	0	0.3333333333333333	0.5555555555555556	0.	0.037037037037037035	-0.037037037037037035	0.	0	2	2	1	2	0	1	2	0	2	0	0
1	0	0.297991	0.616255	0.333333	0.555556	0	0.111111	-0.037037	0	0.2962962962962963	0.5925925925925926	0.037037037037037035	0.	0.	0.037037037037037035	0	2	2	1	2	1	1	2	0	2	0	1
1	0	0.290915	0.655153	0.296296	0.666667	-0.037037	0	0	-0.111111	0.2962962962962963	0.6666666666666666	-0.037037037037037035	0.	0.	-0.037037037037037035	0	2	1	1	2	2	1	2	0	2	1	0
1	0	0.260563	0.583269	0.296296	0.666667	-0.037037	0	0	-0.111111	0.25925925925925924	0.6296296296296297	0.	-0.037037037037037035	0.037037037037037035	0.	0	2	1	1	2	1	1	2	0	2	1	1
1	0	0.225623	0.576697	0.259259	0.555556	0	0.111111	-0.037037	0	0.25925925925925924	0.5555555555555556	0.	0.037037037037037035	-0.037037037037037035	0.	0	2	0	1	2	0	1	2	0	2	2	0
1	0	0.216248	0.639217	0.222222	0.666667	-0.111111	0	0	-0.037037	0.2222222222222222	0.6666666666666666	-0.037037037037037035	0.	0.	-0.037037037037037035	0	1	2	1	2	2	1	2	1	0	0	0
1	0	0.145059	0.630446	0.222222	0.666667	-0.111111	0	0	-0.037037	0.18518518518518517	0.6296296296296297	0.	0.037037037037037035	-0.037037037037037035	0.	0	1	1	1	2	2	1	2	1	0	0	1
1	0	0.114266	0.593552	0.111111	0.62963	0	-0.037037	0.111111	0	0.1111111111111111	0.6296296296296297	0.	-0.037037037037037035	0.037037037037037035	0.	0	1	0	1	2	1	1	2	1	0	1	0
1	0	0.162574	0.604758	0.111111	0.62963	0	-0.037037	0.111111	0	0.14814814814814814	0.5925925925925926	0.037037037037037035	0.	0.	0.037037037037037035	0	1	1	1	2	1	1	2	1	0	1	1
1	0	0.193383	0.56015	0.222222	0.592593	-0.111111	0	0	-0.037037	0.2222222222222222	0.5925925925925926	-0.037037037037037035	0.	0.	-0.037037037037037035	0	1	2	1	2	0	1	2	1	0	2	0
1	0	0.141902	0.550746	0.111111	0.555556	0	-0.111111	0.037037	0	0.1111111111111111	0.5555555555555556	0.	-0.037037037037037035	0.037037037037037035	0.	0	1	0	1	1	2	1	2	1	1	0	0
1	0	0.12209	0.504057	0.111111	0.555556	0	-0.111111	0.037037	0	0.14814814814814814	0.5185185185185185	-0.037037037037037035	0.	0.	-0.037037037037037035	0	1	0	1	1	1	1	2	1	1	0	1
1	0	0.159843	0.479367	0.148148	0.444444	0.037037	0	0	0.111111	0.14814814814814814	0.4444444444444444	0.037037037037037035	0.	0.	0.037037037037037035	0	1	1	1	1	0	1	2	1	1	1	0
1	0	0.172657	0.521616	0.148148	0.444444	0.037037	0	0	0.111111	0.18518518518518517	0.48148148148148145	0.	0.037037037037037035	-0.037037037037037035	0.	0	1	1	1	1	1	1	2	1	1	1	1
1	0	0.209559	0.526687	0.185185	0.555556	0	-0.111111	0.037037	0	0.18518518518518517	0.5555555555555556	0.	-0.037037037037037035	0.037037037037037035	0.	0	1	2	1	1	2	1	2	1	1	2	0
1	0	0.21357	0.440508	0.222222	0.444444	-0.111111	0	0	-0.037037	0.2222222222222222	0.4444444444444444	-0.037037037037037035	0.	0.	-0.037037037037037035	0	1	2	1	0	2	1	2	1	2	0	0
1	0	0.125739	0.433918	0.222222	0.444444	-0.111111	0	0	-0.037037	0.18518518518518517	0.4074074074074074	0.	0.037037037037037035	-0.037037037037037035	0.	0	1	1	1	0	2	1	2	1	2	0	1
1	0	0.112261	0.389897	0.111111	0.407407	0	-0.037037	0.111111	0	0.1111111111111111	0.4074074074074074	0.	-0.037037037037037035	0.037037037037037035	0.	0	1	0	1	0	1	1	2	1	2	1	0
1	0	0.176251	0.397417	0.111111	0.407407	0	-0.037037	0.111111	0	0.14814814814814814	0.37037037037037035	0.037037037037037035	0.	0.	0.037037037037037035	0	1	1	1	0	1	1	2	1	2	1	1
1	0	0.191053	0.349785	0.222222	0.37037	-0.111111	0	0	-0.037037	0.2222222222222222	0.37037037037037035	-0.037037037037037035	0.	0.	-0.037037037037037035	0	1	2	1	0	0	1	2	1	2	2	0
1	0	0.0949983	0.356353	0.111111	0.333333	0	0.111111	-0.037037	0	0.1111111111111111	0.3333333333333333	0.	0.037037037037037035	-0.037037037037037035	0.	0	0	2	1	0	0	1	2	2	0	0	0
1	0	0.0766413	0.340228	0.111111	0.333333	0	0.111111	-0.037037	0	0.07407407407407407	0.37037037037037035	0.037037037037037035	0.	0.	0.037037037037037035	0	0	2	1	0	1	1	2	2	0	0	1
1	0	0.0667933	0.423477	0.0740741	0.444444	-0.037037	0	0	-0.111111	0.07407407407407407	0.4444444444444444	-0.037037037037037035	0.	0.	-0.037037037037037035	0	0	1	1	0	2	1	2	2	0	1	0
1	0	0.0590806	0.384601	0.0740741	0.444444	-0.037037	0	0	-0.111111	0.037037037037037035	0.4074074074074074	0.	-0.037037037037037035	0.037037037037037035	0.	0	0	1	1	0	1	1	2	2	0	1	1
1	0	0.031871	0.37564	0.037037	0.333333	0	0.111111	-0.037037	0	0.037037037037037035	0.3333333333333333	0.	0.037037037037037035	-0.037037037037037035	0.	0	0	0	1	0	0	1	2	2	0	2	0
1	0	0.0196635	0.44897	0	0.444444	0.111111	0	0	0.037037	0.	0.4444444444444444	0.037037037037037035	0.	0.	0.037037037037037035	0	0	0	1	1	0	1	2	2	1	0	0
1	0	0.0371652	0.465552	0	0.444444	0.111111	0	0	0.037037	0.037037037037037035	0.48148148148148145	0.	-0.037037037037037035	0.037037037037037035	0.	0	0	1	1	1	0	1	2	2	1	0	1
1	0	0.0862635	0.509903	0.111111	0.481481	0	0.037037	-0.111111	0	0.1111111111111111	0.48148148148148145	0.	0.037037037037037035	-0.037037037037037035	0.	0	0	2	1	1	1	1	2	2	1	1	0
1	0	0.0458207	0.495104	0.111111	0.481481	0	0.037037	-0.111111	0	0.07407407407407407	0.5185185185185185	-0.037037037037037035	0.	0.	-0.037037037037037035	0	0	1	1	1	1	1	2	2	1	1	1
1	0	0.00483077	0.53306	0	0.518519	0.111111	0	0	0.037037	0.	0.5185185185185185	0.037037037037037035	0.	0.	0.037037037037037035	0	0	0	1	1	2	1	2	2	1	2	0
1	0	0.0920194	0.66033	0.111111	0.555556	0	0.111111	-0.037037	0	0.1111111111111111	0.5555555555555556	0.	0.037037037037037035	-0.037037037037037035	0.	0	0	2	1	2	0	1	2	2	2	0	0
1	0	0.0791632	0.61943	0.111111	0.555556	0	0.111111	-0.037037	0	0.07407407407407407	0.5925925925925926	0.037037037037037035	0.	0.	0.037037037037037035	0	0	2	1	2	1	1	2	2	2	0	1
1	0	0.0559777	0.634576	0.0740741	0.666667	-0.037037	0	0	-0.111111	0.07407407407407407	0.6666666666666666	-0.037037037037037035	0.	0.	-0.037037037037037035	0	0	1	1	2	2	1	2	2	2	1	0
1	0	0.0134567	0.571526	0.037037	0.555556	0	0.111111	-0.037037	0	0.037037037037037035	0.5555555555555556	0.	0.037037037037037035	-0.037037037037037035	0.	0	0	0	1	2	0	1	2	2	2	2	0
1	0	0.033843	0.67225	0	0.666667	0.111111	0	0	0.037037	0.	0.6666666666666666	0.037037037037037035	0.	0.	0.037037037037037035	0	0	0	2	0	0	2	0	0	0	0	0
1	0	0.0398065	0.692427	0	0.666667	0.111111	0	0	0.037037	0.037037037037037035	0.7037037037037037	0.	-0.037037037037037035	0.037037037037037035	0.	0	0	1	2	0	0	2	0	0	0	0	1
1	0	0.101045	0.737849	0.111111	0.703704	0	0.037037	-0.111111	0	0.1111111111111111	0.7037037037037037	0.	0.037037037037037035	-0.037037037037037035	0.	0	0	2	2	0	1	2	0	0	0	1	0
1	0	0.0688544	0.714205	0.111111	0.703704	0	0.037037	-0.111111	0	0.07407407407407407	0.7407407407407407	-0.037037037037037035	0.	0.	-0.037037037037037035	0	0	1	2	0	1	2	0	0	0	1	1
1	0	0.0112001	0.765339	0	0.740741	0.111111	0	0	0.037037	0.	0.7407407407407407	0.037037037037037035	0.	0.	0.037037037037037035	0	0	0	2	0	2	2	0	0	0	2	0
1	0	0.136869	0.759692	0.111111	0.777778	0	-0.111111	0.037037	0	0.1111111111111111	0.7777777777777778	0.	-0.037037037037037035	0.037037037037037035	0.	0	1	0	2	0	2	2	0	0	1	0	0
1	0	0.128239	0.701682	0.111111	0.777778	0	-0.111111	0.037037	0	0.14814814814814814	0.7407407407407407	-0.037037037037037035	0.	0.	-0.037037037037037035	0	1	0	2	0	1	2	0	0	1	0	1
1	0	0.178163	0.682293	0.148148	0.666667	0.037037	0	0	0.111111	0.14814814814814814	0.6666666666666666	0.037037037037037035	0.	0.	0.037037037037037035	0	1	1	2	0	0	2	0	0	1	1	0
1	0	0.180769	0.727189	0.148148	0.666667	0.037037	0	0	0.111111	0.18518518518518517	0.7037037037037037	0.	0.037037037037037035	-0.037037037037037035	0.	0	1	1	2	0	1	2	0	0	1	1	1
1	0	0.195988	0.753	0.185185	0.777778	0	-0.111111	0.037037	0	0.18518518518518517	0.7777777777777778	0.	-0.037037037037037035	0.037037037037037035	0.	0	1	2	2	0	2	2	0	0	1	2	0
1	0	0.236511	0.67664	0.222222	0.666667	0.111111	0	0	0.037037	0.2222222222222222	0.6666666666666666	0.037037037037037035	0.	0.	0.037037037037037035	0	2	0	2	0	0	2	0	0	2	0	0
1	0	0.266149	0.688303	0.222222	0.666667	0.111111	0	0	0.037037	0.25925925925925924	0.7037037037037037	0.	-0.037037037037037035	0.037037037037037035	0.	0	2	1	2	0	0	2	0	0	2	0	1
1	0	0.306555	0.731014	0.333333	0.703704	0	0.037037	-0.111111	0	0.3333333333333333	0.7037037037037037	0.	0.037037037037037035	-0.037037037037037035	0.	0	2	2	2	0	1	2	0	0	2	1	0
1	0	0.271841	0.709966	0.333333	0.703704	0	0.037037	-0.111111	0	0.2962962962962963	0.7407407407407407	-0.037037037037037035	0.	0.	-0.037037037037037035	0	2	1	2	0	1	2	0	0	2	1	1
1	0	0.231203	0.774416	0.222222	0.740741	0.111111	0	0	0.037037	0.2222222222222222	0.7407407407407407	0.037037037037037035	0.	0.	0.037037037037037035	0	2	0	2	0	2	2	0	0	2	2	0
1	0	0.316911	0.793457	0.333333	0.777778	0	0.111111	-0.037037	0	0.3333333333333333	0.7777777777777778	0.	0.037037037037037035	-0.037037037037037035	0.	0	2	2	2	1	0	2	0	1	0	0	0
1	0	0.308586	0.812473	0.333333	0.777778	0	0.111111	-0.037037	0	0.2962962962962963	0.8148148148148148	0.037037037037037035	0.	0.	0.037037037037037035	0	2	2	2	1	1	2	0	1	0	0	1
1	0	0.279199	0.867725	0.296296	0.888889	-0.037037	0	0	-0.111111	0.2962962962962963	0.8888888888888888	-0.037037037037037035	0.	0.	-0.037037037037037035	0	2	1	2	1	2	2	0	1	0	1	0
1	0	0.292778	0.856319	0.296296	0.888889	-0.037037	0	0	-0.111111	0.25925925925925924	0.8518518518518519	0.	-0.037037037037037035	0.037037037037037035	0.	0	2	1	2	1	1	2	0	1	0	1	1
1	0	0.244487	0.818149	0.259259	0.777778	0	0.111111	-0.037037	0	0.25925925925925924	0.7777777777777778	0.	0.037037037037037035	-0.037037037037037035	0.	0	2	0	2	1	0	2	0	1	0	2	0
1	0	0.211947	0.8807	0.222222	0.888889	-0.111111	0	0	-0.037037	0.2222222222222222	0.8888888888888888	-0.037037037037037035	0.	0.	-0.037037037037037035	0	1	2	2	1	2	2	0	1	1	0	0
1	0	0.149946	0.86155	0.222222	0.888889	-0.111111	0	0	-0.037037	0.18518518518518517	0.8518518518518519	0.	0.037037037037037035	-0.037037037037037035	0.	0	1	1	2	1	2	2	0	1	1	0	1
1	0	0.117014	0.830496	0.111111	0.851852	0	-0.037037	0.111111	0	0.1111111111111111	0.8518518518518519	0.	-0.037037037037037035	0.037037037037037035	0.	0	1	0	2	1	1	2	0	1	1	1	0
1	0	0.155335	0.848844	0.111111	0.851852	0	-0.037037	0.111111	0	0.14814814814814814	0.8148148148148148	0.037037037037037035	0.	0.	0.037037037037037035	0	1	1	2	1	1	2	0	1	1	1	1
1	0	0.204252	0.787952	0.222222	0.814815	-0.111111	0	0	-0.037037	0.2222222222222222	0.8148148148148148	-0.037037037037037035	0.	0.	-0.037037037037037035	0	1	2	2	1	0	2	0	1	1	2	0
1	0	0.0742826	0.797637	0.111111	0.777778	0	0.111111	-0.037037	0	0.1111111111111111	0.7777777777777778	0.	0.037037037037037035	-0.037037037037037035	0.	0	0	2	2	1	0	2	0	1	2	0	0
1	0	0.106424	0.803226	0.111111	0.777778	0	0.111111	-0.037037	0	0.07407407407407407	0.8148148148148148	0.037037037037037035	0.	0.	0.037037037037037035	0	0	2	2	1	1	2	0	1	2	0	1
1	0	0.0612007	0.875609	0.0740741	0.888889	-0.037037	0	0	-0.111111	0.07407407407407407	0.8888888888888888	-0.037037037037037035	0.	0.	-0.037037037037037035	0	0	1	2	1	2	2	0	1	2	1	0
1	0	0.0478548	0.840435	0.0740741	0.888889	-0.037037	0	0	-0.111111	0.037037037037037035	0.8518518518518519	0.	-0.037037037037037035	0.037037037037037035	0.	0	0	1	2	1	1	2	0	1	2	1	1
1	0	0.0223113	0.782124	0.037037	0.777778	0	0.111111	-0.037037	0	0.037037037037037035	0.7777777777777778	0.	0.037037037037037035	-0.037037037037037035	0.	0	0	0	2	1	0	2	0	1	2	2	0
1	0	0.00646328	0.889306	0	0.888889	0.111111	0	0	0.037037	0.	0.8888888888888888	0.037037037037037035	0.	0.	0.037037037037037035	0	0	0	2	2	0	2	0	2	0	0	0
1	0	0.0844309	0.914552	0	0.888889	0.111111	0	0	0.037037	0.037037037037037035	0.9259259259259259	0.	-0.037037037037037035	0.037037037037037035	0.	0	0	1	2	2	0	2	0	2	0	0	1
1	0	0.0966253	0.945305	0.111111	0.925926	0	0.037037	-0.111111	0	0.1111111111111111	0.9259259259259259	0.	0.037037037037037035	-0.037037037037037035	0.	0	0	2	2	2	1	2	0	2	0	1	0
1	0	0.0270665	0.930291	0.111111	0.925926	0	0.037037	-0.111111	0	0.07407407407407407	0.9629629629629629	-0.037037037037037035	0.	0.	-0.037037037037037035	0	0	1	2	2	1	2	0	2	0	1	1
1	0	0.0439217	0.979446	0	0.962963	0.111111	0	0	0.037037	0.	0.9629629629629629	0.037037037037037035	0.	0.	0.037037037037037035	0	0	0	2	2	2	2	0	2	0	2	0
1	0	0.143728	0.984852	0.111111	1	0	-0.111111	0.037037	0	0.1111111111111111	1.	0.	-0.037037037037037035	0.037037037037037035	0.	0	1	0	2	2	2	2	0	2	1	0	0
1	0	0.124103	0.959152	0.111111	1	0	-0.111111	0.037037	0	0.14814814814814814	0.9629629629629629	-0.037037037037037035	0.	0.	-0.037037037037037035	0	1	0	2	2	1	2	0	2	1	0	1
1	0	0.1851	0.902234	0.148148	0.888889	0.037037	0	0	0.111111	0.14814814814814814	0.8888888888888888	0.037037037037037035	0.	0.	0.037037037037037035	0	1	1	2	2	0	2	0	2	1	1	0
1	0	0.165513	0.923662	0.148148	0.888889	0.037037	0	0	0.111111	0.18518518518518517	0.9259259259259259	0.	0.037037037037037035	-0.037037037037037035	0.	0	1	1	2	2	1	2	0	2	1	1	1
1	0	0.220898	0.969326	0.185185	1	0	-0.111111	0.037037	0	0.18518518518518517	1.	0.	-0.037037037037037035	0.037037037037037035	0.	0	1	2	2	2	2	2	0	2	1	2	0
1	0	0.330977	0.892943	0.222222	0.888889	0.111111	0	0	0.037037	0.2222222222222222	0.8888888888888888	0.037037037037037035	0.	0.	0.037037037037037035	0	2	0	2	2	0	2	0	2	2	0	0
1	0	0.251596	0.909152	0.222222	0.888889	0.111111	0	0	0.037037	0.25925925925925924	0.9259259259259259	0.	-0.037037037037037035	0.037037037037037035	0.	0	2	1	2	2	0	2	0	2	2	0	1
1	0	0.326239	0.952741	0.333333	0.925926	0	0.037037	-0.111111	0	0.3333333333333333	0.9259259259259259	0.	0.037037037037037035	-0.037037037037037035	0.	0	2	2	2	2	1	2	0	2	2	1	0
1	0	0.256334	0.93507	0.333333	0.925926	0	0.037037	-0.111111	0	0.2962962962962963	0.9629629629629629	-0.037037037037037035	0.	0.	-0.037037037037037035	0	2	1	2	2	1	2	0	2	2	1	1
1	0	0.283894	0.973311	0.222222	0.962963	0.111111	0	0	0.037037	0.2222222222222222	0.9629629629629629	0.037037037037037035	0.	0.	0.037037037037037035	0	2	0	2	2	2	2	0	2	2	2	0
1	0	0.341607	0.996588	0.333333	1	0	-0.111111	0.037037	0	0.3333333333333333	1.	0.	-0.037037037037037035	0.037037037037037035	0.	1	0	0	2	2	2	2	1	0	0	0	0
1	0	0.36187	0.939036	0.333333	1	0	-0.111111	0.037037	0	0.37037037037037035	0.9629629629629629	-0.037037037037037035	0.	0.	-0.037037037037037035	1	0	0	2	2	1	2	1	0	0	0	1
1	0	0.392639	0.898936	0.37037	0.888889	0.037037	0	0	0.111111	0.37037037037037035	0.8888888888888888	0.037037037037037035	0.	0.	0.037037037037037035	1	0	1	2	2	0	2	1	0	0	1	0
1	0	0.40476	0.964418	0.37037	0.888889	0.037037	0	0	0.111111	0.4074074074074074	0.9259259259259259	0.	0.037037037037037035	-0.037037037037037035	0.	1	0	1	2	2	1	2	1	0	0	1	1
1	0	0.428887	0.987739	0.407407	1	0	-0.111111	0.037037	0	0.4074074074074074	1.	0.	-0.037037037037037035	0.037037037037037035	0.	1	0	2	2	2	2	2	1	0	0	2	0
1	0	0.438292	0.853295	0.444444	0.888889	-0.111111	0	0	-0.037037	0.4444444444444444	0.8888888888888888	-0.037037037037037035	0.	0.	-0.037037037037037035	1	0	2	2	1	2	2	1	0	1	0	0
1	0	0.411801	0.872741	0.444444	0.888889	-0.111111	0	0	-0.037037	0.4074074074074074	0.8518518518518519	0.	0.037037037037037035	-0.037037037037037035	0.	1	0	1	2	1	2	2	1	0	1	0	1
1	0	0.35449	0.837108	0.333333	0.851852	0	-0.037037	0.111111	0	0.3333333333333333	0.8518518518518519	0.	-0.037037037037037035	0.037037037037037035	0.	1	0	0	2	1	1	2	1	0	1	1	0
1	0	0.382452	0.824646	0.333333	0.851852	0	-0.037037	0.111111	0	0.37037037037037035	0.8148148148148148	0.037037037037037035	0.	0.	0.037037037037037035	1	0	1	2	1	1	2	1	0	1	1	1
1	0	0.443404	0.805387	0.444444	0.814815	-0.111111	0	0	-0.037037	0.4444444444444444	0.8148148148148148	-0.037037037037037035	0.	0.	-0.037037037037037035	1	0	2	2	1	0	2	1	0	1	2	0
1	0	0.335206	0.746728	0.333333	0.777778	0	-0.111111	0.037037	0	0.3333333333333333	0.7777777777777778	0.	-0.037037037037037035	0.037037037037037035	0.	1	0	0	2	0	2	2	1	0	2	0	0
1	0	0.369121	0.71739	0.333333	0.777778	0	-0.111111	0.037037	0	0.37037037037037035	0.7407407407407407	-0.037037037037037035	0.	0.	-0.037037037037037035	1	0	0	2	0	1	2	1	0	2	0	1
1	0	0.400381	0.670003	0.37037	0.666667	0.037037	0	0	0.111111	0.37037037037037035	0.6666666666666666	0.037037037037037035	0.	0.	0.037037037037037035	1	0	1	2	0	0	2	1	0	2	1	0
1	0	0.377558	0.742627	0.37037	0.666667	0.037037	0	0	0.111111	0.4074074074074074	0.7037037037037037	0.	0.037037037037037035	-0.037037037037037035	0.	1	0	1	2	0	1	2	1	0	2	1	1
1	0	0.421973	0.771057	0.407407	0.777778	0	-0.111111	0.037037	0	0.4074074074074074	0.7777777777777778	0.	-0.037037037037037035	0.037037037037037035	0.	1	0	2	2	0	2	2	1	0	2	2	0
1	0	0.4866	0.69715	0.444444	0.666667	0.111111	0	0	0.037037	0.4444444444444444	0.6666666666666666	0.037037037037037035	0.	0.	0.037037037037037035	1	1	0	2	0	0	2	1	1	0	0	0
1	0	0.519233	0.667334	0.444444	0.666667	0.111111	0	0	0.037037	0.48148148148148145	0.7037037037037037	0.	-0.037037037037037035	0.037037037037037035	0.	1	1	1	2	0	0	2	1	1	0	0	1
1	0	0.451521	0.704949	0.555556	0.703704	0	0.037037	-0.111111	0	0.5555555555555556	0.7037037037037037	0.	0.037037037037037035	-0.037037037037037035	0.	1	1	2	2	0	1	2	1	1	0	1	0
1	0	0.546793	0.7247	0.555556	0.703704	0	0.037037	-0.111111	0	0.5185185185185185	0.7407407407407407	-0.037037037037037035	0.	0.	-0.037037037037037035	1	1	1	2	0	1	2	1	1	0	1	1
1	0	0.4606	0.750016	0.444444	0.740741	0.111111	0	0	0.037037	0.4444444444444444	0.7407407407407407	0.037037037037037035	0.	0.	0.037037037037037035	1	1	0	2	0	2	2	1	1	0	2	0
1	0	0.527233	0.808157	0.555556	0.777778	0	0.111111	-0.037037	0	0.5555555555555556	0.7777777777777778	0.	0.037037037037037035	-0.037037037037037035	0.	1	1	2	2	1	0	2	1	1	1	0	0
1	0	0.537907	0.827843	0.555556	0.777778	0	0.111111	-0.037037	0	0.5185185185185185	0.8148148148148148	0.037037037037037035	0.	0.	0.037037037037037035	1	1	2	2	1	1	2	1	1	1	0	1
1	0	0.494624	0.883695	0.518519	0.888889	-0.037037	0	0	-0.111111	0.5185185185185185	0.8888888888888888	-0.037037037037037035	0.	0.	-0.037037037037037035	1	1	1	2	1	2	2	1	1	1	1	0
1	0	0.504845	0.821081	0.518519	0.888889	-0.037037	0	0	-0.111111	0.48148148148148145	0.8518518518518519	0.	-0.037037037037037035	0.037037037037037035	0.	1	1	1	2	1	1	2	1	1	1	1	1
1	0	0.47452	0.77898	0.481481	0.777778	0	0.111111	-0.037037	0	0.48148148148148145	0.7777777777777778	0.	0.037037037037037035	-0.037037037037037035	0.	1	1	0	2	1	0	2	1	1	1	2	0
1	0	0.476179	0.905794	0.444444	0.888889	0.111111	0	0	0.037037	0.4444444444444444	0.8888888888888888	0.037037037037037035	0.	0.	0.037037037037037035	1	1	0	2	2	0	2	1	1	2	0	0
1	0	0.54227	0.918139	0.444444	0.888889	0.111111	0	0	0.037037	0.48148148148148145	0.9259259259259259	0.	-0.037037037037037035	0.037037037037037035	0.	1	1	1	2	2	0	2	1	1	2	0	1
1	0	0.514876	0.956011	0.555556	0.925926	0	0.037037	-0.111111	0	0.5555555555555556	0.9259259259259259	0.	0.037037037037037035	-0.037037037037037035	0.	1	1	2	2	2	1	2	1	1	2	1	0
1	0	0.453308	0.949378	0.555556	0.925926	0	0.037037	-0.111111	0	0.5185185185185185	0.9629629629629629	-0.037037037037037035	0.	0.	-0.037037037037037035	1	1	1	2	2	1	2	1	1	2	1	1
1	0	0.488348	0.990934	0.444444	0.962963	0.111111	0	0	0.037037	0.4444444444444444	0.9629629629629629	0.037037037037037035	0.	0.	0.037037037037037035	1	1	0	2	2	2	2	1	1	2	2	0
1	0	0.587623	0.99376	0.555556	1	0	-0.111111	0.037037	0	0.5555555555555556	1.	0.	-0.037037037037037035	0.037037037037037035	0.	1	2	0	2	2	2	2	1	2	0	0	0
1	0	0.560337	0.927184	0.555556	1	0	-0.111111	0.037037	0	0.5925925925925926	0.9629629629629629	-0.037037037037037035	0.	0.	-0.037037037037037035	1	2	0	2	2	1	2	1	2	0	0	1
1	0	0.616519	0.921114	0.592593	0.888889	0.037037	0	0	0.111111	0.5925925925925926	0.8888888888888888	0.037037037037037035	0.	0.	0.037037037037037035	1	2	1	2	2	0	2	1	2	0	1	0
1	0	0.596327	0.942248	0.592593	0.888889	0.037037	0	0	0.111111	0.6296296296296297	0.9259259259259259	0.	0.037037037037037035	-0.037037037037037035	0.	1	2	1	2	2	1	2	1	2	0	1	1
1	0	0.658652	0.975873	0.62963	1	0	-0.111111	0.037037	0	0.6296296296296297	1.	0.	-0.037037037037037035	0.037037037037037035	0.	1	2	2	2	2	2	2	1	2	0	2	0
1	0	0.634182	0.865392	0.666667	0.888889	-0.111111	0	0	-0.037037	0.6666666666666666	0.8888888888888888	-0.037037037037037035	0.	0.	-0.037037037037037035	1	2	2	2	1	2	2	1	2	1	0	0
1	0	0.649784	0.886544	0.666667	0.888889	-0.111111	0	0	-0.037037	0.6296296296296297	0.8518518518518519	0.	0.037037037037037035	-0.037037037037037035	0.	1	2	1	2	1	2	2	1	2	1	0	1
1	0	0.570149	0.846544	0.555556	0.851852	0	-0.037037	0.111111	0	0.5555555555555556	0.8518518518518519	0.	-0.037037037037037035	0.037037037037037035	0.	1	2	0	2	1	1	2	1	2	1	1	0
1	0	0.608819	0.843432	0.555556	0.851852	0	-0.037037	0.111111	0	0.5925925925925926	0.8148148148148148	0.037037037037037035	0.	0.	0.037037037037037035	1	2	1	2	1	1	2	1	2	1	1	1
1	0	0.64462	0.790877	0.666667	0.814815	-0.111111	0	0	-0.037037	0.6666666666666666	0.8148148148148148	-0.037037037037037035	0.	0.	-0.037037037037037035	1	2	2	2	1	0	2	1	2	1	2	0
1	0	0.586236	0.757199	0.555556	0.777778	0	-0.111111	0.037037	0	0.5555555555555556	0.7777777777777778	0.	-0.037037037037037035	0.037037037037037035	0.	1	2	0	2	0	2	2	1	2	2	0	0
1	0	0.574909	0.72157	0.555556	0.777778	0	-0.111111	0.037037	0	0.5925925925925926	0.7407407407407407	-0.037037037037037035	0.	0.	-0.037037037037037035	1	2	0	2	0	1	2	1	2	2	0	1
1	0	0.620726	0.685564	0.592593	0.666667	0.037037	0	0	0.111111	0.5925925925925926	0.6666666666666666	0.037037037037037035	0.	0.	0.037037037037037035	1	2	1	2	0	0	2	1	2	2	1	0
1	0	0.592668	0.735066	0.592593	0.666667	0.037037	0	0	0.111111	0.6296296296296297	0.7037037037037037	0.	0.037037037037037035	-0.037037037037037035	0.	1	2	1	2	0	1	2	1	2	2	1	1
1	0	0.663081	0.768401	0.62963	0.777778	0	-0.111111	0.037037	0	0.6296296296296297	0.7777777777777778	0.	-0.037037037037037035	0.037037037037037035	0.	1	2	2	2	0	2	2	1	2	2	2	0
1	0	0.676215	0.679498	0.666667	0.666667	0.111111	0	0	0.037037	0.6666666666666666	0.6666666666666666	0.037037037037037035	0.	0.	0.037037037037037035	2	0	0	2	0	0	2	2	0	0	0	0
1	0	0.735214	0.694319	0.666667	0.666667	0.111111	0	0	0.037037	0.7037037037037037	0.7037037037037037	0.	-0.037037037037037035	0.037037037037037035	0.	2	0	1	2	0	0	2	2	0	0	0	1
1	0	0.776094	0.719356	0.777778	0.703704	0	0.037037	-0.111111	0	0.7777777777777778	0.7037037037037037	0.	0.037037037037037035	-0.037037037037037035	0.	2	0	2	2	0	1	2	2	0	0	1	0
1	0	0.716299	0.707788	0.777778	0.703704	0	0.037037	-0.111111	0	0.7407407407407407	0.7407407407407407	-0.037037037037037035	0.	0.	-0.037037037037037035	2	0	1	2	0	1	2	2	0	0	1	1
1	0	0.694379	0.762679	0.666667	0.740741	0.111111	0	0	0.037037	0.6666666666666666	0.7407407407407407	0.037037037037037035	0.	0.	0.037037037037037035	2	0	0	2	0	2	2	2	0	0	2	0
1	0	0.803254	0.776832	0.777778	0.777778	0	-0.111111	0.037037	0	0.7777777777777778	0.7777777777777778	0.	-0.037037037037037035	0.037037037037037035	0.	2	1	0	2	0	2	2	2	0	1	0	0
1	0	0.797462	0.740694	0.777778	0.777778	0	-0.111111	0.037037	0	0.8148148148148148	0.7407407407407407	-0.037037037037037035	0.	0.	-0.037037037037037035	2	1	0	2	0	1	2	2	0	1	0	1
1	0	0.815244	0.699475	0.814815	0.666667	0.037037	0	0	0.111111	0.8148148148148148	0.6666666666666666	0.037037037037037035	0.	0.	0.037037037037037035	2	1	1	2	0	0	2	2	0	1	1	0
1	0	0.836075	0.732597	0.814815	0.666667	0.037037	0	0	0.111111	0.8518518518518519	0.7037037037037037	0.	0.037037037037037035	-0.037037037037037035	0.	2	1	1	2	0	1	2	2	0	1	1	1
1	0	0.881303	0.755331	0.851852	0.777778	0	-0.111111	0.037037	0	0.8518518518518519	0.7777777777777778	0.	-0.037037037037037035	0.037037037037037035	0.	2	1	2	2	0	2	2	2	0	1	2	0
1	0	0.985272	0.680856	0.888889	0.666667	0.111111	0	0	0.037037	0.8888888888888888	0.6666666666666666	0.037037037037037035	0.	0.	0.037037037037037035	2	2	0	2	0	0	2	2	0	2	0	0
1	0	0.942475	0.689843	0.888889	0.666667	0.111111	0	0	0.037037	0.9259259259259259	0.7037037037037037	0.	-0.037037037037037035	0.037037037037037035	0.	2	2	1	2	0	0	2	2	0	2	0	1
1	0	1	0.716639	1	0.703704	0	0.037037	-0.111111	0	1.	0.7037037037037037	0.	0.037037037037037035	-0.037037037037037035	0.	2	2	2	2	0	1	2	2	0	2	1	0
1	0	0.953284	0.71256	1	0.703704	0	0.037037	-0.111111	0	0.9629629629629629	0.7407407407407407	-0.037037037037037035	0.	0.	-0.037037037037037035	2	2	1	2	0	1	2	2	0	2	1	1
1	0	0.90348	0.745093	0.888889	0.740741	0.111111	0	0	0.037037	0.8888888888888888	0.7407407407407407	0.037037037037037035	0.	0.	0.037037037037037035	2	2	0	2	0	2	2	2	0	2	2	0
1	0	0.979701	0.795721	1	0.777778	0	0.111111	-0.037037	0	1.	0.7777777777777778	0.	0.037037037037037035	-0.037037037037037035	0.	2	2	2	2	1	0	2	2	1	0	0	0
1	0	0.989945	0.888019	1	0.777778	0	0.111111	-0.037037	0	0.9629629629629629	0.8148148148148148	0.037037037037037035	0.	0.	0.037037037037037035	2	2	2	2	1	1	2	2	1	0	0	1
1	0	0.929111	0.86354	0.962963	0.888889	-0.037037	0	0	-0.111111	0.9629629629629629	0.8888888888888888	-0.037037037037037035	0.	0.	-0.037037037037037035	2	2	1	2	1	2	2	2	1	0	1	0
1	0	0.951093	0.822957	0.962963	0.888889	-0.037037	0	0	-0.111111	0.9259259259259259	0.8518518518518519	0.	-0.037037037037037035	0.037037037037037035	0.	2	2	1	2	1	1	2	2	1	0	1	1
1	0	0.921251	0.783768	0.925926	0.777778	0	0.111111	-0.037037	0	0.9259259259259259	0.7777777777777778	0.	0.037037037037037035	-0.037037037037037035	0.	2	2	0	2	1	0	2	2	1	0	2	0
1	0	0.784346	0.870757	0.888889	0.888889	-0.111111	0	0	-0.037037	0.8888888888888888	0.8888888888888888	-0.037037037037037035	0.	0.	-0.037037037037037035	2	1	2	2	1	2	2	2	1	1	0	0
1	0	0.856714	0.878633	0.888889	0.888889	-0.111111	0	0	-0.037037	0.8518518518518519	0.8518518518518519	0.	0.037037037037037035	-0.037037037037037035	0.	2	1	1	2	1	2	2	2	1	1	0	1
1	0	0.888851	0.850717	0.777778	0.851852	0	-0.037037	0.111111	0	0.7777777777777778	0.8518518518518519	0.	-0.037037037037037035	0.037037037037037035	0.	2	1	0	2	1	1	2	2	1	1	1	0
1	0	0.840923	0.832511	0.777778	0.851852	0	-0.037037	0.111111	0	0.8148148148148148	0.8148148148148148	0.037037037037037035	0.	0.	0.037037037037037035	2	1	1	2	1	1	2	2	1	1	1	1
1	0	0.873002	0.810324	0.888889	0.814815	-0.111111	0	0	-0.037037	0.8888888888888888	0.8148148148148148	-0.037037037037037035	0.	0.	-0.037037037037037035	2	1	2	2	1	0	2	2	1	1	2	0
1	0	0.750091	0.785698	0.777778	0.777778	0	0.111111	-0.037037	0	0.7777777777777778	0.7777777777777778	0.	0.037037037037037035	-0.037037037037037035	0.	2	0	2	2	1	0	2	2	1	2	0	0
1	0	0.767202	0.799999	0.777778	0.777778	0	0.111111	-0.037037	0	0.7407407407407407	0.8148148148148148	0.037037037037037035	0.	0.	0.037037037037037035	2	0	2	2	1	1	2	2	1	2	0	1
1	0	0.727023	0.859012	0.740741	0.888889	-0.037037	0	0	-0.111111	0.7407407407407407	0.8888888888888888	-0.037037037037037035	0.	0.	-0.037037037037037035	2	0	1	2	1	2	2	2	1	2	1	0
1	0	0.708426	0.834788	0.740741	0.888889	-0.037037	0	0	-0.111111	0.7037037037037037	0.8518518518518519	0.	-0.037037037037037035	0.037037037037037035	0.	2	0	1	2	1	1	2	2	1	2	1	1
1	0	0.671351	0.815217	0.703704	0.777778	0	0.111111	-0.037037	0	0.7037037037037037	0.7777777777777778	0.	0.037037037037037035	-0.037037037037037035	0.	2	0	0	2	1	0	2	2	1	2	2	0
1	0	0.684355	0.911653	0.666667	0.888889	0.111111	0	0	0.037037	0.6666666666666666	0.8888888888888888	0.037037037037037035	0.	0.	0.037037037037037035	2	0	0	2	2	0	2	2	2	0	0	0
1	0	0.739834	0.89508	0.666667	0.888889	0.111111	0	0	0.037037	0.7037037037037037	0.9259259259259259	0.	-0.037037037037037035	0.037037037037037035	0.	2	0	1	2	2	0	2	2	2	0	0	1
1	0	0.771799	0.932451	0.777778	0.925926	0	0.037037	-0.111111	0	0.7777777777777778	0.9259259259259259	0.	0.037037037037037035	-0.037037037037037035	0.	2	0	2	2	2	1	2	2	2	0	1	0
1	0	0.751825	0.960982	0.777778	0.925926	0	0.037037	-0.111111	0	0.7407407407407407	0.9629629629629629	-0.037037037037037035	0.	0.	-0.037037037037037035	2	0	1	2	2	1	2	2	2	0	1	1
1	0	0.698843	0.967109	0.666667	0.962963	0.111111	0	0	0.037037	0.6666666666666666	0.9629629629629629	0.037037037037037035	0.	0.	0.037037037037037035	2	0	0	2	2	2	2	2	2	0	2	0
1	0	0.801324	0.982768	0.777778	1	0	-0.111111	0.037037	0	0.7777777777777778	1.	0.	-0.037037037037037035	0.037037037037037035	0.	2	1	0	2	2	2	2	2	2	1	0	0
1	0	0.813519	0.897602	0.777778	1	0	-0.111111	0.037037	0	0.8148148148148148	0.9629629629629629	-0.037037037037037035	0.	0.	-0.037037037037037035	2	1	0	2	2	1	2	2	2	1	0	1
1	0	0.847906	0.998916	0.814815	0.888889	0.037037	0	0	0.111111	0.8148148148148148	0.8888888888888888	0.037037037037037035	0.	0.	0.037037037037037035	2	1	1	2	2	0	2	2	2	1	1	0
1	0	0.831212	0.947174	0.814815	0.888889	0.037037	0	0	0.111111	0.8518518518518519	0.9259259259259259	0.	0.037037037037037035	-0.037037037037037035	0.	2	1	1	2	2	1	2	2	2	1	1	1
1	0	0.864246	0.977612	0.851852	1	0	-0.111111	0.037037	0	0.8518518518518519	1.	0.	-0.037037037037037035	0.037037037037037035	0.	2	1	2	2	2	2	2	2	2	1	2	0
1	0	0.91102	0.916382	0.888889	0.888889	0.111111	0	0	0.037037	0.8888888888888888	0.8888888888888888	0.037037037037037035	0.	0.	0.037037037037037035	2	2	0	2	2	0	2	2	2	2	0	0
1	0	0.963984	0.904379	0.888889	0.888889	0.111111	0	0	0.037037	0.9259259259259259	0.9259259259259259	0.	-0.037037037037037035	0.037037037037037035	0.	2	2	1	2	2	0	2	2	2	2	0	1
1	0	0.893326	0.937108	1	0.925926	0	0.037037	-0.111111	0	1.	0.9259259259259259	0.	0.037037037037037035	-0.037037037037037035	0.	2	2	2	2	2	1	2	2	2	2	1	0
1	0	0.946627	0.962967	0.888889	0.962963	0.111111	0	0	0.037037	0.8888888888888888	0.9629629629629629	0.037037037037037035	0.	0.	0.037037037037037035	2	2	0	2	2	2	2	2	2	2	2	0
