1	0	0.304322	0.0179068	0	0	0.333333	0	0	0.111111	0.	0.	0.1111111111111111	0.	0.	0.1111111111111111	0	0	0	0	0	0	0	0
1	0	0.153559	0.0845695	0	0	0.333333	0	0	0.111111	0.1111111111111111	0.1111111111111111	0.	-0.1111111111111111	0.1111111111111111	0.	0	1	0	0	0	0	0	1
1	0	0.216142	0.167574	0.333333	0.111111	0	0.111111	-0.333333	0	0.3333333333333333	0.1111111111111111	0.	0.1111111111111111	-0.1111111111111111	0.	0	2	0	1	0	0	1	0
1	0	0.0991468	0.209629	0.333333	0.111111	0	0.111111	-0.333333	0	0.2222222222222222	0.2222222222222222	-0.1111111111111111	0.	0.	-0.1111111111111111	0	1	0	1	0	0	1	1
1	0	0.0179236	0.290324	0	0.222222	0.333333	0	0	0.111111	0.	0.2222222222222222	0.1111111111111111	0.	0.	0.1111111111111111	0	0	0	2	0	0	2	0
1	0	0.411897	0.333206	0.333333	0.333333	0	-0.333333	0.111111	0	0.3333333333333333	0.3333333333333333	0.	-0.1111111111111111	0.1111111111111111	0.	1	0	0	2	0	1	0	0
1	0	0.354489	0.134352	0.333333	0.333333	0	-0.333333	0.111111	0	0.4444444444444444	0.2222222222222222	-0.1111111111111111	0.	0.	-0.1111111111111111	1	0	0	1	0	1	0	1
1	0	0.539605	0.0582226	0.444444	0	0.111111	0	0	0.333333	0.4444444444444444	0.	0.1111111111111111	0.	0.	0.1111111111111111	1	1	0	0	0	1	1	0
1	0	0.490979	0.254902	0.444444	0	0.111111	0	0	0.333333	0.5555555555555556	0.1111111111111111	0.	0.1111111111111111	-0.1111111111111111	0.	1	1	0	1	0	1	1	1
1	0	0.595379	0.312993	0.555556	0.333333	0	-0.333333	0.111111	0	0.5555555555555556	0.3333333333333333	0.	-0.1111111111111111	0.1111111111111111	0.	1	2	0	2	0	1	2	0
1	0	0.996761	0.105761	0.666667	0	0.333333	0	0	0.111111	0.6666666666666666	0.	0.1111111111111111	0.	0.	0.1111111111111111	2	0	0	0	0	2	0	0
1	0	0.802587	0.0385638	0.666667	0	0.333333	0	0	0.111111	0.7777777777777778	0.1111111111111111	0.	-0.1111111111111111	0.1111111111111111	0.	2	1	0	0	0	2	0	1
1	0	0.747624	0.11414	1	0.111111	0	0.111111	-0.333333	0	1.	0.1111111111111111	0.	0.1111111111111111	-0.1111111111111111	0.	2	2	0	1	0	2	1	0
1	0	0.872539	0.186991	1	0.111111	0	0.111111	-0.333333	0	0.8888888888888888	0.2222222222222222	-0.1111111111111111	0.	0.	-0.1111111111111111	2	1	0	1	0	2	1	1
1	0	0.679004	0.230105	0.666667	0.222222	0.333333	0	0	0.111111	0.6666666666666666	0.2222222222222222	0.1111111111111111	0.	0.	0.1111111111111111	2	0	0	2	0	2	2	0
1	0	0.922566	0.352372	1	0.333333	0	0.333333	-0.111111	0	1.	0.3333333333333333	0.	0.1111111111111111	-0.1111111111111111	0.	2	2	1	0	1	0	0	0
1	0	0.967636	0.463351	1	0.333333	0	0.333333	-0.111111	0	0.8888888888888888	0.4444444444444444	0.1111111111111111	0.	0.	0.1111111111111111	2	2	1	1	1	0	0	1
1	0	0.839139	0.505667	0.888889	0.666667	-0.111111	0	0	-0.333333	0.8888888888888888	0.6666666666666666	-0.1111111111111111	0.	0.	-0.1111111111111111	2	1	1	2	1	0	1	0
1	0	0.888877	0.652545	0.888889	0.666667	-0.111111	0	0	-0.333333	0.7777777777777778	0.5555555555555556	0.	-0.1111111111111111	0.1111111111111111	0.	2	1	1	1	1	0	1	1
1	0	0.719208	0.401651	0.777778	0.333333	0	0.333333	-0.111111	0	0.7777777777777778	0.3333333333333333	0.	0.1111111111111111	-0.1111111111111111	0.	2	0	1	0	1	0	2	0
1	0	0.567734	0.581951	0.666667	0.666667	-0.333333	0	0	-0.111111	0.6666666666666666	0.6666666666666666	-0.1111111111111111	0.	0.	-0.1111111111111111	1	2	1	2	1	1	0	0
1	0	0.627052	0.638038	0.666667	0.666667	-0.333333	0	0	-0.111111	0.5555555555555556	0.5555555555555556	0.	0.1111111111111111	-0.1111111111111111	0.	1	1	1	2	1	1	0	1
1	0	0.374421	0.555526	0.333333	0.555556	0	-0.111111	0.333333	0	0.3333333333333333	0.5555555555555556	0.	-0.1111111111111111	0.1111111111111111	0.	1	0	1	1	1	1	1	0
1	0	0.442745	0.480929	0.333333	0.555556	0	-0.111111	0.333333	0	0.4444444444444444	0.4444444444444444	0.1111111111111111	0.	0.	0.1111111111111111	1	1	1	1	1	1	1	1
1	0	0.649104	0.425698	0.666667	0.444444	-0.333333	0	0	-0.111111	0.6666666666666666	0.4444444444444444	-0.1111111111111111	0.	0.	-0.1111111111111111	1	2	1	0	1	1	2	0
1	0	0.272595	0.522274	0.333333	0.333333	0	0.333333	-0.111111	0	0.3333333333333333	0.3333333333333333	0.	0.1111111111111111	-0.1111111111111111	0.	0	2	1	0	1	2	0	0
1	0	0.243613	0.448717	0.333333	0.333333	0	0.333333	-0.111111	0	0.2222222222222222	0.4444444444444444	0.1111111111111111	0.	0.	0.1111111111111111	0	2	1	1	1	2	0	1
1	0	0.124663	0.609705	0.222222	0.666667	-0.111111	0	0	-0.333333	0.2222222222222222	0.6666666666666666	-0.1111111111111111	0.	0.	-0.1111111111111111	0	1	1	2	1	2	1	0
1	0	0.0640176	0.383684	0.111111	0.333333	0	0.333333	-0.111111	0	0.1111111111111111	0.3333333333333333	0.	0.1111111111111111	-0.1111111111111111	0.	0	0	1	0	1	2	2	0
1	0	0.0399957	0.748267	0	0.666667	0.333333	0	0	0.111111	0.	0.6666666666666666	0.1111111111111111	0.	0.	0.1111111111111111	0	0	2	0	2	0	0	0
1	0	0.179511	0.697843	0	0.666667	0.333333	0	0	0.111111	0.1111111111111111	0.7777777777777778	0.	-0.1111111111111111	0.1111111111111111	0.	0	1	2	0	2	0	0	1
1	0	0.323841	0.809773	0.333333	0.777778	0	0.111111	-0.333333	0	0.3333333333333333	0.7777777777777778	0.	0.1111111111111111	-0.1111111111111111	0.	0	2	2	1	2	0	1	0
1	0	0.198949	0.854286	0.333333	0.777778	0	0.111111	-0.333333	0	0.2222222222222222	0.8888888888888888	-0.1111111111111111	0.	0.	-0.1111111111111111	0	1	2	1	2	0	1	1
1	0	0.0842988	0.936445	0	0.888889	0.333333	0	0	0.111111	0.	0.8888888888888888	0.1111111111111111	0.	0.	0.1111111111111111	0	0	2	2	2	0	2	0
1	0	0.431757	0.990995	0.333333	1	0	-0.333333	0.111111	0	0.3333333333333333	1.	0.	-0.1111111111111111	0.1111111111111111	0.	1	0	2	2	2	1	0	0
1	0	0.396029	0.887039	0.333333	1	0	-0.333333	0.111111	0	0.4444444444444444	0.8888888888888888	-0.1111111111111111	0.	0.	-0.1111111111111111	1	0	2	1	2	1	0	1
1	0	0.466668	0.671932	0.444444	0.666667	0.111111	0	0	0.333333	0.4444444444444444	0.6666666666666666	0.1111111111111111	0.	0.	0.1111111111111111	1	1	2	0	2	1	1	0
1	0	0.519291	0.781993	0.444444	0.666667	0.111111	0	0	0.333333	0.5555555555555556	0.7777777777777778	0.	0.1111111111111111	-0.1111111111111111	0.	1	1	2	1	2	1	1	1
1	0	0.610092	0.962904	0.555556	1	0	-0.333333	0.111111	0	0.5555555555555556	1.	0.	-0.1111111111111111	0.1111111111111111	0.	1	2	2	2	2	1	2	0
1	0	0.770578	0.725203	0.666667	0.666667	0.333333	0	0	0.111111	0.6666666666666666	0.6666666666666666	0.1111111111111111	0.	0.	0.1111111111111111	2	0	2	0	2	2	0	0
1	0	0.945938	0.768682	0.666667	0.666667	0.333333	0	0	0.111111	0.7777777777777778	0.7777777777777778	0.	-0.1111111111111111	0.1111111111111111	0.	2	1	2	0	2	2	0	1
1	0	0.818614	0.834409	1	0.777778	0	0.111111	-0.333333	0	1.	0.7777777777777778	0.	0.1111111111111111	-0.1111111111111111	0.	2	2	2	1	2	2	1	0
1	0	0.698778	0.908182	0.666667	0.888889	0.333333	0	0	0.111111	0.6666666666666666	0.8888888888888888	0.1111111111111111	0.	0.	0.1111111111111111	2	0	2	2	2	2	2	0
