2	0	0.0150867	0.111105	0	0	0.111111	0	0	0.111111	0.	0.	0.1111111111111111	0.	0.	0.037037037037037035	0	0	0	0	0	0	0	0	0	0
3	0	0.0634197	0.082683	0	0	0.111111	0	0	0.111111	0.1111111111111111	0.037037037037037035	0.	0.037037037037037035	-0.1111111111111111	0.	0	0	0	0	1	0	0	0	0	1
2	0	0.140996	0.0587523	0.111111	0.111111	0	-0.111111	0.111111	0	0.1111111111111111	0.1111111111111111	0.	-0.1111111111111111	0.037037037037037035	0.	0	1	0	0	0	0	0	0	1	0
2	0	0.284189	0.00838992	0.222222	0	0.111111	0	0	0.111111	0.2222222222222222	0.	0.1111111111111111	0.	0.	0.037037037037037035	0	2	0	0	0	0	0	0	2	0
2	0	0.324529	0.138892	0.333333	0.111111	0	0.111111	-0.111111	0	0.3333333333333333	0.1111111111111111	0.	0.1111111111111111	-0.037037037037037035	0.	0	2	2	0	1	0	0	1	0	0
3	0	0.266478	0.187719	0.333333	0.111111	0	0.111111	-0.111111	0	0.2962962962962963	0.2222222222222222	-0.037037037037037035	0.	0.	-0.1111111111111111	0	2	1	0	1	0	0	1	0	1
2	0	0.199437	0.208257	0.222222	0.222222	-0.111111	0	0	-0.111111	0.2222222222222222	0.2222222222222222	-0.1111111111111111	0.	0.	-0.037037037037037035	0	1	0	1	2	0	0	1	1	0
2	0	0.102173	0.172115	0.111111	0.111111	0	0.111111	-0.111111	0	0.1111111111111111	0.1111111111111111	0.	0.1111111111111111	-0.037037037037037035	0.	0	0	2	0	1	0	0	1	2	0
2	0	0.0311888	0.26831	0	0.222222	0.111111	0	0	0.111111	0.	0.2222222222222222	0.1111111111111111	0.	0.	0.037037037037037035	0	0	0	2	0	0	0	2	0	0
2	0	0.164473	0.285079	0.111111	0.333333	0	-0.111111	0.111111	0	0.1111111111111111	0.3333333333333333	0.	-0.1111111111111111	0.037037037037037035	0.	0	1	0	0	2	0	0	2	1	0
2	0	0.244774	0.329097	0.222222	0.222222	0.111111	0	0	0.111111	0.2222222222222222	0.2222222222222222	0.1111111111111111	0.	0.	0.037037037037037035	0	2	0	2	0	0	0	2	2	0
2	0	0.367641	0.313685	0.333333	0.333333	0	-0.111111	0.111111	0	0.3333333333333333	0.3333333333333333	0.	-0.1111111111111111	0.037037037037037035	0.	1	0	0	0	2	0	1	0	0	0
3	0	0.430224	0.333329	0.333333	0.333333	0	-0.111111	0.111111	0	0.37037037037037035	0.2222222222222222	0.037037037037037035	0.	0.	0.1111111111111111	1	0	1	0	2	0	1	0	0	1
2	0	0.401126	0.222212	0.444444	0.222222	-0.111111	0	0	-0.111111	0.4444444444444444	0.2222222222222222	-0.1111111111111111	0.	0.	-0.037037037037037035	1	0	0	1	2	0	1	0	1	0
2	0	0.351673	0.042587	0.333333	0.111111	0	-0.111111	0.111111	0	0.3333333333333333	0.1111111111111111	0.	-0.1111111111111111	0.037037037037037035	0.	1	0	0	0	0	0	1	0	2	0
2	0	0.512165	0.0297209	0.444444	0	0.111111	0	0	0.111111	0.4444444444444444	0.	0.1111111111111111	0.	0.	0.037037037037037035	1	1	0	0	0	0	1	1	0	0
3	0	0.486355	0.0971585	0.444444	0	0.111111	0	0	0.111111	0.5555555555555556	0.037037037037037035	0.	0.037037037037037035	-0.1111111111111111	0.	1	1	0	0	1	0	1	1	0	1
2	0	0.542792	0.152766	0.555556	0.111111	0	0.111111	-0.111111	0	0.5555555555555556	0.1111111111111111	0.	0.1111111111111111	-0.037037037037037035	0.	1	1	2	0	1	0	1	1	1	0
2	0	0.470652	0.243911	0.444444	0.222222	0.111111	0	0	0.111111	0.4444444444444444	0.2222222222222222	0.1111111111111111	0.	0.	0.037037037037037035	1	1	0	2	0	0	1	1	2	0
2	0	0.599165	0.301964	0.555556	0.333333	0	-0.111111	0.111111	0	0.5555555555555556	0.3333333333333333	0.	-0.1111111111111111	0.037037037037037035	0.	1	2	0	0	2	0	1	2	0	0
2	0	0.653248	0.218124	0.666667	0.222222	-0.111111	0	0	-0.111111	0.6666666666666666	0.2222222222222222	-0.1111111111111111	0.	0.	-0.037037037037037035	1	2	0	1	2	0	1	2	1	0
2	0	0.627988	0.11101	0.555556	0.111111	0	-0.111111	0.111111	0	0.5555555555555556	0.1111111111111111	0.	-0.1111111111111111	0.037037037037037035	0.	1	2	0	0	0	0	1	2	2	0
2	0	0.708255	0.0188577	0.666667	0	0.111111	0	0	0.111111	0.6666666666666666	0.	0.1111111111111111	0.	0.	0.037037037037037035	2	0	0	0	0	0	2	0	0	0
3	0	0.736428	0.073122	0.666667	0	0.111111	0	0	0.111111	0.7777777777777778	0.037037037037037035	0.	0.037037037037037035	-0.1111111111111111	0.	2	0	0	0	1	0	2	0	0	1
2	0	0.870929	0.0510531	0.777778	0.111111	0	-0.111111	0.111111	0	0.7777777777777778	0.1111111111111111	0.	-0.1111111111111111	0.037037037037037035	0.	2	1	0	0	0	0	2	0	1	0
2	0	0.905752	0.106404	0.888889	0	0.111111	0	0	0.111111	0.8888888888888888	0.	0.1111111111111111	0.	0.	0.037037037037037035	2	2	0	0	0	0	2	0	2	0
2	0	0.975324	0.14582	1	0.111111	0	0.111111	-0.111111	0	1.	0.1111111111111111	0.	0.1111111111111111	-0.037037037037037035	0.	2	2	2	0	1	0	2	1	0	0
2	0	0.835395	0.197187	0.888889	0.222222	-0.111111	0	0	-0.111111	0.8888888888888888	0.2222222222222222	-0.1111111111111111	0.	0.	-0.037037037037037035	2	1	0	1	2	0	2	1	1	0
2	0	0.777765	0.163193	0.777778	0.111111	0	0.111111	-0.111111	0	0.7777777777777778	0.1111111111111111	0.	0.1111111111111111	-0.037037037037037035	0.	2	0	2	0	1	0	2	1	2	0
2	0	0.673501	0.257942	0.666667	0.222222	0.111111	0	0	0.111111	0.6666666666666666	0.2222222222222222	0.1111111111111111	0.	0.	0.037037037037037035	2	0	0	2	0	0	2	2	0	0
2	0	0.798713	0.293488	0.777778	0.333333	0	-0.111111	0.111111	0	0.7777777777777778	0.3333333333333333	0.	-0.1111111111111111	0.037037037037037035	0.	2	1	0	0	2	0	2	2	1	0
2	0	0.95072	0.251195	0.888889	0.222222	0.111111	0	0	0.111111	0.8888888888888888	0.2222222222222222	0.1111111111111111	0.	0.	0.037037037037037035	2	2	0	2	0	0	2	2	2	0
2	0	0.989724	0.443743	1	0.333333	0	0.111111	-0.111111	0	1.	0.3333333333333333	0.	0.1111111111111111	-0.037037037037037035	0.	2	2	2	1	0	1	0	0	0	0
3	0	0.919457	0.381576	1	0.333333	0	0.111111	-0.111111	0	0.9629629629629629	0.4444444444444444	-0.037037037037037035	0.	0.	-0.1111111111111111	2	2	1	1	0	1	0	0	0	1
2	0	0.936615	0.459822	0.888889	0.444444	0.111111	0	0	0.111111	0.8888888888888888	0.4444444444444444	0.1111111111111111	0.	0.	0.037037037037037035	2	2	1	1	0	1	0	0	1	0
2	0	1	0.616869	1	0.555556	0	0.111111	-0.111111	0	1.	0.5555555555555556	0.	0.1111111111111111	-0.037037037037037035	0.	2	2	2	1	2	1	0	0	2	0
2	0	0.883315	0.556601	0.888889	0.666667	-0.111111	0	0	-0.111111	0.8888888888888888	0.6666666666666666	-0.1111111111111111	0.	0.	-0.037037037037037035	2	1	1	2	2	1	0	1	0	0
3	0	0.823032	0.612399	0.888889	0.666667	-0.111111	0	0	-0.111111	0.7777777777777778	0.6296296296296297	0.	-0.037037037037037035	0.1111111111111111	0.	2	1	1	2	1	1	0	1	0	1
2	0	0.810328	0.51145	0.777778	0.555556	0	-0.111111	0.111111	0	0.7777777777777778	0.5555555555555556	0.	-0.1111111111111111	0.037037037037037035	0.	2	1	0	1	1	1	0	1	1	0
2	0	0.855143	0.402738	0.888889	0.444444	-0.111111	0	0	-0.111111	0.8888888888888888	0.4444444444444444	-0.1111111111111111	0.	0.	-0.037037037037037035	2	1	1	0	2	1	0	1	2	0
2	0	0.749848	0.353035	0.777778	0.333333	0	0.111111	-0.111111	0	0.7777777777777778	0.3333333333333333	0.	0.1111111111111111	-0.037037037037037035	0.	2	0	2	1	0	1	0	2	0	0
2	0	0.695174	0.477551	0.666667	0.444444	0.111111	0	0	0.111111	0.6666666666666666	0.4444444444444444	0.1111111111111111	0.	0.	0.037037037037037035	2	0	1	1	0	1	0	2	1	0
2	0	0.76124	0.564937	0.777778	0.555556	0	0.111111	-0.111111	0	0.7777777777777778	0.5555555555555556	0.	0.1111111111111111	-0.037037037037037035	0.	2	0	2	1	2	1	0	2	2	0
2	0	0.640764	0.6583	0.666667	0.666667	-0.111111	0	0	-0.111111	0.6666666666666666	0.6666666666666666	-0.1111111111111111	0.	0.	-0.037037037037037035	1	2	1	2	2	1	1	0	0	0
3	0	0.589136	0.646603	0.666667	0.666667	-0.111111	0	0	-0.111111	0.5555555555555556	0.6296296296296297	0.	-0.037037037037037035	0.1111111111111111	0.	1	2	1	2	1	1	1	0	0	1
2	0	0.522324	0.58801	0.555556	0.555556	0	0.111111	-0.111111	0	0.5555555555555556	0.5555555555555556	0.	0.1111111111111111	-0.037037037037037035	0.	1	1	2	1	2	1	1	0	1	0
2	0	0.444395	0.575247	0.444444	0.666667	-0.111111	0	0	-0.111111	0.4444444444444444	0.6666666666666666	-0.1111111111111111	0.	0.	-0.037037037037037035	1	0	1	2	2	1	1	0	2	0
2	0	0.379272	0.551907	0.333333	0.555556	0	-0.111111	0.111111	0	0.3333333333333333	0.5555555555555556	0.	-0.1111111111111111	0.037037037037037035	0.	1	0	0	1	1	1	1	1	0	0
2	0	0.458613	0.467744	0.444444	0.444444	0.111111	0	0	0.111111	0.4444444444444444	0.4444444444444444	0.1111111111111111	0.	0.	0.037037037037037035	1	1	1	1	0	1	1	1	1	0
2	0	0.568739	0.489328	0.555556	0.555556	0	-0.111111	0.111111	0	0.5555555555555556	0.5555555555555556	0.	-0.1111111111111111	0.037037037037037035	0.	1	2	0	1	1	1	1	1	2	0
2	0	0.615358	0.42434	0.666667	0.444444	-0.111111	0	0	-0.111111	0.6666666666666666	0.4444444444444444	-0.1111111111111111	0.	0.	-0.037037037037037035	1	2	1	0	2	1	1	2	0	0
2	0	0.555524	0.363551	0.555556	0.333333	0	0.111111	-0.111111	0	0.5555555555555556	0.3333333333333333	0.	0.1111111111111111	-0.037037037037037035	0.	1	1	2	1	0	1	1	2	1	0
2	0	0.414894	0.411782	0.444444	0.444444	-0.111111	0	0	-0.111111	0.4444444444444444	0.4444444444444444	-0.1111111111111111	0.	0.	-0.037037037037037035	1	0	1	0	2	1	1	2	2	0
2	0	0.229778	0.374615	0.333333	0.333333	0	0.111111	-0.111111	0	0.3333333333333333	0.3333333333333333	0.	0.1111111111111111	-0.037037037037037035	0.	0	2	2	1	0	1	2	0	0	0
3	0	0.30461	0.436014	0.333333	0.333333	0	0.111111	-0.111111	0	0.2962962962962963	0.4444444444444444	-0.037037037037037035	0.	0.	-0.1111111111111111	0	2	1	1	0	1	2	0	0	1
2	0	0.222232	0.520751	0.222222	0.444444	0.111111	0	0	0.111111	0.2222222222222222	0.4444444444444444	0.1111111111111111	0.	0.	0.037037037037037035	0	2	1	1	0	1	2	0	1	0
2	0	0.333315	0.620948	0.333333	0.555556	0	0.111111	-0.111111	0	0.3333333333333333	0.5555555555555556	0.	0.1111111111111111	-0.037037037037037035	0.	0	2	2	1	2	1	2	0	2	0
2	0	0.152715	0.600283	0.222222	0.666667	-0.111111	0	0	-0.111111	0.2222222222222222	0.6666666666666666	-0.1111111111111111	0.	0.	-0.037037037037037035	0	1	1	2	2	1	2	1	0	0
2	0	0.123216	0.537891	0.111111	0.555556	0	-0.111111	0.111111	0	0.1111111111111111	0.5555555555555556	0.	-0.1111111111111111	0.037037037037037035	0.	0	1	0	1	1	1	2	1	1	0
2	0	0.178171	0.444414	0.222222	0.444444	-0.111111	0	0	-0.111111	0.2222222222222222	0.4444444444444444	-0.1111111111111111	0.	0.	-0.037037037037037035	0	1	1	0	2	1	2	1	2	0
2	0	0.0841607	0.393421	0.111111	0.333333	0	0.111111	-0.111111	0	0.1111111111111111	0.3333333333333333	0.	0.1111111111111111	-0.037037037037037035	0.	0	0	2	1	0	1	2	2	0	0
2	0	0.0432381	0.498237	0	0.444444	0.111111	0	0	0.111111	0.	0.4444444444444444	0.1111111111111111	0.	0.	0.037037037037037035	0	0	1	1	0	1	2	2	1	0
2	0	0.110878	0.636673	0.111111	0.555556	0	0.111111	-0.111111	0	0.1111111111111111	0.5555555555555556	0.	0.1111111111111111	-0.037037037037037035	0.	0	0	2	1	2	1	2	2	2	0
2	0	0.0724639	0.673146	0	0.666667	0.111111	0	0	0.111111	0.	0.6666666666666666	0.1111111111111111	0.	0.	0.037037037037037035	0	0	2	0	0	2	0	0	0	0
3	0	0.00602886	0.730143	0	0.666667	0.111111	0	0	0.111111	0.1111111111111111	0.7037037037037037	0.	0.037037037037037035	-0.1111111111111111	0.	0	0	2	0	1	2	0	0	0	1
2	0	0.186705	0.763172	0.111111	0.777778	0	-0.111111	0.111111	0	0.1111111111111111	0.7777777777777778	0.	-0.1111111111111111	0.037037037037037035	0.	0	1	0	2	0	2	0	0	1	0
2	0	0.256637	0.696111	0.222222	0.666667	0.111111	0	0	0.111111	0.2222222222222222	0.6666666666666666	0.1111111111111111	0.	0.	0.037037037037037035	0	2	2	0	0	2	0	0	2	0
2	0	0.315042	0.809384	0.333333	0.777778	0	0.111111	-0.111111	0	0.3333333333333333	0.7777777777777778	0.	0.1111111111111111	-0.037037037037037035	0.	0	2	2	2	1	2	0	1	0	0
3	0	0.292304	0.79356	0.333333	0.777778	0	0.111111	-0.111111	0	0.2962962962962963	0.8888888888888888	-0.037037037037037035	0.	0.	-0.1111111111111111	0	2	1	2	1	2	0	1	0	1
2	0	0.207337	0.841653	0.222222	0.888889	-0.111111	0	0	-0.111111	0.2222222222222222	0.8888888888888888	-0.1111111111111111	0.	0.	-0.037037037037037035	0	1	2	1	2	2	0	1	1	0
2	0	0.0511324	0.87942	0.111111	0.777778	0	0.111111	-0.111111	0	0.1111111111111111	0.7777777777777778	0.	0.1111111111111111	-0.037037037037037035	0.	0	0	2	2	1	2	0	1	2	0
2	0	0.0915621	0.970222	0	0.888889	0.111111	0	0	0.111111	0.	0.8888888888888888	0.1111111111111111	0.	0.	0.037037037037037035	0	0	2	2	0	2	0	2	0	0
2	0	0.131528	0.91856	0.111111	1	0	-0.111111	0.111111	0	0.1111111111111111	1.	0.	-0.1111111111111111	0.037037037037037035	0.	0	1	0	2	2	2	0	2	1	0
2	0	0.273636	0.951755	0.222222	0.888889	0.111111	0	0	0.111111	0.2222222222222222	0.8888888888888888	0.1111111111111111	0.	0.	0.037037037037037035	0	2	2	2	0	2	0	2	2	0
2	0	0.359204	0.896752	0.333333	1	0	-0.111111	0.111111	0	0.3333333333333333	1.	0.	-0.1111111111111111	0.037037037037037035	0.	1	0	0	2	2	2	1	0	0	0
3	0	0.420578	0.994705	0.333333	1	0	-0.111111	0.111111	0	0.37037037037037035	0.8888888888888888	0.037037037037037035	0.	0.	0.1111111111111111	1	0	1	2	2	2	1	0	0	1
2	0	0.437646	0.865229	0.444444	0.888889	-0.111111	0	0	-0.111111	0.4444444444444444	0.8888888888888888	-0.1111111111111111	0.	0.	-0.037037037037037035	1	0	2	1	2	2	1	0	1	0
2	0	0.391225	0.743754	0.333333	0.777778	0	-0.111111	0.111111	0	0.3333333333333333	0.7777777777777778	0.	-0.1111111111111111	0.037037037037037035	0.	1	0	0	2	0	2	1	0	2	0
2	0	0.494758	0.775589	0.444444	0.666667	0.111111	0	0	0.111111	0.4444444444444444	0.6666666666666666	0.1111111111111111	0.	0.	0.037037037037037035	1	1	2	0	0	2	1	1	0	0
2	0	0.533348	0.828494	0.555556	0.777778	0	0.111111	-0.111111	0	0.5555555555555556	0.7777777777777778	0.	0.1111111111111111	-0.037037037037037035	0.	1	1	2	2	1	2	1	1	1	0
2	0	0.503303	0.938637	0.444444	0.888889	0.111111	0	0	0.111111	0.4444444444444444	0.8888888888888888	0.1111111111111111	0.	0.	0.037037037037037035	1	1	2	2	0	2	1	1	2	0
2	0	0.60975	0.981582	0.555556	1	0	-0.111111	0.111111	0	0.5555555555555556	1.	0.	-0.1111111111111111	0.037037037037037035	0.	1	2	0	2	2	2	1	2	0	0
2	0	0.661318	0.853973	0.666667	0.888889	-0.111111	0	0	-0.111111	0.6666666666666666	0.8888888888888888	-0.1111111111111111	0.	0.	-0.037037037037037035	1	2	2	1	2	2	1	2	1	0
2	0	0.577844	0.718715	0.555556	0.777778	0	-0.111111	0.111111	0	0.5555555555555556	0.7777777777777778	0.	-0.1111111111111111	0.037037037037037035	0.	1	2	0	2	0	2	1	2	2	0
2	0	0.684032	0.684517	0.666667	0.666667	0.111111	0	0	0.111111	0.6666666666666666	0.6666666666666666	0.1111111111111111	0.	0.	0.037037037037037035	2	0	2	0	0	2	2	0	0	0
3	0	0.72524	0.708645	0.666667	0.666667	0.111111	0	0	0.111111	0.7777777777777778	0.7037037037037037	0.	0.037037037037037035	-0.1111111111111111	0.	2	0	2	0	1	2	2	0	0	1
2	0	0.888874	0.750984	0.777778	0.777778	0	-0.111111	0.111111	0	0.7777777777777778	0.7777777777777778	0.	-0.1111111111111111	0.037037037037037035	0.	2	1	0	2	0	2	2	0	1	0
2	0	0.962144	0.667118	0.888889	0.666667	0.111111	0	0	0.111111	0.8888888888888888	0.6666666666666666	0.1111111111111111	0.	0.	0.037037037037037035	2	2	2	0	0	2	2	0	2	0
2	0	0.928982	0.87291	1	0.777778	0	0.111111	-0.111111	0	1.	0.7777777777777778	0.	0.1111111111111111	-0.037037037037037035	0.	2	2	2	2	1	2	2	1	0	0
2	0	0.845863	0.784892	0.888889	0.888889	-0.111111	0	0	-0.111111	0.8888888888888888	0.8888888888888888	-0.1111111111111111	0.	0.	-0.037037037037037035	2	1	2	1	2	2	2	1	1	0
2	0	0.772109	0.818284	0.777778	0.777778	0	0.111111	-0.111111	0	0.7777777777777778	0.7777777777777778	0.	0.1111111111111111	-0.037037037037037035	0.	2	0	2	2	1	2	2	1	2	0
2	0	0.715439	0.906525	0.666667	0.888889	0.111111	0	0	0.111111	0.6666666666666666	0.8888888888888888	0.1111111111111111	0.	0.	0.037037037037037035	2	0	2	2	0	2	2	2	0	0
2	0	0.792013	0.929343	0.777778	1	0	-0.111111	0.111111	0	0.7777777777777778	1.	0.	-0.1111111111111111	0.037037037037037035	0.	2	1	0	2	2	2	2	2	1	0
2	0	0.899503	0.960944	0.888889	0.888889	0.111111	0	0	0.111111	0.8888888888888888	0.8888888888888888	0.1111111111111111	0.	0.	0.037037037037037035	2	2	2	2	0	2	2	2	2	0
