0	0.1095540088140941	0.1105132258505822	0.	0.	0.25555555555555554	0.	0.	0.25555555555555554
1	0.7986299618070362	0.3885602231705063	0.6333333333333334	0.1888888888888889	0.3666666666666666	0.	0.	0.4
2	0.6607643080367216	0.7838152824178588	0.4111111111111112	0.6333333333333334	0.3999999999999999	0.	0.	0.3666666666666666
3	0.7149564720104413	0.9019997640513707	0.5222222222222223	0.7444444444444445	0.3999999999999999	0.	0.	0.25555555555555554
4	0.5412122425633165	0.12331378959842948	0.30000000000000004	0.	0.3999999999999999	0.	0.	0.36666666666666664
5	0.241676907456143	0.5137120570134156	0.0777777777777778	0.30000000000000004	0.3999999999999999	0.	0.	0.3999999999999999
6	0.40704676824668395	0.5935288982612377	0.1888888888888889	0.4111111111111112	0.4	0.	0.	0.3999999999999999
7	0.1780987728469536	0.724261121013315	0.	0.5222222222222223	0.36666666666666664	0.	0.	0.3999999999999999
8	0.9061470924597038	0.2703296262681657	0.7444444444444445	0.0777777777777778	0.25555555555555554	0.	0.	0.3999999999999999
9	0.8815344473602856	0.7717743532488632	0.6333333333333334	0.5222222222222223	0.3666666666666666	0.	0.	0.3999999999999999
10	0.6017894620608635	0.33032792955872803	0.4111111111111112	0.0777777777777778	0.3999999999999999	0.	0.	0.3999999999999999
11	0.0650748374160803	0.6366662657327863	0.	0.4111111111111112	0.25555555555555554	0.	0.	0.3999999999999999
12	0.5009366786484026	0.4147633632252217	0.30000000000000004	0.1888888888888889	0.3999999999999999	0.	0.	0.4
13	0.3233693877592864	0.850042958535078	0.0777777777777778	0.6333333333333334	0.3999999999999999	0.	0.	0.3666666666666666
14	0.6800781549096989	0.0032617651945265765	0.5222222222222223	0.	0.3999999999999999	0.	0.	0.25555555555555554
15	0.13224541324314587	0.15041141770898958	0.	0.	0.36666666666666664	0.	0.	0.36666666666666664
16	0.9768194440193034	0.5300393624767737	0.7444444444444445	0.30000000000000004	0.25555555555555554	0.	0.	0.3999999999999999
17	0.33915549830406616	0.9456369183750974	0.1888888888888889	0.7444444444444445	0.4	0.	0.	0.25555555555555554
18	0.5807931306045785	0.4692759895136401	0.4111111111111112	0.30000000000000004	0.3999999999999999	0.	0.	0.3999999999999999
19	0.008302300535616054	0.9748007562570256	0.	0.7444444444444445	0.25555555555555554	0.	0.	0.25555555555555554
20	0.8293124416211933	0.20541744502315157	0.6333333333333334	0.	0.3666666666666666	0.	0.	0.36666666666666664
21	0.2601694486013619	0.2567676237002874	0.0777777777777778	0.0777777777777778	0.3999999999999999	0.	0.	0.3999999999999999
22	0.7536226975336867	0.5788507268820949	0.5222222222222223	0.4111111111111112	0.3999999999999999	0.	0.	0.3999999999999999
23	0.4757161883953259	0.6904420827710362	0.30000000000000004	0.5222222222222223	0.3999999999999999	0.	0.	0.3999999999999999
24	0.9591172413874751	0.8555089497774772	0.7444444444444445	0.6333333333333334	0.25555555555555554	0.	0.	0.3666666666666666
25	0.4425365123113042	0.05666887431965427	0.1888888888888889	0.	0.4	0.	0.	0.25555555555555554
26	0.2074417614672586	0.36239717048108927	0.	0.1888888888888889	0.36666666666666664	0.	0.	0.4
27	0.1416292552698041	0.9258144088502247	0.	0.7444444444444445	0.36666666666666664	0.	0.	0.25555555555555554
28	0.9943293112719188	0.13406559317689226	0.7444444444444445	0.	0.25555555555555554	0.	0.	0.36666666666666664
29	0.3578775187941424	0.48452003184237025	0.1888888888888889	0.30000000000000004	0.4	0.	0.	0.3999999999999999
30	0.8617370165296893	0.6080098162627979	0.6333333333333334	0.4111111111111112	0.3666666666666666	0.	0.	0.3999999999999999
31	0.6165084616024701	0.7395901201291395	0.4111111111111112	0.5222222222222223	0.3999999999999999	0.	0.	0.3999999999999999
32	0.047199374286749876	0.28357637619246645	0.	0.0777777777777778	0.25555555555555554	0.	0.	0.3999999999999999
33	0.511798318957777	0.07560435882539672	0.30000000000000004	0.	0.3999999999999999	0.	0.	0.25555555555555554
34	0.299272716919557	0.40285534821055885	0.0777777777777778	0.1888888888888889	0.3999999999999999	0.	0.	0.4
35	0.7021232228462065	0.7960987946957377	0.5222222222222223	0.6333333333333334	0.3999999999999999	0.	0.	0.3666666666666666
36	0.9279186892289875	0.4220493812516629	0.7444444444444445	0.1888888888888889	0.25555555555555554	0.	0.	0.4
37	0.41584457518628204	0.8188131784635686	0.1888888888888889	0.6333333333333334	0.4	0.	0.	0.3666666666666666
38	0.2151834755784776	0.0244807212558136	0.	0.	0.36666666666666664	0.	0.	0.25555555555555554
39	0.5568982577308483	0.16779185539324087	0.4111111111111112	0.	0.3999999999999999	0.	0.	0.36666666666666664
40	0.018180331706720856	0.5366409579162277	0.	0.30000000000000004	0.25555555555555554	0.	0.	0.3999999999999999
41	0.8484312325567273	0.9542210358764307	0.6333333333333334	0.7444444444444445	0.3666666666666666	0.	0.	0.25555555555555554
42	0.2726138902443713	0.7484843029731105	0.0777777777777778	0.5222222222222223	0.3999999999999999	0.	0.	0.3999999999999999
43	0.7680763041247758	0.3024656981078424	0.5222222222222223	0.0777777777777778	0.3999999999999999	0.	0.	0.3999999999999999
44	0.4518206091400946	0.6441649174970023	0.30000000000000004	0.4111111111111112	0.3999999999999999	0.	0.	0.3999999999999999
45	0.37877655630822005	0.22352797832193808	0.1888888888888889	0.0777777777777778	0.4	0.	0.	0.3999999999999999
46	0.1525558680506441	0.5900477512776392	0.	0.4111111111111112	0.36666666666666664	0.	0.	0.3999999999999999
47	0.9204061516047835	0.6997009546389789	0.7444444444444445	0.5222222222222223	0.25555555555555554	0.	0.	0.3999999999999999
48	0.0811071275066198	0.8745925911350892	0.	0.6333333333333334	0.25555555555555554	0.	0.	0.3666666666666666
49	0.8111418641740104	0.06504679295196836	0.6333333333333334	0.	0.3666666666666666	0.	0.	0.25555555555555554
50	0.6356838361913963	0.33394874132913155	0.4111111111111112	0.1888888888888889	0.3999999999999999	0.	0.	0.4
51	0.7166841185486879	0.4477842024164773	0.5222222222222223	0.30000000000000004	0.3999999999999999	0.	0.	0.3999999999999999
52	0.5494952634440216	0.9813693513767673	0.30000000000000004	0.7444444444444445	0.3999999999999999	0.	0.	0.25555555555555554
53	0.2507903438908381	0.215841928105494	0.0777777777777778	0.	0.3999999999999999	0.	0.	0.36666666666666664
54	0.2936391248355823	0.6208793584653872	0.0777777777777778	0.4111111111111112	0.3999999999999999	0.	0.	0.3999999999999999
55	0.7432171430664835	0.7144880765456884	0.5222222222222223	0.5222222222222223	0.3999999999999999	0.	0.	0.3999999999999999
56	0.468278117663863	0.2861385285863564	0.30000000000000004	0.0777777777777778	0.3999999999999999	0.	0.	0.3999999999999999
57	0.9396968831971094	0.08682874883608269	0.7444444444444445	0.	0.25555555555555554	0.	0.	0.25555555555555554
58	0.4224916569483069	0.3817692495177593	0.1888888888888889	0.1888888888888889	0.4	0.	0.	0.4
59	0.1863620167664046	0.8058922519540089	0.	0.6333333333333334	0.36666666666666664	0.	0.	0.3666666666666666
60	0.5747803837327079	0.8955059188932054	0.4111111111111112	0.7444444444444445	0.3999999999999999	0.	0.	0.25555555555555554
61	0.03179351897071883	0.1419813610666661	0.	0.	0.25555555555555554	0.	0.	0.36666666666666664
62	0.819871641670798	0.5049249869005594	0.6333333333333334	0.30000000000000004	0.3666666666666666	0.	0.	0.3999999999999999
63	0.7397431123817856	0.181735033808877	0.5222222222222223	0.	0.3999999999999999	0.	0.	0.36666666666666664
64	0.5245878266735999	0.544524239140073	0.30000000000000004	0.30000000000000004	0.3999999999999999	0.	0.	0.3999999999999999
65	0.2296967486060518	0.9274618952845314	0.0777777777777778	0.7444444444444445	0.3999999999999999	0.	0.	0.25555555555555554
66	0.3881028312538902	0.7540997717684811	0.1888888888888889	0.5222222222222223	0.4	0.	0.	0.3999999999999999
67	0.1679675963997179	0.3089971862587784	0.	0.0777777777777778	0.36666666666666664	0.	0.	0.3999999999999999
68	0.8945077983902566	0.6561087316852431	0.7444444444444445	0.4111111111111112	0.25555555555555554	0.	0.	0.3999999999999999
69	0.09857271126411696	0.4394736644917093	0.	0.1888888888888889	0.25555555555555554	0.	0.	0.4
70	0.7798400142607498	0.8376213017823467	0.6333333333333334	0.6333333333333334	0.3666666666666666	0.	0.	0.3666666666666666
71	0.6507713397333167	0.03461903379095678	0.4111111111111112	0.	0.3999999999999999	0.	0.	0.25555555555555554
72	0.4856080357346993	0.8828106885866499	0.30000000000000004	0.6333333333333334	0.3999999999999999	0.	0.	0.3666666666666666
73	0.3145176291041919	0.04399731252554723	0.0777777777777778	0.	0.3999999999999999	0.	0.	0.25555555555555554
74	0.6779406875062477	0.3511663886212275	0.5222222222222223	0.1888888888888889	0.3999999999999999	0.	0.	0.4
75	0.1173760878024531	0.45793771979192693	0.	0.30000000000000004	0.36666666666666664	0.	0.	0.3999999999999999
76	0.9725925999403368	0.9902772282133998	0.7444444444444445	0.7444444444444445	0.25555555555555554	0.	0.	0.25555555555555554
77	0.3633226007999455	0.1889604535947332	0.1888888888888889	0.	0.4	0.	0.	0.36666666666666664
78	0.8642578881951354	0.2447278724073884	0.6333333333333334	0.0777777777777778	0.3666666666666666	0.	0.	0.3999999999999999
79	0.6239736148802393	0.5602408730633759	0.4111111111111112	0.4111111111111112	0.3999999999999999	0.	0.	0.3999999999999999
80	0.06133079605916248	0.6758889658689855	0.	0.5222222222222223	0.25555555555555554	0.	0.	0.3999999999999999