0	0.0558572	0.00161315	0	0	0.111111	0 	0 	0.037037	
366	0.0273777	0.00391902	0	0	0.111111	0 	0 	0.037037	
591	0.0983204	0.0459202	0.111111	0.037037	-0.111111	0 	0 	0.037037	
192	0.0556705	0.0373538	0.111111	0.037037	-0.111111	0 	0 	0.037037	
306	0.0169877	0.0713052	0.111111	0.037037	-0.111111	0 	0 	0.037037	
531	0.0278714	0.0976636	0	0.0740741	0.111111	0 	0 	0.037037	
417	0.0583263	0.106412	0	0.0740741	0.111111	0 	0 	0.037037	
141	0.0768096	0.0816248	0	0.0740741	0.111111	0 	0 	0.037037	
329	0.121594	0.08835	0.111111	0.111111	0.037037	0 	0 	-0.111111	
131	0.140654	0.0705633	0.111111	0.111111	0.037037	0 	0 	-0.111111	
278	0.148818	0.0372093	0.148148	0	0.037037	0 	0 	0.111111	
503	0.154045	0.0469185	0.148148	0	0.037037	0 	0 	0.111111	
80	0.173255	0.0975133	0.148148	0	0.037037	0 	0 	0.111111	
461	0.185383	0.0519053	0.185185	0.111111	0.037037	0 	0 	-0.111111	
182	0.209033	0.0228449	0.185185	0.111111	0.037037	0 	0 	-0.111111	
457	0.222575	0.018982	0.222222	0	0.111111	0 	0 	0.037037	
91	0.263912	0.0200233	0.222222	0	0.111111	0 	0 	0.037037	
544	0.298151	0.0353671	0.222222	0	0.111111	0 	0 	0.037037	
40	0.309211	0.0527038	0.333333	0.037037	-0.111111	0 	0 	0.037037	
397	0.286238	0.0409866	0.333333	0.037037	-0.111111	0 	0 	0.037037	
232	0.222366	0.0977016	0.222222	0.0740741	0.111111	0 	0 	0.037037	
595	0.261283	0.105728	0.222222	0.0740741	0.111111	0 	0 	0.037037	
265	0.322625	0.0789242	0.222222	0.0740741	0.111111	0 	0 	0.037037	
200	0.307095	0.115405	0.333333	0.111111	-0.037037	0 	0 	0.111111	
425	0.319084	0.181581	0.333333	0.111111	-0.037037	0 	0 	0.111111	
17	0.283376	0.193638	0.296296	0.222222	-0.037037	0 	0 	-0.111111	
521	0.286841	0.170459	0.296296	0.222222	-0.037037	0 	0 	-0.111111	
323	0.280845	0.145981	0.296296	0.222222	-0.037037	0 	0 	-0.111111	
572	0.254343	0.143949	0.259259	0.111111	-0.037037	0 	0 	0.111111	
149	0.227655	0.157775	0.259259	0.111111	-0.037037	0 	0 	0.111111	
374	0.245552	0.213607	0.259259	0.111111	-0.037037	0 	0 	0.111111	
105	0.187578	0.217188	0.222222	0.222222	-0.111111	0 	0 	-0.037037	
435	0.189276	0.198385	0.222222	0.222222	-0.111111	0 	0 	-0.037037	
549	0.114913	0.220271	0.222222	0.222222	-0.111111	0 	0 	-0.037037	
243	0.135067	0.156793	0.111111	0.185185	0.111111	0 	0 	-0.037037	
237	0.154262	0.166257	0.111111	0.185185	0.111111	0 	0 	-0.037037	
384	0.201656	0.147728	0.222222	0.148148	-0.111111	0 	0 	-0.037037	
45	0.205393	0.143426	0.222222	0.148148	-0.111111	0 	0 	-0.037037	
508	0.106295	0.12844	0.111111	0.111111	-0.037037	0 	0 	0.111111	
58	0.106544	0.12325	0.111111	0.111111	-0.037037	0 	0 	0.111111	
283	0.0764305	0.203154	0.111111	0.111111	-0.037037	0 	0 	0.111111	
334	0.0422228	0.163353	0.0740741	0.222222	-0.037037	0 	0 	-0.111111	
109	0.0690076	0.145374	0.0740741	0.222222	-0.037037	0 	0 	-0.111111	
475	-0.00012986	0.13265	0.037037	0.111111	-0.037037	0 	0 	0.111111	
169	0.0229937	0.219589	0.037037	0.111111	-0.037037	0 	0 	0.111111	
260	0.0548874	0.229433	0	0.222222	0.111111	0 	0 	0.037037	
218	0.0988145	0.238771	0	0.222222	0.111111	0 	0 	0.037037	
443	0.0923282	0.259717	0.111111	0.259259	-0.111111	0 	0 	0.037037	
566	0.0963935	0.259798	0.111111	0.259259	-0.111111	0 	0 	0.037037	
86	0.0186648	0.278722	0.111111	0.259259	-0.111111	0 	0 	0.037037	
392	0.0112937	0.296305	0	0.296296	0.111111	0 	0 	0.037037	
35	0.0280041	0.297187	0	0.296296	0.111111	0 	0 	0.037037	
214	0.111313	0.31985	0.111111	0.333333	0.037037	0 	0 	-0.111111	
412	0.13259	0.257818	0.111111	0.333333	0.037037	0 	0 	-0.111111	
154	0.14827	0.2293	0.148148	0.222222	0.037037	0 	0 	0.111111	
352	0.163929	0.286877	0.148148	0.222222	0.037037	0 	0 	0.111111	
577	0.178676	0.314334	0.148148	0.222222	0.037037	0 	0 	0.111111	
301	0.189689	0.321842	0.185185	0.333333	0.037037	0 	0 	-0.111111	
22	0.189864	0.259229	0.185185	0.333333	0.037037	0 	0 	-0.111111	
526	0.21262	0.24417	0.185185	0.333333	0.037037	0 	0 	-0.111111	
63	0.25676	0.24772	0.222222	0.222222	0.111111	0 	0 	0.037037	
348	0.300863	0.237255	0.222222	0.222222	0.111111	0 	0 	0.037037	
174	0.292181	0.288066	0.333333	0.259259	-0.111111	0 	0 	0.037037	
288	0.224455	0.28065	0.333333	0.259259	-0.111111	0 	0 	0.037037	
486	0.233653	0.311139	0.222222	0.296296	0.111111	0 	0 	0.037037	
480	0.271094	0.318771	0.222222	0.296296	0.111111	0 	0 	0.037037	
123	0.32197	0.328428	0.222222	0.296296	0.111111	0 	0 	0.037037	
229	0.356574	0.313529	0.333333	0.333333	0.037037	0 	0 	-0.111111	
454	0.368897	0.235268	0.333333	0.333333	0.037037	0 	0 	-0.111111	
97	0.379321	0.225811	0.37037	0.222222	0.037037	0 	0 	0.111111	
403	0.398231	0.263959	0.37037	0.222222	0.037037	0 	0 	0.111111	
601	0.377552	0.325457	0.37037	0.222222	0.037037	0 	0 	0.111111	
262	0.43318	0.300663	0.407407	0.333333	0.037037	0 	0 	-0.111111	
37	0.41755	0.275658	0.407407	0.333333	0.037037	0 	0 	-0.111111	
541	0.413115	0.254777	0.407407	0.333333	0.037037	0 	0 	-0.111111	
120	0.441675	0.208317	0.444444	0.222222	-0.111111	0 	0 	-0.037037	
477	0.379101	0.208479	0.444444	0.222222	-0.111111	0 	0 	-0.037037	
492	0.347827	0.195317	0.444444	0.222222	-0.111111	0 	0 	-0.037037	
294	0.347931	0.177463	0.333333	0.185185	0.111111	0 	0 	-0.037037	
171	0.403086	0.176781	0.333333	0.185185	0.111111	0 	0 	-0.037037	
345	0.433418	0.144044	0.444444	0.148148	-0.111111	0 	0 	-0.037037	
69	0.355344	0.134811	0.444444	0.148148	-0.111111	0 	0 	-0.037037	
371	0.348356	0.0970098	0.333333	0.111111	0.037037	0 	0 	-0.111111	
146	0.338858	0.0754128	0.333333	0.111111	0.037037	0 	0 	-0.111111	
569	0.361093	0.0181008	0.333333	0.111111	0.037037	0 	0 	-0.111111	
320	0.385299	0.0330545	0.37037	0	0.037037	0 	0 	0.111111	
518	0.399463	0.0599681	0.37037	0	0.037037	0 	0 	0.111111	
14	0.380216	0.0743213	0.37037	0	0.037037	0 	0 	0.111111	
431	0.43023	0.076037	0.407407	0.111111	0.037037	0 	0 	-0.111111	
206	0.425959	0.00711008	0.407407	0.111111	0.037037	0 	0 	-0.111111	
472	0.45776	0.0179884	0.444444	0	0.111111	0 	0 	0.037037	
115	0.505231	0.0338533	0.444444	0	0.111111	0 	0 	0.037037	
505	0.52596	0.0101982	0.444444	0	0.111111	0 	0 	0.037037	
55	0.538186	0.0513011	0.555556	0.037037	-0.111111	0 	0 	0.037037	
340	0.487466	0.0652766	0.555556	0.037037	-0.111111	0 	0 	0.037037	
166	0.478937	0.10663	0.444444	0.0740741	0.111111	0 	0 	0.037037	
280	0.519647	0.0944803	0.444444	0.0740741	0.111111	0 	0 	0.037037	
224	0.534927	0.129532	0.555556	0.111111	-0.037037	0 	0 	0.111111	
449	0.549041	0.153577	0.555556	0.111111	-0.037037	0 	0 	0.111111	
32	0.493827	0.197531	0.518519	0.222222	-0.037037	0 	0 	-0.111111	
563	0.486132	0.179551	0.518519	0.222222	-0.037037	0 	0 	-0.111111	
257	0.50794	0.122793	0.518519	0.222222	-0.037037	0 	0 	-0.111111	
83	0.46233	0.169388	0.481481	0.111111	-0.037037	0 	0 	0.111111	
389	0.477632	0.12505	0.481481	0.111111	-0.037037	0 	0 	0.111111	
6	0.453302	0.22303	0.444444	0.222222	0.111111	0 	0 	0.037037	
363	0.535704	0.248282	0.444444	0.222222	0.111111	0 	0 	0.037037	
588	0.524037	0.259537	0.555556	0.259259	-0.111111	0 	0 	0.037037	
189	0.490444	0.262952	0.555556	0.259259	-0.111111	0 	0 	0.037037	
312	0.458162	0.290809	0.555556	0.259259	-0.111111	0 	0 	0.037037	
537	0.458511	0.306248	0.444444	0.296296	0.111111	0 	0 	0.037037	
414	0.504573	0.329052	0.444444	0.296296	0.111111	0 	0 	0.037037	
138	0.525447	0.306594	0.444444	0.296296	0.111111	0 	0 	0.037037	
326	0.558261	0.319074	0.555556	0.333333	0.037037	0 	0 	-0.111111	
128	0.578094	0.293953	0.555556	0.333333	0.037037	0 	0 	-0.111111	
275	0.592678	0.23959	0.592593	0.222222	0.037037	0 	0 	0.111111	
500	0.605716	0.266181	0.592593	0.222222	0.037037	0 	0 	0.111111	
77	0.617263	0.320322	0.592593	0.222222	0.037037	0 	0 	0.111111	
467	0.638733	0.278876	0.62963	0.333333	0.037037	0 	0 	-0.111111	
188	0.66235	0.250467	0.62963	0.333333	0.037037	0 	0 	-0.111111	
298	0.655078	0.203569	0.666667	0.222222	-0.111111	0 	0 	-0.037037	
583	0.630881	0.202996	0.666667	0.222222	-0.111111	0 	0 	-0.037037	
211	0.564755	0.188743	0.666667	0.222222	-0.111111	0 	0 	-0.037037	
358	0.616347	0.173499	0.555556	0.185185	0.111111	0 	0 	-0.037037	
19	0.556003	0.180109	0.555556	0.185185	0.111111	0 	0 	-0.037037	
523	0.648593	0.138139	0.666667	0.148148	-0.111111	0 	0 	-0.037037	
160	0.598281	0.120526	0.666667	0.148148	-0.111111	0 	0 	-0.037037	
409	0.578822	0.146353	0.666667	0.148148	-0.111111	0 	0 	-0.037037	
555	0.556254	0.107945	0.555556	0.111111	0.037037	0 	0 	-0.111111	
249	0.569616	0.102948	0.555556	0.111111	0.037037	0 	0 	-0.111111	
51	0.578788	0.0192066	0.555556	0.111111	0.037037	0 	0 	-0.111111	
234	0.606901	0.0613994	0.592593	0	0.037037	0 	0 	0.111111	
432	0.599947	0.0298521	0.592593	0	0.037037	0 	0 	0.111111	
102	0.639623	0.069053	0.62963	0.111111	0.037037	0 	0 	-0.111111	
606	0.639116	0.0711606	0.62963	0.111111	0.037037	0 	0 	-0.111111	
381	0.660277	0.00160551	0.62963	0.111111	0.037037	0 	0 	-0.111111	
406	0.694839	0.03529	0.666667	0	0.111111	0 	0 	0.037037	
157	0.703822	0.00956472	0.666667	0	0.111111	0 	0 	0.037037	
529	0.768414	0.0206904	0.666667	0	0.111111	0 	0 	0.037037	
25	0.743502	0.0438341	0.777778	0.037037	-0.111111	0 	0 	0.037037	
355	0.719844	0.064587	0.777778	0.037037	-0.111111	0 	0 	0.037037	
208	0.666753	0.0749894	0.666667	0.0740741	0.111111	0 	0 	0.037037	
580	0.735513	0.0927598	0.666667	0.0740741	0.111111	0 	0 	0.037037	
304	0.753185	0.106093	0.666667	0.0740741	0.111111	0 	0 	0.037037	
489	0.792407	0.0819175	0.777778	0.111111	0.037037	0 	0 	-0.111111	
291	0.793932	0.0386237	0.777778	0.111111	0.037037	0 	0 	-0.111111	
66	0.805099	0.0274916	0.777778	0.111111	0.037037	0 	0 	-0.111111	
177	0.842847	0.0493419	0.814815	0	0.037037	0 	0 	0.111111	
483	0.829688	0.0902732	0.814815	0	0.037037	0 	0 	0.111111	
117	0.876275	0.104581	0.851852	0.111111	0.037037	0 	0 	-0.111111	
342	0.856664	0.0260822	0.851852	0.111111	0.037037	0 	0 	-0.111111	
254	0.944758	6.01179e-05	0.888889	0	0.111111	0 	0 	0.037037	
221	0.983556	0.015192	0.888889	0	0.111111	0 	0 	0.037037	
446	0.971762	0.0380907	1	0.037037	-0.111111	0 	0 	0.037037	
560	0.930227	0.0633818	1	0.037037	-0.111111	0 	0 	0.037037	
89	0.904353	0.0571963	1	0.037037	-0.111111	0 	0 	0.037037	
395	0.932154	0.0743808	0.888889	0.0740741	0.111111	0 	0 	0.037037	
29	0.940657	0.0890147	0.888889	0.0740741	0.111111	0 	0 	0.037037	
360	0.983861	0.123434	1	0.111111	-0.037037	0 	0 	0.111111	
585	0.994684	0.163768	1	0.111111	-0.037037	0 	0 	0.111111	
135	0.968509	0.194686	1	0.111111	-0.037037	0 	0 	0.111111	
420	0.949756	0.21903	0.962963	0.222222	-0.037037	0 	0 	-0.111111	
195	0.957955	0.178989	0.962963	0.222222	-0.037037	0 	0 	-0.111111	
3	0.897353	0.111715	0.925926	0.111111	-0.037037	0 	0 	0.111111	
309	0.907976	0.180399	0.925926	0.111111	-0.037037	0 	0 	0.111111	
534	0.919936	0.111598	0.925926	0.111111	-0.037037	0 	0 	0.111111	
268	0.883276	0.213148	0.888889	0.222222	-0.111111	0 	0 	-0.037037	
598	0.819576	0.215256	0.888889	0.222222	-0.111111	0 	0 	-0.037037	
226	0.79828	0.201031	0.888889	0.222222	-0.111111	0 	0 	-0.037037	
400	0.849964	0.154177	0.777778	0.185185	0.111111	0 	0 	-0.037037	
43	0.863419	0.161159	0.777778	0.185185	0.111111	0 	0 	-0.037037	
547	0.856245	0.145054	0.888889	0.148148	-0.111111	0 	0 	-0.037037	
94	0.878851	0.143509	0.888889	0.148148	-0.111111	0 	0 	-0.037037	
451	0.809269	0.122907	0.888889	0.148148	-0.111111	0 	0 	-0.037037	
185	0.772694	0.125342	0.777778	0.111111	-0.037037	0 	0 	0.111111	
464	0.754538	0.171597	0.777778	0.111111	-0.037037	0 	0 	0.111111	
74	0.72671	0.20813	0.740741	0.222222	-0.037037	0 	0 	-0.111111	
497	0.717144	0.156118	0.740741	0.222222	-0.037037	0 	0 	-0.111111	
272	0.705075	0.130316	0.740741	0.222222	-0.037037	0 	0 	-0.111111	
134	0.703006	0.178295	0.703704	0.111111	-0.037037	0 	0 	0.111111	
332	0.67387	0.199839	0.703704	0.111111	-0.037037	0 	0 	0.111111	
48	0.671808	0.233388	0.666667	0.222222	0.111111	0 	0 	0.037037	
378	0.770324	0.223337	0.666667	0.222222	0.111111	0 	0 	0.037037	
603	0.749711	0.286638	0.777778	0.259259	-0.111111	0 	0 	0.037037	
240	0.725502	0.274237	0.777778	0.259259	-0.111111	0 	0 	0.037037	
246	0.694193	0.260092	0.777778	0.259259	-0.111111	0 	0 	0.037037	
552	0.68066	0.300631	0.666667	0.296296	0.111111	0 	0 	0.037037	
438	0.739164	0.307334	0.666667	0.296296	0.111111	0 	0 	0.037037	
99	0.759859	0.31611	0.666667	0.296296	0.111111	0 	0 	0.037037	
377	0.791436	0.323494	0.777778	0.333333	0.037037	0 	0 	-0.111111	
152	0.782737	0.269994	0.777778	0.333333	0.037037	0 	0 	-0.111111	
575	0.801291	0.238261	0.777778	0.333333	0.037037	0 	0 	-0.111111	
317	0.828615	0.25285	0.814815	0.222222	0.037037	0 	0 	0.111111	
515	0.843282	0.281614	0.814815	0.222222	0.037037	0 	0 	0.111111	
11	0.825571	0.29482	0.814815	0.222222	0.037037	0 	0 	0.111111	
428	0.859984	0.329199	0.851852	0.333333	0.037037	0 	0 	-0.111111	
203	0.862017	0.228732	0.851852	0.333333	0.037037	0 	0 	-0.111111	
469	0.911912	0.254863	0.888889	0.222222	0.111111	0 	0 	0.037037	
112	0.954733	0.255144	0.888889	0.222222	0.111111	0 	0 	0.037037	
511	0.977095	0.236575	0.888889	0.222222	0.111111	0 	0 	0.037037	
61	0.986796	0.287558	1	0.259259	-0.111111	0 	0 	0.037037	
337	0.934324	0.273434	1	0.259259	-0.111111	0 	0 	0.037037	
163	0.924725	0.324535	0.888889	0.296296	0.111111	0 	0 	0.037037	
286	0.916886	0.31482	0.888889	0.296296	0.111111	0 	0 	0.037037	
383	0.99042	0.343732	1	0.333333	-0.037037	0 	0 	0.111111	
608	0.970509	0.400903	1	0.333333	-0.037037	0 	0 	0.111111	
104	0.985425	0.427382	1	0.333333	-0.037037	0 	0 	0.111111	
434	0.953413	0.409411	0.962963	0.444444	-0.037037	0 	0 	-0.111111	
236	0.944385	0.389585	0.962963	0.444444	-0.037037	0 	0 	-0.111111	
53	0.906752	0.34958	0.925926	0.333333	-0.037037	0 	0 	0.111111	
251	0.916657	0.371928	0.925926	0.333333	-0.037037	0 	0 	0.111111	
557	0.889957	0.440988	0.925926	0.333333	-0.037037	0 	0 	0.111111	
408	0.909023	0.479085	0.888889	0.444444	0.111111	0 	0 	0.037037	
159	0.902601	0.46487	0.888889	0.444444	0.111111	0 	0 	0.037037	
522	0.991385	0.462295	0.888889	0.444444	0.111111	0 	0 	0.037037	
18	0.958018	0.481492	1	0.481481	-0.111111	0 	0 	0.037037	
357	0.944382	0.509104	1	0.481481	-0.111111	0 	0 	0.037037	
210	0.90574	0.532705	0.888889	0.518519	0.111111	0 	0 	0.037037	
582	0.955096	0.533929	0.888889	0.518519	0.111111	0 	0 	0.037037	
297	0.976922	0.550185	0.888889	0.518519	0.111111	0 	0 	0.037037	
187	0.999416	0.583222	1	0.555556	-0.037037	0 	0 	0.111111	
466	0.971365	0.619201	1	0.555556	-0.037037	0 	0 	0.111111	
76	0.950598	0.655409	0.962963	0.666667	-0.037037	0 	0 	-0.111111	
499	0.941432	0.602443	0.962963	0.666667	-0.037037	0 	0 	-0.111111	
274	0.927896	0.573752	0.962963	0.666667	-0.037037	0 	0 	-0.111111	
127	0.902684	0.563434	0.925926	0.555556	-0.037037	0 	0 	0.111111	
325	0.89375	0.642503	0.925926	0.555556	-0.037037	0 	0 	0.111111	
140	0.856323	0.638011	0.888889	0.666667	-0.111111	0 	0 	-0.037037	
416	0.836759	0.66618	0.888889	0.666667	-0.111111	0 	0 	-0.037037	
539	0.807401	0.654488	0.888889	0.666667	-0.111111	0 	0 	-0.037037	
314	0.791915	0.619955	0.777778	0.62963	0.111111	0 	0 	-0.037037	
191	0.819732	0.598393	0.777778	0.62963	0.111111	0 	0 	-0.037037	
590	0.88179	0.611348	0.777778	0.62963	0.111111	0 	0 	-0.037037	
365	0.861664	0.573091	0.888889	0.592593	-0.111111	0 	0 	-0.037037	
8	0.777778	0.555556	0.888889	0.592593	-0.111111	0 	0 	-0.037037	
388	0.806915	0.519068	0.777778	0.555556	0.037037	0 	0 	-0.111111	
82	0.791783	0.499965	0.777778	0.555556	0.037037	0 	0 	-0.111111	
256	0.824456	0.4844	0.814815	0.444444	0.037037	0 	0 	0.111111	
562	0.829575	0.496799	0.814815	0.444444	0.037037	0 	0 	0.111111	
31	0.824803	0.528414	0.814815	0.444444	0.037037	0 	0 	0.111111	
448	0.884506	0.496273	0.851852	0.555556	0.037037	0 	0 	-0.111111	
223	0.856878	0.457214	0.851852	0.555556	0.037037	0 	0 	-0.111111	
279	0.852084	0.425809	0.888889	0.444444	-0.111111	0 	0 	-0.037037	
165	0.811925	0.434499	0.888889	0.444444	-0.111111	0 	0 	-0.037037	
339	0.816162	0.388454	0.777778	0.407407	0.111111	0 	0 	-0.037037	
54	0.877626	0.39539	0.777778	0.407407	0.111111	0 	0 	-0.037037	
504	0.87498	0.36473	0.888889	0.37037	-0.111111	0 	0 	-0.037037	
114	0.847797	0.365225	0.888889	0.37037	-0.111111	0 	0 	-0.037037	
471	0.786714	0.356504	0.888889	0.37037	-0.111111	0 	0 	-0.037037	
205	0.764119	0.336219	0.777778	0.333333	-0.037037	0 	0 	0.111111	
430	0.769613	0.40991	0.777778	0.333333	-0.037037	0 	0 	0.111111	
13	0.703515	0.409554	0.740741	0.444444	-0.037037	0 	0 	-0.111111	
517	0.731349	0.417714	0.740741	0.444444	-0.037037	0 	0 	-0.111111	
319	0.718251	0.367828	0.740741	0.444444	-0.037037	0 	0 	-0.111111	
568	0.703393	0.348932	0.703704	0.333333	-0.037037	0 	0 	0.111111	
145	0.670348	0.381355	0.703704	0.333333	-0.037037	0 	0 	0.111111	
370	0.685235	0.436627	0.703704	0.333333	-0.037037	0 	0 	0.111111	
71	0.695431	0.475863	0.666667	0.444444	0.111111	0 	0 	0.037037	
347	0.745693	0.458792	0.666667	0.444444	0.111111	0 	0 	0.037037	
173	0.738596	0.509406	0.777778	0.481481	-0.111111	0 	0 	0.037037	
296	0.669539	0.499315	0.777778	0.481481	-0.111111	0 	0 	0.037037	
494	0.683269	0.522703	0.666667	0.518519	0.111111	0 	0 	0.037037	
479	0.713313	0.542364	0.666667	0.518519	0.111111	0 	0 	0.037037	
122	0.768194	0.550632	0.666667	0.518519	0.111111	0 	0 	0.037037	
540	0.745347	0.590565	0.777778	0.555556	-0.037037	0 	0 	0.111111	
36	0.751461	0.603865	0.777778	0.555556	-0.037037	0 	0 	0.111111	
261	0.766905	0.636128	0.777778	0.555556	-0.037037	0 	0 	0.111111	
600	0.710944	0.660165	0.740741	0.666667	-0.037037	0 	0 	-0.111111	
402	0.735845	0.604277	0.740741	0.666667	-0.037037	0 	0 	-0.111111	
96	0.722201	0.570236	0.740741	0.666667	-0.037037	0 	0 	-0.111111	
453	0.703245	0.583532	0.703704	0.555556	-0.037037	0 	0 	0.111111	
228	0.685109	0.646772	0.703704	0.555556	-0.037037	0 	0 	0.111111	
125	0.65088	0.662356	0.666667	0.666667	-0.111111	0 	0 	-0.037037	
482	0.602861	0.651964	0.666667	0.666667	-0.111111	0 	0 	-0.037037	
488	0.571202	0.638456	0.666667	0.666667	-0.111111	0 	0 	-0.037037	
290	0.573964	0.618638	0.555556	0.62963	0.111111	0 	0 	-0.037037	
176	0.624699	0.624775	0.555556	0.62963	0.111111	0 	0 	-0.037037	
350	0.637856	0.573754	0.666667	0.592593	-0.111111	0 	0 	-0.037037	
65	0.578331	0.579582	0.666667	0.592593	-0.111111	0 	0 	-0.037037	
525	0.545023	0.580272	0.555556	0.555556	-0.037037	0 	0 	0.111111	
21	0.518899	0.592468	0.555556	0.555556	-0.037037	0 	0 	0.111111	
300	0.545515	0.659067	0.555556	0.555556	-0.037037	0 	0 	0.111111	
576	0.504276	0.634982	0.518519	0.666667	-0.037037	0 	0 	-0.111111	
351	0.499403	0.61919	0.518519	0.666667	-0.037037	0 	0 	-0.111111	
153	0.48584	0.563369	0.518519	0.666667	-0.037037	0 	0 	-0.111111	
411	0.467026	0.597566	0.481481	0.555556	-0.037037	0 	0 	0.111111	
213	0.452784	0.634223	0.481481	0.555556	-0.037037	0 	0 	0.111111	
34	0.388937	0.641387	0.444444	0.666667	-0.111111	0 	0 	-0.037037	
391	0.366173	0.631272	0.444444	0.666667	-0.111111	0 	0 	-0.037037	
85	0.347234	0.605192	0.333333	0.62963	0.111111	0 	0 	-0.037037	
565	0.377109	0.627731	0.333333	0.62963	0.111111	0 	0 	-0.037037	
442	0.441607	0.603561	0.333333	0.62963	0.111111	0 	0 	-0.037037	
217	0.427565	0.578414	0.444444	0.592593	-0.111111	0 	0 	-0.037037	
259	0.390746	0.561464	0.444444	0.592593	-0.111111	0 	0 	-0.037037	
168	0.366255	0.547325	0.333333	0.555556	0.037037	0 	0 	-0.111111	
474	0.341859	0.467195	0.333333	0.555556	0.037037	0 	0 	-0.111111	
108	0.399177	0.477366	0.37037	0.444444	0.037037	0 	0 	0.111111	
333	0.376345	0.495181	0.37037	0.444444	0.037037	0 	0 	0.111111	
282	0.412528	0.51876	0.407407	0.555556	0.037037	0 	0 	-0.111111	
57	0.429646	0.508594	0.407407	0.555556	0.037037	0 	0 	-0.111111	
507	0.41698	0.450818	0.407407	0.555556	0.037037	0 	0 	-0.111111	
47	0.459114	0.463331	0.444444	0.444444	0.111111	0 	0 	0.037037	
386	0.548697	0.447188	0.444444	0.444444	0.111111	0 	0 	0.037037	
239	0.502058	0.497942	0.555556	0.481481	-0.111111	0 	0 	0.037037	
245	0.471579	0.48715	0.555556	0.481481	-0.111111	0 	0 	0.037037	
551	0.450687	0.548142	0.444444	0.518519	0.111111	0 	0 	0.037037	
437	0.517776	0.530069	0.444444	0.518519	0.111111	0 	0 	0.037037	
107	0.536266	0.54033	0.444444	0.518519	0.111111	0 	0 	0.037037	
373	0.570081	0.545369	0.555556	0.555556	0.037037	0 	0 	-0.111111	
148	0.560675	0.494083	0.555556	0.555556	0.037037	0 	0 	-0.111111	
571	0.587106	0.462277	0.555556	0.555556	0.037037	0 	0 	-0.111111	
322	0.605395	0.477032	0.592593	0.444444	0.037037	0 	0 	0.111111	
520	0.620027	0.503429	0.592593	0.444444	0.037037	0 	0 	0.111111	
16	0.597566	0.530946	0.592593	0.444444	0.037037	0 	0 	0.111111	
424	0.64075	0.541525	0.62963	0.555556	0.037037	0 	0 	-0.111111	
199	0.635308	0.45045	0.62963	0.555556	0.037037	0 	0 	-0.111111	
264	0.664389	0.444429	0.666667	0.444444	-0.111111	0 	0 	-0.037037	
594	0.653116	0.44384	0.666667	0.444444	-0.111111	0 	0 	-0.037037	
231	0.575156	0.422719	0.666667	0.444444	-0.111111	0 	0 	-0.037037	
396	0.622771	0.373114	0.555556	0.407407	0.111111	0 	0 	-0.037037	
39	0.641975	0.382716	0.555556	0.407407	0.111111	0 	0 	-0.037037	
543	0.636499	0.369866	0.666667	0.37037	-0.111111	0 	0 	-0.037037	
90	0.608498	0.354641	0.666667	0.37037	-0.111111	0 	0 	-0.037037	
456	0.584522	0.341311	0.666667	0.37037	-0.111111	0 	0 	-0.037037	
181	0.541016	0.360676	0.555556	0.333333	-0.037037	0 	0 	0.111111	
460	0.528121	0.39369	0.555556	0.333333	-0.037037	0 	0 	0.111111	
79	0.506784	0.428199	0.518519	0.444444	-0.037037	0 	0 	-0.111111	
502	0.496988	0.378765	0.518519	0.444444	-0.037037	0 	0 	-0.111111	
277	0.483381	0.350973	0.518519	0.444444	-0.037037	0 	0 	-0.111111	
130	0.477002	0.406239	0.481481	0.333333	-0.037037	0 	0 	0.111111	
328	0.449931	0.422497	0.481481	0.333333	-0.037037	0 	0 	0.111111	
143	0.411255	0.41198	0.444444	0.444444	-0.111111	0 	0 	-0.037037	
419	0.388278	0.441558	0.444444	0.444444	-0.111111	0 	0 	-0.037037	
533	0.360734	0.430596	0.444444	0.444444	-0.111111	0 	0 	-0.037037	
308	0.361419	0.406509	0.333333	0.407407	0.111111	0 	0 	-0.037037	
194	0.375489	0.371784	0.333333	0.407407	0.111111	0 	0 	-0.037037	
593	0.43814	0.388852	0.333333	0.407407	0.111111	0 	0 	-0.037037	
368	0.430425	0.354173	0.444444	0.37037	-0.111111	0 	0 	-0.037037	
2	0.334995	0.333513	0.444444	0.37037	-0.111111	0 	0 	-0.037037	
220	0.328707	0.349324	0.333333	0.333333	-0.037037	0 	0 	0.111111	
445	0.328465	0.379666	0.333333	0.333333	-0.037037	0 	0 	0.111111	
28	0.274552	0.420097	0.296296	0.444444	-0.037037	0 	0 	-0.111111	
559	0.264259	0.403713	0.296296	0.444444	-0.037037	0 	0 	-0.111111	
253	0.282784	0.337136	0.296296	0.444444	-0.037037	0 	0 	-0.111111	
88	0.254442	0.375653	0.259259	0.333333	-0.037037	0 	0 	0.111111	
394	0.254879	0.407727	0.259259	0.333333	-0.037037	0 	0 	0.111111	
5	0.236237	0.445405	0.222222	0.444444	0.111111	0 	0 	0.037037	
362	0.314086	0.470489	0.222222	0.444444	0.111111	0 	0 	0.037037	
587	0.328501	0.505697	0.333333	0.481481	-0.111111	0 	0 	0.037037	
197	0.268839	0.48697	0.333333	0.481481	-0.111111	0 	0 	0.037037	
311	0.236785	0.512885	0.333333	0.481481	-0.111111	0 	0 	0.037037	
536	0.236425	0.523363	0.222222	0.518519	0.111111	0 	0 	0.037037	
422	0.278766	0.554761	0.222222	0.518519	0.111111	0 	0 	0.037037	
137	0.300412	0.526749	0.222222	0.518519	0.111111	0 	0 	0.037037	
510	0.319458	0.563244	0.333333	0.555556	-0.037037	0 	0 	0.111111	
60	0.32403	0.609807	0.333333	0.555556	-0.037037	0 	0 	0.111111	
285	0.295538	0.648048	0.333333	0.555556	-0.037037	0 	0 	0.111111	
336	0.269125	0.608063	0.296296	0.666667	-0.037037	0 	0 	-0.111111	
111	0.287131	0.590462	0.296296	0.666667	-0.037037	0 	0 	-0.111111	
468	0.258477	0.583586	0.259259	0.555556	-0.037037	0 	0 	0.111111	
162	0.255176	0.657714	0.259259	0.555556	-0.037037	0 	0 	0.111111	
10	0.1486	0.630762	0.222222	0.666667	-0.111111	0 	0 	-0.037037	
376	0.129732	0.657059	0.222222	0.666667	-0.111111	0 	0 	-0.037037	
151	0.126925	0.61121	0.111111	0.62963	0.111111	0 	0 	-0.037037	
514	0.176503	0.61406	0.111111	0.62963	0.111111	0 	0 	-0.037037	
427	0.205304	0.626824	0.111111	0.62963	0.111111	0 	0 	-0.037037	
202	0.207974	0.568347	0.222222	0.592593	-0.111111	0 	0 	-0.037037	
316	0.180495	0.589846	0.222222	0.592593	-0.111111	0 	0 	-0.037037	
574	0.141254	0.574588	0.222222	0.592593	-0.111111	0 	0 	-0.037037	
225	0.130083	0.534796	0.111111	0.555556	0.037037	0 	0 	-0.111111	
450	0.145649	0.455618	0.111111	0.555556	0.037037	0 	0 	-0.111111	
93	0.162385	0.465425	0.148148	0.444444	0.037037	0 	0 	0.111111	
399	0.148419	0.468118	0.148148	0.444444	0.037037	0 	0 	0.111111	
597	0.15073	0.54187	0.148148	0.444444	0.037037	0 	0 	0.111111	
267	0.214585	0.528031	0.185185	0.555556	0.037037	0 	0 	-0.111111	
42	0.198779	0.492779	0.185185	0.555556	0.037037	0 	0 	-0.111111	
546	0.190648	0.473122	0.185185	0.555556	0.037037	0 	0 	-0.111111	
119	0.221873	0.429443	0.222222	0.444444	-0.111111	0 	0 	-0.037037	
485	0.159187	0.430813	0.222222	0.444444	-0.111111	0 	0 	-0.037037	
491	0.12444	0.417283	0.222222	0.444444	-0.111111	0 	0 	-0.037037	
293	0.111605	0.387717	0.111111	0.407407	0.111111	0 	0 	-0.037037	
179	0.180984	0.397014	0.111111	0.407407	0.111111	0 	0 	-0.037037	
344	0.207854	0.356986	0.222222	0.37037	-0.111111	0 	0 	-0.037037	
68	0.134778	0.357956	0.222222	0.37037	-0.111111	0 	0 	-0.037037	
528	0.0924262	0.359913	0.111111	0.333333	-0.037037	0 	0 	0.111111	
24	0.0742454	0.369002	0.111111	0.333333	-0.037037	0 	0 	0.111111	
303	0.0828292	0.438457	0.111111	0.333333	-0.037037	0 	0 	0.111111	
579	0.059911	0.409994	0.0740741	0.444444	-0.037037	0 	0 	-0.111111	
354	0.0500564	0.399272	0.0740741	0.444444	-0.037037	0 	0 	-0.111111	
156	0.0393999	0.342678	0.0740741	0.444444	-0.037037	0 	0 	-0.111111	
405	0.0183524	0.372819	0.037037	0.333333	-0.037037	0 	0 	0.111111	
207	0.0249039	0.349216	0.037037	0.333333	-0.037037	0 	0 	0.111111	
271	0.013648	0.444744	0	0.444444	0.111111	0 	0 	0.037037	
184	0.104463	0.474384	0	0.444444	0.111111	0 	0 	0.037037	
463	0.097277	0.488138	0.111111	0.481481	-0.111111	0 	0 	0.037037	
496	0.0550409	0.490688	0.111111	0.481481	-0.111111	0 	0 	0.037037	
133	0.0320372	0.513394	0.111111	0.481481	-0.111111	0 	0 	0.037037	
331	0.0122828	0.518523	0	0.518519	0.111111	0 	0 	0.037037	
73	0.069512	0.538869	0	0.518519	0.111111	0 	0 	0.037037	
380	0.100821	0.576751	0.111111	0.555556	-0.037037	0 	0 	0.111111	
605	0.0802794	0.621014	0.111111	0.555556	-0.037037	0 	0 	0.111111	
101	0.0957433	0.650779	0.111111	0.555556	-0.037037	0 	0 	0.111111	
440	0.0737842	0.652894	0.0740741	0.666667	-0.037037	0 	0 	-0.111111	
242	0.0637548	0.581542	0.0740741	0.666667	-0.037037	0 	0 	-0.111111	
50	0.0205721	0.555643	0.037037	0.555556	-0.037037	0 	0 	0.111111	
248	0.0230057	0.577814	0.037037	0.555556	-0.037037	0 	0 	0.111111	
554	0.00410894	0.661509	0.037037	0.555556	-0.037037	0 	0 	0.111111	
567	0.0421305	0.676655	0	0.666667	0.111111	0 	0 	0.037037	
318	0.0514067	0.700123	0	0.666667	0.111111	0 	0 	0.037037	
204	0.085076	0.671533	0	0.666667	0.111111	0 	0 	0.037037	
429	0.0967351	0.740129	0.111111	0.703704	-0.111111	0 	0 	0.037037	
516	0.0681597	0.726583	0.111111	0.703704	-0.111111	0 	0 	0.037037	
144	0.00627603	0.711722	0.111111	0.703704	-0.111111	0 	0 	0.037037	
369	0.00829887	0.774624	0	0.740741	0.111111	0 	0 	0.037037	
12	0.0417425	0.751246	0	0.740741	0.111111	0 	0 	0.037037	
167	0.143663	0.770201	0.111111	0.777778	0.037037	0 	0 	-0.111111	
473	0.119003	0.694702	0.111111	0.777778	0.037037	0 	0 	-0.111111	
116	0.175776	0.698953	0.148148	0.666667	0.037037	0 	0 	0.111111	
341	0.158943	0.722982	0.148148	0.666667	0.037037	0 	0 	0.111111	
281	0.199447	0.761776	0.185185	0.777778	0.037037	0 	0 	-0.111111	
56	0.215511	0.728364	0.185185	0.777778	0.037037	0 	0 	-0.111111	
506	0.204428	0.677542	0.185185	0.777778	0.037037	0 	0 	-0.111111	
52	0.23835	0.677729	0.222222	0.666667	0.111111	0 	0 	0.037037	
382	0.326607	0.671024	0.222222	0.666667	0.111111	0 	0 	0.037037	
607	0.304183	0.732722	0.333333	0.703704	-0.111111	0 	0 	0.037037	
235	0.279224	0.717232	0.333333	0.703704	-0.111111	0 	0 	0.037037	
250	0.247946	0.71074	0.333333	0.703704	-0.111111	0 	0 	0.037037	
556	0.222223	0.775064	0.222222	0.740741	0.111111	0 	0 	0.037037	
433	0.285857	0.750624	0.222222	0.740741	0.111111	0 	0 	0.037037	
103	0.313478	0.760306	0.222222	0.740741	0.111111	0 	0 	0.037037	
524	0.323937	0.79839	0.333333	0.777778	-0.037037	0 	0 	0.111111	
20	0.296555	0.815178	0.333333	0.777778	-0.037037	0 	0 	0.111111	
299	0.315058	0.884972	0.333333	0.777778	-0.037037	0 	0 	0.111111	
584	0.279314	0.84897	0.296296	0.888889	-0.037037	0 	0 	-0.111111	
359	0.262981	0.846771	0.296296	0.888889	-0.037037	0 	0 	-0.111111	
161	0.263374	0.786008	0.296296	0.888889	-0.037037	0 	0 	-0.111111	
410	0.246404	0.818396	0.259259	0.777778	-0.037037	0 	0 	0.111111	
212	0.236157	0.856526	0.259259	0.777778	-0.037037	0 	0 	0.111111	
30	0.160494	0.864198	0.222222	0.888889	-0.111111	0 	0 	-0.037037	
387	0.14111	0.851968	0.222222	0.888889	-0.111111	0 	0 	-0.037037	
81	0.152815	0.830842	0.111111	0.851852	0.111111	0 	0 	-0.037037	
561	0.1527	0.84651	0.111111	0.851852	0.111111	0 	0 	-0.037037	
447	0.218957	0.825641	0.111111	0.851852	0.111111	0 	0 	-0.037037	
222	0.207129	0.802441	0.222222	0.814815	-0.111111	0 	0 	-0.037037	
255	0.170956	0.781987	0.222222	0.814815	-0.111111	0 	0 	-0.037037	
346	0.078856	0.792484	0.111111	0.777778	-0.037037	0 	0 	0.111111	
121	0.105665	0.879851	0.111111	0.777778	-0.037037	0 	0 	0.111111	
478	0.0459674	0.87177	0.0740741	0.888889	-0.037037	0 	0 	-0.111111	
172	0.0740481	0.842892	0.0740741	0.888889	-0.037037	0 	0 	-0.111111	
70	0.0359159	0.794614	0.037037	0.777778	-0.037037	0 	0 	0.111111	
295	0.0320475	0.78855	0.037037	0.777778	-0.037037	0 	0 	0.111111	
493	0.0324607	0.859445	0.037037	0.777778	-0.037037	0 	0 	0.111111	
455	0.014774	0.889349	0	0.888889	0.111111	0 	0 	0.037037	
98	0.0534979	0.909465	0	0.888889	0.111111	0 	0 	0.037037	
542	0.0760429	0.921367	0	0.888889	0.111111	0 	0 	0.037037	
38	0.110705	0.926371	0.111111	0.925926	-0.111111	0 	0 	0.037037	
404	0.0667919	0.927515	0.111111	0.925926	-0.111111	0 	0 	0.037037	
230	0.000244624	0.972371	0	0.962963	0.111111	0 	0 	0.037037	
602	0.0416164	0.987251	0	0.962963	0.111111	0 	0 	0.037037	
263	0.103366	0.970564	0	0.962963	0.111111	0 	0 	0.037037	
538	0.126136	0.980354	0.111111	1	0.037037	0 	0 	-0.111111	
313	0.125064	0.959303	0.111111	1	0.037037	0 	0 	-0.111111	
7	0.111111	0.888889	0.111111	1	0.037037	0 	0 	-0.111111	
190	0.163599	0.918921	0.148148	0.888889	0.037037	0 	0 	0.111111	
415	0.172427	0.997746	0.148148	0.888889	0.037037	0 	0 	0.111111	
139	0.185264	0.954874	0.185185	1	0.037037	0 	0 	-0.111111	
589	0.217633	0.942617	0.185185	1	0.037037	0 	0 	-0.111111	
364	0.186924	0.897047	0.185185	1	0.037037	0 	0 	-0.111111	
273	0.236121	0.895653	0.222222	0.888889	0.111111	0 	0 	0.037037	
186	0.330966	0.916258	0.222222	0.888889	0.111111	0 	0 	0.037037	
465	0.307038	0.949269	0.333333	0.925926	-0.111111	0 	0 	0.037037	
498	0.304096	0.935997	0.333333	0.925926	-0.111111	0 	0 	0.037037	
126	0.249741	0.958351	0.333333	0.925926	-0.111111	0 	0 	0.037037	
324	0.235596	0.962966	0.222222	0.962963	0.111111	0 	0 	0.037037	
75	0.284004	0.986288	0.222222	0.962963	0.111111	0 	0 	0.037037	
553	0.343933	0.995384	0.333333	1	0.037037	0 	0 	-0.111111	
247	0.362954	0.933002	0.333333	1	0.037037	0 	0 	-0.111111	
49	0.347291	0.903723	0.333333	1	0.037037	0 	0 	-0.111111	
241	0.388748	0.941244	0.37037	0.888889	0.037037	0 	0 	0.111111	
439	0.403121	0.97258	0.37037	0.888889	0.037037	0 	0 	0.111111	
100	0.412455	0.995831	0.407407	1	0.037037	0 	0 	-0.111111	
604	0.412642	0.96737	0.407407	1	0.037037	0 	0 	-0.111111	
379	0.43494	0.895015	0.407407	1	0.037037	0 	0 	-0.111111	
72	0.434525	0.875663	0.444444	0.888889	-0.111111	0 	0 	-0.037037	
330	0.341318	0.866932	0.444444	0.888889	-0.111111	0 	0 	-0.037037	
132	0.361113	0.844883	0.333333	0.851852	0.111111	0 	0 	-0.037037	
495	0.347954	0.826445	0.333333	0.851852	0.111111	0 	0 	-0.037037	
462	0.421967	0.839848	0.333333	0.851852	0.111111	0 	0 	-0.037037	
183	0.429163	0.809852	0.444444	0.814815	-0.111111	0 	0 	-0.037037	
270	0.376518	0.79783	0.444444	0.814815	-0.111111	0 	0 	-0.037037	
209	0.338207	0.735641	0.333333	0.777778	0.037037	0 	0 	-0.111111	
407	0.352264	0.703594	0.333333	0.777778	0.037037	0 	0 	-0.111111	
158	0.381309	0.701036	0.37037	0.666667	0.037037	0 	0 	0.111111	
356	0.388203	0.731139	0.37037	0.666667	0.037037	0 	0 	0.111111	
581	0.401823	0.759611	0.37037	0.666667	0.037037	0 	0 	0.111111	
305	0.413359	0.762635	0.407407	0.777778	0.037037	0 	0 	-0.111111	
26	0.413472	0.694253	0.407407	0.777778	0.037037	0 	0 	-0.111111	
530	0.434911	0.689598	0.407407	0.777778	0.037037	0 	0 	-0.111111	
67	0.472184	0.690504	0.444444	0.666667	0.111111	0 	0 	0.037037	
343	0.525656	0.680587	0.444444	0.666667	0.111111	0 	0 	0.037037	
178	0.513483	0.731437	0.555556	0.703704	-0.111111	0 	0 	0.037037	
292	0.445816	0.722908	0.555556	0.703704	-0.111111	0 	0 	0.037037	
490	0.459513	0.750054	0.444444	0.740741	0.111111	0 	0 	0.037037	
484	0.489955	0.762922	0.444444	0.740741	0.111111	0 	0 	0.037037	
118	0.547325	0.773663	0.444444	0.740741	0.111111	0 	0 	0.037037	
548	0.543154	0.781449	0.555556	0.777778	-0.037037	0 	0 	0.111111	
44	0.537164	0.826389	0.555556	0.777778	-0.037037	0 	0 	0.111111	
269	0.55159	0.86433	0.555556	0.777778	-0.037037	0 	0 	0.111111	
599	0.485591	0.882596	0.518519	0.888889	-0.037037	0 	0 	-0.111111	
401	0.509915	0.820321	0.518519	0.888889	-0.037037	0 	0 	-0.111111	
95	0.498534	0.796623	0.518519	0.888889	-0.037037	0 	0 	-0.111111	
452	0.476008	0.785416	0.481481	0.777778	-0.037037	0 	0 	0.111111	
227	0.462864	0.867814	0.481481	0.777778	-0.037037	0 	0 	0.111111	
573	0.472621	0.916095	0.444444	0.888889	0.111111	0 	0 	0.037037	
315	0.495376	0.920158	0.444444	0.888889	0.111111	0 	0 	0.037037	
201	0.526749	0.893004	0.444444	0.888889	0.111111	0 	0 	0.037037	
426	0.555094	0.930753	0.555556	0.925926	-0.111111	0 	0 	0.037037	
513	0.520093	0.949748	0.555556	0.925926	-0.111111	0 	0 	0.037037	
150	0.527895	0.958971	0.555556	0.925926	-0.111111	0 	0 	0.037037	
375	0.458406	0.995915	0.444444	0.962963	0.111111	0 	0 	0.037037	
9	0.477305	0.972347	0.444444	0.962963	0.111111	0 	0 	0.037037	
164	0.590286	0.99392	0.555556	1	0.037037	0 	0 	-0.111111	
470	0.57415	0.905526	0.555556	1	0.037037	0 	0 	-0.111111	
113	0.620252	0.921302	0.592593	0.888889	0.037037	0 	0 	0.111111	
338	0.60294	0.942103	0.592593	0.888889	0.037037	0 	0 	0.111111	
287	0.638959	0.974634	0.62963	1	0.037037	0 	0 	-0.111111	
62	0.657496	0.947585	0.62963	1	0.037037	0 	0 	-0.111111	
512	0.633974	0.905541	0.62963	1	0.037037	0 	0 	-0.111111	
136	0.624914	0.867129	0.666667	0.888889	-0.111111	0 	0 	-0.037037	
421	0.655121	0.875899	0.666667	0.888889	-0.111111	0 	0 	-0.037037	
535	0.581589	0.874055	0.666667	0.888889	-0.111111	0 	0 	-0.037037	
310	0.591465	0.847061	0.555556	0.851852	0.111111	0 	0 	-0.037037	
196	0.598354	0.818111	0.555556	0.851852	0.111111	0 	0 	-0.037037	
586	0.660828	0.832411	0.555556	0.851852	0.111111	0 	0 	-0.037037	
361	0.647462	0.805213	0.666667	0.814815	-0.111111	0 	0 	-0.037037	
4	0.555556	0.777778	0.666667	0.814815	-0.111111	0 	0 	-0.037037	
393	0.586836	0.744537	0.555556	0.777778	0.037037	0 	0 	-0.111111	
87	0.568565	0.721875	0.555556	0.777778	0.037037	0 	0 	-0.111111	
252	0.62075	0.672476	0.592593	0.666667	0.037037	0 	0 	0.111111	
558	0.606886	0.701039	0.592593	0.666667	0.037037	0 	0 	0.111111	
27	0.606701	0.757092	0.592593	0.666667	0.037037	0 	0 	0.111111	
444	0.661641	0.716634	0.62963	0.777778	0.037037	0 	0 	-0.111111	
219	0.65008	0.681092	0.62963	0.777778	0.037037	0 	0 	-0.111111	
1	0.676152	0.676221	0.666667	0.666667	0.111111	0 	0 	0.037037	
367	0.757093	0.692694	0.666667	0.666667	0.111111	0 	0 	0.037037	
592	0.777762	0.70649	0.777778	0.703704	-0.111111	0 	0 	0.037037	
193	0.708295	0.706975	0.777778	0.703704	-0.111111	0 	0 	0.037037	
307	0.679507	0.735032	0.777778	0.703704	-0.111111	0 	0 	0.037037	
532	0.692082	0.760713	0.666667	0.740741	0.111111	0 	0 	0.037037	
418	0.726327	0.777121	0.666667	0.740741	0.111111	0 	0 	0.037037	
142	0.743725	0.748274	0.666667	0.740741	0.111111	0 	0 	0.037037	
327	0.790778	0.747969	0.777778	0.777778	0.037037	0 	0 	-0.111111	
129	0.806867	0.735612	0.777778	0.777778	0.037037	0 	0 	-0.111111	
276	0.828799	0.692006	0.814815	0.666667	0.037037	0 	0 	0.111111	
501	0.838123	0.677401	0.814815	0.666667	0.037037	0 	0 	0.111111	
78	0.839506	0.765432	0.814815	0.666667	0.037037	0 	0 	0.111111	
459	0.859128	0.732521	0.851852	0.777778	0.037037	0 	0 	-0.111111	
180	0.878916	0.693363	0.851852	0.777778	0.037037	0 	0 	-0.111111	
458	0.915255	0.675557	0.888889	0.666667	0.111111	0 	0 	0.037037	
92	0.941269	0.689865	0.888889	0.666667	0.111111	0 	0 	0.037037	
545	0.965672	0.701826	0.888889	0.666667	0.111111	0 	0 	0.037037	
41	0.981715	0.723056	1	0.703704	-0.111111	0 	0 	0.037037	
398	0.988363	0.737728	1	0.703704	-0.111111	0 	0 	0.037037	
233	0.903919	0.759317	0.888889	0.740741	0.111111	0 	0 	0.037037	
596	0.902797	0.775239	0.888889	0.740741	0.111111	0 	0 	0.037037	
266	0.988429	0.747509	0.888889	0.740741	0.111111	0 	0 	0.037037	
198	0.970771	0.783528	1	0.777778	-0.037037	0 	0 	0.111111	
423	0.995179	0.867891	1	0.777778	-0.037037	0 	0 	0.111111	
15	0.930651	0.854485	0.962963	0.888889	-0.037037	0 	0 	-0.111111	
519	0.957928	0.839001	0.962963	0.888889	-0.037037	0 	0 	-0.111111	
321	0.940012	0.811684	0.962963	0.888889	-0.037037	0 	0 	-0.111111	
570	0.921876	0.797115	0.925926	0.777778	-0.037037	0 	0 	0.111111	
147	0.893004	0.823045	0.925926	0.777778	-0.037037	0 	0 	0.111111	
372	0.925119	0.876257	0.925926	0.777778	-0.037037	0 	0 	0.111111	
106	0.888748	0.871003	0.888889	0.888889	-0.111111	0 	0 	-0.037037	
436	0.860234	0.856282	0.888889	0.888889	-0.111111	0 	0 	-0.037037	
550	0.778499	0.88293	0.888889	0.888889	-0.111111	0 	0 	-0.037037	
244	0.805766	0.827082	0.777778	0.851852	0.111111	0 	0 	-0.037037	
238	0.834346	0.830028	0.777778	0.851852	0.111111	0 	0 	-0.037037	
385	0.870544	0.791583	0.888889	0.814815	-0.111111	0 	0 	-0.037037	
46	0.792788	0.791076	0.888889	0.814815	-0.111111	0 	0 	-0.037037	
509	0.76602	0.813374	0.777778	0.777778	-0.037037	0 	0 	0.111111	
59	0.770513	0.833661	0.777778	0.777778	-0.037037	0 	0 	0.111111	
284	0.742112	0.871056	0.777778	0.777778	-0.037037	0 	0 	0.111111	
335	0.709661	0.83088	0.740741	0.888889	-0.037037	0 	0 	-0.111111	
110	0.731551	0.820653	0.740741	0.888889	-0.037037	0 	0 	-0.111111	
476	0.674231	0.797934	0.703704	0.777778	-0.037037	0 	0 	0.111111	
170	0.698027	0.877113	0.703704	0.777778	-0.037037	0 	0 	0.111111	
258	0.729578	0.898904	0.666667	0.888889	0.111111	0 	0 	0.037037	
216	0.75962	0.905029	0.666667	0.888889	0.111111	0 	0 	0.037037	
441	0.777253	0.937775	0.777778	0.925926	-0.111111	0 	0 	0.037037	
564	0.708741	0.961212	0.777778	0.925926	-0.111111	0 	0 	0.037037	
84	0.68327	0.949637	0.777778	0.925926	-0.111111	0 	0 	0.037037	
390	0.692541	0.9686	0.666667	0.962963	0.111111	0 	0 	0.037037	
33	0.717964	0.97643	0.666667	0.962963	0.111111	0 	0 	0.037037	
215	0.782401	0.981153	0.777778	1	0.037037	0 	0 	-0.111111	
413	0.803635	0.924304	0.777778	1	0.037037	0 	0 	-0.111111	
155	0.824298	0.916289	0.814815	0.888889	0.037037	0 	0 	0.111111	
353	0.825193	0.953734	0.814815	0.888889	0.037037	0 	0 	0.111111	
578	0.844546	0.980608	0.814815	0.888889	0.037037	0 	0 	0.111111	
302	0.866696	0.994071	0.851852	1	0.037037	0 	0 	-0.111111	
23	0.856906	0.92323	0.851852	1	0.037037	0 	0 	-0.111111	
527	0.880021	0.910283	0.851852	1	0.037037	0 	0 	-0.111111	
64	0.921472	0.910622	0.888889	0.888889	0.111111	0 	0 	0.037037	
349	0.966773	0.901533	0.888889	0.888889	0.111111	0 	0 	0.037037	
175	0.966041	0.948972	1	0.925926	-0.111111	0 	0 	0.037037	
289	0.890373	0.945769	1	0.925926	-0.111111	0 	0 	0.037037	
487	0.91772	0.967221	0.888889	0.962963	0.111111	0 	0 	0.037037	
481	0.950342	0.986154	0.888889	0.962963	0.111111	0 	0 	0.037037	
124	0.991634	0.993706	0.888889	0.962963	0.111111	0 	0 	0.037037	
