0	0.0438621	0.00028709	0	0	0.111111	0 	0 	0.037037	
366	0.0901423	0.0244535	0	0	0.111111	0 	0 	0.037037	
192	0.0504444	0.0373662	0.111111	0.037037	-0.111111	0 	0 	0.037037	
306	0.0158875	0.0676862	0.111111	0.037037	-0.111111	0 	0 	0.037037	
531	0.0285305	0.0943741	0	0.0740741	0.111111	0 	0 	0.037037	
417	0.018091	0.0929228	0	0.0740741	0.111111	0 	0 	0.037037	
141	0.0781893	0.0823045	0	0.0740741	0.111111	0 	0 	0.037037	
329	0.121008	0.0885376	0.111111	0.111111	0.037037	0 	0 	-0.111111	
131	0.1404	0.0627694	0.111111	0.111111	0.037037	0 	0 	-0.111111	
278	0.152761	0.0144187	0.148148	0	0.037037	0 	0 	0.111111	
503	0.156572	0.0442213	0.148148	0	0.037037	0 	0 	0.111111	
80	0.175365	0.0975188	0.148148	0	0.037037	0 	0 	0.111111	
461	0.189849	0.0518562	0.185185	0.111111	0.037037	0 	0 	-0.111111	
182	0.189689	0.0232479	0.185185	0.111111	0.037037	0 	0 	-0.111111	
457	0.251328	0.0139272	0.222222	0	0.111111	0 	0 	0.037037	
91	0.27896	0.0180017	0.222222	0	0.111111	0 	0 	0.037037	
544	0.298724	0.0320755	0.222222	0	0.111111	0 	0 	0.037037	
40	0.301926	0.0604606	0.333333	0.037037	-0.111111	0 	0 	0.037037	
397	0.290296	0.0389105	0.333333	0.037037	-0.111111	0 	0 	0.037037	
232	0.229279	0.0975273	0.222222	0.0740741	0.111111	0 	0 	0.037037	
265	0.320455	0.0803986	0.222222	0.0740741	0.111111	0 	0 	0.037037	
200	0.323758	0.141211	0.333333	0.111111	-0.037037	0 	0 	0.111111	
425	0.322627	0.185667	0.333333	0.111111	-0.037037	0 	0 	0.111111	
17	0.260048	0.185202	0.296296	0.222222	-0.037037	0 	0 	-0.111111	
521	0.292017	0.167747	0.296296	0.222222	-0.037037	0 	0 	-0.111111	
323	0.26745	0.143246	0.296296	0.222222	-0.037037	0 	0 	-0.111111	
572	0.239674	0.112015	0.259259	0.111111	-0.037037	0 	0 	0.111111	
149	0.225957	0.156571	0.259259	0.111111	-0.037037	0 	0 	0.111111	
374	0.242434	0.212701	0.259259	0.111111	-0.037037	0 	0 	0.111111	
105	0.222012	0.196798	0.222222	0.222222	-0.111111	0 	0 	-0.037037	
435	0.209422	0.207847	0.222222	0.222222	-0.111111	0 	0 	-0.037037	
549	0.112976	0.218622	0.222222	0.222222	-0.111111	0 	0 	-0.037037	
243	0.139105	0.151865	0.111111	0.185185	0.111111	0 	0 	-0.037037	
237	0.167425	0.164595	0.111111	0.185185	0.111111	0 	0 	-0.037037	
384	0.207021	0.139172	0.222222	0.148148	-0.111111	0 	0 	-0.037037	
45	0.126449	0.121695	0.222222	0.148148	-0.111111	0 	0 	-0.037037	
508	0.105456	0.12146	0.111111	0.111111	-0.037037	0 	0 	0.111111	
58	0.0987654	0.17284	0.111111	0.111111	-0.037037	0 	0 	0.111111	
283	0.0754458	0.20439	0.111111	0.111111	-0.037037	0 	0 	0.111111	
334	0.0417696	0.162168	0.0740741	0.222222	-0.037037	0 	0 	-0.111111	
109	0.0693415	0.147875	0.0740741	0.222222	-0.037037	0 	0 	-0.111111	
475	-0.000517782	0.134072	0.037037	0.111111	-0.037037	0 	0 	0.111111	
169	0.0323968	0.219887	0.037037	0.111111	-0.037037	0 	0 	0.111111	
260	0.0612376	0.230829	0	0.222222	0.111111	0 	0 	0.037037	
218	0.0946502	0.238683	0	0.222222	0.111111	0 	0 	0.037037	
443	0.0982019	0.269146	0.111111	0.259259	-0.111111	0 	0 	0.037037	
566	0.0392663	0.291104	0.111111	0.259259	-0.111111	0 	0 	0.037037	
86	0.0142169	0.273086	0.111111	0.259259	-0.111111	0 	0 	0.037037	
392	0.0180824	0.319516	0	0.296296	0.111111	0 	0 	0.037037	
35	0.0491562	0.310435	0	0.296296	0.111111	0 	0 	0.037037	
214	0.115884	0.319538	0.111111	0.333333	0.037037	0 	0 	-0.111111	
412	0.12459	0.256881	0.111111	0.333333	0.037037	0 	0 	-0.111111	
154	0.156758	0.223465	0.148148	0.222222	0.037037	0 	0 	0.111111	
352	0.157177	0.275883	0.148148	0.222222	0.037037	0 	0 	0.111111	
577	0.177134	0.311746	0.148148	0.222222	0.037037	0 	0 	0.111111	
301	0.192355	0.331937	0.185185	0.333333	0.037037	0 	0 	-0.111111	
22	0.194027	0.249146	0.185185	0.333333	0.037037	0 	0 	-0.111111	
526	0.213062	0.245153	0.185185	0.333333	0.037037	0 	0 	-0.111111	
63	0.257684	0.254833	0.222222	0.222222	0.111111	0 	0 	0.037037	
348	0.30224	0.237533	0.222222	0.222222	0.111111	0 	0 	0.037037	
174	0.296746	0.269229	0.333333	0.259259	-0.111111	0 	0 	0.037037	
288	0.225211	0.27863	0.333333	0.259259	-0.111111	0 	0 	0.037037	
486	0.256509	0.304308	0.222222	0.296296	0.111111	0 	0 	0.037037	
480	0.272191	0.319677	0.222222	0.296296	0.111111	0 	0 	0.037037	
123	0.323132	0.329593	0.222222	0.296296	0.111111	0 	0 	0.037037	
229	0.356538	0.306568	0.333333	0.333333	0.037037	0 	0 	-0.111111	
454	0.366227	0.235142	0.333333	0.333333	0.037037	0 	0 	-0.111111	
97	0.382747	0.243063	0.37037	0.222222	0.037037	0 	0 	0.111111	
403	0.398297	0.265341	0.37037	0.222222	0.037037	0 	0 	0.111111	
262	0.435393	0.306859	0.407407	0.333333	0.037037	0 	0 	-0.111111	
37	0.426251	0.27555	0.407407	0.333333	0.037037	0 	0 	-0.111111	
541	0.412687	0.319497	0.407407	0.333333	0.037037	0 	0 	-0.111111	
120	0.443304	0.208774	0.444444	0.222222	-0.111111	0 	0 	-0.037037	
477	0.374847	0.209331	0.444444	0.222222	-0.111111	0 	0 	-0.037037	
492	0.441197	0.208135	0.444444	0.222222	-0.111111	0 	0 	-0.037037	
294	0.350274	0.16967	0.333333	0.185185	0.111111	0 	0 	-0.037037	
171	0.403694	0.176445	0.333333	0.185185	0.111111	0 	0 	-0.037037	
345	0.416916	0.126864	0.444444	0.148148	-0.111111	0 	0 	-0.037037	
69	0.431507	0.129523	0.444444	0.148148	-0.111111	0 	0 	-0.037037	
371	0.347466	0.105843	0.333333	0.111111	0.037037	0 	0 	-0.111111	
146	0.338287	0.0522513	0.333333	0.111111	0.037037	0 	0 	-0.111111	
569	0.345975	0.0882501	0.333333	0.111111	0.037037	0 	0 	-0.111111	
320	0.381413	0.028868	0.37037	0	0.037037	0 	0 	0.111111	
518	0.393828	0.0686882	0.37037	0	0.037037	0 	0 	0.111111	
14	0.375116	0.0748938	0.37037	0	0.037037	0 	0 	0.111111	
431	0.416115	0.0924661	0.407407	0.111111	0.037037	0 	0 	-0.111111	
206	0.411786	0.00232457	0.407407	0.111111	0.037037	0 	0 	-0.111111	
472	0.453487	0.022103	0.444444	0	0.111111	0 	0 	0.037037	
115	0.50721	0.0328078	0.444444	0	0.111111	0 	0 	0.037037	
505	0.531614	0.0097152	0.444444	0	0.111111	0 	0 	0.037037	
55	0.54003	0.0657495	0.555556	0.037037	-0.111111	0 	0 	0.037037	
340	0.488661	0.0556365	0.555556	0.037037	-0.111111	0 	0 	0.037037	
166	0.486336	0.104832	0.444444	0.0740741	0.111111	0 	0 	0.037037	
280	0.518015	0.0946064	0.444444	0.0740741	0.111111	0 	0 	0.037037	
224	0.536892	0.129608	0.555556	0.111111	-0.037037	0 	0 	0.111111	
449	0.550904	0.126325	0.555556	0.111111	-0.037037	0 	0 	0.111111	
32	0.4939	0.197444	0.518519	0.222222	-0.037037	0 	0 	-0.111111	
563	0.48386	0.182428	0.518519	0.222222	-0.037037	0 	0 	-0.111111	
257	0.514138	0.12441	0.518519	0.222222	-0.037037	0 	0 	-0.111111	
83	0.463126	0.169945	0.481481	0.111111	-0.037037	0 	0 	0.111111	
389	0.479003	0.187072	0.481481	0.111111	-0.037037	0 	0 	0.111111	
6	0.452741	0.222436	0.444444	0.222222	0.111111	0 	0 	0.037037	
363	0.537133	0.248536	0.444444	0.222222	0.111111	0 	0 	0.037037	
189	0.529774	0.274583	0.555556	0.259259	-0.111111	0 	0 	0.037037	
312	0.458162	0.290809	0.555556	0.259259	-0.111111	0 	0 	0.037037	
537	0.469714	0.319175	0.444444	0.296296	0.111111	0 	0 	0.037037	
414	0.50416	0.331183	0.444444	0.296296	0.111111	0 	0 	0.037037	
138	0.522653	0.306457	0.444444	0.296296	0.111111	0 	0 	0.037037	
326	0.565593	0.3158	0.555556	0.333333	0.037037	0 	0 	-0.111111	
128	0.578869	0.28848	0.555556	0.333333	0.037037	0 	0 	-0.111111	
275	0.597098	0.236556	0.592593	0.222222	0.037037	0 	0 	0.111111	
500	0.603473	0.264493	0.592593	0.222222	0.037037	0 	0 	0.111111	
77	0.593239	0.249795	0.592593	0.222222	0.037037	0 	0 	0.111111	
467	0.630135	0.279184	0.62963	0.333333	0.037037	0 	0 	-0.111111	
188	0.662653	0.249318	0.62963	0.333333	0.037037	0 	0 	-0.111111	
298	0.644461	0.219691	0.666667	0.222222	-0.111111	0 	0 	-0.037037	
211	0.56292	0.189338	0.666667	0.222222	-0.111111	0 	0 	-0.037037	
358	0.602111	0.174982	0.555556	0.185185	0.111111	0 	0 	-0.037037	
19	0.62963	0.148148	0.555556	0.185185	0.111111	0 	0 	-0.037037	
523	0.657831	0.117611	0.666667	0.148148	-0.111111	0 	0 	-0.037037	
160	0.664956	0.14789	0.666667	0.148148	-0.111111	0 	0 	-0.037037	
409	0.58148	0.14633	0.666667	0.148148	-0.111111	0 	0 	-0.037037	
555	0.560593	0.0966652	0.555556	0.111111	0.037037	0 	0 	-0.111111	
249	0.583488	0.0503268	0.555556	0.111111	0.037037	0 	0 	-0.111111	
51	0.580364	0.0206066	0.555556	0.111111	0.037037	0 	0 	-0.111111	
234	0.601881	0.0549338	0.592593	0	0.037037	0 	0 	0.111111	
432	0.625154	0.0877417	0.592593	0	0.037037	0 	0 	0.111111	
102	0.639801	0.0553428	0.62963	0.111111	0.037037	0 	0 	-0.111111	
381	0.660725	0.00197893	0.62963	0.111111	0.037037	0 	0 	-0.111111	
406	0.690765	0.0364849	0.666667	0	0.111111	0 	0 	0.037037	
157	0.70916	0.00623801	0.666667	0	0.111111	0 	0 	0.037037	
529	0.768176	0.0219479	0.666667	0	0.111111	0 	0 	0.037037	
25	0.741839	0.0416916	0.777778	0.037037	-0.111111	0 	0 	0.037037	
355	0.722042	0.0626038	0.777778	0.037037	-0.111111	0 	0 	0.037037	
208	0.666781	0.0748874	0.666667	0.0740741	0.111111	0 	0 	0.037037	
304	0.750678	0.106456	0.666667	0.0740741	0.111111	0 	0 	0.037037	
489	0.789775	0.080304	0.777778	0.111111	0.037037	0 	0 	-0.111111	
291	0.789253	0.0386928	0.777778	0.111111	0.037037	0 	0 	-0.111111	
66	0.802436	0.0263283	0.777778	0.111111	0.037037	0 	0 	-0.111111	
177	0.846267	0.0656166	0.814815	0	0.037037	0 	0 	0.111111	
483	0.826234	0.0911168	0.814815	0	0.037037	0 	0 	0.111111	
117	0.881723	0.105774	0.851852	0.111111	0.037037	0 	0 	-0.111111	
342	0.851957	0.0268981	0.851852	0.111111	0.037037	0 	0 	-0.111111	
254	0.949695	0.00162126	0.888889	0	0.111111	0 	0 	0.037037	
221	0.984953	0.015019	0.888889	0	0.111111	0 	0 	0.037037	
446	0.972882	0.0375714	1	0.037037	-0.111111	0 	0 	0.037037	
560	0.930315	0.0658991	1	0.037037	-0.111111	0 	0 	0.037037	
89	0.912099	0.0555949	1	0.037037	-0.111111	0 	0 	0.037037	
395	0.924956	0.0880594	0.888889	0.0740741	0.111111	0 	0 	0.037037	
29	0.940796	0.0880652	0.888889	0.0740741	0.111111	0 	0 	0.037037	
360	0.993468	0.117516	1	0.111111	-0.037037	0 	0 	0.111111	
135	0.967297	0.190273	1	0.111111	-0.037037	0 	0 	0.111111	
420	0.958946	0.200231	0.962963	0.222222	-0.037037	0 	0 	-0.111111	
195	0.933048	0.15166	0.962963	0.222222	-0.037037	0 	0 	-0.111111	
3	0.92578	0.111418	0.925926	0.111111	-0.037037	0 	0 	0.111111	
309	0.924358	0.180683	0.925926	0.111111	-0.037037	0 	0 	0.111111	
534	0.921317	0.20923	0.925926	0.111111	-0.037037	0 	0 	0.111111	
268	0.858365	0.199928	0.888889	0.222222	-0.111111	0 	0 	-0.037037	
226	0.798354	0.201646	0.888889	0.222222	-0.111111	0 	0 	-0.037037	
400	0.847827	0.151971	0.777778	0.185185	0.111111	0 	0 	-0.037037	
43	0.865201	0.162031	0.777778	0.185185	0.111111	0 	0 	-0.037037	
547	0.860672	0.131978	0.888889	0.148148	-0.111111	0 	0 	-0.037037	
94	0.835154	0.129483	0.888889	0.148148	-0.111111	0 	0 	-0.037037	
451	0.809621	0.120098	0.888889	0.148148	-0.111111	0 	0 	-0.037037	
185	0.771892	0.159822	0.777778	0.111111	-0.037037	0 	0 	0.111111	
464	0.750343	0.171468	0.777778	0.111111	-0.037037	0 	0 	0.111111	
74	0.721824	0.206695	0.740741	0.222222	-0.037037	0 	0 	-0.111111	
497	0.721281	0.15858	0.740741	0.222222	-0.037037	0 	0 	-0.111111	
272	0.705151	0.131913	0.740741	0.222222	-0.037037	0 	0 	-0.111111	
134	0.703588	0.178733	0.703704	0.111111	-0.037037	0 	0 	0.111111	
332	0.672154	0.200274	0.703704	0.111111	-0.037037	0 	0 	0.111111	
48	0.679999	0.238048	0.666667	0.222222	0.111111	0 	0 	0.037037	
378	0.768802	0.224326	0.666667	0.222222	0.111111	0 	0 	0.037037	
240	0.724048	0.272619	0.777778	0.259259	-0.111111	0 	0 	0.037037	
246	0.695205	0.264645	0.777778	0.259259	-0.111111	0 	0 	0.037037	
552	0.680578	0.300012	0.666667	0.296296	0.111111	0 	0 	0.037037	
438	0.740793	0.305484	0.666667	0.296296	0.111111	0 	0 	0.037037	
99	0.759169	0.31484	0.666667	0.296296	0.111111	0 	0 	0.037037	
377	0.794282	0.3248	0.777778	0.333333	0.037037	0 	0 	-0.111111	
152	0.785091	0.29656	0.777778	0.333333	0.037037	0 	0 	-0.111111	
575	0.808315	0.241765	0.777778	0.333333	0.037037	0 	0 	-0.111111	
317	0.828532	0.253772	0.814815	0.222222	0.037037	0 	0 	0.111111	
515	0.842621	0.280916	0.814815	0.222222	0.037037	0 	0 	0.111111	
11	0.823886	0.281342	0.814815	0.222222	0.037037	0 	0 	0.111111	
428	0.875144	0.306037	0.851852	0.333333	0.037037	0 	0 	-0.111111	
203	0.855197	0.222576	0.851852	0.333333	0.037037	0 	0 	-0.111111	
469	0.9024	0.243543	0.888889	0.222222	0.111111	0 	0 	0.037037	
112	0.958575	0.253224	0.888889	0.222222	0.111111	0 	0 	0.037037	
511	0.976262	0.229824	0.888889	0.222222	0.111111	0 	0 	0.037037	
61	0.986135	0.284637	1	0.259259	-0.111111	0 	0 	0.037037	
337	0.926982	0.273337	1	0.259259	-0.111111	0 	0 	0.037037	
163	0.903132	0.319296	0.888889	0.296296	0.111111	0 	0 	0.037037	
286	0.963884	0.316156	0.888889	0.296296	0.111111	0 	0 	0.037037	
383	0.99475	0.34431	1	0.333333	-0.037037	0 	0 	0.111111	
104	0.981221	0.424623	1	0.333333	-0.037037	0 	0 	0.111111	
434	0.959069	0.41036	0.962963	0.444444	-0.037037	0 	0 	-0.111111	
236	0.949019	0.381888	0.962963	0.444444	-0.037037	0 	0 	-0.111111	
53	0.923756	0.333348	0.925926	0.333333	-0.037037	0 	0 	0.111111	
251	0.911811	0.395238	0.925926	0.333333	-0.037037	0 	0 	0.111111	
557	0.890831	0.440997	0.925926	0.333333	-0.037037	0 	0 	0.111111	
408	0.910525	0.478001	0.888889	0.444444	0.111111	0 	0 	0.037037	
159	0.923501	0.451167	0.888889	0.444444	0.111111	0 	0 	0.037037	
522	0.99	0.465299	0.888889	0.444444	0.111111	0 	0 	0.037037	
18	0.985841	0.482863	1	0.481481	-0.111111	0 	0 	0.037037	
357	0.947664	0.509488	1	0.481481	-0.111111	0 	0 	0.037037	
210	0.904892	0.518934	0.888889	0.518519	0.111111	0 	0 	0.037037	
297	0.97631	0.548788	0.888889	0.518519	0.111111	0 	0 	0.037037	
187	0.994029	0.570215	1	0.555556	-0.037037	0 	0 	0.111111	
466	0.973701	0.617694	1	0.555556	-0.037037	0 	0 	0.111111	
76	0.952495	0.651239	0.962963	0.666667	-0.037037	0 	0 	-0.111111	
499	0.939609	0.596839	0.962963	0.666667	-0.037037	0 	0 	-0.111111	
274	0.927561	0.574613	0.962963	0.666667	-0.037037	0 	0 	-0.111111	
127	0.915228	0.585435	0.925926	0.555556	-0.037037	0 	0 	0.111111	
325	0.895121	0.644171	0.925926	0.555556	-0.037037	0 	0 	0.111111	
140	0.857359	0.63811	0.888889	0.666667	-0.111111	0 	0 	-0.037037	
416	0.836763	0.665295	0.888889	0.666667	-0.111111	0 	0 	-0.037037	
539	0.805324	0.64967	0.888889	0.666667	-0.111111	0 	0 	-0.037037	
314	0.798416	0.618708	0.777778	0.62963	0.111111	0 	0 	-0.037037	
191	0.821108	0.595567	0.777778	0.62963	0.111111	0 	0 	-0.037037	
365	0.868912	0.587167	0.888889	0.592593	-0.111111	0 	0 	-0.037037	
8	0.779342	0.556481	0.888889	0.592593	-0.111111	0 	0 	-0.037037	
388	0.807634	0.519771	0.777778	0.555556	0.037037	0 	0 	-0.111111	
82	0.792383	0.496928	0.777778	0.555556	0.037037	0 	0 	-0.111111	
256	0.84193	0.449596	0.814815	0.444444	0.037037	0 	0 	0.111111	
562	0.826508	0.50934	0.814815	0.444444	0.037037	0 	0 	0.111111	
31	0.8284	0.53072	0.814815	0.444444	0.037037	0 	0 	0.111111	
448	0.884887	0.491232	0.851852	0.555556	0.037037	0 	0 	-0.111111	
223	0.870168	0.462755	0.851852	0.555556	0.037037	0 	0 	-0.111111	
279	0.861494	0.420629	0.888889	0.444444	-0.111111	0 	0 	-0.037037	
165	0.807832	0.43464	0.888889	0.444444	-0.111111	0 	0 	-0.037037	
339	0.819518	0.38462	0.777778	0.407407	0.111111	0 	0 	-0.037037	
54	0.874459	0.393134	0.777778	0.407407	0.111111	0 	0 	-0.037037	
504	0.888874	0.364449	0.888889	0.37037	-0.111111	0 	0 	-0.037037	
114	0.874985	0.36374	0.888889	0.37037	-0.111111	0 	0 	-0.037037	
471	0.788002	0.354016	0.888889	0.37037	-0.111111	0 	0 	-0.037037	
205	0.754539	0.337868	0.777778	0.333333	-0.037037	0 	0 	0.111111	
430	0.763787	0.407218	0.777778	0.333333	-0.037037	0 	0 	0.111111	
13	0.703113	0.408926	0.740741	0.444444	-0.037037	0 	0 	-0.111111	
517	0.726064	0.426212	0.740741	0.444444	-0.037037	0 	0 	-0.111111	
319	0.73177	0.366165	0.740741	0.444444	-0.037037	0 	0 	-0.111111	
568	0.703676	0.356132	0.703704	0.333333	-0.037037	0 	0 	0.111111	
145	0.670916	0.38408	0.703704	0.333333	-0.037037	0 	0 	0.111111	
370	0.679964	0.43813	0.703704	0.333333	-0.037037	0 	0 	0.111111	
71	0.68599	0.473085	0.666667	0.444444	0.111111	0 	0 	0.037037	
347	0.745389	0.460571	0.666667	0.444444	0.111111	0 	0 	0.037037	
173	0.734752	0.510281	0.777778	0.481481	-0.111111	0 	0 	0.037037	
296	0.763777	0.497126	0.777778	0.481481	-0.111111	0 	0 	0.037037	
494	0.680481	0.519577	0.666667	0.518519	0.111111	0 	0 	0.037037	
479	0.708906	0.542642	0.666667	0.518519	0.111111	0 	0 	0.037037	
122	0.768892	0.551347	0.666667	0.518519	0.111111	0 	0 	0.037037	
540	0.775217	0.577294	0.777778	0.555556	-0.037037	0 	0 	0.111111	
36	0.75091	0.605409	0.777778	0.555556	-0.037037	0 	0 	0.111111	
261	0.768472	0.63513	0.777778	0.555556	-0.037037	0 	0 	0.111111	
402	0.729488	0.593765	0.740741	0.666667	-0.037037	0 	0 	-0.111111	
96	0.722375	0.57582	0.740741	0.666667	-0.037037	0 	0 	-0.111111	
453	0.703335	0.588271	0.703704	0.555556	-0.037037	0 	0 	0.111111	
228	0.699889	0.652795	0.703704	0.555556	-0.037037	0 	0 	0.111111	
125	0.663376	0.643306	0.666667	0.666667	-0.111111	0 	0 	-0.037037	
482	0.603932	0.651086	0.666667	0.666667	-0.111111	0 	0 	-0.037037	
488	0.649514	0.66501	0.666667	0.666667	-0.111111	0 	0 	-0.037037	
290	0.574147	0.62153	0.555556	0.62963	0.111111	0 	0 	-0.037037	
176	0.624749	0.620824	0.555556	0.62963	0.111111	0 	0 	-0.037037	
350	0.631367	0.572678	0.666667	0.592593	-0.111111	0 	0 	-0.037037	
65	0.578433	0.580774	0.666667	0.592593	-0.111111	0 	0 	-0.037037	
525	0.555462	0.570571	0.555556	0.555556	-0.037037	0 	0 	0.111111	
21	0.552878	0.58343	0.555556	0.555556	-0.037037	0 	0 	0.111111	
300	0.532785	0.661503	0.555556	0.555556	-0.037037	0 	0 	0.111111	
576	0.507825	0.629155	0.518519	0.666667	-0.037037	0 	0 	-0.111111	
351	0.499838	0.62034	0.518519	0.666667	-0.037037	0 	0 	-0.111111	
153	0.485597	0.563786	0.518519	0.666667	-0.037037	0 	0 	-0.111111	
411	0.475696	0.589563	0.481481	0.555556	-0.037037	0 	0 	0.111111	
213	0.452542	0.634729	0.481481	0.555556	-0.037037	0 	0 	0.111111	
34	0.381636	0.641778	0.444444	0.666667	-0.111111	0 	0 	-0.037037	
391	0.362079	0.630733	0.444444	0.666667	-0.111111	0 	0 	-0.037037	
85	0.345905	0.610965	0.333333	0.62963	0.111111	0 	0 	-0.037037	
565	0.38943	0.624436	0.333333	0.62963	0.111111	0 	0 	-0.037037	
442	0.441602	0.603746	0.333333	0.62963	0.111111	0 	0 	-0.037037	
217	0.430856	0.592275	0.444444	0.592593	-0.111111	0 	0 	-0.037037	
259	0.388375	0.557179	0.444444	0.592593	-0.111111	0 	0 	-0.037037	
168	0.365086	0.547157	0.333333	0.555556	0.037037	0 	0 	-0.111111	
474	0.340806	0.465791	0.333333	0.555556	0.037037	0 	0 	-0.111111	
108	0.392601	0.47664	0.37037	0.444444	0.037037	0 	0 	0.111111	
333	0.375517	0.497277	0.37037	0.444444	0.037037	0 	0 	0.111111	
282	0.409234	0.523054	0.407407	0.555556	0.037037	0 	0 	-0.111111	
57	0.428832	0.5085	0.407407	0.555556	0.037037	0 	0 	-0.111111	
507	0.411712	0.450604	0.407407	0.555556	0.037037	0 	0 	-0.111111	
47	0.460276	0.469967	0.444444	0.444444	0.111111	0 	0 	0.037037	
386	0.548371	0.44696	0.444444	0.444444	0.111111	0 	0 	0.037037	
239	0.503202	0.499106	0.555556	0.481481	-0.111111	0 	0 	0.037037	
245	0.470948	0.486784	0.555556	0.481481	-0.111111	0 	0 	0.037037	
551	0.444603	0.55075	0.444444	0.518519	0.111111	0 	0 	0.037037	
437	0.51623	0.529435	0.444444	0.518519	0.111111	0 	0 	0.037037	
107	0.535115	0.53933	0.444444	0.518519	0.111111	0 	0 	0.037037	
373	0.565628	0.547954	0.555556	0.555556	0.037037	0 	0 	-0.111111	
148	0.557512	0.485826	0.555556	0.555556	0.037037	0 	0 	-0.111111	
571	0.587448	0.461415	0.555556	0.555556	0.037037	0 	0 	-0.111111	
322	0.609373	0.476254	0.592593	0.444444	0.037037	0 	0 	0.111111	
520	0.620454	0.502417	0.592593	0.444444	0.037037	0 	0 	0.111111	
16	0.60203	0.524242	0.592593	0.444444	0.037037	0 	0 	0.111111	
424	0.652483	0.517957	0.62963	0.555556	0.037037	0 	0 	-0.111111	
199	0.636439	0.451638	0.62963	0.555556	0.037037	0 	0 	-0.111111	
264	0.656418	0.410346	0.666667	0.444444	-0.111111	0 	0 	-0.037037	
231	0.573523	0.423131	0.666667	0.444444	-0.111111	0 	0 	-0.037037	
396	0.626247	0.37704	0.555556	0.407407	0.111111	0 	0 	-0.037037	
39	0.64247	0.382298	0.555556	0.407407	0.111111	0 	0 	-0.037037	
543	0.629889	0.367196	0.666667	0.37037	-0.111111	0 	0 	-0.037037	
90	0.606541	0.353901	0.666667	0.37037	-0.111111	0 	0 	-0.037037	
456	0.585459	0.337737	0.666667	0.37037	-0.111111	0 	0 	-0.037037	
181	0.546192	0.360359	0.555556	0.333333	-0.037037	0 	0 	0.111111	
460	0.527847	0.394491	0.555556	0.333333	-0.037037	0 	0 	0.111111	
79	0.50735	0.432019	0.518519	0.444444	-0.037037	0 	0 	-0.111111	
502	0.496101	0.379972	0.518519	0.444444	-0.037037	0 	0 	-0.111111	
277	0.482091	0.352507	0.518519	0.444444	-0.037037	0 	0 	-0.111111	
130	0.473411	0.4027	0.481481	0.333333	-0.037037	0 	0 	0.111111	
328	0.450058	0.422278	0.481481	0.333333	-0.037037	0 	0 	0.111111	
143	0.408318	0.413627	0.444444	0.444444	-0.111111	0 	0 	-0.037037	
419	0.386063	0.439799	0.444444	0.444444	-0.111111	0 	0 	-0.037037	
533	0.360264	0.428056	0.444444	0.444444	-0.111111	0 	0 	-0.037037	
308	0.353227	0.397512	0.333333	0.407407	0.111111	0 	0 	-0.037037	
194	0.380405	0.372215	0.333333	0.407407	0.111111	0 	0 	-0.037037	
368	0.42955	0.34608	0.444444	0.37037	-0.111111	0 	0 	-0.037037	
2	0.335344	0.333888	0.444444	0.37037	-0.111111	0 	0 	-0.037037	
220	0.314838	0.351925	0.333333	0.333333	-0.037037	0 	0 	0.111111	
445	0.329059	0.36125	0.333333	0.333333	-0.037037	0 	0 	0.111111	
28	0.286883	0.423776	0.296296	0.444444	-0.037037	0 	0 	-0.111111	
559	0.263804	0.401934	0.296296	0.444444	-0.037037	0 	0 	-0.111111	
253	0.283301	0.338344	0.296296	0.444444	-0.037037	0 	0 	-0.111111	
88	0.258918	0.389123	0.259259	0.333333	-0.037037	0 	0 	0.111111	
394	0.25443	0.411143	0.259259	0.333333	-0.037037	0 	0 	0.111111	
5	0.236846	0.444737	0.222222	0.444444	0.111111	0 	0 	0.037037	
362	0.320214	0.472968	0.222222	0.444444	0.111111	0 	0 	0.037037	
197	0.269713	0.485726	0.333333	0.481481	-0.111111	0 	0 	0.037037	
311	0.23594	0.513032	0.333333	0.481481	-0.111111	0 	0 	0.037037	
536	0.251936	0.542906	0.222222	0.518519	0.111111	0 	0 	0.037037	
422	0.28246	0.555547	0.222222	0.518519	0.111111	0 	0 	0.037037	
137	0.300412	0.526749	0.222222	0.518519	0.111111	0 	0 	0.037037	
510	0.324477	0.560256	0.333333	0.555556	-0.037037	0 	0 	0.111111	
60	0.324131	0.616243	0.333333	0.555556	-0.037037	0 	0 	0.111111	
285	0.29395	0.649934	0.333333	0.555556	-0.037037	0 	0 	0.111111	
336	0.262582	0.607853	0.296296	0.666667	-0.037037	0 	0 	-0.111111	
111	0.286683	0.5921	0.296296	0.666667	-0.037037	0 	0 	-0.111111	
468	0.236167	0.58145	0.259259	0.555556	-0.037037	0 	0 	0.111111	
162	0.249957	0.657766	0.259259	0.555556	-0.037037	0 	0 	0.111111	
10	0.221738	0.661802	0.222222	0.666667	-0.111111	0 	0 	-0.037037	
376	0.128411	0.65666	0.222222	0.666667	-0.111111	0 	0 	-0.037037	
151	0.148623	0.624727	0.111111	0.62963	0.111111	0 	0 	-0.037037	
514	0.175288	0.615413	0.111111	0.62963	0.111111	0 	0 	-0.037037	
427	0.20846	0.627751	0.111111	0.62963	0.111111	0 	0 	-0.037037	
202	0.194308	0.555946	0.222222	0.592593	-0.111111	0 	0 	-0.037037	
316	0.156166	0.589284	0.222222	0.592593	-0.111111	0 	0 	-0.037037	
574	0.138701	0.572401	0.222222	0.592593	-0.111111	0 	0 	-0.037037	
225	0.124997	0.537643	0.111111	0.555556	0.037037	0 	0 	-0.111111	
450	0.146301	0.454606	0.111111	0.555556	0.037037	0 	0 	-0.111111	
93	0.161381	0.466046	0.148148	0.444444	0.037037	0 	0 	0.111111	
399	0.172158	0.486281	0.148148	0.444444	0.037037	0 	0 	0.111111	
267	0.189083	0.536412	0.185185	0.555556	0.037037	0 	0 	-0.111111	
42	0.198397	0.494164	0.185185	0.555556	0.037037	0 	0 	-0.111111	
546	0.189508	0.475732	0.185185	0.555556	0.037037	0 	0 	-0.111111	
119	0.215458	0.438983	0.222222	0.444444	-0.111111	0 	0 	-0.037037	
485	0.151683	0.431825	0.222222	0.444444	-0.111111	0 	0 	-0.037037	
491	0.12227	0.416661	0.222222	0.444444	-0.111111	0 	0 	-0.037037	
293	0.113969	0.384212	0.111111	0.407407	0.111111	0 	0 	-0.037037	
179	0.182859	0.396464	0.111111	0.407407	0.111111	0 	0 	-0.037037	
344	0.19776	0.35227	0.222222	0.37037	-0.111111	0 	0 	-0.037037	
68	0.136825	0.35846	0.222222	0.37037	-0.111111	0 	0 	-0.037037	
528	0.0968438	0.370457	0.111111	0.333333	-0.037037	0 	0 	0.111111	
24	0.0738119	0.369389	0.111111	0.333333	-0.037037	0 	0 	0.111111	
303	0.0861431	0.439215	0.111111	0.333333	-0.037037	0 	0 	0.111111	
354	0.0531824	0.399187	0.0740741	0.444444	-0.037037	0 	0 	-0.111111	
156	0.0443999	0.347447	0.0740741	0.444444	-0.037037	0 	0 	-0.111111	
405	0.0112626	0.376051	0.037037	0.333333	-0.037037	0 	0 	0.111111	
207	0.00895581	0.41217	0.037037	0.333333	-0.037037	0 	0 	0.111111	
271	0.0422696	0.46345	0	0.444444	0.111111	0 	0 	0.037037	
184	0.10635	0.473576	0	0.444444	0.111111	0 	0 	0.037037	
463	0.0853831	0.505177	0.111111	0.481481	-0.111111	0 	0 	0.037037	
496	0.0831298	0.494828	0.111111	0.481481	-0.111111	0 	0 	0.037037	
133	0.0307458	0.513857	0.111111	0.481481	-0.111111	0 	0 	0.037037	
331	0.0303855	0.519238	0	0.518519	0.111111	0 	0 	0.037037	
73	0.0609474	0.538941	0	0.518519	0.111111	0 	0 	0.037037	
380	0.101336	0.571372	0.111111	0.555556	-0.037037	0 	0 	0.111111	
101	0.097738	0.653748	0.111111	0.555556	-0.037037	0 	0 	0.111111	
440	0.0685016	0.632031	0.0740741	0.666667	-0.037037	0 	0 	-0.111111	
242	0.0604776	0.605059	0.0740741	0.666667	-0.037037	0 	0 	-0.111111	
50	0.0337299	0.580882	0.037037	0.555556	-0.037037	0 	0 	0.111111	
248	0.0187482	0.585946	0.037037	0.555556	-0.037037	0 	0 	0.111111	
554	0.00349031	0.66094	0.037037	0.555556	-0.037037	0 	0 	0.111111	
567	0.0301989	0.680626	0	0.666667	0.111111	0 	0 	0.037037	
318	0.0576803	0.692215	0	0.666667	0.111111	0 	0 	0.037037	
204	0.0804851	0.67016	0	0.666667	0.111111	0 	0 	0.037037	
429	0.101073	0.736513	0.111111	0.703704	-0.111111	0 	0 	0.037037	
516	0.0687135	0.722793	0.111111	0.703704	-0.111111	0 	0 	0.037037	
144	0.0029763	0.711608	0.111111	0.703704	-0.111111	0 	0 	0.037037	
369	0.0270527	0.76839	0	0.740741	0.111111	0 	0 	0.037037	
12	0.041528	0.742912	0	0.740741	0.111111	0 	0 	0.037037	
167	0.143534	0.771222	0.111111	0.777778	0.037037	0 	0 	-0.111111	
473	0.115497	0.764971	0.111111	0.777778	0.037037	0 	0 	-0.111111	
116	0.176682	0.698633	0.148148	0.666667	0.037037	0 	0 	0.111111	
341	0.158716	0.717874	0.148148	0.666667	0.037037	0 	0 	0.111111	
281	0.188563	0.76046	0.185185	0.777778	0.037037	0 	0 	-0.111111	
56	0.210234	0.727984	0.185185	0.777778	0.037037	0 	0 	-0.111111	
506	0.19933	0.677294	0.185185	0.777778	0.037037	0 	0 	-0.111111	
52	0.236509	0.685896	0.222222	0.666667	0.111111	0 	0 	0.037037	
382	0.325795	0.670675	0.222222	0.666667	0.111111	0 	0 	0.037037	
235	0.277404	0.720444	0.333333	0.703704	-0.111111	0 	0 	0.037037	
250	0.314697	0.708394	0.333333	0.703704	-0.111111	0 	0 	0.037037	
556	0.222363	0.775024	0.222222	0.740741	0.111111	0 	0 	0.037037	
433	0.291339	0.75223	0.222222	0.740741	0.111111	0 	0 	0.037037	
103	0.31027	0.759004	0.222222	0.740741	0.111111	0 	0 	0.037037	
524	0.323298	0.802324	0.333333	0.777778	-0.037037	0 	0 	0.111111	
20	0.295094	0.815669	0.333333	0.777778	-0.037037	0 	0 	0.111111	
299	0.315355	0.884049	0.333333	0.777778	-0.037037	0 	0 	0.111111	
359	0.287668	0.873451	0.296296	0.888889	-0.037037	0 	0 	-0.111111	
161	0.260824	0.785951	0.296296	0.888889	-0.037037	0 	0 	-0.111111	
410	0.240456	0.809319	0.259259	0.777778	-0.037037	0 	0 	0.111111	
212	0.23117	0.854058	0.259259	0.777778	-0.037037	0 	0 	0.111111	
30	0.159308	0.860222	0.222222	0.888889	-0.111111	0 	0 	-0.037037	
387	0.142414	0.854054	0.222222	0.888889	-0.111111	0 	0 	-0.037037	
81	0.140149	0.823807	0.111111	0.851852	0.111111	0 	0 	-0.037037	
561	0.153282	0.849007	0.111111	0.851852	0.111111	0 	0 	-0.037037	
447	0.223174	0.823167	0.111111	0.851852	0.111111	0 	0 	-0.037037	
222	0.221962	0.814104	0.222222	0.814815	-0.111111	0 	0 	-0.037037	
255	0.177047	0.787009	0.222222	0.814815	-0.111111	0 	0 	-0.037037	
346	0.0802509	0.791229	0.111111	0.777778	-0.037037	0 	0 	0.111111	
121	0.106881	0.888421	0.111111	0.777778	-0.037037	0 	0 	0.111111	
478	0.0720158	0.848872	0.0740741	0.888889	-0.037037	0 	0 	-0.111111	
172	0.0725166	0.861328	0.0740741	0.888889	-0.037037	0 	0 	-0.111111	
70	0.0359767	0.778149	0.037037	0.777778	-0.037037	0 	0 	0.111111	
295	0.00472492	0.834369	0.037037	0.777778	-0.037037	0 	0 	0.111111	
493	0.0137991	0.867438	0.037037	0.777778	-0.037037	0 	0 	0.111111	
455	0.0273914	0.907356	0	0.888889	0.111111	0 	0 	0.037037	
98	0.051629	0.910244	0	0.888889	0.111111	0 	0 	0.037037	
542	0.0760707	0.921531	0	0.888889	0.111111	0 	0 	0.037037	
38	0.0966034	0.942423	0.111111	0.925926	-0.111111	0 	0 	0.037037	
404	0.053349	0.945306	0.111111	0.925926	-0.111111	0 	0 	0.037037	
230	0.0229938	0.976959	0	0.962963	0.111111	0 	0 	0.037037	
263	0.103099	0.968201	0	0.962963	0.111111	0 	0 	0.037037	
538	0.124982	0.980927	0.111111	1	0.037037	0 	0 	-0.111111	
313	0.125606	0.951456	0.111111	1	0.037037	0 	0 	-0.111111	
7	0.120483	0.890434	0.111111	1	0.037037	0 	0 	-0.111111	
190	0.171468	0.923236	0.148148	0.888889	0.037037	0 	0 	0.111111	
415	0.176596	0.997179	0.148148	0.888889	0.037037	0 	0 	0.111111	
139	0.191787	0.999441	0.185185	1	0.037037	0 	0 	-0.111111	
364	0.203792	0.912411	0.185185	1	0.037037	0 	0 	-0.111111	
273	0.250351	0.902893	0.222222	0.888889	0.111111	0 	0 	0.037037	
186	0.330522	0.915674	0.222222	0.888889	0.111111	0 	0 	0.037037	
465	0.305308	0.94952	0.333333	0.925926	-0.111111	0 	0 	0.037037	
498	0.279357	0.94072	0.333333	0.925926	-0.111111	0 	0 	0.037037	
126	0.251318	0.957629	0.333333	0.925926	-0.111111	0 	0 	0.037037	
324	0.236073	0.965904	0.222222	0.962963	0.111111	0 	0 	0.037037	
75	0.278352	0.982027	0.222222	0.962963	0.111111	0 	0 	0.037037	
553	0.345456	0.986307	0.333333	1	0.037037	0 	0 	-0.111111	
247	0.367592	0.932208	0.333333	1	0.037037	0 	0 	-0.111111	
49	0.345912	0.900465	0.333333	1	0.037037	0 	0 	-0.111111	
241	0.388981	0.943309	0.37037	0.888889	0.037037	0 	0 	0.111111	
439	0.405278	0.974647	0.37037	0.888889	0.037037	0 	0 	0.111111	
100	0.426663	0.981331	0.407407	1	0.037037	0 	0 	-0.111111	
379	0.436252	0.892553	0.407407	1	0.037037	0 	0 	-0.111111	
72	0.388195	0.883397	0.444444	0.888889	-0.111111	0 	0 	-0.037037	
330	0.337826	0.867737	0.444444	0.888889	-0.111111	0 	0 	-0.037037	
132	0.360073	0.842586	0.333333	0.851852	0.111111	0 	0 	-0.037037	
495	0.347311	0.840715	0.333333	0.851852	0.111111	0 	0 	-0.037037	
462	0.418833	0.839588	0.333333	0.851852	0.111111	0 	0 	-0.037037	
183	0.428454	0.808195	0.444444	0.814815	-0.111111	0 	0 	-0.037037	
270	0.375369	0.799726	0.444444	0.814815	-0.111111	0 	0 	-0.037037	
209	0.333561	0.743925	0.333333	0.777778	0.037037	0 	0 	-0.111111	
407	0.351931	0.708123	0.333333	0.777778	0.037037	0 	0 	-0.111111	
158	0.389947	0.711887	0.37037	0.666667	0.037037	0 	0 	0.111111	
356	0.389064	0.729945	0.37037	0.666667	0.037037	0 	0 	0.111111	
305	0.408245	0.765351	0.407407	0.777778	0.037037	0 	0 	-0.111111	
26	0.409195	0.706771	0.407407	0.777778	0.037037	0 	0 	-0.111111	
530	0.433282	0.689681	0.407407	0.777778	0.037037	0 	0 	-0.111111	
67	0.469119	0.688922	0.444444	0.666667	0.111111	0 	0 	0.037037	
343	0.523971	0.680884	0.444444	0.666667	0.111111	0 	0 	0.037037	
178	0.530462	0.72703	0.555556	0.703704	-0.111111	0 	0 	0.037037	
292	0.445233	0.722754	0.555556	0.703704	-0.111111	0 	0 	0.037037	
490	0.460576	0.751954	0.444444	0.740741	0.111111	0 	0 	0.037037	
484	0.493912	0.76425	0.444444	0.740741	0.111111	0 	0 	0.037037	
118	0.546792	0.773865	0.444444	0.740741	0.111111	0 	0 	0.037037	
548	0.521269	0.812084	0.555556	0.777778	-0.037037	0 	0 	0.111111	
44	0.530864	0.82716	0.555556	0.777778	-0.037037	0 	0 	0.111111	
269	0.546005	0.862183	0.555556	0.777778	-0.037037	0 	0 	0.111111	
401	0.50457	0.820557	0.518519	0.888889	-0.037037	0 	0 	-0.111111	
95	0.49875	0.798403	0.518519	0.888889	-0.037037	0 	0 	-0.111111	
452	0.481357	0.778649	0.481481	0.777778	-0.037037	0 	0 	0.111111	
227	0.464825	0.868302	0.481481	0.777778	-0.037037	0 	0 	0.111111	
573	0.474539	0.904489	0.444444	0.888889	0.111111	0 	0 	0.037037	
315	0.494583	0.921598	0.444444	0.888889	0.111111	0 	0 	0.037037	
201	0.525001	0.893092	0.444444	0.888889	0.111111	0 	0 	0.037037	
426	0.546722	0.958613	0.555556	0.925926	-0.111111	0 	0 	0.037037	
513	0.507207	0.949665	0.555556	0.925926	-0.111111	0 	0 	0.037037	
150	0.448341	0.935046	0.555556	0.925926	-0.111111	0 	0 	0.037037	
375	0.457883	0.999652	0.444444	0.962963	0.111111	0 	0 	0.037037	
9	0.483476	0.977251	0.444444	0.962963	0.111111	0 	0 	0.037037	
164	0.58835	0.991215	0.555556	1	0.037037	0 	0 	-0.111111	
470	0.560494	0.91506	0.555556	1	0.037037	0 	0 	-0.111111	
113	0.619668	0.921293	0.592593	0.888889	0.037037	0 	0 	0.111111	
338	0.601362	0.917437	0.592593	0.888889	0.037037	0 	0 	0.111111	
287	0.629883	0.979771	0.62963	1	0.037037	0 	0 	-0.111111	
62	0.633703	0.944246	0.62963	1	0.037037	0 	0 	-0.111111	
512	0.644956	0.898713	0.62963	1	0.037037	0 	0 	-0.111111	
136	0.633157	0.854626	0.666667	0.888889	-0.111111	0 	0 	-0.037037	
421	0.652786	0.879215	0.666667	0.888889	-0.111111	0 	0 	-0.037037	
535	0.58299	0.8738	0.666667	0.888889	-0.111111	0 	0 	-0.037037	
310	0.568686	0.850209	0.555556	0.851852	0.111111	0 	0 	-0.037037	
196	0.599102	0.818571	0.555556	0.851852	0.111111	0 	0 	-0.037037	
361	0.652466	0.811349	0.666667	0.814815	-0.111111	0 	0 	-0.037037	
4	0.554625	0.777803	0.666667	0.814815	-0.111111	0 	0 	-0.037037	
393	0.591979	0.747102	0.555556	0.777778	0.037037	0 	0 	-0.111111	
87	0.575151	0.72532	0.555556	0.777778	0.037037	0 	0 	-0.111111	
252	0.618523	0.674589	0.592593	0.666667	0.037037	0 	0 	0.111111	
558	0.6075	0.719513	0.592593	0.666667	0.037037	0 	0 	0.111111	
27	0.606662	0.751476	0.592593	0.666667	0.037037	0 	0 	0.111111	
444	0.668347	0.712616	0.62963	0.777778	0.037037	0 	0 	-0.111111	
219	0.650653	0.682368	0.62963	0.777778	0.037037	0 	0 	-0.111111	
1	0.671995	0.671629	0.666667	0.666667	0.111111	0 	0 	0.037037	
367	0.758191	0.692804	0.666667	0.666667	0.111111	0 	0 	0.037037	
193	0.711626	0.705311	0.777778	0.703704	-0.111111	0 	0 	0.037037	
307	0.679826	0.736424	0.777778	0.703704	-0.111111	0 	0 	0.037037	
532	0.680604	0.766115	0.666667	0.740741	0.111111	0 	0 	0.037037	
418	0.725566	0.776734	0.666667	0.740741	0.111111	0 	0 	0.037037	
142	0.741092	0.746933	0.666667	0.740741	0.111111	0 	0 	0.037037	
327	0.788549	0.731635	0.777778	0.777778	0.037037	0 	0 	-0.111111	
129	0.806584	0.736626	0.777778	0.777778	0.037037	0 	0 	-0.111111	
276	0.82868	0.680456	0.814815	0.666667	0.037037	0 	0 	0.111111	
501	0.833356	0.681628	0.814815	0.666667	0.037037	0 	0 	0.111111	
78	0.84021	0.765213	0.814815	0.666667	0.037037	0 	0 	0.111111	
459	0.861969	0.722273	0.851852	0.777778	0.037037	0 	0 	-0.111111	
180	0.884694	0.695222	0.851852	0.777778	0.037037	0 	0 	-0.111111	
458	0.905879	0.672837	0.888889	0.666667	0.111111	0 	0 	0.037037	
92	0.938649	0.684657	0.888889	0.666667	0.111111	0 	0 	0.037037	
545	0.964154	0.699963	0.888889	0.666667	0.111111	0 	0 	0.037037	
41	0.983985	0.730553	1	0.703704	-0.111111	0 	0 	0.037037	
398	0.959079	0.708101	1	0.703704	-0.111111	0 	0 	0.037037	
233	0.907396	0.763975	0.888889	0.740741	0.111111	0 	0 	0.037037	
266	0.989894	0.748528	0.888889	0.740741	0.111111	0 	0 	0.037037	
198	0.970671	0.782528	1	0.777778	-0.037037	0 	0 	0.111111	
423	0.995837	0.875142	1	0.777778	-0.037037	0 	0 	0.111111	
15	0.953238	0.860421	0.962963	0.888889	-0.037037	0 	0 	-0.111111	
519	0.951896	0.845727	0.962963	0.888889	-0.037037	0 	0 	-0.111111	
321	0.941251	0.809519	0.962963	0.888889	-0.037037	0 	0 	-0.111111	
570	0.911819	0.809262	0.925926	0.777778	-0.037037	0 	0 	0.111111	
147	0.89291	0.824678	0.925926	0.777778	-0.037037	0 	0 	0.111111	
372	0.911886	0.79365	0.925926	0.777778	-0.037037	0 	0 	0.111111	
106	0.874724	0.854062	0.888889	0.888889	-0.111111	0 	0 	-0.037037	
436	0.864798	0.854828	0.888889	0.888889	-0.111111	0 	0 	-0.037037	
550	0.783375	0.88381	0.888889	0.888889	-0.111111	0 	0 	-0.037037	
244	0.80203	0.82388	0.777778	0.851852	0.111111	0 	0 	-0.037037	
238	0.832825	0.833668	0.777778	0.851852	0.111111	0 	0 	-0.037037	
385	0.873472	0.778462	0.888889	0.814815	-0.111111	0 	0 	-0.037037	
46	0.791544	0.788172	0.888889	0.814815	-0.111111	0 	0 	-0.037037	
509	0.74936	0.784213	0.777778	0.777778	-0.037037	0 	0 	0.111111	
59	0.769027	0.836573	0.777778	0.777778	-0.037037	0 	0 	0.111111	
284	0.74908	0.867279	0.777778	0.777778	-0.037037	0 	0 	0.111111	
335	0.709831	0.829219	0.740741	0.888889	-0.037037	0 	0 	-0.111111	
110	0.73161	0.811182	0.740741	0.888889	-0.037037	0 	0 	-0.111111	
476	0.70354	0.812111	0.703704	0.777778	-0.037037	0 	0 	0.111111	
170	0.70368	0.875162	0.703704	0.777778	-0.037037	0 	0 	0.111111	
258	0.667961	0.89373	0.666667	0.888889	0.111111	0 	0 	0.037037	
216	0.764219	0.904943	0.666667	0.888889	0.111111	0 	0 	0.037037	
441	0.749593	0.945994	0.777778	0.925926	-0.111111	0 	0 	0.037037	
564	0.707624	0.961636	0.777778	0.925926	-0.111111	0 	0 	0.037037	
84	0.675255	0.945996	0.777778	0.925926	-0.111111	0 	0 	0.037037	
390	0.694746	0.976022	0.666667	0.962963	0.111111	0 	0 	0.037037	
33	0.726249	0.972091	0.666667	0.962963	0.111111	0 	0 	0.037037	
215	0.782873	0.973474	0.777778	1	0.037037	0 	0 	-0.111111	
413	0.802543	0.924778	0.777778	1	0.037037	0 	0 	-0.111111	
155	0.82363	0.930688	0.814815	0.888889	0.037037	0 	0 	0.111111	
353	0.826957	0.950095	0.814815	0.888889	0.037037	0 	0 	0.111111	
578	0.845277	0.979835	0.814815	0.888889	0.037037	0 	0 	0.111111	
302	0.861155	0.999929	0.851852	1	0.037037	0 	0 	-0.111111	
23	0.856208	0.902505	0.851852	1	0.037037	0 	0 	-0.111111	
527	0.879987	0.909371	0.851852	1	0.037037	0 	0 	-0.111111	
64	0.920065	0.903651	0.888889	0.888889	0.111111	0 	0 	0.037037	
349	0.968193	0.905063	0.888889	0.888889	0.111111	0 	0 	0.037037	
175	0.960939	0.941508	1	0.925926	-0.111111	0 	0 	0.037037	
289	0.891633	0.945201	1	0.925926	-0.111111	0 	0 	0.037037	
487	0.921842	0.963217	0.888889	0.962963	0.111111	0 	0 	0.037037	
481	0.944582	0.976597	0.888889	0.962963	0.111111	0 	0 	0.037037	
124	0.993734	0.993136	0.888889	0.962963	0.111111	0 	0 	0.037037	
