0	0.00176758	0.00415721	0	0	0.111111	0 	0 	0.037037	
366	0.0901909	0.023221	0	0	0.111111	0 	0 	0.037037	
192	0.0443514	0.0414528	0.111111	0.037037	-0.111111	0 	0 	0.037037	
306	0.017669	0.069906	0.111111	0.037037	-0.111111	0 	0 	0.037037	
417	0.0563078	0.100381	0	0.0740741	0.111111	0 	0 	0.037037	
141	0.0777758	0.082984	0	0.0740741	0.111111	0 	0 	0.037037	
329	0.111672	0.0535785	0.111111	0.111111	0.037037	0 	0 	-0.111111	
131	0.138977	0.0680251	0.111111	0.111111	0.037037	0 	0 	-0.111111	
278	0.163231	0.00588601	0.148148	0	0.037037	0 	0 	0.111111	
503	0.165591	0.04462	0.148148	0	0.037037	0 	0 	0.111111	
80	0.17438	0.0995364	0.148148	0	0.037037	0 	0 	0.111111	
461	0.193375	0.0928632	0.185185	0.111111	0.037037	0 	0 	-0.111111	
182	0.22009	0.0286876	0.185185	0.111111	0.037037	0 	0 	-0.111111	
457	0.238863	0.019033	0.222222	0	0.111111	0 	0 	0.037037	
91	0.269637	0.0199891	0.222222	0	0.111111	0 	0 	0.037037	
40	0.303715	0.0491792	0.333333	0.037037	-0.111111	0 	0 	0.037037	
397	0.289438	0.0397805	0.333333	0.037037	-0.111111	0 	0 	0.037037	
232	0.23675	0.0959831	0.222222	0.0740741	0.111111	0 	0 	0.037037	
265	0.323293	0.0821152	0.222222	0.0740741	0.111111	0 	0 	0.037037	
200	0.306539	0.116579	0.333333	0.111111	-0.037037	0 	0 	0.111111	
425	0.316297	0.183885	0.333333	0.111111	-0.037037	0 	0 	0.111111	
17	0.280097	0.208033	0.296296	0.222222	-0.037037	0 	0 	-0.111111	
323	0.2722	0.140963	0.296296	0.222222	-0.037037	0 	0 	-0.111111	
149	0.226475	0.155851	0.259259	0.111111	-0.037037	0 	0 	0.111111	
374	0.238991	0.213948	0.259259	0.111111	-0.037037	0 	0 	0.111111	
105	0.222143	0.206924	0.222222	0.222222	-0.111111	0 	0 	-0.037037	
435	0.183581	0.198178	0.222222	0.222222	-0.111111	0 	0 	-0.037037	
243	0.135987	0.166387	0.111111	0.185185	0.111111	0 	0 	-0.037037	
237	0.169522	0.164789	0.111111	0.185185	0.111111	0 	0 	-0.037037	
384	0.208306	0.120855	0.222222	0.148148	-0.111111	0 	0 	-0.037037	
45	0.124883	0.123695	0.222222	0.148148	-0.111111	0 	0 	-0.037037	
508	0.105901	0.132274	0.111111	0.111111	-0.037037	0 	0 	0.111111	
58	0.102672	0.17555	0.111111	0.111111	-0.037037	0 	0 	0.111111	
283	0.0759455	0.203972	0.111111	0.111111	-0.037037	0 	0 	0.111111	
334	0.0416999	0.16686	0.0740741	0.222222	-0.037037	0 	0 	-0.111111	
109	0.0646465	0.153225	0.0740741	0.222222	-0.037037	0 	0 	-0.111111	
475	0.00383178	0.134748	0.037037	0.111111	-0.037037	0 	0 	0.111111	
169	0.0344151	0.220175	0.037037	0.111111	-0.037037	0 	0 	0.111111	
260	0.0633293	0.228467	0	0.222222	0.111111	0 	0 	0.037037	
218	0.0949958	0.240088	0	0.222222	0.111111	0 	0 	0.037037	
443	0.0967133	0.282508	0.111111	0.259259	-0.111111	0 	0 	0.037037	
86	0.019919	0.277679	0.111111	0.259259	-0.111111	0 	0 	0.037037	
392	0.0155469	0.328857	0	0.296296	0.111111	0 	0 	0.037037	
35	0.0559346	0.300605	0	0.296296	0.111111	0 	0 	0.037037	
214	0.125119	0.305137	0.111111	0.333333	0.037037	0 	0 	-0.111111	
412	0.125474	0.254713	0.111111	0.333333	0.037037	0 	0 	-0.111111	
154	0.16229	0.23839	0.148148	0.222222	0.037037	0 	0 	0.111111	
352	0.166556	0.287038	0.148148	0.222222	0.037037	0 	0 	0.111111	
301	0.187283	0.311393	0.185185	0.333333	0.037037	0 	0 	-0.111111	
22	0.190391	0.259148	0.185185	0.333333	0.037037	0 	0 	-0.111111	
63	0.255469	0.250086	0.222222	0.222222	0.111111	0 	0 	0.037037	
348	0.301783	0.237311	0.222222	0.222222	0.111111	0 	0 	0.037037	
174	0.291058	0.286283	0.333333	0.259259	-0.111111	0 	0 	0.037037	
288	0.223336	0.278332	0.333333	0.259259	-0.111111	0 	0 	0.037037	
486	0.236858	0.296911	0.222222	0.296296	0.111111	0 	0 	0.037037	
480	0.278049	0.324296	0.222222	0.296296	0.111111	0 	0 	0.037037	
123	0.325103	0.329218	0.222222	0.296296	0.111111	0 	0 	0.037037	
229	0.356977	0.313021	0.333333	0.333333	0.037037	0 	0 	-0.111111	
454	0.367367	0.23402	0.333333	0.333333	0.037037	0 	0 	-0.111111	
97	0.393737	0.243008	0.37037	0.222222	0.037037	0 	0 	0.111111	
403	0.401057	0.260999	0.37037	0.222222	0.037037	0 	0 	0.111111	
262	0.432798	0.301793	0.407407	0.333333	0.037037	0 	0 	-0.111111	
37	0.412122	0.313821	0.407407	0.333333	0.037037	0 	0 	-0.111111	
120	0.442952	0.21867	0.444444	0.222222	-0.111111	0 	0 	-0.037037	
477	0.381056	0.208825	0.444444	0.222222	-0.111111	0 	0 	-0.037037	
492	0.349553	0.195199	0.444444	0.222222	-0.111111	0 	0 	-0.037037	
294	0.346447	0.17666	0.333333	0.185185	0.111111	0 	0 	-0.037037	
171	0.403292	0.176955	0.333333	0.185185	0.111111	0 	0 	-0.037037	
345	0.429957	0.142645	0.444444	0.148148	-0.111111	0 	0 	-0.037037	
69	0.356763	0.134463	0.444444	0.148148	-0.111111	0 	0 	-0.037037	
371	0.348707	0.10244	0.333333	0.111111	0.037037	0 	0 	-0.111111	
146	0.341037	0.0512144	0.333333	0.111111	0.037037	0 	0 	-0.111111	
320	0.381079	0.0300862	0.37037	0	0.037037	0 	0 	0.111111	
518	0.393417	0.0642748	0.37037	0	0.037037	0 	0 	0.111111	
14	0.379341	0.0752447	0.37037	0	0.037037	0 	0 	0.111111	
431	0.432539	0.0743085	0.407407	0.111111	0.037037	0 	0 	-0.111111	
206	0.418894	0.111098	0.407407	0.111111	0.037037	0 	0 	-0.111111	
472	0.456399	0.0232337	0.444444	0	0.111111	0 	0 	0.037037	
115	0.47231	0.0217403	0.444444	0	0.111111	0 	0 	0.037037	
505	0.526834	0.00810793	0.444444	0	0.111111	0 	0 	0.037037	
55	0.555325	0.0411537	0.555556	0.037037	-0.111111	0 	0 	0.037037	
340	0.486593	0.0591785	0.555556	0.037037	-0.111111	0 	0 	0.037037	
166	0.48628	0.107811	0.444444	0.0740741	0.111111	0 	0 	0.037037	
280	0.51989	0.0932785	0.444444	0.0740741	0.111111	0 	0 	0.037037	
224	0.527704	0.129289	0.555556	0.111111	-0.037037	0 	0 	0.111111	
449	0.548227	0.15888	0.555556	0.111111	-0.037037	0 	0 	0.111111	
32	0.495165	0.198912	0.518519	0.222222	-0.037037	0 	0 	-0.111111	
257	0.511572	0.11732	0.518519	0.222222	-0.037037	0 	0 	-0.111111	
83	0.476658	0.166715	0.481481	0.111111	-0.037037	0 	0 	0.111111	
389	0.472183	0.186275	0.481481	0.111111	-0.037037	0 	0 	0.111111	
6	0.450163	0.222528	0.444444	0.222222	0.111111	0 	0 	0.037037	
363	0.534492	0.250554	0.444444	0.222222	0.111111	0 	0 	0.037037	
189	0.554768	0.263436	0.555556	0.259259	-0.111111	0 	0 	0.037037	
312	0.456846	0.292178	0.555556	0.259259	-0.111111	0 	0 	0.037037	
414	0.505248	0.328571	0.444444	0.296296	0.111111	0 	0 	0.037037	
138	0.523126	0.305791	0.444444	0.296296	0.111111	0 	0 	0.037037	
326	0.561875	0.287599	0.555556	0.333333	0.037037	0 	0 	-0.111111	
128	0.582239	0.291589	0.555556	0.333333	0.037037	0 	0 	-0.111111	
275	0.598581	0.251643	0.592593	0.222222	0.037037	0 	0 	0.111111	
500	0.616214	0.264662	0.592593	0.222222	0.037037	0 	0 	0.111111	
77	0.616146	0.319367	0.592593	0.222222	0.037037	0 	0 	0.111111	
467	0.640105	0.281724	0.62963	0.333333	0.037037	0 	0 	-0.111111	
188	0.66219	0.248881	0.62963	0.333333	0.037037	0 	0 	-0.111111	
298	0.645054	0.219682	0.666667	0.222222	-0.111111	0 	0 	-0.037037	
211	0.562005	0.1896	0.666667	0.222222	-0.111111	0 	0 	-0.037037	
358	0.569003	0.176699	0.555556	0.185185	0.111111	0 	0 	-0.037037	
19	0.63288	0.148389	0.555556	0.185185	0.111111	0 	0 	-0.037037	
160	0.597523	0.118854	0.666667	0.148148	-0.111111	0 	0 	-0.037037	
409	0.577503	0.146776	0.666667	0.148148	-0.111111	0 	0 	-0.037037	
249	0.5844	0.0500547	0.555556	0.111111	0.037037	0 	0 	-0.111111	
51	0.569567	0.0107876	0.555556	0.111111	0.037037	0 	0 	-0.111111	
234	0.617795	0.0529471	0.592593	0	0.037037	0 	0 	0.111111	
432	0.626521	0.0865922	0.592593	0	0.037037	0 	0 	0.111111	
102	0.654238	0.0963682	0.62963	0.111111	0.037037	0 	0 	-0.111111	
381	0.660021	0.000649952	0.62963	0.111111	0.037037	0 	0 	-0.111111	
406	0.688657	0.0367459	0.666667	0	0.111111	0 	0 	0.037037	
157	0.710247	0.0189208	0.666667	0	0.111111	0 	0 	0.037037	
25	0.748822	0.0398906	0.777778	0.037037	-0.111111	0 	0 	0.037037	
355	0.721805	0.0550933	0.777778	0.037037	-0.111111	0 	0 	0.037037	
208	0.671655	0.0787444	0.666667	0.0740741	0.111111	0 	0 	0.037037	
304	0.755126	0.104649	0.666667	0.0740741	0.111111	0 	0 	0.037037	
489	0.793654	0.082486	0.777778	0.111111	0.037037	0 	0 	-0.111111	
291	0.778024	0.0475498	0.777778	0.111111	0.037037	0 	0 	-0.111111	
66	0.804212	0.0214519	0.777778	0.111111	0.037037	0 	0 	-0.111111	
177	0.847934	0.0645154	0.814815	0	0.037037	0 	0 	0.111111	
483	0.822889	0.0905697	0.814815	0	0.037037	0 	0 	0.111111	
117	0.880245	0.102171	0.851852	0.111111	0.037037	0 	0 	-0.111111	
342	0.853307	0.0166756	0.851852	0.111111	0.037037	0 	0 	-0.111111	
254	0.949805	0.00519276	0.888889	0	0.111111	0 	0 	0.037037	
221	0.985989	0.0176246	0.888889	0	0.111111	0 	0 	0.037037	
446	0.983052	0.046316	1	0.037037	-0.111111	0 	0 	0.037037	
89	0.906458	0.0536492	1	0.037037	-0.111111	0 	0 	0.037037	
395	0.918298	0.0792973	0.888889	0.0740741	0.111111	0 	0 	0.037037	
29	0.936719	0.0875163	0.888889	0.0740741	0.111111	0 	0 	0.037037	
360	0.984947	0.125444	1	0.111111	-0.037037	0 	0 	0.111111	
135	0.965623	0.194282	1	0.111111	-0.037037	0 	0 	0.111111	
420	0.946346	0.221607	0.962963	0.222222	-0.037037	0 	0 	-0.111111	
195	0.936869	0.153198	0.962963	0.222222	-0.037037	0 	0 	-0.111111	
3	0.888889	0.111111	0.925926	0.111111	-0.037037	0 	0 	0.111111	
309	0.906774	0.178964	0.925926	0.111111	-0.037037	0 	0 	0.111111	
268	0.888576	0.189991	0.888889	0.222222	-0.111111	0 	0 	-0.037037	
226	0.797805	0.201075	0.888889	0.222222	-0.111111	0 	0 	-0.037037	
400	0.846898	0.151875	0.777778	0.185185	0.111111	0 	0 	-0.037037	
43	0.864033	0.161922	0.777778	0.185185	0.111111	0 	0 	-0.037037	
94	0.829659	0.13182	0.888889	0.148148	-0.111111	0 	0 	-0.037037	
451	0.888785	0.138827	0.888889	0.148148	-0.111111	0 	0 	-0.037037	
185	0.768424	0.129675	0.777778	0.111111	-0.037037	0 	0 	0.111111	
464	0.748063	0.169689	0.777778	0.111111	-0.037037	0 	0 	0.111111	
74	0.724504	0.208539	0.740741	0.222222	-0.037037	0 	0 	-0.111111	
497	0.71737	0.156192	0.740741	0.222222	-0.037037	0 	0 	-0.111111	
272	0.704197	0.130806	0.740741	0.222222	-0.037037	0 	0 	-0.111111	
134	0.68966	0.173764	0.703704	0.111111	-0.037037	0 	0 	0.111111	
332	0.675558	0.198254	0.703704	0.111111	-0.037037	0 	0 	0.111111	
48	0.674874	0.231487	0.666667	0.222222	0.111111	0 	0 	0.037037	
378	0.771254	0.224035	0.666667	0.222222	0.111111	0 	0 	0.037037	
240	0.724075	0.27838	0.777778	0.259259	-0.111111	0 	0 	0.037037	
246	0.693543	0.267248	0.777778	0.259259	-0.111111	0 	0 	0.037037	
438	0.737803	0.308917	0.666667	0.296296	0.111111	0 	0 	0.037037	
99	0.75743	0.31737	0.666667	0.296296	0.111111	0 	0 	0.037037	
377	0.797386	0.324547	0.777778	0.333333	0.037037	0 	0 	-0.111111	
152	0.777995	0.318869	0.777778	0.333333	0.037037	0 	0 	-0.111111	
317	0.819834	0.243855	0.814815	0.222222	0.037037	0 	0 	0.111111	
515	0.84225	0.281207	0.814815	0.222222	0.037037	0 	0 	0.111111	
11	0.82101	0.296277	0.814815	0.222222	0.037037	0 	0 	0.111111	
428	0.852617	0.277563	0.851852	0.333333	0.037037	0 	0 	-0.111111	
203	0.859515	0.225007	0.851852	0.333333	0.037037	0 	0 	-0.111111	
469	0.902977	0.225541	0.888889	0.222222	0.111111	0 	0 	0.037037	
112	0.953371	0.254761	0.888889	0.222222	0.111111	0 	0 	0.037037	
511	0.975361	0.232312	0.888889	0.222222	0.111111	0 	0 	0.037037	
61	0.997836	0.268506	1	0.259259	-0.111111	0 	0 	0.037037	
337	0.931755	0.276976	1	0.259259	-0.111111	0 	0 	0.037037	
163	0.924706	0.324302	0.888889	0.296296	0.111111	0 	0 	0.037037	
286	0.962952	0.313441	0.888889	0.296296	0.111111	0 	0 	0.037037	
383	0.999882	0.370358	1	0.333333	-0.037037	0 	0 	0.111111	
104	0.982013	0.427812	1	0.333333	-0.037037	0 	0 	0.111111	
434	0.955358	0.406135	0.962963	0.444444	-0.037037	0 	0 	-0.111111	
236	0.958303	0.409965	0.962963	0.444444	-0.037037	0 	0 	-0.111111	
53	0.916178	0.347239	0.925926	0.333333	-0.037037	0 	0 	0.111111	
251	0.921432	0.405	0.925926	0.333333	-0.037037	0 	0 	0.111111	
408	0.898892	0.473547	0.888889	0.444444	0.111111	0 	0 	0.037037	
159	0.932981	0.456532	0.888889	0.444444	0.111111	0 	0 	0.037037	
18	0.969812	0.48555	1	0.481481	-0.111111	0 	0 	0.037037	
357	0.944379	0.508119	1	0.481481	-0.111111	0 	0 	0.037037	
210	0.896119	0.52948	0.888889	0.518519	0.111111	0 	0 	0.037037	
297	0.97889	0.546244	0.888889	0.518519	0.111111	0 	0 	0.037037	
187	0.995296	0.569922	1	0.555556	-0.037037	0 	0 	0.111111	
466	0.97307	0.614793	1	0.555556	-0.037037	0 	0 	0.111111	
76	0.953171	0.65544	0.962963	0.666667	-0.037037	0 	0 	-0.111111	
499	0.941015	0.602195	0.962963	0.666667	-0.037037	0 	0 	-0.111111	
274	0.925645	0.570413	0.962963	0.666667	-0.037037	0 	0 	-0.111111	
127	0.906659	0.625916	0.925926	0.555556	-0.037037	0 	0 	0.111111	
325	0.894376	0.644719	0.925926	0.555556	-0.037037	0 	0 	0.111111	
140	0.855524	0.639168	0.888889	0.666667	-0.111111	0 	0 	-0.037037	
416	0.839426	0.665187	0.888889	0.666667	-0.111111	0 	0 	-0.037037	
314	0.791865	0.61188	0.777778	0.62963	0.111111	0 	0 	-0.037037	
191	0.82325	0.59555	0.777778	0.62963	0.111111	0 	0 	-0.037037	
365	0.87449	0.576804	0.888889	0.592593	-0.111111	0 	0 	-0.037037	
8	0.872006	0.582839	0.888889	0.592593	-0.111111	0 	0 	-0.037037	
388	0.807893	0.520655	0.777778	0.555556	0.037037	0 	0 	-0.111111	
82	0.794239	0.502058	0.777778	0.555556	0.037037	0 	0 	-0.111111	
256	0.819454	0.486425	0.814815	0.444444	0.037037	0 	0 	0.111111	
31	0.82716	0.530864	0.814815	0.444444	0.037037	0 	0 	0.111111	
448	0.885164	0.493415	0.851852	0.555556	0.037037	0 	0 	-0.111111	
223	0.875092	0.463033	0.851852	0.555556	0.037037	0 	0 	-0.111111	
279	0.853491	0.426007	0.888889	0.444444	-0.111111	0 	0 	-0.037037	
165	0.811948	0.437678	0.888889	0.444444	-0.111111	0 	0 	-0.037037	
339	0.800043	0.39294	0.777778	0.407407	0.111111	0 	0 	-0.037037	
54	0.875617	0.394281	0.777778	0.407407	0.111111	0 	0 	-0.037037	
504	0.861301	0.341163	0.888889	0.37037	-0.111111	0 	0 	-0.037037	
114	0.841489	0.367924	0.888889	0.37037	-0.111111	0 	0 	-0.037037	
471	0.785706	0.356815	0.888889	0.37037	-0.111111	0 	0 	-0.037037	
205	0.77262	0.342911	0.777778	0.333333	-0.037037	0 	0 	0.111111	
430	0.763217	0.408202	0.777778	0.333333	-0.037037	0 	0 	0.111111	
13	0.740367	0.444107	0.740741	0.444444	-0.037037	0 	0 	-0.111111	
517	0.731139	0.392318	0.740741	0.444444	-0.037037	0 	0 	-0.111111	
319	0.717737	0.363738	0.740741	0.444444	-0.037037	0 	0 	-0.111111	
145	0.670242	0.377299	0.703704	0.333333	-0.037037	0 	0 	0.111111	
370	0.680415	0.435605	0.703704	0.333333	-0.037037	0 	0 	0.111111	
71	0.695139	0.467813	0.666667	0.444444	0.111111	0 	0 	0.037037	
347	0.746228	0.459534	0.666667	0.444444	0.111111	0 	0 	0.037037	
173	0.739025	0.509357	0.777778	0.481481	-0.111111	0 	0 	0.037037	
296	0.667195	0.49972	0.777778	0.481481	-0.111111	0 	0 	0.037037	
494	0.673555	0.523282	0.666667	0.518519	0.111111	0 	0 	0.037037	
479	0.70799	0.536384	0.666667	0.518519	0.111111	0 	0 	0.037037	
122	0.769232	0.549575	0.666667	0.518519	0.111111	0 	0 	0.037037	
36	0.755137	0.604616	0.777778	0.555556	-0.037037	0 	0 	0.111111	
261	0.767732	0.636861	0.777778	0.555556	-0.037037	0 	0 	0.111111	
402	0.730203	0.591889	0.740741	0.666667	-0.037037	0 	0 	-0.111111	
96	0.720501	0.57676	0.740741	0.666667	-0.037037	0 	0 	-0.111111	
453	0.694313	0.573757	0.703704	0.555556	-0.037037	0 	0 	0.111111	
228	0.68899	0.645464	0.703704	0.555556	-0.037037	0 	0 	0.111111	
125	0.66204	0.657403	0.666667	0.666667	-0.111111	0 	0 	-0.037037	
482	0.601649	0.65268	0.666667	0.666667	-0.111111	0 	0 	-0.037037	
488	0.663739	0.660129	0.666667	0.666667	-0.111111	0 	0 	-0.037037	
290	0.571639	0.615291	0.555556	0.62963	0.111111	0 	0 	-0.037037	
176	0.62109	0.620234	0.555556	0.62963	0.111111	0 	0 	-0.037037	
350	0.637875	0.568004	0.666667	0.592593	-0.111111	0 	0 	-0.037037	
65	0.583498	0.580373	0.666667	0.592593	-0.111111	0 	0 	-0.037037	
21	0.518868	0.592081	0.555556	0.555556	-0.037037	0 	0 	0.111111	
300	0.5367	0.661241	0.555556	0.555556	-0.037037	0 	0 	0.111111	
351	0.495052	0.623039	0.518519	0.666667	-0.037037	0 	0 	-0.111111	
153	0.483222	0.56756	0.518519	0.666667	-0.037037	0 	0 	-0.111111	
411	0.476384	0.598426	0.481481	0.555556	-0.037037	0 	0 	0.111111	
213	0.452574	0.635577	0.481481	0.555556	-0.037037	0 	0 	0.111111	
34	0.383327	0.642603	0.444444	0.666667	-0.111111	0 	0 	-0.037037	
391	0.362868	0.630791	0.444444	0.666667	-0.111111	0 	0 	-0.037037	
85	0.370019	0.610794	0.333333	0.62963	0.111111	0 	0 	-0.037037	
442	0.442499	0.604008	0.333333	0.62963	0.111111	0 	0 	-0.037037	
217	0.431524	0.574091	0.444444	0.592593	-0.111111	0 	0 	-0.037037	
259	0.396433	0.562414	0.444444	0.592593	-0.111111	0 	0 	-0.037037	
168	0.359291	0.547625	0.333333	0.555556	0.037037	0 	0 	-0.111111	
474	0.341817	0.468548	0.333333	0.555556	0.037037	0 	0 	-0.111111	
108	0.398064	0.475749	0.37037	0.444444	0.037037	0 	0 	0.111111	
333	0.379981	0.500937	0.37037	0.444444	0.037037	0 	0 	0.111111	
282	0.41051	0.541297	0.407407	0.555556	0.037037	0 	0 	-0.111111	
57	0.432513	0.506271	0.407407	0.555556	0.037037	0 	0 	-0.111111	
507	0.422435	0.452963	0.407407	0.555556	0.037037	0 	0 	-0.111111	
47	0.457684	0.466045	0.444444	0.444444	0.111111	0 	0 	0.037037	
386	0.547873	0.446255	0.444444	0.444444	0.111111	0 	0 	0.037037	
239	0.500934	0.497372	0.555556	0.481481	-0.111111	0 	0 	0.037037	
245	0.469038	0.488499	0.555556	0.481481	-0.111111	0 	0 	0.037037	
437	0.519102	0.52903	0.444444	0.518519	0.111111	0 	0 	0.037037	
107	0.535322	0.541875	0.444444	0.518519	0.111111	0 	0 	0.037037	
373	0.572301	0.547372	0.555556	0.555556	0.037037	0 	0 	-0.111111	
148	0.564836	0.48914	0.555556	0.555556	0.037037	0 	0 	-0.111111	
322	0.605177	0.474665	0.592593	0.444444	0.037037	0 	0 	0.111111	
16	0.599349	0.512836	0.592593	0.444444	0.037037	0 	0 	0.111111	
424	0.635683	0.541655	0.62963	0.555556	0.037037	0 	0 	-0.111111	
199	0.637591	0.450329	0.62963	0.555556	0.037037	0 	0 	-0.111111	
264	0.665132	0.444148	0.666667	0.444444	-0.111111	0 	0 	-0.037037	
231	0.576545	0.423228	0.666667	0.444444	-0.111111	0 	0 	-0.037037	
396	0.623188	0.374394	0.555556	0.407407	0.111111	0 	0 	-0.037037	
39	0.639303	0.385492	0.555556	0.407407	0.111111	0 	0 	-0.037037	
90	0.613879	0.353641	0.666667	0.37037	-0.111111	0 	0 	-0.037037	
456	0.589849	0.344307	0.666667	0.37037	-0.111111	0 	0 	-0.037037	
181	0.546296	0.361993	0.555556	0.333333	-0.037037	0 	0 	0.111111	
460	0.528435	0.39347	0.555556	0.333333	-0.037037	0 	0 	0.111111	
79	0.50455	0.428722	0.518519	0.444444	-0.037037	0 	0 	-0.111111	
502	0.497169	0.382182	0.518519	0.444444	-0.037037	0 	0 	-0.111111	
277	0.4834	0.352922	0.518519	0.444444	-0.037037	0 	0 	-0.111111	
130	0.472747	0.406998	0.481481	0.333333	-0.037037	0 	0 	0.111111	
328	0.449869	0.422239	0.481481	0.333333	-0.037037	0 	0 	0.111111	
143	0.402284	0.41412	0.444444	0.444444	-0.111111	0 	0 	-0.037037	
419	0.388523	0.439655	0.444444	0.444444	-0.111111	0 	0 	-0.037037	
308	0.352793	0.407263	0.333333	0.407407	0.111111	0 	0 	-0.037037	
194	0.37876	0.372021	0.333333	0.407407	0.111111	0 	0 	-0.037037	
368	0.444119	0.357181	0.444444	0.37037	-0.111111	0 	0 	-0.037037	
2	0.333333	0.333333	0.444444	0.37037	-0.111111	0 	0 	-0.037037	
220	0.300805	0.347865	0.333333	0.333333	-0.037037	0 	0 	0.111111	
445	0.326855	0.381108	0.333333	0.333333	-0.037037	0 	0 	0.111111	
28	0.286856	0.410826	0.296296	0.444444	-0.037037	0 	0 	-0.111111	
253	0.281199	0.342891	0.296296	0.444444	-0.037037	0 	0 	-0.111111	
88	0.237837	0.390095	0.259259	0.333333	-0.037037	0 	0 	0.111111	
394	0.259072	0.412437	0.259259	0.333333	-0.037037	0 	0 	0.111111	
5	0.232096	0.444674	0.222222	0.444444	0.111111	0 	0 	0.037037	
362	0.314129	0.471879	0.222222	0.444444	0.111111	0 	0 	0.037037	
197	0.272828	0.486292	0.333333	0.481481	-0.111111	0 	0 	0.037037	
311	0.237833	0.51409	0.333333	0.481481	-0.111111	0 	0 	0.037037	
422	0.278342	0.551989	0.222222	0.518519	0.111111	0 	0 	0.037037	
137	0.311813	0.528436	0.222222	0.518519	0.111111	0 	0 	0.037037	
510	0.331951	0.555972	0.333333	0.555556	-0.037037	0 	0 	0.111111	
60	0.32789	0.614346	0.333333	0.555556	-0.037037	0 	0 	0.111111	
285	0.298115	0.649046	0.333333	0.555556	-0.037037	0 	0 	0.111111	
336	0.2672	0.607748	0.296296	0.666667	-0.037037	0 	0 	-0.111111	
111	0.287029	0.594898	0.296296	0.666667	-0.037037	0 	0 	-0.111111	
468	0.231343	0.576957	0.259259	0.555556	-0.037037	0 	0 	0.111111	
162	0.255618	0.657017	0.259259	0.555556	-0.037037	0 	0 	0.111111	
10	0.212737	0.6527	0.222222	0.666667	-0.111111	0 	0 	-0.037037	
376	0.12898	0.658806	0.222222	0.666667	-0.111111	0 	0 	-0.037037	
151	0.138786	0.620216	0.111111	0.62963	0.111111	0 	0 	-0.037037	
514	0.174585	0.614375	0.111111	0.62963	0.111111	0 	0 	-0.037037	
427	0.206772	0.629493	0.111111	0.62963	0.111111	0 	0 	-0.037037	
202	0.191	0.560573	0.222222	0.592593	-0.111111	0 	0 	-0.037037	
316	0.156022	0.587243	0.222222	0.592593	-0.111111	0 	0 	-0.037037	
225	0.131516	0.536469	0.111111	0.555556	0.037037	0 	0 	-0.111111	
450	0.14303	0.457618	0.111111	0.555556	0.037037	0 	0 	-0.111111	
93	0.16206	0.469063	0.148148	0.444444	0.037037	0 	0 	0.111111	
399	0.17592	0.483128	0.148148	0.444444	0.037037	0 	0 	0.111111	
267	0.213263	0.526012	0.185185	0.555556	0.037037	0 	0 	-0.111111	
42	0.190031	0.505316	0.185185	0.555556	0.037037	0 	0 	-0.111111	
119	0.217028	0.428078	0.222222	0.444444	-0.111111	0 	0 	-0.037037	
485	0.156319	0.430181	0.222222	0.444444	-0.111111	0 	0 	-0.037037	
491	0.125791	0.417506	0.222222	0.444444	-0.111111	0 	0 	-0.037037	
293	0.125212	0.385576	0.111111	0.407407	0.111111	0 	0 	-0.037037	
179	0.181056	0.398205	0.111111	0.407407	0.111111	0 	0 	-0.037037	
344	0.221371	0.337907	0.222222	0.37037	-0.111111	0 	0 	-0.037037	
68	0.135802	0.358025	0.222222	0.37037	-0.111111	0 	0 	-0.037037	
24	0.0747558	0.37149	0.111111	0.333333	-0.037037	0 	0 	0.111111	
303	0.0877915	0.438957	0.111111	0.333333	-0.037037	0 	0 	0.111111	
354	0.0556136	0.398084	0.0740741	0.444444	-0.037037	0 	0 	-0.111111	
156	0.0424068	0.344363	0.0740741	0.444444	-0.037037	0 	0 	-0.111111	
405	0.0279682	0.375481	0.037037	0.333333	-0.037037	0 	0 	0.111111	
207	0.0322159	0.3658	0.037037	0.333333	-0.037037	0 	0 	0.111111	
271	0.0189105	0.444923	0	0.444444	0.111111	0 	0 	0.037037	
184	0.105454	0.474296	0	0.444444	0.111111	0 	0 	0.037037	
463	0.0857864	0.506541	0.111111	0.481481	-0.111111	0 	0 	0.037037	
496	0.0510553	0.490044	0.111111	0.481481	-0.111111	0 	0 	0.037037	
133	0.02944	0.513946	0.111111	0.481481	-0.111111	0 	0 	0.037037	
331	0.0178869	0.529513	0	0.518519	0.111111	0 	0 	0.037037	
73	0.0632511	0.543385	0	0.518519	0.111111	0 	0 	0.037037	
380	0.104486	0.559836	0.111111	0.555556	-0.037037	0 	0 	0.111111	
101	0.0924332	0.648923	0.111111	0.555556	-0.037037	0 	0 	0.111111	
440	0.071423	0.624046	0.0740741	0.666667	-0.037037	0 	0 	-0.111111	
242	0.0551277	0.610174	0.0740741	0.666667	-0.037037	0 	0 	-0.111111	
50	0.00414849	0.564895	0.037037	0.555556	-0.037037	0 	0 	0.111111	
248	0.036181	0.597242	0.037037	0.555556	-0.037037	0 	0 	0.111111	
318	0.0514132	0.696251	0	0.666667	0.111111	0 	0 	0.037037	
204	0.0821473	0.67065	0	0.666667	0.111111	0 	0 	0.037037	
429	0.099654	0.740056	0.111111	0.703704	-0.111111	0 	0 	0.037037	
516	0.064697	0.726922	0.111111	0.703704	-0.111111	0 	0 	0.037037	
144	0.00432885	0.709765	0.111111	0.703704	-0.111111	0 	0 	0.037037	
369	0.0143972	0.775548	0	0.740741	0.111111	0 	0 	0.037037	
12	0.0377667	0.741235	0	0.740741	0.111111	0 	0 	0.037037	
167	0.144566	0.771452	0.111111	0.777778	0.037037	0 	0 	-0.111111	
473	0.120384	0.68702	0.111111	0.777778	0.037037	0 	0 	-0.111111	
116	0.16983	0.70691	0.148148	0.666667	0.037037	0 	0 	0.111111	
341	0.153212	0.725269	0.148148	0.666667	0.037037	0 	0 	0.111111	
281	0.185233	0.76764	0.185185	0.777778	0.037037	0 	0 	-0.111111	
56	0.212258	0.72978	0.185185	0.777778	0.037037	0 	0 	-0.111111	
506	0.200966	0.676777	0.185185	0.777778	0.037037	0 	0 	-0.111111	
52	0.238797	0.690675	0.222222	0.666667	0.111111	0 	0 	0.037037	
382	0.325915	0.669732	0.222222	0.666667	0.111111	0 	0 	0.037037	
235	0.284592	0.717986	0.333333	0.703704	-0.111111	0 	0 	0.037037	
250	0.247919	0.709479	0.333333	0.703704	-0.111111	0 	0 	0.037037	
433	0.293263	0.749978	0.222222	0.740741	0.111111	0 	0 	0.037037	
103	0.319616	0.761645	0.222222	0.740741	0.111111	0 	0 	0.037037	
20	0.298176	0.81442	0.333333	0.777778	-0.037037	0 	0 	0.111111	
299	0.311759	0.885368	0.333333	0.777778	-0.037037	0 	0 	0.111111	
359	0.259194	0.832347	0.296296	0.888889	-0.037037	0 	0 	-0.111111	
161	0.263374	0.786008	0.296296	0.888889	-0.037037	0 	0 	-0.111111	
410	0.254304	0.803046	0.259259	0.777778	-0.037037	0 	0 	0.111111	
212	0.226751	0.862432	0.259259	0.777778	-0.037037	0 	0 	0.111111	
30	0.164257	0.86433	0.222222	0.888889	-0.111111	0 	0 	-0.037037	
387	0.142358	0.852305	0.222222	0.888889	-0.111111	0 	0 	-0.037037	
81	0.126154	0.835127	0.111111	0.851852	0.111111	0 	0 	-0.037037	
447	0.223582	0.829283	0.111111	0.851852	0.111111	0 	0 	-0.037037	
222	0.2081	0.809769	0.222222	0.814815	-0.111111	0 	0 	-0.037037	
255	0.175281	0.788127	0.222222	0.814815	-0.111111	0 	0 	-0.037037	
346	0.106441	0.795948	0.111111	0.777778	-0.037037	0 	0 	0.111111	
121	0.106995	0.888263	0.111111	0.777778	-0.037037	0 	0 	0.111111	
478	0.0728713	0.888746	0.0740741	0.888889	-0.037037	0 	0 	-0.111111	
172	0.0735484	0.856192	0.0740741	0.888889	-0.037037	0 	0 	-0.111111	
70	0.031	0.802379	0.037037	0.777778	-0.037037	0 	0 	0.111111	
295	0.00431233	0.827182	0.037037	0.777778	-0.037037	0 	0 	0.111111	
493	0.0266989	0.880996	0.037037	0.777778	-0.037037	0 	0 	0.111111	
455	0.0256762	0.900434	0	0.888889	0.111111	0 	0 	0.037037	
98	0.0524494	0.907179	0	0.888889	0.111111	0 	0 	0.037037	
38	0.0807858	0.94676	0.111111	0.925926	-0.111111	0 	0 	0.037037	
404	0.0677835	0.955663	0.111111	0.925926	-0.111111	0 	0 	0.037037	
230	0.0207817	0.981658	0	0.962963	0.111111	0 	0 	0.037037	
263	0.100286	0.968681	0	0.962963	0.111111	0 	0 	0.037037	
313	0.124937	0.956468	0.111111	1	0.037037	0 	0 	-0.111111	
7	0.111111	0.888889	0.111111	1	0.037037	0 	0 	-0.111111	
190	0.15425	0.936915	0.148148	0.888889	0.037037	0 	0 	0.111111	
415	0.16624	0.999732	0.148148	0.888889	0.037037	0 	0 	0.111111	
139	0.185457	0.986144	0.185185	1	0.037037	0 	0 	-0.111111	
364	0.204155	0.913812	0.185185	1	0.037037	0 	0 	-0.111111	
273	0.260758	0.906422	0.222222	0.888889	0.111111	0 	0 	0.037037	
186	0.329214	0.917001	0.222222	0.888889	0.111111	0 	0 	0.037037	
465	0.304135	0.940175	0.333333	0.925926	-0.111111	0 	0 	0.037037	
498	0.277323	0.928654	0.333333	0.925926	-0.111111	0 	0 	0.037037	
126	0.304949	0.92672	0.333333	0.925926	-0.111111	0 	0 	0.037037	
324	0.23701	0.976134	0.222222	0.962963	0.111111	0 	0 	0.037037	
75	0.278438	0.976211	0.222222	0.962963	0.111111	0 	0 	0.037037	
247	0.36013	0.932686	0.333333	1	0.037037	0 	0 	-0.111111	
49	0.338235	0.985971	0.333333	1	0.037037	0 	0 	-0.111111	
241	0.389252	0.939362	0.37037	0.888889	0.037037	0 	0 	0.111111	
439	0.404049	0.972521	0.37037	0.888889	0.037037	0 	0 	0.111111	
100	0.408079	0.999405	0.407407	1	0.037037	0 	0 	-0.111111	
379	0.438334	0.890556	0.407407	1	0.037037	0 	0 	-0.111111	
72	0.444151	0.874899	0.444444	0.888889	-0.111111	0 	0 	-0.037037	
330	0.333263	0.866267	0.444444	0.888889	-0.111111	0 	0 	-0.037037	
132	0.364474	0.842416	0.333333	0.851852	0.111111	0 	0 	-0.037037	
495	0.386657	0.823854	0.333333	0.851852	0.111111	0 	0 	-0.037037	
462	0.418076	0.838667	0.333333	0.851852	0.111111	0 	0 	-0.037037	
183	0.416647	0.8105	0.444444	0.814815	-0.111111	0 	0 	-0.037037	
270	0.374048	0.799748	0.444444	0.814815	-0.111111	0 	0 	-0.037037	
209	0.338633	0.775047	0.333333	0.777778	0.037037	0 	0 	-0.111111	
407	0.351621	0.700696	0.333333	0.777778	0.037037	0 	0 	-0.111111	
158	0.393716	0.682513	0.37037	0.666667	0.037037	0 	0 	0.111111	
356	0.386324	0.731644	0.37037	0.666667	0.037037	0 	0 	0.111111	
305	0.411843	0.749003	0.407407	0.777778	0.037037	0 	0 	-0.111111	
26	0.412057	0.706931	0.407407	0.777778	0.037037	0 	0 	-0.111111	
67	0.464192	0.685044	0.444444	0.666667	0.111111	0 	0 	0.037037	
343	0.526117	0.678887	0.444444	0.666667	0.111111	0 	0 	0.037037	
178	0.506622	0.727353	0.555556	0.703704	-0.111111	0 	0 	0.037037	
292	0.539806	0.723894	0.555556	0.703704	-0.111111	0 	0 	0.037037	
490	0.448991	0.745588	0.444444	0.740741	0.111111	0 	0 	0.037037	
484	0.49314	0.763803	0.444444	0.740741	0.111111	0 	0 	0.037037	
118	0.548064	0.774052	0.444444	0.740741	0.111111	0 	0 	0.037037	
44	0.530864	0.82716	0.555556	0.777778	-0.037037	0 	0 	0.111111	
269	0.545924	0.847821	0.555556	0.777778	-0.037037	0 	0 	0.111111	
401	0.505116	0.821278	0.518519	0.888889	-0.037037	0 	0 	-0.111111	
95	0.497586	0.796039	0.518519	0.888889	-0.037037	0 	0 	-0.111111	
452	0.476727	0.778812	0.481481	0.777778	-0.037037	0 	0 	0.111111	
227	0.464933	0.869163	0.481481	0.777778	-0.037037	0 	0 	0.111111	
315	0.49718	0.915539	0.444444	0.888889	0.111111	0 	0 	0.037037	
201	0.527465	0.892363	0.444444	0.888889	0.111111	0 	0 	0.037037	
426	0.555472	0.926048	0.555556	0.925926	-0.111111	0 	0 	0.037037	
513	0.513982	0.945545	0.555556	0.925926	-0.111111	0 	0 	0.037037	
150	0.44746	0.932682	0.555556	0.925926	-0.111111	0 	0 	0.037037	
375	0.458094	0.979762	0.444444	0.962963	0.111111	0 	0 	0.037037	
9	0.484763	0.963251	0.444444	0.962963	0.111111	0 	0 	0.037037	
164	0.591388	0.990293	0.555556	1	0.037037	0 	0 	-0.111111	
470	0.564799	0.90625	0.555556	1	0.037037	0 	0 	-0.111111	
113	0.620558	0.921196	0.592593	0.888889	0.037037	0 	0 	0.111111	
338	0.599093	0.954482	0.592593	0.888889	0.037037	0 	0 	0.111111	
287	0.639521	0.986537	0.62963	1	0.037037	0 	0 	-0.111111	
62	0.652977	0.950495	0.62963	1	0.037037	0 	0 	-0.111111	
512	0.639393	0.903214	0.62963	1	0.037037	0 	0 	-0.111111	
136	0.632479	0.855135	0.666667	0.888889	-0.111111	0 	0 	-0.037037	
421	0.615245	0.888852	0.666667	0.888889	-0.111111	0 	0 	-0.037037	
310	0.583506	0.847913	0.555556	0.851852	0.111111	0 	0 	-0.037037	
196	0.598934	0.819336	0.555556	0.851852	0.111111	0 	0 	-0.037037	
361	0.649464	0.789867	0.666667	0.814815	-0.111111	0 	0 	-0.037037	
4	0.555241	0.778137	0.666667	0.814815	-0.111111	0 	0 	-0.037037	
393	0.590684	0.744572	0.555556	0.777778	0.037037	0 	0 	-0.111111	
87	0.569633	0.722622	0.555556	0.777778	0.037037	0 	0 	-0.111111	
252	0.616018	0.672949	0.592593	0.666667	0.037037	0 	0 	0.111111	
27	0.605176	0.755528	0.592593	0.666667	0.037037	0 	0 	0.111111	
444	0.666685	0.715993	0.62963	0.777778	0.037037	0 	0 	-0.111111	
219	0.647881	0.68045	0.62963	0.777778	0.037037	0 	0 	-0.111111	
1	0.695974	0.685253	0.666667	0.666667	0.111111	0 	0 	0.037037	
367	0.75965	0.692916	0.666667	0.666667	0.111111	0 	0 	0.037037	
193	0.712314	0.705439	0.777778	0.703704	-0.111111	0 	0 	0.037037	
307	0.68288	0.735651	0.777778	0.703704	-0.111111	0 	0 	0.037037	
418	0.725308	0.776128	0.666667	0.740741	0.111111	0 	0 	0.037037	
142	0.745302	0.748573	0.666667	0.740741	0.111111	0 	0 	0.037037	
327	0.782767	0.741457	0.777778	0.777778	0.037037	0 	0 	-0.111111	
129	0.806032	0.73594	0.777778	0.777778	0.037037	0 	0 	-0.111111	
276	0.825727	0.678017	0.814815	0.666667	0.037037	0 	0 	0.111111	
501	0.830789	0.708479	0.814815	0.666667	0.037037	0 	0 	0.111111	
78	0.84038	0.764455	0.814815	0.666667	0.037037	0 	0 	0.111111	
459	0.861217	0.759984	0.851852	0.777778	0.037037	0 	0 	-0.111111	
180	0.879175	0.696512	0.851852	0.777778	0.037037	0 	0 	-0.111111	
458	0.908009	0.676303	0.888889	0.666667	0.111111	0 	0 	0.037037	
92	0.942387	0.687243	0.888889	0.666667	0.111111	0 	0 	0.037037	
41	0.980085	0.734751	1	0.703704	-0.111111	0 	0 	0.037037	
398	0.956335	0.72239	1	0.703704	-0.111111	0 	0 	0.037037	
233	0.903252	0.760569	0.888889	0.740741	0.111111	0 	0 	0.037037	
266	0.988935	0.745888	0.888889	0.740741	0.111111	0 	0 	0.037037	
198	0.969994	0.779182	1	0.777778	-0.037037	0 	0 	0.111111	
423	0.990912	0.852098	1	0.777778	-0.037037	0 	0 	0.111111	
15	0.92938	0.848437	0.962963	0.888889	-0.037037	0 	0 	-0.111111	
321	0.944548	0.806984	0.962963	0.888889	-0.037037	0 	0 	-0.111111	
147	0.925797	0.816351	0.925926	0.777778	-0.037037	0 	0 	0.111111	
372	0.921478	0.884729	0.925926	0.777778	-0.037037	0 	0 	0.111111	
106	0.888712	0.874855	0.888889	0.888889	-0.111111	0 	0 	-0.037037	
436	0.860635	0.860314	0.888889	0.888889	-0.111111	0 	0 	-0.037037	
244	0.805992	0.829249	0.777778	0.851852	0.111111	0 	0 	-0.037037	
238	0.835779	0.831629	0.777778	0.851852	0.111111	0 	0 	-0.037037	
385	0.888541	0.811125	0.888889	0.814815	-0.111111	0 	0 	-0.037037	
46	0.790123	0.790123	0.888889	0.814815	-0.111111	0 	0 	-0.037037	
509	0.773117	0.823064	0.777778	0.777778	-0.037037	0 	0 	0.111111	
59	0.769184	0.835929	0.777778	0.777778	-0.037037	0 	0 	0.111111	
284	0.741234	0.87157	0.777778	0.777778	-0.037037	0 	0 	0.111111	
335	0.708894	0.833283	0.740741	0.888889	-0.037037	0 	0 	-0.111111	
110	0.730135	0.810872	0.740741	0.888889	-0.037037	0 	0 	-0.111111	
476	0.675049	0.804374	0.703704	0.777778	-0.037037	0 	0 	0.111111	
170	0.702066	0.87493	0.703704	0.777778	-0.037037	0 	0 	0.111111	
258	0.728447	0.899634	0.666667	0.888889	0.111111	0 	0 	0.037037	
216	0.764967	0.909342	0.666667	0.888889	0.111111	0 	0 	0.037037	
441	0.777367	0.927171	0.777778	0.925926	-0.111111	0 	0 	0.037037	
84	0.68317	0.946845	0.777778	0.925926	-0.111111	0 	0 	0.037037	
390	0.69912	0.968792	0.666667	0.962963	0.111111	0 	0 	0.037037	
33	0.709429	0.977545	0.666667	0.962963	0.111111	0 	0 	0.037037	
215	0.78708	0.989395	0.777778	1	0.037037	0 	0 	-0.111111	
413	0.797739	0.929496	0.777778	1	0.037037	0 	0 	-0.111111	
155	0.823132	0.889023	0.814815	0.888889	0.037037	0 	0 	0.111111	
353	0.823826	0.956322	0.814815	0.888889	0.037037	0 	0 	0.111111	
302	0.861225	0.988081	0.851852	1	0.037037	0 	0 	-0.111111	
23	0.856642	0.927778	0.851852	1	0.037037	0 	0 	-0.111111	
64	0.919245	0.916679	0.888889	0.888889	0.111111	0 	0 	0.037037	
349	0.96845	0.903978	0.888889	0.888889	0.111111	0 	0 	0.037037	
175	0.988116	0.926572	1	0.925926	-0.111111	0 	0 	0.037037	
289	0.888846	0.949452	1	0.925926	-0.111111	0 	0 	0.037037	
487	0.909805	0.972183	0.888889	0.962963	0.111111	0 	0 	0.037037	
481	0.935528	0.986283	0.888889	0.962963	0.111111	0 	0 	0.037037	
124	0.991385	0.987751	0.888889	0.962963	0.111111	0 	0 	0.037037	
