0	0.00405311	8.69834e-05	0	0	0.111111	0 	0 	0.037037	
366	0.0895236	0.0261466	0	0	0.111111	0 	0 	0.037037	
591	0.0970699	0.0421884	0.111111	0.037037	-0.111111	0 	0 	0.037037	
192	0.0412382	0.0389315	0.111111	0.037037	-0.111111	0 	0 	0.037037	
306	0.0154055	0.0652692	0.111111	0.037037	-0.111111	0 	0 	0.037037	
531	0.0284074	0.0865082	0	0.0740741	0.111111	0 	0 	0.037037	
417	0.0571472	0.105758	0	0.0740741	0.111111	0 	0 	0.037037	
141	0.0777798	0.0830367	0	0.0740741	0.111111	0 	0 	0.037037	
329	0.115939	0.0903537	0.111111	0.111111	0.037037	0 	0 	-0.111111	
131	0.141077	0.0681983	0.111111	0.111111	0.037037	0 	0 	-0.111111	
635	0.129881	0.00636406	0.111111	0.111111	0.037037	0 	0 	-0.111111	
278	0.153099	0.0149002	0.148148	0	0.037037	0 	0 	0.111111	
503	0.162964	0.0472148	0.148148	0	0.037037	0 	0 	0.111111	
80	0.17374	0.0984218	0.148148	0	0.037037	0 	0 	0.111111	
461	0.190383	0.0591775	0.185185	0.111111	0.037037	0 	0 	-0.111111	
182	0.200213	0.0261023	0.185185	0.111111	0.037037	0 	0 	-0.111111	
457	0.26557	0.00949595	0.222222	0	0.111111	0 	0 	0.037037	
91	0.27628	0.0189793	0.222222	0	0.111111	0 	0 	0.037037	
544	0.299747	0.0344509	0.222222	0	0.111111	0 	0 	0.037037	
40	0.319016	0.0716042	0.333333	0.037037	-0.111111	0 	0 	0.037037	
397	0.30601	0.0650171	0.333333	0.037037	-0.111111	0 	0 	0.037037	
655	0.232807	0.064368	0.333333	0.037037	-0.111111	0 	0 	0.037037	
232	0.248559	0.0930238	0.222222	0.0740741	0.111111	0 	0 	0.037037	
595	0.265693	0.103093	0.222222	0.0740741	0.111111	0 	0 	0.037037	
265	0.320848	0.0821074	0.222222	0.0740741	0.111111	0 	0 	0.037037	
200	0.332927	0.124608	0.333333	0.111111	-0.037037	0 	0 	0.111111	
425	0.321912	0.180853	0.333333	0.111111	-0.037037	0 	0 	0.111111	
17	0.259259	0.185185	0.296296	0.222222	-0.037037	0 	0 	-0.111111	
521	0.289721	0.165436	0.296296	0.222222	-0.037037	0 	0 	-0.111111	
323	0.27274	0.142195	0.296296	0.222222	-0.037037	0 	0 	-0.111111	
572	0.258955	0.125562	0.259259	0.111111	-0.037037	0 	0 	0.111111	
149	0.259241	0.11316	0.259259	0.111111	-0.037037	0 	0 	0.111111	
374	0.250029	0.215218	0.259259	0.111111	-0.037037	0 	0 	0.111111	
105	0.197052	0.212654	0.222222	0.222222	-0.111111	0 	0 	-0.037037	
435	0.184115	0.196195	0.222222	0.222222	-0.111111	0 	0 	-0.037037	
549	0.222099	0.213209	0.222222	0.222222	-0.111111	0 	0 	-0.037037	
243	0.127695	0.156662	0.111111	0.185185	0.111111	0 	0 	-0.037037	
237	0.164172	0.16633	0.111111	0.185185	0.111111	0 	0 	-0.037037	
609	0.191302	0.178415	0.111111	0.185185	0.111111	0 	0 	-0.037037	
384	0.194403	0.144255	0.222222	0.148148	-0.111111	0 	0 	-0.037037	
660	0.160228	0.136588	0.222222	0.148148	-0.111111	0 	0 	-0.037037	
45	0.123867	0.123596	0.222222	0.148148	-0.111111	0 	0 	-0.037037	
508	0.0921594	0.115832	0.111111	0.111111	-0.037037	0 	0 	0.111111	
58	0.107806	0.167195	0.111111	0.111111	-0.037037	0 	0 	0.111111	
283	0.0763671	0.205583	0.111111	0.111111	-0.037037	0 	0 	0.111111	
640	0.0567752	0.190826	0.0740741	0.222222	-0.037037	0 	0 	-0.111111	
334	0.0416414	0.16459	0.0740741	0.222222	-0.037037	0 	0 	-0.111111	
109	0.0599786	0.146514	0.0740741	0.222222	-0.037037	0 	0 	-0.111111	
475	0.00820474	0.134121	0.037037	0.111111	-0.037037	0 	0 	0.111111	
169	0.0323898	0.220353	0.037037	0.111111	-0.037037	0 	0 	0.111111	
617	0.000162488	0.231611	0	0.222222	0.111111	0 	0 	0.037037	
260	0.0662771	0.227875	0	0.222222	0.111111	0 	0 	0.037037	
218	0.0960887	0.238644	0	0.222222	0.111111	0 	0 	0.037037	
443	0.0998682	0.264009	0.111111	0.259259	-0.111111	0 	0 	0.037037	
566	0.0406043	0.295004	0.111111	0.259259	-0.111111	0 	0 	0.037037	
86	0.0170749	0.279401	0.111111	0.259259	-0.111111	0 	0 	0.037037	
392	0.0281921	0.303622	0	0.296296	0.111111	0 	0 	0.037037	
35	0.0527839	0.30847	0	0.296296	0.111111	0 	0 	0.037037	
668	0.0856043	0.322854	0	0.296296	0.111111	0 	0 	0.037037	
214	0.117121	0.290494	0.111111	0.333333	0.037037	0 	0 	-0.111111	
412	0.13249	0.255896	0.111111	0.333333	0.037037	0 	0 	-0.111111	
154	0.152867	0.224216	0.148148	0.222222	0.037037	0 	0 	0.111111	
352	0.160494	0.291703	0.148148	0.222222	0.037037	0 	0 	0.111111	
577	0.155833	0.250376	0.148148	0.222222	0.037037	0 	0 	0.111111	
301	0.185739	0.318308	0.185185	0.333333	0.037037	0 	0 	-0.111111	
22	0.185327	0.315281	0.185185	0.333333	0.037037	0 	0 	-0.111111	
526	0.212977	0.243558	0.185185	0.333333	0.037037	0 	0 	-0.111111	
63	0.250695	0.247423	0.222222	0.222222	0.111111	0 	0 	0.037037	
348	0.299556	0.238504	0.222222	0.222222	0.111111	0 	0 	0.037037	
627	0.30046	0.259842	0.333333	0.259259	-0.111111	0 	0 	0.037037	
174	0.293946	0.284391	0.333333	0.259259	-0.111111	0 	0 	0.037037	
288	0.224483	0.277262	0.333333	0.259259	-0.111111	0 	0 	0.037037	
486	0.229895	0.320356	0.222222	0.296296	0.111111	0 	0 	0.037037	
480	0.272018	0.319035	0.222222	0.296296	0.111111	0 	0 	0.037037	
123	0.324763	0.329423	0.222222	0.296296	0.111111	0 	0 	0.037037	
229	0.354583	0.312978	0.333333	0.333333	0.037037	0 	0 	-0.111111	
652	0.342733	0.284912	0.333333	0.333333	0.037037	0 	0 	-0.111111	
454	0.367627	0.233196	0.333333	0.333333	0.037037	0 	0 	-0.111111	
97	0.385241	0.242011	0.37037	0.222222	0.037037	0 	0 	0.111111	
403	0.399578	0.261977	0.37037	0.222222	0.037037	0 	0 	0.111111	
601	0.38022	0.328474	0.37037	0.222222	0.037037	0 	0 	0.111111	
262	0.433564	0.303497	0.407407	0.333333	0.037037	0 	0 	-0.111111	
37	0.411918	0.256745	0.407407	0.333333	0.037037	0 	0 	-0.111111	
541	0.412126	0.25516	0.407407	0.333333	0.037037	0 	0 	-0.111111	
120	0.437802	0.208192	0.444444	0.222222	-0.111111	0 	0 	-0.037037	
477	0.379973	0.208505	0.444444	0.222222	-0.111111	0 	0 	-0.037037	
492	0.434741	0.208304	0.444444	0.222222	-0.111111	0 	0 	-0.037037	
294	0.348918	0.16045	0.333333	0.185185	0.111111	0 	0 	-0.037037	
171	0.403292	0.176955	0.333333	0.185185	0.111111	0 	0 	-0.037037	
624	0.425318	0.152627	0.333333	0.185185	0.111111	0 	0 	-0.037037	
345	0.416514	0.127468	0.444444	0.148148	-0.111111	0 	0 	-0.037037	
69	0.357927	0.136567	0.444444	0.148148	-0.111111	0 	0 	-0.037037	
371	0.348652	0.103207	0.333333	0.111111	0.037037	0 	0 	-0.111111	
146	0.3437	0.0403453	0.333333	0.111111	0.037037	0 	0 	-0.111111	
569	0.363897	0.0189335	0.333333	0.111111	0.037037	0 	0 	-0.111111	
320	0.382102	0.0290297	0.37037	0	0.037037	0 	0 	0.111111	
518	0.394662	0.0596886	0.37037	0	0.037037	0 	0 	0.111111	
14	0.374861	0.0743975	0.37037	0	0.037037	0 	0 	0.111111	
431	0.431341	0.0731472	0.407407	0.111111	0.037037	0 	0 	-0.111111	
206	0.412824	0.00319796	0.407407	0.111111	0.037037	0 	0 	-0.111111	
472	0.453645	0.029749	0.444444	0	0.111111	0 	0 	0.037037	
115	0.511602	0.0316667	0.444444	0	0.111111	0 	0 	0.037037	
505	0.53327	0.0108921	0.444444	0	0.111111	0 	0 	0.037037	
55	0.540649	0.0557814	0.555556	0.037037	-0.111111	0 	0 	0.037037	
340	0.488299	0.060365	0.555556	0.037037	-0.111111	0 	0 	0.037037	
166	0.48662	0.104295	0.444444	0.0740741	0.111111	0 	0 	0.037037	
646	0.504466	0.0814909	0.444444	0.0740741	0.111111	0 	0 	0.037037	
280	0.520489	0.0945419	0.444444	0.0740741	0.111111	0 	0 	0.037037	
224	0.532296	0.12759	0.555556	0.111111	-0.037037	0 	0 	0.111111	
449	0.548554	0.154205	0.555556	0.111111	-0.037037	0 	0 	0.111111	
32	0.493827	0.197531	0.518519	0.222222	-0.037037	0 	0 	-0.111111	
563	0.484342	0.181881	0.518519	0.222222	-0.037037	0 	0 	-0.111111	
257	0.509093	0.117514	0.518519	0.222222	-0.037037	0 	0 	-0.111111	
614	0.449027	0.142078	0.481481	0.111111	-0.037037	0 	0 	0.111111	
83	0.462129	0.171172	0.481481	0.111111	-0.037037	0 	0 	0.111111	
389	0.476172	0.187463	0.481481	0.111111	-0.037037	0 	0 	0.111111	
6	0.457427	0.233266	0.444444	0.222222	0.111111	0 	0 	0.037037	
363	0.536351	0.249657	0.444444	0.222222	0.111111	0 	0 	0.037037	
588	0.527295	0.262509	0.555556	0.259259	-0.111111	0 	0 	0.037037	
189	0.485458	0.264829	0.555556	0.259259	-0.111111	0 	0 	0.037037	
312	0.458162	0.290809	0.555556	0.259259	-0.111111	0 	0 	0.037037	
537	0.469704	0.30495	0.444444	0.296296	0.111111	0 	0 	0.037037	
414	0.503429	0.331962	0.444444	0.296296	0.111111	0 	0 	0.037037	
138	0.528378	0.305694	0.444444	0.296296	0.111111	0 	0 	0.037037	
326	0.564872	0.290045	0.555556	0.333333	0.037037	0 	0 	-0.111111	
128	0.58189	0.291468	0.555556	0.333333	0.037037	0 	0 	-0.111111	
632	0.575416	0.227274	0.555556	0.333333	0.037037	0 	0 	-0.111111	
275	0.597185	0.253065	0.592593	0.222222	0.037037	0 	0 	0.111111	
500	0.602468	0.26406	0.592593	0.222222	0.037037	0 	0 	0.111111	
77	0.617284	0.320988	0.592593	0.222222	0.037037	0 	0 	0.111111	
467	0.640314	0.282745	0.62963	0.333333	0.037037	0 	0 	-0.111111	
188	0.662134	0.251223	0.62963	0.333333	0.037037	0 	0 	-0.111111	
298	0.646965	0.216972	0.666667	0.222222	-0.111111	0 	0 	-0.037037	
583	0.629012	0.203057	0.666667	0.222222	-0.111111	0 	0 	-0.037037	
211	0.565139	0.189778	0.666667	0.222222	-0.111111	0 	0 	-0.037037	
358	0.606085	0.171264	0.555556	0.185185	0.111111	0 	0 	-0.037037	
19	0.556009	0.166986	0.555556	0.185185	0.111111	0 	0 	-0.037037	
523	0.652163	0.14156	0.666667	0.148148	-0.111111	0 	0 	-0.037037	
160	0.595895	0.120213	0.666667	0.148148	-0.111111	0 	0 	-0.037037	
409	0.666549	0.147852	0.666667	0.148148	-0.111111	0 	0 	-0.037037	
555	0.556313	0.0943237	0.555556	0.111111	0.037037	0 	0 	-0.111111	
249	0.583348	0.0468716	0.555556	0.111111	0.037037	0 	0 	-0.111111	
51	0.565976	0.0125006	0.555556	0.111111	0.037037	0 	0 	-0.111111	
657	0.602573	0.0290313	0.592593	0	0.037037	0 	0 	0.111111	
234	0.613375	0.05582	0.592593	0	0.037037	0 	0 	0.111111	
432	0.623888	0.0844482	0.592593	0	0.037037	0 	0 	0.111111	
102	0.639279	0.102977	0.62963	0.111111	0.037037	0 	0 	-0.111111	
606	0.637729	0.0757863	0.62963	0.111111	0.037037	0 	0 	-0.111111	
381	0.658103	0.000628349	0.62963	0.111111	0.037037	0 	0 	-0.111111	
406	0.683617	0.032417	0.666667	0	0.111111	0 	0 	0.037037	
157	0.694782	0.00902058	0.666667	0	0.111111	0 	0 	0.037037	
529	0.767491	0.0206133	0.666667	0	0.111111	0 	0 	0.037037	
25	0.73543	0.0393859	0.777778	0.037037	-0.111111	0 	0 	0.037037	
355	0.726851	0.0583355	0.777778	0.037037	-0.111111	0 	0 	0.037037	
208	0.671209	0.0834026	0.666667	0.0740741	0.111111	0 	0 	0.037037	
580	0.73453	0.0920104	0.666667	0.0740741	0.111111	0 	0 	0.037037	
304	0.753124	0.105675	0.666667	0.0740741	0.111111	0 	0 	0.037037	
489	0.778139	0.0913922	0.777778	0.111111	0.037037	0 	0 	-0.111111	
291	0.782718	0.040689	0.777778	0.111111	0.037037	0 	0 	-0.111111	
66	0.805634	0.0231129	0.777778	0.111111	0.037037	0 	0 	-0.111111	
177	0.844247	0.0694742	0.814815	0	0.037037	0 	0 	0.111111	
483	0.823977	0.0884471	0.814815	0	0.037037	0 	0 	0.111111	
117	0.87975	0.108835	0.851852	0.111111	0.037037	0 	0 	-0.111111	
621	0.859056	0.0400368	0.851852	0.111111	0.037037	0 	0 	-0.111111	
342	0.856623	0.0234378	0.851852	0.111111	0.037037	0 	0 	-0.111111	
620	0.899814	0.0337675	0.888889	0	0.111111	0 	0 	0.037037	
254	0.953116	0.000495924	0.888889	0	0.111111	0 	0 	0.037037	
221	0.986703	0.018519	0.888889	0	0.111111	0 	0 	0.037037	
446	0.969374	0.0399899	1	0.037037	-0.111111	0 	0 	0.037037	
560	0.929667	0.0622738	1	0.037037	-0.111111	0 	0 	0.037037	
89	0.902617	0.0542343	1	0.037037	-0.111111	0 	0 	0.037037	
395	0.93158	0.0747263	0.888889	0.0740741	0.111111	0 	0 	0.037037	
29	0.903085	0.0880315	0.888889	0.0740741	0.111111	0 	0 	0.037037	
671	0.974864	0.102599	0.888889	0.0740741	0.111111	0 	0 	0.037037	
360	0.995437	0.117306	1	0.111111	-0.037037	0 	0 	0.111111	
585	0.995576	0.173385	1	0.111111	-0.037037	0 	0 	0.111111	
135	0.96754	0.190735	1	0.111111	-0.037037	0 	0 	0.111111	
420	0.949716	0.211425	0.962963	0.222222	-0.037037	0 	0 	-0.111111	
195	0.935026	0.152584	0.962963	0.222222	-0.037037	0 	0 	-0.111111	
3	0.921173	0.132113	0.925926	0.111111	-0.037037	0 	0 	0.111111	
309	0.911436	0.182985	0.925926	0.111111	-0.037037	0 	0 	0.111111	
534	0.919788	0.208517	0.925926	0.111111	-0.037037	0 	0 	0.111111	
268	0.873682	0.219811	0.888889	0.222222	-0.111111	0 	0 	-0.037037	
598	0.818552	0.216939	0.888889	0.222222	-0.111111	0 	0 	-0.037037	
226	0.797797	0.200305	0.888889	0.222222	-0.111111	0 	0 	-0.037037	
649	0.793896	0.175895	0.777778	0.185185	0.111111	0 	0 	-0.037037	
400	0.847686	0.150028	0.777778	0.185185	0.111111	0 	0 	-0.037037	
43	0.865914	0.160228	0.777778	0.185185	0.111111	0 	0 	-0.037037	
547	0.854435	0.14414	0.888889	0.148148	-0.111111	0 	0 	-0.037037	
94	0.858547	0.142218	0.888889	0.148148	-0.111111	0 	0 	-0.037037	
451	0.813233	0.120751	0.888889	0.148148	-0.111111	0 	0 	-0.037037	
185	0.772754	0.144768	0.777778	0.111111	-0.037037	0 	0 	0.111111	
464	0.75054	0.17129	0.777778	0.111111	-0.037037	0 	0 	0.111111	
74	0.724975	0.1978	0.740741	0.222222	-0.037037	0 	0 	-0.111111	
497	0.717743	0.156548	0.740741	0.222222	-0.037037	0 	0 	-0.111111	
272	0.704568	0.130119	0.740741	0.222222	-0.037037	0 	0 	-0.111111	
638	0.684722	0.120873	0.703704	0.111111	-0.037037	0 	0 	0.111111	
134	0.693847	0.184329	0.703704	0.111111	-0.037037	0 	0 	0.111111	
332	0.676354	0.202004	0.703704	0.111111	-0.037037	0 	0 	0.111111	
48	0.673321	0.236156	0.666667	0.222222	0.111111	0 	0 	0.037037	
663	0.714678	0.248285	0.666667	0.222222	0.111111	0 	0 	0.037037	
378	0.771261	0.224814	0.666667	0.222222	0.111111	0 	0 	0.037037	
603	0.745473	0.290908	0.777778	0.259259	-0.111111	0 	0 	0.037037	
240	0.721505	0.27451	0.777778	0.259259	-0.111111	0 	0 	0.037037	
246	0.763325	0.26968	0.777778	0.259259	-0.111111	0 	0 	0.037037	
552	0.670544	0.324645	0.666667	0.296296	0.111111	0 	0 	0.037037	
438	0.737446	0.306033	0.666667	0.296296	0.111111	0 	0 	0.037037	
99	0.756679	0.316119	0.666667	0.296296	0.111111	0 	0 	0.037037	
377	0.796573	0.322718	0.777778	0.333333	0.037037	0 	0 	-0.111111	
152	0.783174	0.292507	0.777778	0.333333	0.037037	0 	0 	-0.111111	
575	0.808421	0.241378	0.777778	0.333333	0.037037	0 	0 	-0.111111	
317	0.828195	0.26465	0.814815	0.222222	0.037037	0 	0 	0.111111	
515	0.84225	0.281207	0.814815	0.222222	0.037037	0 	0 	0.111111	
11	0.82454	0.293453	0.814815	0.222222	0.037037	0 	0 	0.111111	
428	0.859533	0.314307	0.851852	0.333333	0.037037	0 	0 	-0.111111	
203	0.860362	0.227192	0.851852	0.333333	0.037037	0 	0 	-0.111111	
469	0.900364	0.25047	0.888889	0.222222	0.111111	0 	0 	0.037037	
112	0.954173	0.253689	0.888889	0.222222	0.111111	0 	0 	0.037037	
511	0.973516	0.228414	0.888889	0.222222	0.111111	0 	0 	0.037037	
61	0.985846	0.284387	1	0.259259	-0.111111	0 	0 	0.037037	
337	0.937085	0.274393	1	0.259259	-0.111111	0 	0 	0.037037	
163	0.897817	0.324341	0.888889	0.296296	0.111111	0 	0 	0.037037	
643	0.945534	0.300234	0.888889	0.296296	0.111111	0 	0 	0.037037	
286	0.959939	0.315187	0.888889	0.296296	0.111111	0 	0 	0.037037	
383	0.995357	0.347066	1	0.333333	-0.037037	0 	0 	0.111111	
608	0.968882	0.399907	1	0.333333	-0.037037	0 	0 	0.111111	
104	0.984791	0.428003	1	0.333333	-0.037037	0 	0 	0.111111	
434	0.955936	0.424201	0.962963	0.444444	-0.037037	0 	0 	-0.111111	
236	0.94475	0.388521	0.962963	0.444444	-0.037037	0 	0 	-0.111111	
659	0.932938	0.358272	0.962963	0.444444	-0.037037	0 	0 	-0.111111	
53	0.905509	0.347472	0.925926	0.333333	-0.037037	0 	0 	0.111111	
251	0.920847	0.375368	0.925926	0.333333	-0.037037	0 	0 	0.111111	
557	0.891632	0.441701	0.925926	0.333333	-0.037037	0 	0 	0.111111	
408	0.903474	0.479013	0.888889	0.444444	0.111111	0 	0 	0.037037	
159	0.908047	0.463948	0.888889	0.444444	0.111111	0 	0 	0.037037	
522	0.98967	0.467768	0.888889	0.444444	0.111111	0 	0 	0.037037	
18	0.97212	0.486111	1	0.481481	-0.111111	0 	0 	0.037037	
357	0.941918	0.509203	1	0.481481	-0.111111	0 	0 	0.037037	
210	0.899941	0.523231	0.888889	0.518519	0.111111	0 	0 	0.037037	
582	0.958935	0.533938	0.888889	0.518519	0.111111	0 	0 	0.037037	
297	0.976078	0.549207	0.888889	0.518519	0.111111	0 	0 	0.037037	
187	0.995742	0.581374	1	0.555556	-0.037037	0 	0 	0.111111	
466	0.973006	0.613695	1	0.555556	-0.037037	0 	0 	0.111111	
76	0.957679	0.652579	0.962963	0.666667	-0.037037	0 	0 	-0.111111	
499	0.941018	0.600057	0.962963	0.666667	-0.037037	0 	0 	-0.111111	
274	0.927481	0.573757	0.962963	0.666667	-0.037037	0 	0 	-0.111111	
631	0.906699	0.556184	0.925926	0.555556	-0.037037	0 	0 	0.111111	
127	0.921252	0.615415	0.925926	0.555556	-0.037037	0 	0 	0.111111	
325	0.894376	0.644719	0.925926	0.555556	-0.037037	0 	0 	0.111111	
140	0.855447	0.638784	0.888889	0.666667	-0.111111	0 	0 	-0.037037	
416	0.840062	0.666428	0.888889	0.666667	-0.111111	0 	0 	-0.037037	
539	0.805644	0.652425	0.888889	0.666667	-0.111111	0 	0 	-0.037037	
314	0.798602	0.615052	0.777778	0.62963	0.111111	0 	0 	-0.037037	
191	0.8235	0.601022	0.777778	0.62963	0.111111	0 	0 	-0.037037	
590	0.884198	0.611281	0.777778	0.62963	0.111111	0 	0 	-0.037037	
365	0.877761	0.569056	0.888889	0.592593	-0.111111	0 	0 	-0.037037	
8	0.779217	0.556796	0.888889	0.592593	-0.111111	0 	0 	-0.037037	
388	0.807118	0.521025	0.777778	0.555556	0.037037	0 	0 	-0.111111	
82	0.794247	0.499805	0.777778	0.555556	0.037037	0 	0 	-0.111111	
613	0.787162	0.474815	0.777778	0.555556	0.037037	0 	0 	-0.111111	
256	0.841487	0.450687	0.814815	0.444444	0.037037	0 	0 	0.111111	
562	0.824144	0.513936	0.814815	0.444444	0.037037	0 	0 	0.111111	
31	0.823509	0.531541	0.814815	0.444444	0.037037	0 	0 	0.111111	
448	0.886145	0.492455	0.851852	0.555556	0.037037	0 	0 	-0.111111	
223	0.875445	0.460186	0.851852	0.555556	0.037037	0 	0 	-0.111111	
279	0.85497	0.425913	0.888889	0.444444	-0.111111	0 	0 	-0.037037	
645	0.836723	0.411515	0.888889	0.444444	-0.111111	0 	0 	-0.037037	
165	0.8107	0.436214	0.888889	0.444444	-0.111111	0 	0 	-0.037037	
339	0.81969	0.386904	0.777778	0.407407	0.111111	0 	0 	-0.037037	
54	0.875342	0.395458	0.777778	0.407407	0.111111	0 	0 	-0.037037	
504	0.873107	0.360137	0.888889	0.37037	-0.111111	0 	0 	-0.037037	
114	0.847507	0.364943	0.888889	0.37037	-0.111111	0 	0 	-0.037037	
471	0.787828	0.356194	0.888889	0.37037	-0.111111	0 	0 	-0.037037	
205	0.74965	0.336786	0.777778	0.333333	-0.037037	0 	0 	0.111111	
430	0.763885	0.40661	0.777778	0.333333	-0.037037	0 	0 	0.111111	
13	0.703468	0.408739	0.740741	0.444444	-0.037037	0 	0 	-0.111111	
517	0.726248	0.404223	0.740741	0.444444	-0.037037	0 	0 	-0.111111	
319	0.717254	0.365552	0.740741	0.444444	-0.037037	0 	0 	-0.111111	
568	0.694201	0.365509	0.703704	0.333333	-0.037037	0 	0 	0.111111	
145	0.670782	0.378601	0.703704	0.333333	-0.037037	0 	0 	0.111111	
370	0.690148	0.434883	0.703704	0.333333	-0.037037	0 	0 	0.111111	
71	0.694689	0.467906	0.666667	0.444444	0.111111	0 	0 	0.037037	
347	0.745272	0.45952	0.666667	0.444444	0.111111	0 	0 	0.037037	
626	0.75978	0.485999	0.777778	0.481481	-0.111111	0 	0 	0.037037	
173	0.737703	0.514219	0.777778	0.481481	-0.111111	0 	0 	0.037037	
296	0.668038	0.500686	0.777778	0.481481	-0.111111	0 	0 	0.037037	
494	0.694992	0.52031	0.666667	0.518519	0.111111	0 	0 	0.037037	
479	0.713306	0.541838	0.666667	0.518519	0.111111	0 	0 	0.037037	
122	0.769547	0.55144	0.666667	0.518519	0.111111	0 	0 	0.037037	
540	0.742242	0.58975	0.777778	0.555556	-0.037037	0 	0 	0.111111	
36	0.772827	0.570551	0.777778	0.555556	-0.037037	0 	0 	0.111111	
261	0.769889	0.639852	0.777778	0.555556	-0.037037	0 	0 	0.111111	
600	0.735409	0.639351	0.740741	0.666667	-0.037037	0 	0 	-0.111111	
402	0.731951	0.590719	0.740741	0.666667	-0.037037	0 	0 	-0.111111	
96	0.718806	0.577288	0.740741	0.666667	-0.037037	0 	0 	-0.111111	
453	0.703668	0.579723	0.703704	0.555556	-0.037037	0 	0 	0.111111	
651	0.681213	0.619022	0.703704	0.555556	-0.037037	0 	0 	0.111111	
228	0.69905	0.649976	0.703704	0.555556	-0.037037	0 	0 	0.111111	
125	0.66655	0.664357	0.666667	0.666667	-0.111111	0 	0 	-0.037037	
482	0.603096	0.653784	0.666667	0.666667	-0.111111	0 	0 	-0.037037	
488	0.56842	0.640083	0.666667	0.666667	-0.111111	0 	0 	-0.037037	
290	0.569015	0.615534	0.555556	0.62963	0.111111	0 	0 	-0.037037	
176	0.625036	0.623154	0.555556	0.62963	0.111111	0 	0 	-0.037037	
629	0.648834	0.59808	0.555556	0.62963	0.111111	0 	0 	-0.037037	
350	0.650392	0.578444	0.666667	0.592593	-0.111111	0 	0 	-0.037037	
65	0.581163	0.579796	0.666667	0.592593	-0.111111	0 	0 	-0.037037	
525	0.550145	0.588053	0.555556	0.555556	-0.037037	0 	0 	0.111111	
21	0.518519	0.592593	0.555556	0.555556	-0.037037	0 	0 	0.111111	
300	0.532236	0.66118	0.555556	0.555556	-0.037037	0 	0 	0.111111	
576	0.50438	0.638157	0.518519	0.666667	-0.037037	0 	0 	-0.111111	
351	0.498662	0.618686	0.518519	0.666667	-0.037037	0 	0 	-0.111111	
153	0.484252	0.562669	0.518519	0.666667	-0.037037	0 	0 	-0.111111	
411	0.471124	0.574079	0.481481	0.555556	-0.037037	0 	0 	0.111111	
213	0.454427	0.63236	0.481481	0.555556	-0.037037	0 	0 	0.111111	
667	0.430222	0.661259	0.444444	0.666667	-0.111111	0 	0 	-0.037037	
34	0.389394	0.641031	0.444444	0.666667	-0.111111	0 	0 	-0.037037	
391	0.364005	0.632003	0.444444	0.666667	-0.111111	0 	0 	-0.037037	
85	0.347296	0.604745	0.333333	0.62963	0.111111	0 	0 	-0.037037	
565	0.381263	0.624822	0.333333	0.62963	0.111111	0 	0 	-0.037037	
442	0.441701	0.603567	0.333333	0.62963	0.111111	0 	0 	-0.037037	
217	0.430726	0.573703	0.444444	0.592593	-0.111111	0 	0 	-0.037037	
259	0.396706	0.562149	0.444444	0.592593	-0.111111	0 	0 	-0.037037	
616	0.339943	0.585286	0.444444	0.592593	-0.111111	0 	0 	-0.037037	
168	0.365746	0.545781	0.333333	0.555556	0.037037	0 	0 	-0.111111	
474	0.341541	0.468039	0.333333	0.555556	0.037037	0 	0 	-0.111111	
108	0.399177	0.477366	0.37037	0.444444	0.037037	0 	0 	0.111111	
333	0.376144	0.497042	0.37037	0.444444	0.037037	0 	0 	0.111111	
639	0.385057	0.522321	0.37037	0.444444	0.037037	0 	0 	0.111111	
282	0.414261	0.527396	0.407407	0.555556	0.037037	0 	0 	-0.111111	
57	0.432771	0.504809	0.407407	0.555556	0.037037	0 	0 	-0.111111	
507	0.423957	0.453704	0.407407	0.555556	0.037037	0 	0 	-0.111111	
47	0.461633	0.46798	0.444444	0.444444	0.111111	0 	0 	0.037037	
662	0.492455	0.470508	0.444444	0.444444	0.111111	0 	0 	0.037037	
386	0.54888	0.447073	0.444444	0.444444	0.111111	0 	0 	0.037037	
611	0.524397	0.50935	0.555556	0.481481	-0.111111	0 	0 	0.037037	
239	0.502577	0.497565	0.555556	0.481481	-0.111111	0 	0 	0.037037	
245	0.555287	0.488032	0.555556	0.481481	-0.111111	0 	0 	0.037037	
551	0.46041	0.548114	0.444444	0.518519	0.111111	0 	0 	0.037037	
437	0.51323	0.529265	0.444444	0.518519	0.111111	0 	0 	0.037037	
107	0.533003	0.539471	0.444444	0.518519	0.111111	0 	0 	0.037037	
373	0.578823	0.550125	0.555556	0.555556	0.037037	0 	0 	-0.111111	
148	0.565408	0.54699	0.555556	0.555556	0.037037	0 	0 	-0.111111	
571	0.588226	0.460349	0.555556	0.555556	0.037037	0 	0 	-0.111111	
322	0.606	0.471639	0.592593	0.444444	0.037037	0 	0 	0.111111	
520	0.620027	0.503429	0.592593	0.444444	0.037037	0 	0 	0.111111	
16	0.597922	0.51097	0.592593	0.444444	0.037037	0 	0 	0.111111	
424	0.653419	0.517606	0.62963	0.555556	0.037037	0 	0 	-0.111111	
199	0.638018	0.445392	0.62963	0.555556	0.037037	0 	0 	-0.111111	
264	0.666169	0.441666	0.666667	0.444444	-0.111111	0 	0 	-0.037037	
594	0.59955	0.437018	0.666667	0.444444	-0.111111	0 	0 	-0.037037	
231	0.577297	0.423801	0.666667	0.444444	-0.111111	0 	0 	-0.037037	
654	0.578268	0.398122	0.555556	0.407407	0.111111	0 	0 	-0.037037	
396	0.623101	0.374758	0.555556	0.407407	0.111111	0 	0 	-0.037037	
39	0.641042	0.384364	0.555556	0.407407	0.111111	0 	0 	-0.037037	
543	0.641275	0.360785	0.666667	0.37037	-0.111111	0 	0 	-0.037037	
90	0.612821	0.351688	0.666667	0.37037	-0.111111	0 	0 	-0.037037	
456	0.589011	0.34226	0.666667	0.37037	-0.111111	0 	0 	-0.037037	
181	0.549904	0.344261	0.555556	0.333333	-0.037037	0 	0 	0.111111	
460	0.528121	0.39369	0.555556	0.333333	-0.037037	0 	0 	0.111111	
79	0.514908	0.416564	0.518519	0.444444	-0.037037	0 	0 	-0.111111	
502	0.496754	0.381022	0.518519	0.444444	-0.037037	0 	0 	-0.111111	
277	0.481534	0.353298	0.518519	0.444444	-0.037037	0 	0 	-0.111111	
634	0.460909	0.342584	0.481481	0.333333	-0.037037	0 	0 	0.111111	
130	0.470685	0.405319	0.481481	0.333333	-0.037037	0 	0 	0.111111	
328	0.449931	0.422497	0.481481	0.333333	-0.037037	0 	0 	0.111111	
143	0.402595	0.416856	0.444444	0.444444	-0.111111	0 	0 	-0.037037	
419	0.387433	0.442264	0.444444	0.444444	-0.111111	0 	0 	-0.037037	
533	0.360454	0.429845	0.444444	0.444444	-0.111111	0 	0 	-0.037037	
308	0.361709	0.395597	0.333333	0.407407	0.111111	0 	0 	-0.037037	
194	0.379541	0.376246	0.333333	0.407407	0.111111	0 	0 	-0.037037	
593	0.440347	0.388124	0.333333	0.407407	0.111111	0 	0 	-0.037037	
368	0.430458	0.369053	0.444444	0.37037	-0.111111	0 	0 	-0.037037	
2	0.333865	0.333723	0.444444	0.37037	-0.111111	0 	0 	-0.037037	
220	0.308348	0.347454	0.333333	0.333333	-0.037037	0 	0 	0.111111	
445	0.323769	0.346021	0.333333	0.333333	-0.037037	0 	0 	0.111111	
670	0.310672	0.433045	0.333333	0.333333	-0.037037	0 	0 	0.111111	
28	0.274665	0.418857	0.296296	0.444444	-0.037037	0 	0 	-0.111111	
559	0.262478	0.403648	0.296296	0.444444	-0.037037	0 	0 	-0.111111	
253	0.286856	0.343776	0.296296	0.444444	-0.037037	0 	0 	-0.111111	
619	0.230223	0.363683	0.259259	0.333333	-0.037037	0 	0 	0.111111	
88	0.258541	0.389538	0.259259	0.333333	-0.037037	0 	0 	0.111111	
394	0.2548	0.407731	0.259259	0.333333	-0.037037	0 	0 	0.111111	
5	0.230504	0.444612	0.222222	0.444444	0.111111	0 	0 	0.037037	
362	0.315366	0.472611	0.222222	0.444444	0.111111	0 	0 	0.037037	
587	0.326712	0.489085	0.333333	0.481481	-0.111111	0 	0 	0.037037	
197	0.26904	0.485929	0.333333	0.481481	-0.111111	0 	0 	0.037037	
311	0.236594	0.513564	0.333333	0.481481	-0.111111	0 	0 	0.037037	
536	0.236427	0.523346	0.222222	0.518519	0.111111	0 	0 	0.037037	
422	0.278367	0.552476	0.222222	0.518519	0.111111	0 	0 	0.037037	
137	0.303836	0.52823	0.222222	0.518519	0.111111	0 	0 	0.037037	
510	0.32429	0.576108	0.333333	0.555556	-0.037037	0 	0 	0.111111	
60	0.322314	0.616796	0.333333	0.555556	-0.037037	0 	0 	0.111111	
285	0.297429	0.649298	0.333333	0.555556	-0.037037	0 	0 	0.111111	
642	0.277962	0.634819	0.296296	0.666667	-0.037037	0 	0 	-0.111111	
336	0.26402	0.60799	0.296296	0.666667	-0.037037	0 	0 	-0.111111	
111	0.287932	0.587126	0.296296	0.666667	-0.037037	0 	0 	-0.111111	
468	0.231824	0.578875	0.259259	0.555556	-0.037037	0 	0 	0.111111	
162	0.249721	0.659639	0.259259	0.555556	-0.037037	0 	0 	0.111111	
10	0.148148	0.62963	0.222222	0.666667	-0.111111	0 	0 	-0.037037	
376	0.130106	0.656968	0.222222	0.666667	-0.111111	0 	0 	-0.037037	
151	0.138239	0.610599	0.111111	0.62963	0.111111	0 	0 	-0.037037	
514	0.174177	0.614537	0.111111	0.62963	0.111111	0 	0 	-0.037037	
427	0.208174	0.628944	0.111111	0.62963	0.111111	0 	0 	-0.037037	
202	0.197769	0.565094	0.222222	0.592593	-0.111111	0 	0 	-0.037037	
316	0.158914	0.587932	0.222222	0.592593	-0.111111	0 	0 	-0.037037	
574	0.140139	0.574397	0.222222	0.592593	-0.111111	0 	0 	-0.037037	
225	0.124283	0.533462	0.111111	0.555556	0.037037	0 	0 	-0.111111	
648	0.12051	0.510942	0.111111	0.555556	0.037037	0 	0 	-0.111111	
450	0.143673	0.455493	0.111111	0.555556	0.037037	0 	0 	-0.111111	
93	0.157761	0.468429	0.148148	0.444444	0.037037	0 	0 	0.111111	
399	0.177435	0.484752	0.148148	0.444444	0.037037	0 	0 	0.111111	
597	0.157966	0.543927	0.148148	0.444444	0.037037	0 	0 	0.111111	
267	0.200187	0.54045	0.185185	0.555556	0.037037	0 	0 	-0.111111	
42	0.198501	0.492369	0.185185	0.555556	0.037037	0 	0 	-0.111111	
546	0.18929	0.476527	0.185185	0.555556	0.037037	0 	0 	-0.111111	
119	0.204496	0.430027	0.222222	0.444444	-0.111111	0 	0 	-0.037037	
485	0.222124	0.443015	0.222222	0.444444	-0.111111	0 	0 	-0.037037	
491	0.125269	0.417736	0.222222	0.444444	-0.111111	0 	0 	-0.037037	
293	0.111185	0.386618	0.111111	0.407407	0.111111	0 	0 	-0.037037	
179	0.179366	0.397812	0.111111	0.407407	0.111111	0 	0 	-0.037037	
623	0.20439	0.375857	0.111111	0.407407	0.111111	0 	0 	-0.037037	
344	0.194512	0.356899	0.222222	0.37037	-0.111111	0 	0 	-0.037037	
68	0.135491	0.359506	0.222222	0.37037	-0.111111	0 	0 	-0.037037	
528	0.103487	0.36099	0.111111	0.333333	-0.037037	0 	0 	0.111111	
24	0.0740156	0.370614	0.111111	0.333333	-0.037037	0 	0 	0.111111	
303	0.0885436	0.439994	0.111111	0.333333	-0.037037	0 	0 	0.111111	
579	0.0601363	0.419788	0.0740741	0.444444	-0.037037	0 	0 	-0.111111	
354	0.0575142	0.396567	0.0740741	0.444444	-0.037037	0 	0 	-0.111111	
156	0.0427379	0.34215	0.0740741	0.444444	-0.037037	0 	0 	-0.111111	
405	0.0363942	0.363556	0.037037	0.333333	-0.037037	0 	0 	0.111111	
207	0.00725555	0.409933	0.037037	0.333333	-0.037037	0 	0 	0.111111	
637	0.028506	0.447509	0	0.444444	0.111111	0 	0 	0.037037	
271	0.0376951	0.463311	0	0.444444	0.111111	0 	0 	0.037037	
184	0.106213	0.473185	0	0.444444	0.111111	0 	0 	0.037037	
463	0.0872247	0.505609	0.111111	0.481481	-0.111111	0 	0 	0.037037	
496	0.0521951	0.491322	0.111111	0.481481	-0.111111	0 	0 	0.037037	
133	0.0276639	0.516722	0.111111	0.481481	-0.111111	0 	0 	0.037037	
331	0.00252762	0.528253	0	0.518519	0.111111	0 	0 	0.037037	
73	0.0625864	0.543686	0	0.518519	0.111111	0 	0 	0.037037	
380	0.111062	0.569844	0.111111	0.555556	-0.037037	0 	0 	0.111111	
605	0.0811616	0.623552	0.111111	0.555556	-0.037037	0 	0 	0.111111	
101	0.0907468	0.649085	0.111111	0.555556	-0.037037	0 	0 	0.111111	
440	0.065927	0.63406	0.0740741	0.666667	-0.037037	0 	0 	-0.111111	
242	0.0693003	0.666169	0.0740741	0.666667	-0.037037	0 	0 	-0.111111	
665	0.0480114	0.581563	0.0740741	0.666667	-0.037037	0 	0 	-0.111111	
50	0.0326004	0.573076	0.037037	0.555556	-0.037037	0 	0 	0.111111	
248	0.0328284	0.589734	0.037037	0.555556	-0.037037	0 	0 	0.111111	
554	0.00302477	0.664676	0.037037	0.555556	-0.037037	0 	0 	0.111111	
567	0.0325973	0.687294	0	0.666667	0.111111	0 	0 	0.037037	
318	0.0524214	0.697995	0	0.666667	0.111111	0 	0 	0.037037	
204	0.0826722	0.670875	0	0.666667	0.111111	0 	0 	0.037037	
429	0.109894	0.717961	0.111111	0.703704	-0.111111	0 	0 	0.037037	
516	0.0685809	0.727048	0.111111	0.703704	-0.111111	0 	0 	0.037037	
144	0.00369397	0.710726	0.111111	0.703704	-0.111111	0 	0 	0.037037	
369	0.00777937	0.773212	0	0.740741	0.111111	0 	0 	0.037037	
12	0.0387493	0.740963	0	0.740741	0.111111	0 	0 	0.037037	
167	0.144028	0.771579	0.111111	0.777778	0.037037	0 	0 	-0.111111	
473	0.117519	0.763044	0.111111	0.777778	0.037037	0 	0 	-0.111111	
116	0.176541	0.698839	0.148148	0.666667	0.037037	0 	0 	0.111111	
341	0.163822	0.72365	0.148148	0.666667	0.037037	0 	0 	0.111111	
647	0.165469	0.745126	0.148148	0.666667	0.037037	0 	0 	0.111111	
281	0.189821	0.758931	0.185185	0.777778	0.037037	0 	0 	-0.111111	
56	0.209658	0.72852	0.185185	0.777778	0.037037	0 	0 	-0.111111	
506	0.201579	0.67716	0.185185	0.777778	0.037037	0 	0 	-0.111111	
52	0.234315	0.676916	0.222222	0.666667	0.111111	0 	0 	0.037037	
658	0.271248	0.69275	0.222222	0.666667	0.111111	0 	0 	0.037037	
382	0.326475	0.66941	0.222222	0.666667	0.111111	0 	0 	0.037037	
607	0.299393	0.73157	0.333333	0.703704	-0.111111	0 	0 	0.037037	
235	0.281264	0.720532	0.333333	0.703704	-0.111111	0 	0 	0.037037	
250	0.249401	0.710521	0.333333	0.703704	-0.111111	0 	0 	0.037037	
556	0.23324	0.745936	0.222222	0.740741	0.111111	0 	0 	0.037037	
433	0.292416	0.745573	0.222222	0.740741	0.111111	0 	0 	0.037037	
103	0.313821	0.760223	0.222222	0.740741	0.111111	0 	0 	0.037037	
524	0.323605	0.804148	0.333333	0.777778	-0.037037	0 	0 	0.111111	
20	0.295938	0.815444	0.333333	0.777778	-0.037037	0 	0 	0.111111	
299	0.309689	0.884039	0.333333	0.777778	-0.037037	0 	0 	0.111111	
584	0.293291	0.8607	0.296296	0.888889	-0.037037	0 	0 	-0.111111	
359	0.281309	0.848252	0.296296	0.888889	-0.037037	0 	0 	-0.111111	
161	0.263526	0.785342	0.296296	0.888889	-0.037037	0 	0 	-0.111111	
410	0.241794	0.812212	0.259259	0.777778	-0.037037	0 	0 	0.111111	
212	0.229345	0.856604	0.259259	0.777778	-0.037037	0 	0 	0.111111	
30	0.160494	0.864198	0.222222	0.888889	-0.111111	0 	0 	-0.037037	
387	0.141443	0.854655	0.222222	0.888889	-0.111111	0 	0 	-0.037037	
81	0.150812	0.849306	0.111111	0.851852	0.111111	0 	0 	-0.037037	
561	0.153416	0.847039	0.111111	0.851852	0.111111	0 	0 	-0.037037	
447	0.219479	0.825789	0.111111	0.851852	0.111111	0 	0 	-0.037037	
222	0.207835	0.814655	0.222222	0.814815	-0.111111	0 	0 	-0.037037	
255	0.180755	0.785602	0.222222	0.814815	-0.111111	0 	0 	-0.037037	
612	0.116941	0.80717	0.222222	0.814815	-0.111111	0 	0 	-0.037037	
346	0.079285	0.790914	0.111111	0.777778	-0.037037	0 	0 	0.111111	
625	0.100174	0.786849	0.111111	0.777778	-0.037037	0 	0 	0.111111	
121	0.101913	0.877767	0.111111	0.777778	-0.037037	0 	0 	0.111111	
478	0.0595936	0.857558	0.0740741	0.888889	-0.037037	0 	0 	-0.111111	
172	0.0638225	0.841791	0.0740741	0.888889	-0.037037	0 	0 	-0.111111	
70	0.0321153	0.779595	0.037037	0.777778	-0.037037	0 	0 	0.111111	
295	0.00283208	0.833659	0.037037	0.777778	-0.037037	0 	0 	0.111111	
493	0.0367699	0.870738	0.037037	0.777778	-0.037037	0 	0 	0.111111	
455	0.0286415	0.894022	0	0.888889	0.111111	0 	0 	0.037037	
98	0.055721	0.906255	0	0.888889	0.111111	0 	0 	0.037037	
542	0.0766744	0.919846	0	0.888889	0.111111	0 	0 	0.037037	
38	0.0972169	0.930676	0.111111	0.925926	-0.111111	0 	0 	0.037037	
404	0.110087	0.935625	0.111111	0.925926	-0.111111	0 	0 	0.037037	
653	0.00774309	0.949298	0.111111	0.925926	-0.111111	0 	0 	0.037037	
230	0.0139343	0.977554	0	0.962963	0.111111	0 	0 	0.037037	
602	0.0452188	0.993751	0	0.962963	0.111111	0 	0 	0.037037	
263	0.0971538	0.970075	0	0.962963	0.111111	0 	0 	0.037037	
538	0.130909	0.98032	0.111111	1	0.037037	0 	0 	-0.111111	
313	0.126891	0.957623	0.111111	1	0.037037	0 	0 	-0.111111	
7	0.114127	0.889126	0.111111	1	0.037037	0 	0 	-0.111111	
190	0.171377	0.922095	0.148148	0.888889	0.037037	0 	0 	0.111111	
415	0.177206	0.99665	0.148148	0.888889	0.037037	0 	0 	0.111111	
139	0.185267	0.95605	0.185185	1	0.037037	0 	0 	-0.111111	
589	0.216209	0.944801	0.185185	1	0.037037	0 	0 	-0.111111	
364	0.202555	0.917039	0.185185	1	0.037037	0 	0 	-0.111111	
630	0.234322	0.897	0.222222	0.888889	0.111111	0 	0 	0.037037	
273	0.243956	0.902901	0.222222	0.888889	0.111111	0 	0 	0.037037	
186	0.329218	0.917695	0.222222	0.888889	0.111111	0 	0 	0.037037	
465	0.308584	0.944881	0.333333	0.925926	-0.111111	0 	0 	0.037037	
498	0.280601	0.935292	0.333333	0.925926	-0.111111	0 	0 	0.037037	
126	0.248341	0.960783	0.333333	0.925926	-0.111111	0 	0 	0.037037	
324	0.236282	0.977099	0.222222	0.962963	0.111111	0 	0 	0.037037	
75	0.284658	0.986192	0.222222	0.962963	0.111111	0 	0 	0.037037	
553	0.333508	0.990769	0.333333	1	0.037037	0 	0 	-0.111111	
247	0.360842	0.933212	0.333333	1	0.037037	0 	0 	-0.111111	
49	0.345362	0.899603	0.333333	1	0.037037	0 	0 	-0.111111	
664	0.379792	0.92658	0.37037	0.888889	0.037037	0 	0 	0.111111	
241	0.39046	0.944462	0.37037	0.888889	0.037037	0 	0 	0.111111	
439	0.40464	0.973925	0.37037	0.888889	0.037037	0 	0 	0.111111	
100	0.419506	0.980611	0.407407	1	0.037037	0 	0 	-0.111111	
604	0.417178	0.986958	0.407407	1	0.037037	0 	0 	-0.111111	
379	0.437677	0.892051	0.407407	1	0.037037	0 	0 	-0.111111	
72	0.396212	0.879854	0.444444	0.888889	-0.111111	0 	0 	-0.037037	
330	0.339857	0.867365	0.444444	0.888889	-0.111111	0 	0 	-0.037037	
132	0.350994	0.841642	0.333333	0.851852	0.111111	0 	0 	-0.037037	
495	0.384426	0.822648	0.333333	0.851852	0.111111	0 	0 	-0.037037	
462	0.419302	0.838633	0.333333	0.851852	0.111111	0 	0 	-0.037037	
183	0.444417	0.810007	0.444444	0.814815	-0.111111	0 	0 	-0.037037	
270	0.372085	0.796835	0.444444	0.814815	-0.111111	0 	0 	-0.037037	
636	0.352538	0.783265	0.444444	0.814815	-0.111111	0 	0 	-0.037037	
209	0.338017	0.77219	0.333333	0.777778	0.037037	0 	0 	-0.111111	
407	0.352764	0.703193	0.333333	0.777778	0.037037	0 	0 	-0.111111	
158	0.377078	0.699106	0.37037	0.666667	0.037037	0 	0 	0.111111	
356	0.389239	0.730654	0.37037	0.666667	0.037037	0 	0 	0.111111	
581	0.40192	0.758573	0.37037	0.666667	0.037037	0 	0 	0.111111	
305	0.417773	0.763819	0.407407	0.777778	0.037037	0 	0 	-0.111111	
26	0.411083	0.693808	0.407407	0.777778	0.037037	0 	0 	-0.111111	
530	0.434941	0.688139	0.407407	0.777778	0.037037	0 	0 	-0.111111	
67	0.46661	0.69015	0.444444	0.666667	0.111111	0 	0 	0.037037	
343	0.523112	0.682391	0.444444	0.666667	0.111111	0 	0 	0.037037	
622	0.543139	0.713879	0.555556	0.703704	-0.111111	0 	0 	0.037037	
178	0.534364	0.736643	0.555556	0.703704	-0.111111	0 	0 	0.037037	
292	0.445816	0.722908	0.555556	0.703704	-0.111111	0 	0 	0.037037	
490	0.472448	0.749433	0.444444	0.740741	0.111111	0 	0 	0.037037	
484	0.491772	0.766428	0.444444	0.740741	0.111111	0 	0 	0.037037	
118	0.546929	0.773389	0.444444	0.740741	0.111111	0 	0 	0.037037	
548	0.521609	0.812012	0.555556	0.777778	-0.037037	0 	0 	0.111111	
44	0.535866	0.823329	0.555556	0.777778	-0.037037	0 	0 	0.111111	
269	0.547126	0.861451	0.555556	0.777778	-0.037037	0 	0 	0.111111	
599	0.485429	0.881848	0.518519	0.888889	-0.037037	0 	0 	-0.111111	
401	0.507501	0.874648	0.518519	0.888889	-0.037037	0 	0 	-0.111111	
95	0.498124	0.797158	0.518519	0.888889	-0.037037	0 	0 	-0.111111	
452	0.48102	0.805699	0.481481	0.777778	-0.037037	0 	0 	0.111111	
650	0.453699	0.84506	0.481481	0.777778	-0.037037	0 	0 	0.111111	
227	0.466291	0.867811	0.481481	0.777778	-0.037037	0 	0 	0.111111	
573	0.473931	0.907014	0.444444	0.888889	0.111111	0 	0 	0.037037	
315	0.495643	0.921912	0.444444	0.888889	0.111111	0 	0 	0.037037	
201	0.524346	0.892471	0.444444	0.888889	0.111111	0 	0 	0.037037	
426	0.527842	0.960579	0.555556	0.925926	-0.111111	0 	0 	0.037037	
513	0.550201	0.952624	0.555556	0.925926	-0.111111	0 	0 	0.037037	
150	0.449046	0.933233	0.555556	0.925926	-0.111111	0 	0 	0.037037	
375	0.464418	0.994691	0.444444	0.962963	0.111111	0 	0 	0.037037	
9	0.48049	0.963297	0.444444	0.962963	0.111111	0 	0 	0.037037	
164	0.588477	0.99177	0.555556	1	0.037037	0 	0 	-0.111111	
470	0.561485	0.912368	0.555556	1	0.037037	0 	0 	-0.111111	
113	0.618793	0.921698	0.592593	0.888889	0.037037	0 	0 	0.111111	
338	0.603522	0.944195	0.592593	0.888889	0.037037	0 	0 	0.111111	
644	0.611104	0.965532	0.592593	0.888889	0.037037	0 	0 	0.111111	
287	0.637648	0.986088	0.62963	1	0.037037	0 	0 	-0.111111	
62	0.634488	0.957632	0.62963	1	0.037037	0 	0 	-0.111111	
512	0.634383	0.896727	0.62963	1	0.037037	0 	0 	-0.111111	
136	0.633471	0.853539	0.666667	0.888889	-0.111111	0 	0 	-0.037037	
421	0.650452	0.875719	0.666667	0.888889	-0.111111	0 	0 	-0.037037	
535	0.581977	0.871452	0.666667	0.888889	-0.111111	0 	0 	-0.037037	
310	0.583366	0.837021	0.555556	0.851852	0.111111	0 	0 	-0.037037	
196	0.601003	0.818129	0.555556	0.851852	0.111111	0 	0 	-0.037037	
586	0.663094	0.831672	0.555556	0.851852	0.111111	0 	0 	-0.037037	
361	0.638359	0.809243	0.666667	0.814815	-0.111111	0 	0 	-0.037037	
4	0.554397	0.778843	0.666667	0.814815	-0.111111	0 	0 	-0.037037	
393	0.592624	0.748439	0.555556	0.777778	0.037037	0 	0 	-0.111111	
87	0.566051	0.721945	0.555556	0.777778	0.037037	0 	0 	-0.111111	
618	0.559621	0.699769	0.555556	0.777778	0.037037	0 	0 	-0.111111	
252	0.622902	0.672819	0.592593	0.666667	0.037037	0 	0 	0.111111	
558	0.603901	0.682319	0.592593	0.666667	0.037037	0 	0 	0.111111	
27	0.607633	0.759909	0.592593	0.666667	0.037037	0 	0 	0.111111	
669	0.638522	0.76859	0.62963	0.777778	0.037037	0 	0 	-0.111111	
444	0.663453	0.713985	0.62963	0.777778	0.037037	0 	0 	-0.111111	
219	0.648903	0.68437	0.62963	0.777778	0.037037	0 	0 	-0.111111	
1	0.680656	0.675112	0.666667	0.666667	0.111111	0 	0 	0.037037	
367	0.758363	0.696103	0.666667	0.666667	0.111111	0 	0 	0.037037	
592	0.763635	0.717124	0.777778	0.703704	-0.111111	0 	0 	0.037037	
193	0.712817	0.710589	0.777778	0.703704	-0.111111	0 	0 	0.037037	
307	0.679268	0.736889	0.777778	0.703704	-0.111111	0 	0 	0.037037	
532	0.691781	0.762625	0.666667	0.740741	0.111111	0 	0 	0.037037	
418	0.725224	0.777308	0.666667	0.740741	0.111111	0 	0 	0.037037	
142	0.745128	0.749777	0.666667	0.740741	0.111111	0 	0 	0.037037	
327	0.786212	0.764885	0.777778	0.777778	0.037037	0 	0 	-0.111111	
129	0.806368	0.735104	0.777778	0.777778	0.037037	0 	0 	-0.111111	
633	0.796953	0.672585	0.777778	0.777778	0.037037	0 	0 	-0.111111	
276	0.82387	0.666921	0.814815	0.666667	0.037037	0 	0 	0.111111	
501	0.838725	0.708343	0.814815	0.666667	0.037037	0 	0 	0.111111	
78	0.839717	0.764828	0.814815	0.666667	0.037037	0 	0 	0.111111	
459	0.861436	0.727079	0.851852	0.777778	0.037037	0 	0 	-0.111111	
180	0.879546	0.69604	0.851852	0.777778	0.037037	0 	0 	-0.111111	
458	0.921483	0.676088	0.888889	0.666667	0.111111	0 	0 	0.037037	
92	0.942702	0.684544	0.888889	0.666667	0.111111	0 	0 	0.037037	
545	0.965744	0.699645	0.888889	0.666667	0.111111	0 	0 	0.037037	
41	0.986098	0.714886	1	0.703704	-0.111111	0 	0 	0.037037	
398	0.990425	0.713554	1	0.703704	-0.111111	0 	0 	0.037037	
656	0.89904	0.729006	1	0.703704	-0.111111	0 	0 	0.037037	
233	0.905012	0.750425	0.888889	0.740741	0.111111	0 	0 	0.037037	
596	0.930894	0.76666	0.888889	0.740741	0.111111	0 	0 	0.037037	
266	0.990112	0.745984	0.888889	0.740741	0.111111	0 	0 	0.037037	
198	0.972171	0.785465	1	0.777778	-0.037037	0 	0 	0.111111	
423	0.995163	0.878211	1	0.777778	-0.037037	0 	0 	0.111111	
15	0.930809	0.854128	0.962963	0.888889	-0.037037	0 	0 	-0.111111	
519	0.955906	0.842481	0.962963	0.888889	-0.037037	0 	0 	-0.111111	
321	0.946499	0.817076	0.962963	0.888889	-0.037037	0 	0 	-0.111111	
570	0.925703	0.790409	0.925926	0.777778	-0.037037	0 	0 	0.111111	
147	0.925892	0.806468	0.925926	0.777778	-0.037037	0 	0 	0.111111	
372	0.925798	0.87838	0.925926	0.777778	-0.037037	0 	0 	0.111111	
106	0.870461	0.868614	0.888889	0.888889	-0.111111	0 	0 	-0.037037	
436	0.849108	0.862826	0.888889	0.888889	-0.111111	0 	0 	-0.037037	
550	0.782064	0.883614	0.888889	0.888889	-0.111111	0 	0 	-0.037037	
244	0.801726	0.829011	0.777778	0.851852	0.111111	0 	0 	-0.037037	
238	0.833427	0.837545	0.777778	0.851852	0.111111	0 	0 	-0.037037	
610	0.856316	0.845475	0.777778	0.851852	0.111111	0 	0 	-0.037037	
385	0.874783	0.813344	0.888889	0.814815	-0.111111	0 	0 	-0.037037	
661	0.822909	0.804963	0.888889	0.814815	-0.111111	0 	0 	-0.037037	
46	0.881989	0.810023	0.888889	0.814815	-0.111111	0 	0 	-0.037037	
509	0.759195	0.78525	0.777778	0.777778	-0.037037	0 	0 	0.111111	
59	0.777123	0.778068	0.777778	0.777778	-0.037037	0 	0 	0.111111	
284	0.741537	0.871448	0.777778	0.777778	-0.037037	0 	0 	0.111111	
641	0.722303	0.856954	0.740741	0.888889	-0.037037	0 	0 	-0.111111	
335	0.708183	0.83018	0.740741	0.888889	-0.037037	0 	0 	-0.111111	
110	0.734792	0.808102	0.740741	0.888889	-0.037037	0 	0 	-0.111111	
476	0.676585	0.79912	0.703704	0.777778	-0.037037	0 	0 	0.111111	
170	0.694162	0.874491	0.703704	0.777778	-0.037037	0 	0 	0.111111	
615	0.666696	0.910982	0.666667	0.888889	0.111111	0 	0 	0.037037	
258	0.733296	0.893296	0.666667	0.888889	0.111111	0 	0 	0.037037	
216	0.764517	0.907375	0.666667	0.888889	0.111111	0 	0 	0.037037	
441	0.777672	0.94082	0.777778	0.925926	-0.111111	0 	0 	0.037037	
564	0.706447	0.960219	0.777778	0.925926	-0.111111	0 	0 	0.037037	
84	0.684023	0.942612	0.777778	0.925926	-0.111111	0 	0 	0.037037	
390	0.694508	0.967079	0.666667	0.962963	0.111111	0 	0 	0.037037	
33	0.715208	0.976749	0.666667	0.962963	0.111111	0 	0 	0.037037	
666	0.752589	0.991326	0.666667	0.962963	0.111111	0 	0 	0.037037	
215	0.79222	0.975613	0.777778	1	0.037037	0 	0 	-0.111111	
413	0.800534	0.923797	0.777778	1	0.037037	0 	0 	-0.111111	
155	0.819971	0.90097	0.814815	0.888889	0.037037	0 	0 	0.111111	
353	0.823381	0.952183	0.814815	0.888889	0.037037	0 	0 	0.111111	
578	0.845097	0.980835	0.814815	0.888889	0.037037	0 	0 	0.111111	
302	0.861229	0.962985	0.851852	1	0.037037	0 	0 	-0.111111	
23	0.860917	0.926997	0.851852	1	0.037037	0 	0 	-0.111111	
527	0.87749	0.91022	0.851852	1	0.037037	0 	0 	-0.111111	
64	0.919762	0.909083	0.888889	0.888889	0.111111	0 	0 	0.037037	
349	0.969157	0.904435	0.888889	0.888889	0.111111	0 	0 	0.037037	
628	0.975174	0.936928	1	0.925926	-0.111111	0 	0 	0.037037	
175	0.963002	0.952147	1	0.925926	-0.111111	0 	0 	0.037037	
289	0.89188	0.945539	1	0.925926	-0.111111	0 	0 	0.037037	
487	0.90908	0.963812	0.888889	0.962963	0.111111	0 	0 	0.037037	
481	0.93745	0.997726	0.888889	0.962963	0.111111	0 	0 	0.037037	
124	0.99177	0.995885	0.888889	0.962963	0.111111	0 	0 	0.037037	
