0	0.033552	0.003731	0	0	0.111111	0 	0 	0.037037	
366	0.0903134	0.0250669	0	0	0.111111	0 	0 	0.037037	
192	0.0812758	0.037407	0.111111	0.037037	-0.111111	0 	0 	0.037037	
306	0.0175584	0.0663036	0.111111	0.037037	-0.111111	0 	0 	0.037037	
531	0.0419703	0.0972709	0	0.0740741	0.111111	0 	0 	0.037037	
417	0.00337817	0.0976302	0	0.0740741	0.111111	0 	0 	0.037037	
141	0.0781893	0.0823045	0	0.0740741	0.111111	0 	0 	0.037037	
329	0.130155	0.0923224	0.111111	0.111111	0.037037	0 	0 	-0.111111	
131	0.13862	0.0674428	0.111111	0.111111	0.037037	0 	0 	-0.111111	
278	0.1622	0.0196859	0.148148	0	0.037037	0 	0 	0.111111	
503	0.166832	0.0143311	0.148148	0	0.037037	0 	0 	0.111111	
80	0.175827	0.0974615	0.148148	0	0.037037	0 	0 	0.111111	
461	0.194529	0.0539214	0.185185	0.111111	0.037037	0 	0 	-0.111111	
182	0.218131	0.0294208	0.185185	0.111111	0.037037	0 	0 	-0.111111	
457	0.250179	0.017906	0.222222	0	0.111111	0 	0 	0.037037	
91	0.278019	0.0197932	0.222222	0	0.111111	0 	0 	0.037037	
40	0.311997	0.0505214	0.333333	0.037037	-0.111111	0 	0 	0.037037	
397	0.289438	0.0397805	0.333333	0.037037	-0.111111	0 	0 	0.037037	
232	0.2502	0.0976572	0.222222	0.0740741	0.111111	0 	0 	0.037037	
265	0.321463	0.0816743	0.222222	0.0740741	0.111111	0 	0 	0.037037	
200	0.305763	0.118077	0.333333	0.111111	-0.037037	0 	0 	0.111111	
425	0.319069	0.183277	0.333333	0.111111	-0.037037	0 	0 	0.111111	
17	0.257686	0.184498	0.296296	0.222222	-0.037037	0 	0 	-0.111111	
521	0.281186	0.166019	0.296296	0.222222	-0.037037	0 	0 	-0.111111	
323	0.278136	0.208942	0.296296	0.222222	-0.037037	0 	0 	-0.111111	
149	0.224635	0.1538	0.259259	0.111111	-0.037037	0 	0 	0.111111	
374	0.2496	0.209545	0.259259	0.111111	-0.037037	0 	0 	0.111111	
105	0.198626	0.203541	0.222222	0.222222	-0.111111	0 	0 	-0.037037	
435	0.187349	0.194069	0.222222	0.222222	-0.111111	0 	0 	-0.037037	
243	0.139674	0.166794	0.111111	0.185185	0.111111	0 	0 	-0.037037	
237	0.170025	0.166507	0.111111	0.185185	0.111111	0 	0 	-0.037037	
384	0.216139	0.12978	0.222222	0.148148	-0.111111	0 	0 	-0.037037	
45	0.126926	0.123859	0.222222	0.148148	-0.111111	0 	0 	-0.037037	
508	0.111015	0.127457	0.111111	0.111111	-0.037037	0 	0 	0.111111	
58	0.106195	0.191412	0.111111	0.111111	-0.037037	0 	0 	0.111111	
283	0.0760516	0.207401	0.111111	0.111111	-0.037037	0 	0 	0.111111	
334	0.0463135	0.166262	0.0740741	0.222222	-0.037037	0 	0 	-0.111111	
109	0.0637382	0.142153	0.0740741	0.222222	-0.037037	0 	0 	-0.111111	
475	0.0158779	0.141566	0.037037	0.111111	-0.037037	0 	0 	0.111111	
169	0.0339811	0.222024	0.037037	0.111111	-0.037037	0 	0 	0.111111	
260	0.0633725	0.233125	0	0.222222	0.111111	0 	0 	0.037037	
218	0.0929572	0.239951	0	0.222222	0.111111	0 	0 	0.037037	
443	0.0978162	0.275512	0.111111	0.259259	-0.111111	0 	0 	0.037037	
86	0.0148024	0.276739	0.111111	0.259259	-0.111111	0 	0 	0.037037	
392	0.0154142	0.315722	0	0.296296	0.111111	0 	0 	0.037037	
35	0.0517629	0.306032	0	0.296296	0.111111	0 	0 	0.037037	
214	0.120847	0.319005	0.111111	0.333333	0.037037	0 	0 	-0.111111	
412	0.129676	0.257792	0.111111	0.333333	0.037037	0 	0 	-0.111111	
154	0.157202	0.245345	0.148148	0.222222	0.037037	0 	0 	0.111111	
352	0.158911	0.291701	0.148148	0.222222	0.037037	0 	0 	0.111111	
301	0.192004	0.332654	0.185185	0.333333	0.037037	0 	0 	-0.111111	
22	0.185207	0.321195	0.185185	0.333333	0.037037	0 	0 	-0.111111	
526	0.21133	0.245117	0.185185	0.333333	0.037037	0 	0 	-0.111111	
63	0.253446	0.247089	0.222222	0.222222	0.111111	0 	0 	0.037037	
348	0.300411	0.236174	0.222222	0.222222	0.111111	0 	0 	0.037037	
174	0.290123	0.284584	0.333333	0.259259	-0.111111	0 	0 	0.037037	
288	0.225073	0.279033	0.333333	0.259259	-0.111111	0 	0 	0.037037	
486	0.239358	0.300762	0.222222	0.296296	0.111111	0 	0 	0.037037	
480	0.26948	0.319471	0.222222	0.296296	0.111111	0 	0 	0.037037	
123	0.324746	0.330801	0.222222	0.296296	0.111111	0 	0 	0.037037	
229	0.354331	0.312587	0.333333	0.333333	0.037037	0 	0 	-0.111111	
454	0.365594	0.231357	0.333333	0.333333	0.037037	0 	0 	-0.111111	
97	0.376866	0.251232	0.37037	0.222222	0.037037	0 	0 	0.111111	
403	0.40191	0.265779	0.37037	0.222222	0.037037	0 	0 	0.111111	
262	0.433471	0.303155	0.407407	0.333333	0.037037	0 	0 	-0.111111	
37	0.411145	0.274537	0.407407	0.333333	0.037037	0 	0 	-0.111111	
120	0.430199	0.221134	0.444444	0.222222	-0.111111	0 	0 	-0.037037	
477	0.379543	0.208186	0.444444	0.222222	-0.111111	0 	0 	-0.037037	
492	0.429116	0.211561	0.444444	0.222222	-0.111111	0 	0 	-0.037037	
294	0.346553	0.159593	0.333333	0.185185	0.111111	0 	0 	-0.037037	
171	0.400644	0.176011	0.333333	0.185185	0.111111	0 	0 	-0.037037	
345	0.443654	0.13339	0.444444	0.148148	-0.111111	0 	0 	-0.037037	
69	0.355022	0.135852	0.444444	0.148148	-0.111111	0 	0 	-0.037037	
371	0.342956	0.0964341	0.333333	0.111111	0.037037	0 	0 	-0.111111	
146	0.339145	0.0834435	0.333333	0.111111	0.037037	0 	0 	-0.111111	
320	0.379411	0.033209	0.37037	0	0.037037	0 	0 	0.111111	
518	0.398427	0.0583884	0.37037	0	0.037037	0 	0 	0.111111	
14	0.376072	0.0701442	0.37037	0	0.037037	0 	0 	0.111111	
431	0.429042	0.0717111	0.407407	0.111111	0.037037	0 	0 	-0.111111	
206	0.423168	0.0815335	0.407407	0.111111	0.037037	0 	0 	-0.111111	
472	0.456113	0.0205737	0.444444	0	0.111111	0 	0 	0.037037	
115	0.515218	0.0317343	0.444444	0	0.111111	0 	0 	0.037037	
505	0.458466	0.002061	0.444444	0	0.111111	0 	0 	0.037037	
55	0.541615	0.0578331	0.555556	0.037037	-0.111111	0 	0 	0.037037	
340	0.489453	0.0521869	0.555556	0.037037	-0.111111	0 	0 	0.037037	
166	0.49099	0.111103	0.444444	0.0740741	0.111111	0 	0 	0.037037	
280	0.521595	0.0991262	0.444444	0.0740741	0.111111	0 	0 	0.037037	
224	0.542112	0.131145	0.555556	0.111111	-0.037037	0 	0 	0.111111	
449	0.545983	0.151024	0.555556	0.111111	-0.037037	0 	0 	0.111111	
32	0.490605	0.196904	0.518519	0.222222	-0.037037	0 	0 	-0.111111	
257	0.516055	0.117393	0.518519	0.222222	-0.037037	0 	0 	-0.111111	
83	0.458241	0.163693	0.481481	0.111111	-0.037037	0 	0 	0.111111	
389	0.481468	0.186216	0.481481	0.111111	-0.037037	0 	0 	0.111111	
6	0.44766	0.226917	0.444444	0.222222	0.111111	0 	0 	0.037037	
363	0.538677	0.25095	0.444444	0.222222	0.111111	0 	0 	0.037037	
189	0.489765	0.263078	0.555556	0.259259	-0.111111	0 	0 	0.037037	
312	0.459499	0.292076	0.555556	0.259259	-0.111111	0 	0 	0.037037	
414	0.503618	0.332086	0.444444	0.296296	0.111111	0 	0 	0.037037	
138	0.524053	0.303679	0.444444	0.296296	0.111111	0 	0 	0.037037	
326	0.560934	0.291291	0.555556	0.333333	0.037037	0 	0 	-0.111111	
128	0.581942	0.291425	0.555556	0.333333	0.037037	0 	0 	-0.111111	
275	0.592654	0.253627	0.592593	0.222222	0.037037	0 	0 	0.111111	
500	0.595165	0.264292	0.592593	0.222222	0.037037	0 	0 	0.111111	
77	0.617326	0.321866	0.592593	0.222222	0.037037	0 	0 	0.111111	
467	0.639503	0.284109	0.62963	0.333333	0.037037	0 	0 	-0.111111	
188	0.662681	0.247561	0.62963	0.333333	0.037037	0 	0 	-0.111111	
298	0.652535	0.22168	0.666667	0.222222	-0.111111	0 	0 	-0.037037	
211	0.563927	0.189153	0.666667	0.222222	-0.111111	0 	0 	-0.037037	
358	0.612116	0.174749	0.555556	0.185185	0.111111	0 	0 	-0.037037	
19	0.62963	0.148148	0.555556	0.185185	0.111111	0 	0 	-0.037037	
523	0.652711	0.129187	0.666667	0.148148	-0.111111	0 	0 	-0.037037	
160	0.596325	0.118884	0.666667	0.148148	-0.111111	0 	0 	-0.037037	
409	0.579848	0.145976	0.666667	0.148148	-0.111111	0 	0 	-0.037037	
249	0.583603	0.0467614	0.555556	0.111111	0.037037	0 	0 	-0.111111	
51	0.564911	0.0155155	0.555556	0.111111	0.037037	0 	0 	-0.111111	
234	0.61606	0.0528884	0.592593	0	0.037037	0 	0 	0.111111	
432	0.625871	0.0848682	0.592593	0	0.037037	0 	0 	0.111111	
102	0.6412	0.0984577	0.62963	0.111111	0.037037	0 	0 	-0.111111	
381	0.657073	0.00290531	0.62963	0.111111	0.037037	0 	0 	-0.111111	
406	0.686164	0.0349523	0.666667	0	0.111111	0 	0 	0.037037	
157	0.709844	0.0055882	0.666667	0	0.111111	0 	0 	0.037037	
529	0.764086	0.0244389	0.666667	0	0.111111	0 	0 	0.037037	
25	0.727993	0.0382089	0.777778	0.037037	-0.111111	0 	0 	0.037037	
355	0.777556	0.0405323	0.777778	0.037037	-0.111111	0 	0 	0.037037	
208	0.679064	0.0743617	0.666667	0.0740741	0.111111	0 	0 	0.037037	
304	0.748921	0.102343	0.666667	0.0740741	0.111111	0 	0 	0.037037	
489	0.796572	0.0826293	0.777778	0.111111	0.037037	0 	0 	-0.111111	
291	0.801401	0.0416486	0.777778	0.111111	0.037037	0 	0 	-0.111111	
66	0.805596	0.0269404	0.777778	0.111111	0.037037	0 	0 	-0.111111	
177	0.84796	0.0669846	0.814815	0	0.037037	0 	0 	0.111111	
483	0.829161	0.0924446	0.814815	0	0.037037	0 	0 	0.111111	
117	0.879916	0.104153	0.851852	0.111111	0.037037	0 	0 	-0.111111	
342	0.862247	0.0925938	0.851852	0.111111	0.037037	0 	0 	-0.111111	
254	0.951855	0.00264753	0.888889	0	0.111111	0 	0 	0.037037	
221	0.988962	0.0147992	0.888889	0	0.111111	0 	0 	0.037037	
446	0.970752	0.0374795	1	0.037037	-0.111111	0 	0 	0.037037	
89	0.91628	0.0504652	1	0.037037	-0.111111	0 	0 	0.037037	
395	0.935667	0.0853498	0.888889	0.0740741	0.111111	0 	0 	0.037037	
29	0.917376	0.0741145	0.888889	0.0740741	0.111111	0 	0 	0.037037	
360	0.97393	0.139802	1	0.111111	-0.037037	0 	0 	0.111111	
135	0.985222	0.11727	1	0.111111	-0.037037	0 	0 	0.111111	
420	0.948991	0.220869	0.962963	0.222222	-0.037037	0 	0 	-0.111111	
195	0.947766	0.202444	0.962963	0.222222	-0.037037	0 	0 	-0.111111	
3	0.923923	0.147819	0.925926	0.111111	-0.037037	0 	0 	0.111111	
309	0.920947	0.177529	0.925926	0.111111	-0.037037	0 	0 	0.111111	
268	0.885586	0.185737	0.888889	0.222222	-0.111111	0 	0 	-0.037037	
226	0.79441	0.202877	0.888889	0.222222	-0.111111	0 	0 	-0.037037	
400	0.848579	0.15205	0.777778	0.185185	0.111111	0 	0 	-0.037037	
43	0.860853	0.167163	0.777778	0.185185	0.111111	0 	0 	-0.037037	
94	0.888604	0.128177	0.888889	0.148148	-0.111111	0 	0 	-0.037037	
451	0.811638	0.121903	0.888889	0.148148	-0.111111	0 	0 	-0.037037	
185	0.771836	0.170457	0.777778	0.111111	-0.037037	0 	0 	0.111111	
464	0.751091	0.171801	0.777778	0.111111	-0.037037	0 	0 	0.111111	
74	0.726732	0.210737	0.740741	0.222222	-0.037037	0 	0 	-0.111111	
497	0.716868	0.155501	0.740741	0.222222	-0.037037	0 	0 	-0.111111	
272	0.705046	0.130197	0.740741	0.222222	-0.037037	0 	0 	-0.111111	
134	0.701746	0.180635	0.703704	0.111111	-0.037037	0 	0 	0.111111	
332	0.676025	0.199811	0.703704	0.111111	-0.037037	0 	0 	0.111111	
48	0.674633	0.231578	0.666667	0.222222	0.111111	0 	0 	0.037037	
378	0.770899	0.225692	0.666667	0.222222	0.111111	0 	0 	0.037037	
240	0.719244	0.278473	0.777778	0.259259	-0.111111	0 	0 	0.037037	
246	0.693045	0.26623	0.777778	0.259259	-0.111111	0 	0 	0.037037	
438	0.740454	0.306652	0.666667	0.296296	0.111111	0 	0 	0.037037	
99	0.756188	0.31617	0.666667	0.296296	0.111111	0 	0 	0.037037	
377	0.795083	0.323374	0.777778	0.333333	0.037037	0 	0 	-0.111111	
152	0.785911	0.263569	0.777778	0.333333	0.037037	0 	0 	-0.111111	
317	0.828542	0.257027	0.814815	0.222222	0.037037	0 	0 	0.111111	
515	0.842846	0.278521	0.814815	0.222222	0.037037	0 	0 	0.111111	
11	0.821094	0.295981	0.814815	0.222222	0.037037	0 	0 	0.111111	
428	0.852456	0.304389	0.851852	0.333333	0.037037	0 	0 	-0.111111	
203	0.85689	0.223361	0.851852	0.333333	0.037037	0 	0 	-0.111111	
469	0.903073	0.230455	0.888889	0.222222	0.111111	0 	0 	0.037037	
112	0.955573	0.255291	0.888889	0.222222	0.111111	0 	0 	0.037037	
511	0.978192	0.230729	0.888889	0.222222	0.111111	0 	0 	0.037037	
61	0.985052	0.281733	1	0.259259	-0.111111	0 	0 	0.037037	
337	0.929041	0.273317	1	0.259259	-0.111111	0 	0 	0.037037	
163	0.921991	0.324084	0.888889	0.296296	0.111111	0 	0 	0.037037	
286	0.964335	0.315501	0.888889	0.296296	0.111111	0 	0 	0.037037	
383	0.986076	0.348363	1	0.333333	-0.037037	0 	0 	0.111111	
104	0.981931	0.428738	1	0.333333	-0.037037	0 	0 	0.111111	
434	0.948395	0.43511	0.962963	0.444444	-0.037037	0 	0 	-0.111111	
236	0.943493	0.392475	0.962963	0.444444	-0.037037	0 	0 	-0.111111	
53	0.901107	0.348695	0.925926	0.333333	-0.037037	0 	0 	0.111111	
251	0.914306	0.374222	0.925926	0.333333	-0.037037	0 	0 	0.111111	
408	0.902574	0.47788	0.888889	0.444444	0.111111	0 	0 	0.037037	
159	0.895744	0.47698	0.888889	0.444444	0.111111	0 	0 	0.037037	
522	0.989018	0.46701	0.888889	0.444444	0.111111	0 	0 	0.037037	
18	0.9583	0.481756	1	0.481481	-0.111111	0 	0 	0.037037	
357	0.942266	0.509445	1	0.481481	-0.111111	0 	0 	0.037037	
210	0.896431	0.541727	0.888889	0.518519	0.111111	0 	0 	0.037037	
297	0.975942	0.54705	0.888889	0.518519	0.111111	0 	0 	0.037037	
187	0.995456	0.589116	1	0.555556	-0.037037	0 	0 	0.111111	
466	0.995017	0.598674	1	0.555556	-0.037037	0 	0 	0.111111	
76	0.951139	0.63919	0.962963	0.666667	-0.037037	0 	0 	-0.111111	
499	0.942585	0.602597	0.962963	0.666667	-0.037037	0 	0 	-0.111111	
274	0.926936	0.572305	0.962963	0.666667	-0.037037	0 	0 	-0.111111	
127	0.916685	0.632269	0.925926	0.555556	-0.037037	0 	0 	0.111111	
325	0.893888	0.644433	0.925926	0.555556	-0.037037	0 	0 	0.111111	
140	0.857171	0.638013	0.888889	0.666667	-0.111111	0 	0 	-0.037037	
416	0.838804	0.661982	0.888889	0.666667	-0.111111	0 	0 	-0.037037	
314	0.804872	0.617529	0.777778	0.62963	0.111111	0 	0 	-0.037037	
191	0.821041	0.598565	0.777778	0.62963	0.111111	0 	0 	-0.037037	
365	0.87128	0.583327	0.888889	0.592593	-0.111111	0 	0 	-0.037037	
8	0.780415	0.557125	0.888889	0.592593	-0.111111	0 	0 	-0.037037	
388	0.80535	0.518479	0.777778	0.555556	0.037037	0 	0 	-0.111111	
82	0.792586	0.501975	0.777778	0.555556	0.037037	0 	0 	-0.111111	
256	0.840991	0.450698	0.814815	0.444444	0.037037	0 	0 	0.111111	
31	0.827382	0.528446	0.814815	0.444444	0.037037	0 	0 	0.111111	
448	0.884953	0.496537	0.851852	0.555556	0.037037	0 	0 	-0.111111	
223	0.871605	0.46082	0.851852	0.555556	0.037037	0 	0 	-0.111111	
279	0.849201	0.425571	0.888889	0.444444	-0.111111	0 	0 	-0.037037	
165	0.809113	0.436509	0.888889	0.444444	-0.111111	0 	0 	-0.037037	
339	0.817995	0.38808	0.777778	0.407407	0.111111	0 	0 	-0.037037	
54	0.877448	0.394028	0.777778	0.407407	0.111111	0 	0 	-0.037037	
504	0.88798	0.350948	0.888889	0.37037	-0.111111	0 	0 	-0.037037	
114	0.842034	0.365425	0.888889	0.37037	-0.111111	0 	0 	-0.037037	
471	0.785319	0.35779	0.888889	0.37037	-0.111111	0 	0 	-0.037037	
205	0.750566	0.337589	0.777778	0.333333	-0.037037	0 	0 	0.111111	
430	0.763662	0.405654	0.777778	0.333333	-0.037037	0 	0 	0.111111	
13	0.728705	0.41388	0.740741	0.444444	-0.037037	0 	0 	-0.111111	
517	0.730449	0.398707	0.740741	0.444444	-0.037037	0 	0 	-0.111111	
319	0.717489	0.360446	0.740741	0.444444	-0.037037	0 	0 	-0.111111	
145	0.671205	0.376915	0.703704	0.333333	-0.037037	0 	0 	0.111111	
370	0.686446	0.433645	0.703704	0.333333	-0.037037	0 	0 	0.111111	
71	0.69488	0.466934	0.666667	0.444444	0.111111	0 	0 	0.037037	
347	0.745378	0.458898	0.666667	0.444444	0.111111	0 	0 	0.037037	
173	0.764413	0.495957	0.777778	0.481481	-0.111111	0 	0 	0.037037	
296	0.669334	0.500351	0.777778	0.481481	-0.111111	0 	0 	0.037037	
494	0.681171	0.522135	0.666667	0.518519	0.111111	0 	0 	0.037037	
479	0.714805	0.540414	0.666667	0.518519	0.111111	0 	0 	0.037037	
122	0.769547	0.55144	0.666667	0.518519	0.111111	0 	0 	0.037037	
36	0.752041	0.603531	0.777778	0.555556	-0.037037	0 	0 	0.111111	
261	0.773306	0.642326	0.777778	0.555556	-0.037037	0 	0 	0.111111	
402	0.73203	0.596014	0.740741	0.666667	-0.037037	0 	0 	-0.111111	
96	0.722058	0.578932	0.740741	0.666667	-0.037037	0 	0 	-0.111111	
453	0.703555	0.570487	0.703704	0.555556	-0.037037	0 	0 	0.111111	
228	0.691317	0.653143	0.703704	0.555556	-0.037037	0 	0 	0.111111	
125	0.652634	0.666003	0.666667	0.666667	-0.111111	0 	0 	-0.037037	
482	0.602893	0.652724	0.666667	0.666667	-0.111111	0 	0 	-0.037037	
488	0.569359	0.641562	0.666667	0.666667	-0.111111	0 	0 	-0.037037	
290	0.56996	0.604234	0.555556	0.62963	0.111111	0 	0 	-0.037037	
176	0.625404	0.621207	0.555556	0.62963	0.111111	0 	0 	-0.037037	
350	0.632585	0.570837	0.666667	0.592593	-0.111111	0 	0 	-0.037037	
65	0.666577	0.574032	0.666667	0.592593	-0.111111	0 	0 	-0.037037	
525	0.551511	0.555891	0.555556	0.555556	-0.037037	0 	0 	0.111111	
21	0.518519	0.592593	0.555556	0.555556	-0.037037	0 	0 	0.111111	
300	0.531907	0.66364	0.555556	0.555556	-0.037037	0 	0 	0.111111	
351	0.498598	0.619001	0.518519	0.666667	-0.037037	0 	0 	-0.111111	
153	0.503162	0.63031	0.518519	0.666667	-0.037037	0 	0 	-0.111111	
411	0.471882	0.583931	0.481481	0.555556	-0.037037	0 	0 	0.111111	
213	0.450924	0.6326	0.481481	0.555556	-0.037037	0 	0 	0.111111	
34	0.384959	0.641444	0.444444	0.666667	-0.111111	0 	0 	-0.037037	
391	0.364404	0.631865	0.444444	0.666667	-0.111111	0 	0 	-0.037037	
85	0.347153	0.606951	0.333333	0.62963	0.111111	0 	0 	-0.037037	
442	0.441701	0.603567	0.333333	0.62963	0.111111	0 	0 	-0.037037	
217	0.444299	0.578505	0.444444	0.592593	-0.111111	0 	0 	-0.037037	
259	0.398116	0.561327	0.444444	0.592593	-0.111111	0 	0 	-0.037037	
168	0.365995	0.545528	0.333333	0.555556	0.037037	0 	0 	-0.111111	
474	0.341001	0.471088	0.333333	0.555556	0.037037	0 	0 	-0.111111	
108	0.403591	0.475478	0.37037	0.444444	0.037037	0 	0 	0.111111	
333	0.379844	0.507894	0.37037	0.444444	0.037037	0 	0 	0.111111	
282	0.417055	0.53725	0.407407	0.555556	0.037037	0 	0 	-0.111111	
57	0.432045	0.508038	0.407407	0.555556	0.037037	0 	0 	-0.111111	
507	0.420967	0.459495	0.407407	0.555556	0.037037	0 	0 	-0.111111	
47	0.46212	0.451932	0.444444	0.444444	0.111111	0 	0 	0.037037	
386	0.548697	0.447188	0.444444	0.444444	0.111111	0 	0 	0.037037	
239	0.502058	0.497942	0.555556	0.481481	-0.111111	0 	0 	0.037037	
245	0.470634	0.490315	0.555556	0.481481	-0.111111	0 	0 	0.037037	
437	0.513306	0.529154	0.444444	0.518519	0.111111	0 	0 	0.037037	
107	0.532435	0.538443	0.444444	0.518519	0.111111	0 	0 	0.037037	
373	0.574144	0.552461	0.555556	0.555556	0.037037	0 	0 	-0.111111	
148	0.555593	0.485096	0.555556	0.555556	0.037037	0 	0 	-0.111111	
322	0.606317	0.47417	0.592593	0.444444	0.037037	0 	0 	0.111111	
520	0.62009	0.500552	0.592593	0.444444	0.037037	0 	0 	0.111111	
16	0.597251	0.507534	0.592593	0.444444	0.037037	0 	0 	0.111111	
424	0.635509	0.536898	0.62963	0.555556	0.037037	0 	0 	-0.111111	
199	0.64077	0.444935	0.62963	0.555556	0.037037	0 	0 	-0.111111	
264	0.658444	0.419135	0.666667	0.444444	-0.111111	0 	0 	-0.037037	
231	0.578352	0.424441	0.666667	0.444444	-0.111111	0 	0 	-0.037037	
396	0.622615	0.375936	0.555556	0.407407	0.111111	0 	0 	-0.037037	
39	0.643571	0.384309	0.555556	0.407407	0.111111	0 	0 	-0.037037	
90	0.607099	0.354453	0.666667	0.37037	-0.111111	0 	0 	-0.037037	
456	0.583132	0.342946	0.666667	0.37037	-0.111111	0 	0 	-0.037037	
181	0.551049	0.358087	0.555556	0.333333	-0.037037	0 	0 	0.111111	
460	0.528121	0.39369	0.555556	0.333333	-0.037037	0 	0 	0.111111	
79	0.516364	0.416415	0.518519	0.444444	-0.037037	0 	0 	-0.111111	
502	0.497395	0.380154	0.518519	0.444444	-0.037037	0 	0 	-0.111111	
277	0.480584	0.352695	0.518519	0.444444	-0.037037	0 	0 	-0.111111	
130	0.474246	0.402274	0.481481	0.333333	-0.037037	0 	0 	0.111111	
328	0.476674	0.341678	0.481481	0.333333	-0.037037	0 	0 	0.111111	
143	0.411714	0.414603	0.444444	0.444444	-0.111111	0 	0 	-0.037037	
419	0.390886	0.444159	0.444444	0.444444	-0.111111	0 	0 	-0.037037	
533	0.360746	0.42873	0.444444	0.444444	-0.111111	0 	0 	-0.037037	
308	0.361974	0.397516	0.333333	0.407407	0.111111	0 	0 	-0.037037	
194	0.37474	0.371007	0.333333	0.407407	0.111111	0 	0 	-0.037037	
368	0.41475	0.359087	0.444444	0.37037	-0.111111	0 	0 	-0.037037	
2	0.333333	0.333333	0.444444	0.37037	-0.111111	0 	0 	-0.037037	
220	0.309897	0.350285	0.333333	0.333333	-0.037037	0 	0 	0.111111	
445	0.33009	0.374899	0.333333	0.333333	-0.037037	0 	0 	0.111111	
28	0.277887	0.419618	0.296296	0.444444	-0.037037	0 	0 	-0.111111	
253	0.283386	0.444297	0.296296	0.444444	-0.037037	0 	0 	-0.111111	
88	0.240276	0.386559	0.259259	0.333333	-0.037037	0 	0 	0.111111	
394	0.257084	0.409806	0.259259	0.333333	-0.037037	0 	0 	0.111111	
5	0.229243	0.459287	0.222222	0.444444	0.111111	0 	0 	0.037037	
362	0.311146	0.472655	0.222222	0.444444	0.111111	0 	0 	0.037037	
197	0.275681	0.488064	0.333333	0.481481	-0.111111	0 	0 	0.037037	
311	0.240637	0.515483	0.333333	0.481481	-0.111111	0 	0 	0.037037	
422	0.277957	0.550576	0.222222	0.518519	0.111111	0 	0 	0.037037	
137	0.307617	0.533235	0.222222	0.518519	0.111111	0 	0 	0.037037	
510	0.321451	0.572257	0.333333	0.555556	-0.037037	0 	0 	0.111111	
60	0.328568	0.567925	0.333333	0.555556	-0.037037	0 	0 	0.111111	
285	0.29871	0.648002	0.333333	0.555556	-0.037037	0 	0 	0.111111	
336	0.263636	0.609229	0.296296	0.666667	-0.037037	0 	0 	-0.111111	
111	0.290753	0.636473	0.296296	0.666667	-0.037037	0 	0 	-0.111111	
468	0.254106	0.583817	0.259259	0.555556	-0.037037	0 	0 	0.111111	
162	0.254239	0.659189	0.259259	0.555556	-0.037037	0 	0 	0.111111	
10	0.148148	0.62963	0.222222	0.666667	-0.111111	0 	0 	-0.037037	
376	0.130015	0.656423	0.222222	0.666667	-0.111111	0 	0 	-0.037037	
151	0.126376	0.603605	0.111111	0.62963	0.111111	0 	0 	-0.037037	
514	0.175765	0.614006	0.111111	0.62963	0.111111	0 	0 	-0.037037	
427	0.208509	0.62832	0.111111	0.62963	0.111111	0 	0 	-0.037037	
202	0.205446	0.587132	0.222222	0.592593	-0.111111	0 	0 	-0.037037	
316	0.158403	0.585825	0.222222	0.592593	-0.111111	0 	0 	-0.037037	
225	0.124868	0.534055	0.111111	0.555556	0.037037	0 	0 	-0.111111	
450	0.115783	0.54061	0.111111	0.555556	0.037037	0 	0 	-0.111111	
93	0.160561	0.461591	0.148148	0.444444	0.037037	0 	0 	0.111111	
399	0.17531	0.483017	0.148148	0.444444	0.037037	0 	0 	0.111111	
267	0.18735	0.541262	0.185185	0.555556	0.037037	0 	0 	-0.111111	
42	0.199583	0.502623	0.185185	0.555556	0.037037	0 	0 	-0.111111	
119	0.215025	0.430014	0.222222	0.444444	-0.111111	0 	0 	-0.037037	
485	0.15525	0.430009	0.222222	0.444444	-0.111111	0 	0 	-0.037037	
491	0.222203	0.443245	0.222222	0.444444	-0.111111	0 	0 	-0.037037	
293	0.125235	0.40669	0.111111	0.407407	0.111111	0 	0 	-0.037037	
179	0.176024	0.397495	0.111111	0.407407	0.111111	0 	0 	-0.037037	
344	0.194566	0.355699	0.222222	0.37037	-0.111111	0 	0 	-0.037037	
68	0.132582	0.35612	0.222222	0.37037	-0.111111	0 	0 	-0.037037	
528	0.103457	0.360829	0.111111	0.333333	-0.037037	0 	0 	0.111111	
24	0.0738314	0.369981	0.111111	0.333333	-0.037037	0 	0 	0.111111	
303	0.0864665	0.440833	0.111111	0.333333	-0.037037	0 	0 	0.111111	
354	0.0542377	0.40234	0.0740741	0.444444	-0.037037	0 	0 	-0.111111	
156	0.0419899	0.343835	0.0740741	0.444444	-0.037037	0 	0 	-0.111111	
405	0.0197262	0.369195	0.037037	0.333333	-0.037037	0 	0 	0.111111	
207	0.00443304	0.413179	0.037037	0.333333	-0.037037	0 	0 	0.111111	
271	0.0370948	0.462373	0	0.444444	0.111111	0 	0 	0.037037	
184	0.105757	0.471656	0	0.444444	0.111111	0 	0 	0.037037	
463	0.0783016	0.507146	0.111111	0.481481	-0.111111	0 	0 	0.037037	
496	0.0487509	0.485929	0.111111	0.481481	-0.111111	0 	0 	0.037037	
133	0.0261	0.508981	0.111111	0.481481	-0.111111	0 	0 	0.037037	
331	0.0147253	0.52966	0	0.518519	0.111111	0 	0 	0.037037	
73	0.0583594	0.542243	0	0.518519	0.111111	0 	0 	0.037037	
380	0.103335	0.569708	0.111111	0.555556	-0.037037	0 	0 	0.111111	
101	0.0935826	0.647946	0.111111	0.555556	-0.037037	0 	0 	0.111111	
440	0.0710972	0.638547	0.0740741	0.666667	-0.037037	0 	0 	-0.111111	
242	0.0740146	0.666352	0.0740741	0.666667	-0.037037	0 	0 	-0.111111	
50	0.0321342	0.581814	0.037037	0.555556	-0.037037	0 	0 	0.111111	
248	0.0323037	0.5911	0.037037	0.555556	-0.037037	0 	0 	0.111111	
318	0.0564553	0.694134	0	0.666667	0.111111	0 	0 	0.037037	
204	0.0843624	0.669046	0	0.666667	0.111111	0 	0 	0.037037	
429	0.096802	0.74063	0.111111	0.703704	-0.111111	0 	0 	0.037037	
516	0.0693942	0.730192	0.111111	0.703704	-0.111111	0 	0 	0.037037	
144	0.00148266	0.711194	0.111111	0.703704	-0.111111	0 	0 	0.037037	
369	0.0141347	0.770872	0	0.740741	0.111111	0 	0 	0.037037	
12	0.0384893	0.743112	0	0.740741	0.111111	0 	0 	0.037037	
167	0.14353	0.770885	0.111111	0.777778	0.037037	0 	0 	-0.111111	
473	0.119471	0.695584	0.111111	0.777778	0.037037	0 	0 	-0.111111	
116	0.173471	0.70853	0.148148	0.666667	0.037037	0 	0 	0.111111	
341	0.153893	0.729243	0.148148	0.666667	0.037037	0 	0 	0.111111	
281	0.185895	0.762575	0.185185	0.777778	0.037037	0 	0 	-0.111111	
56	0.1852	0.763787	0.185185	0.777778	0.037037	0 	0 	-0.111111	
506	0.200345	0.67639	0.185185	0.777778	0.037037	0 	0 	-0.111111	
52	0.23649	0.682294	0.222222	0.666667	0.111111	0 	0 	0.037037	
382	0.32761	0.668679	0.222222	0.666667	0.111111	0 	0 	0.037037	
235	0.283441	0.717613	0.333333	0.703704	-0.111111	0 	0 	0.037037	
250	0.248539	0.710741	0.333333	0.703704	-0.111111	0 	0 	0.037037	
433	0.292786	0.744127	0.222222	0.740741	0.111111	0 	0 	0.037037	
103	0.310834	0.759539	0.222222	0.740741	0.111111	0 	0 	0.037037	
524	0.323803	0.799505	0.333333	0.777778	-0.037037	0 	0 	0.111111	
20	0.296296	0.814815	0.333333	0.777778	-0.037037	0 	0 	0.111111	
299	0.315327	0.88289	0.333333	0.777778	-0.037037	0 	0 	0.111111	
359	0.27774	0.840216	0.296296	0.888889	-0.037037	0 	0 	-0.111111	
161	0.272762	0.872889	0.296296	0.888889	-0.037037	0 	0 	-0.111111	
410	0.240607	0.812679	0.259259	0.777778	-0.037037	0 	0 	0.111111	
212	0.229251	0.857473	0.259259	0.777778	-0.037037	0 	0 	0.111111	
30	0.203063	0.884223	0.222222	0.888889	-0.111111	0 	0 	-0.037037	
387	0.141194	0.85217	0.222222	0.888889	-0.111111	0 	0 	-0.037037	
81	0.139469	0.837831	0.111111	0.851852	0.111111	0 	0 	-0.037037	
447	0.218269	0.825261	0.111111	0.851852	0.111111	0 	0 	-0.037037	
222	0.204057	0.791551	0.222222	0.814815	-0.111111	0 	0 	-0.037037	
255	0.17486	0.78147	0.222222	0.814815	-0.111111	0 	0 	-0.037037	
346	0.0786263	0.791687	0.111111	0.777778	-0.037037	0 	0 	0.111111	
121	0.105967	0.886859	0.111111	0.777778	-0.037037	0 	0 	0.111111	
478	0.0461039	0.878565	0.0740741	0.888889	-0.037037	0 	0 	-0.111111	
172	0.0717688	0.847224	0.0740741	0.888889	-0.037037	0 	0 	-0.111111	
70	0.032596	0.81377	0.037037	0.777778	-0.037037	0 	0 	0.111111	
295	0.00496126	0.831218	0.037037	0.777778	-0.037037	0 	0 	0.111111	
493	0.016867	0.865119	0.037037	0.777778	-0.037037	0 	0 	0.111111	
455	0.0339791	0.899555	0	0.888889	0.111111	0 	0 	0.037037	
98	0.051531	0.916371	0	0.888889	0.111111	0 	0 	0.037037	
38	0.0904615	0.944845	0.111111	0.925926	-0.111111	0 	0 	0.037037	
404	0.064583	0.949131	0.111111	0.925926	-0.111111	0 	0 	0.037037	
230	0.012679	0.981768	0	0.962963	0.111111	0 	0 	0.037037	
263	0.102292	0.967529	0	0.962963	0.111111	0 	0 	0.037037	
313	0.126061	0.944216	0.111111	1	0.037037	0 	0 	-0.111111	
7	0.111664	0.893155	0.111111	1	0.037037	0 	0 	-0.111111	
190	0.157858	0.931699	0.148148	0.888889	0.037037	0 	0 	0.111111	
415	0.157674	0.997986	0.148148	0.888889	0.037037	0 	0 	0.111111	
139	0.190166	0.999177	0.185185	1	0.037037	0 	0 	-0.111111	
364	0.196553	0.91475	0.185185	1	0.037037	0 	0 	-0.111111	
273	0.250134	0.909741	0.222222	0.888889	0.111111	0 	0 	0.037037	
186	0.329678	0.915636	0.222222	0.888889	0.111111	0 	0 	0.037037	
465	0.305524	0.949577	0.333333	0.925926	-0.111111	0 	0 	0.037037	
498	0.276875	0.926114	0.333333	0.925926	-0.111111	0 	0 	0.037037	
126	0.249543	0.959941	0.333333	0.925926	-0.111111	0 	0 	0.037037	
324	0.223393	0.985366	0.222222	0.962963	0.111111	0 	0 	0.037037	
75	0.236144	0.976925	0.222222	0.962963	0.111111	0 	0 	0.037037	
247	0.361207	0.931265	0.333333	1	0.037037	0 	0 	-0.111111	
49	0.342948	0.974648	0.333333	1	0.037037	0 	0 	-0.111111	
241	0.388509	0.94062	0.37037	0.888889	0.037037	0 	0 	0.111111	
439	0.404215	0.974165	0.37037	0.888889	0.037037	0 	0 	0.111111	
100	0.426275	0.980296	0.407407	1	0.037037	0 	0 	-0.111111	
379	0.436877	0.891467	0.407407	1	0.037037	0 	0 	-0.111111	
72	0.39399	0.883268	0.444444	0.888889	-0.111111	0 	0 	-0.037037	
330	0.338789	0.867431	0.444444	0.888889	-0.111111	0 	0 	-0.037037	
132	0.364698	0.847603	0.333333	0.851852	0.111111	0 	0 	-0.037037	
495	0.387055	0.8222	0.333333	0.851852	0.111111	0 	0 	-0.037037	
462	0.414101	0.839641	0.333333	0.851852	0.111111	0 	0 	-0.037037	
183	0.429692	0.814277	0.444444	0.814815	-0.111111	0 	0 	-0.037037	
270	0.371742	0.796982	0.444444	0.814815	-0.111111	0 	0 	-0.037037	
209	0.333428	0.756492	0.333333	0.777778	0.037037	0 	0 	-0.111111	
407	0.351291	0.704126	0.333333	0.777778	0.037037	0 	0 	-0.111111	
158	0.374482	0.708346	0.37037	0.666667	0.037037	0 	0 	0.111111	
356	0.384557	0.72779	0.37037	0.666667	0.037037	0 	0 	0.111111	
305	0.421591	0.770033	0.407407	0.777778	0.037037	0 	0 	-0.111111	
26	0.407611	0.763979	0.407407	0.777778	0.037037	0 	0 	-0.111111	
530	0.434563	0.68783	0.407407	0.777778	0.037037	0 	0 	-0.111111	
67	0.469381	0.685719	0.444444	0.666667	0.111111	0 	0 	0.037037	
343	0.523932	0.680635	0.444444	0.666667	0.111111	0 	0 	0.037037	
178	0.540176	0.708457	0.555556	0.703704	-0.111111	0 	0 	0.037037	
292	0.445021	0.721348	0.555556	0.703704	-0.111111	0 	0 	0.037037	
490	0.464519	0.750444	0.444444	0.740741	0.111111	0 	0 	0.037037	
484	0.491523	0.762283	0.444444	0.740741	0.111111	0 	0 	0.037037	
118	0.547907	0.774348	0.444444	0.740741	0.111111	0 	0 	0.037037	
44	0.550353	0.837035	0.555556	0.777778	-0.037037	0 	0 	0.111111	
269	0.550601	0.870559	0.555556	0.777778	-0.037037	0 	0 	0.111111	
401	0.507792	0.822527	0.518519	0.888889	-0.037037	0 	0 	-0.111111	
95	0.497323	0.797949	0.518519	0.888889	-0.037037	0 	0 	-0.111111	
452	0.481247	0.788682	0.481481	0.777778	-0.037037	0 	0 	0.111111	
227	0.465533	0.868994	0.481481	0.777778	-0.037037	0 	0 	0.111111	
315	0.493745	0.918205	0.444444	0.888889	0.111111	0 	0 	0.037037	
201	0.52294	0.892913	0.444444	0.888889	0.111111	0 	0 	0.037037	
426	0.541465	0.958254	0.555556	0.925926	-0.111111	0 	0 	0.037037	
513	0.510066	0.939013	0.555556	0.925926	-0.111111	0 	0 	0.037037	
150	0.4489	0.934334	0.555556	0.925926	-0.111111	0 	0 	0.037037	
375	0.461847	0.998623	0.444444	0.962963	0.111111	0 	0 	0.037037	
9	0.487881	0.964788	0.444444	0.962963	0.111111	0 	0 	0.037037	
164	0.592861	0.990371	0.555556	1	0.037037	0 	0 	-0.111111	
470	0.566226	0.91519	0.555556	1	0.037037	0 	0 	-0.111111	
113	0.620226	0.920036	0.592593	0.888889	0.037037	0 	0 	0.111111	
338	0.598256	0.92543	0.592593	0.888889	0.037037	0 	0 	0.111111	
287	0.638967	0.988871	0.62963	1	0.037037	0 	0 	-0.111111	
62	0.654904	0.951925	0.62963	1	0.037037	0 	0 	-0.111111	
512	0.632836	0.902342	0.62963	1	0.037037	0 	0 	-0.111111	
136	0.632868	0.856211	0.666667	0.888889	-0.111111	0 	0 	-0.037037	
421	0.608903	0.885717	0.666667	0.888889	-0.111111	0 	0 	-0.037037	
310	0.583464	0.851078	0.555556	0.851852	0.111111	0 	0 	-0.037037	
196	0.599894	0.819136	0.555556	0.851852	0.111111	0 	0 	-0.037037	
361	0.652748	0.810307	0.666667	0.814815	-0.111111	0 	0 	-0.037037	
4	0.554527	0.778319	0.666667	0.814815	-0.111111	0 	0 	-0.037037	
393	0.592661	0.742179	0.555556	0.777778	0.037037	0 	0 	-0.111111	
87	0.560964	0.718744	0.555556	0.777778	0.037037	0 	0 	-0.111111	
252	0.598775	0.676356	0.592593	0.666667	0.037037	0 	0 	0.111111	
27	0.611141	0.760484	0.592593	0.666667	0.037037	0 	0 	0.111111	
444	0.66231	0.719128	0.62963	0.777778	0.037037	0 	0 	-0.111111	
219	0.648259	0.684204	0.62963	0.777778	0.037037	0 	0 	-0.111111	
1	0.679661	0.6765	0.666667	0.666667	0.111111	0 	0 	0.037037	
367	0.764713	0.694516	0.666667	0.666667	0.111111	0 	0 	0.037037	
193	0.711484	0.709165	0.777778	0.703704	-0.111111	0 	0 	0.037037	
307	0.678349	0.736647	0.777778	0.703704	-0.111111	0 	0 	0.037037	
532	0.692087	0.763169	0.666667	0.740741	0.111111	0 	0 	0.037037	
418	0.726408	0.774898	0.666667	0.740741	0.111111	0 	0 	0.037037	
142	0.744589	0.748325	0.666667	0.740741	0.111111	0 	0 	0.037037	
327	0.78763	0.756113	0.777778	0.777778	0.037037	0 	0 	-0.111111	
129	0.81008	0.735656	0.777778	0.777778	0.037037	0 	0 	-0.111111	
276	0.821488	0.67988	0.814815	0.666667	0.037037	0 	0 	0.111111	
501	0.824784	0.681518	0.814815	0.666667	0.037037	0 	0 	0.111111	
78	0.842636	0.766166	0.814815	0.666667	0.037037	0 	0 	0.111111	
459	0.861012	0.724371	0.851852	0.777778	0.037037	0 	0 	-0.111111	
180	0.880804	0.694379	0.851852	0.777778	0.037037	0 	0 	-0.111111	
458	0.903093	0.67226	0.888889	0.666667	0.111111	0 	0 	0.037037	
92	0.943173	0.688021	0.888889	0.666667	0.111111	0 	0 	0.037037	
41	0.972117	0.718461	1	0.703704	-0.111111	0 	0 	0.037037	
398	0.957909	0.705794	1	0.703704	-0.111111	0 	0 	0.037037	
233	0.903314	0.75456	0.888889	0.740741	0.111111	0 	0 	0.037037	
266	0.988979	0.745772	0.888889	0.740741	0.111111	0 	0 	0.037037	
198	0.97249	0.784609	1	0.777778	-0.037037	0 	0 	0.111111	
423	0.991002	0.844662	1	0.777778	-0.037037	0 	0 	0.111111	
15	0.928751	0.851566	0.962963	0.888889	-0.037037	0 	0 	-0.111111	
519	0.958071	0.837071	0.962963	0.888889	-0.037037	0 	0 	-0.111111	
321	0.940553	0.809212	0.962963	0.888889	-0.037037	0 	0 	-0.111111	
147	0.920803	0.813884	0.925926	0.777778	-0.037037	0 	0 	0.111111	
372	0.920624	0.873489	0.925926	0.777778	-0.037037	0 	0 	0.111111	
106	0.868802	0.872686	0.888889	0.888889	-0.111111	0 	0 	-0.037037	
436	0.849979	0.860685	0.888889	0.888889	-0.111111	0 	0 	-0.037037	
244	0.803253	0.821042	0.777778	0.851852	0.111111	0 	0 	-0.037037	
238	0.83165	0.831832	0.777778	0.851852	0.111111	0 	0 	-0.037037	
385	0.874858	0.777953	0.888889	0.814815	-0.111111	0 	0 	-0.037037	
46	0.788467	0.788641	0.888889	0.814815	-0.111111	0 	0 	-0.037037	
509	0.759682	0.791689	0.777778	0.777778	-0.037037	0 	0 	0.111111	
59	0.768361	0.85058	0.777778	0.777778	-0.037037	0 	0 	0.111111	
284	0.740022	0.870715	0.777778	0.777778	-0.037037	0 	0 	0.111111	
335	0.709191	0.829904	0.740741	0.888889	-0.037037	0 	0 	-0.111111	
110	0.728596	0.80944	0.740741	0.888889	-0.037037	0 	0 	-0.111111	
476	0.697057	0.792584	0.703704	0.777778	-0.037037	0 	0 	0.111111	
170	0.692882	0.87547	0.703704	0.777778	-0.037037	0 	0 	0.111111	
258	0.731009	0.900037	0.666667	0.888889	0.111111	0 	0 	0.037037	
216	0.764972	0.908038	0.666667	0.888889	0.111111	0 	0 	0.037037	
441	0.751843	0.930976	0.777778	0.925926	-0.111111	0 	0 	0.037037	
84	0.679538	0.94791	0.777778	0.925926	-0.111111	0 	0 	0.037037	
390	0.66682	0.979066	0.666667	0.962963	0.111111	0 	0 	0.037037	
33	0.716118	0.981568	0.666667	0.962963	0.111111	0 	0 	0.037037	
215	0.782763	0.971739	0.777778	1	0.037037	0 	0 	-0.111111	
413	0.797132	0.925777	0.777778	1	0.037037	0 	0 	-0.111111	
155	0.818163	0.88931	0.814815	0.888889	0.037037	0 	0 	0.111111	
353	0.824295	0.958636	0.814815	0.888889	0.037037	0 	0 	0.111111	
302	0.856723	0.955482	0.851852	1	0.037037	0 	0 	-0.111111	
23	0.861457	0.969782	0.851852	1	0.037037	0 	0 	-0.111111	
527	0.877223	0.91483	0.851852	1	0.037037	0 	0 	-0.111111	
64	0.911402	0.911847	0.888889	0.888889	0.111111	0 	0 	0.037037	
349	0.96792	0.902854	0.888889	0.888889	0.111111	0 	0 	0.037037	
175	0.965404	0.946357	1	0.925926	-0.111111	0 	0 	0.037037	
289	0.88816	0.941455	1	0.925926	-0.111111	0 	0 	0.037037	
487	0.904347	0.969663	0.888889	0.962963	0.111111	0 	0 	0.037037	
481	0.940523	0.986309	0.888889	0.962963	0.111111	0 	0 	0.037037	
124	0.99302	0.99619	0.888889	0.962963	0.111111	0 	0 	0.037037	
