0	0.0283472	0.0307531	0	0	0.111111	0 	0 	0.111111	
131	0.139384	0.0459972	0.111111	0.111111	0.111111	0 	0 	-0.111111	
80	0.186774	0.0943312	0.111111	0.111111	0.111111	0 	0 	-0.111111	
91	0.278176	0.0230794	0.222222	0	0.111111	0 	0 	0.111111	
40	0.313833	0.0477919	0.222222	0	0.111111	0 	0 	0.111111	
17	0.262541	0.188265	0.333333	0.111111	-0.111111	0 	0 	0.111111	
105	0.18988	0.207689	0.222222	0.222222	-0.111111	0 	0 	-0.111111	
45	0.127874	0.118404	0.222222	0.222222	-0.111111	0 	0 	-0.111111	
58	0.0828449	0.137742	0.111111	0.111111	-0.111111	0 	0 	0.111111	
109	0.0719512	0.147618	0.111111	0.111111	-0.111111	0 	0 	0.111111	
86	0.0144005	0.263794	0	0.222222	0.111111	0 	0 	0.111111	
35	0.0557926	0.303211	0	0.222222	0.111111	0 	0 	0.111111	
22	0.182139	0.261451	0.111111	0.333333	0.111111	0 	0 	-0.111111	
63	0.264551	0.250547	0.222222	0.222222	0.111111	0 	0 	0.111111	
123	0.320685	0.32811	0.222222	0.222222	0.111111	0 	0 	0.111111	
97	0.388898	0.2421	0.333333	0.333333	0.111111	0 	0 	-0.111111	
37	0.416881	0.269299	0.333333	0.333333	0.111111	0 	0 	-0.111111	
120	0.430175	0.155996	0.444444	0.222222	-0.111111	0 	0 	-0.111111	
69	0.357212	0.132318	0.444444	0.222222	-0.111111	0 	0 	-0.111111	
14	0.373055	0.0755194	0.333333	0.111111	0.111111	0 	0 	-0.111111	
115	0.526648	0.0352705	0.444444	0	0.111111	0 	0 	0.111111	
55	0.539594	0.06912	0.444444	0	0.111111	0 	0 	0.111111	
32	0.499986	0.194194	0.555556	0.111111	-0.111111	0 	0 	0.111111	
83	0.455376	0.169687	0.555556	0.111111	-0.111111	0 	0 	0.111111	
6	0.460723	0.225882	0.444444	0.222222	0.111111	0 	0 	0.111111	
128	0.569706	0.28902	0.555556	0.333333	0.111111	0 	0 	-0.111111	
77	0.617284	0.320988	0.555556	0.333333	0.111111	0 	0 	-0.111111	
19	0.644371	0.164819	0.666667	0.222222	-0.111111	0 	0 	-0.111111	
51	0.568032	0.00810877	0.555556	0.111111	0.111111	0 	0 	-0.111111	
102	0.645836	0.098137	0.555556	0.111111	0.111111	0 	0 	-0.111111	
25	0.694851	0.0351072	0.666667	0	0.111111	0 	0 	0.111111	
66	0.805587	0.0191759	0.777778	0.111111	0.111111	0 	0 	-0.111111	
117	0.778082	0.0989427	0.777778	0.111111	0.111111	0 	0 	-0.111111	
89	0.938394	0.0555748	0.888889	0	0.111111	0 	0 	0.111111	
29	0.890162	0.0975424	0.888889	0	0.111111	0 	0 	0.111111	
135	0.965212	0.195181	1	0.111111	-0.111111	0 	0 	0.111111	
3	0.894399	0.114785	1	0.111111	-0.111111	0 	0 	0.111111	
43	0.85896	0.219726	0.888889	0.222222	-0.111111	0 	0 	-0.111111	
94	0.825237	0.130992	0.888889	0.222222	-0.111111	0 	0 	-0.111111	
74	0.725311	0.20845	0.777778	0.111111	-0.111111	0 	0 	0.111111	
134	0.698272	0.181022	0.777778	0.111111	-0.111111	0 	0 	0.111111	
48	0.67017	0.278051	0.666667	0.222222	0.111111	0 	0 	0.111111	
99	0.751669	0.317926	0.666667	0.222222	0.111111	0 	0 	0.111111	
11	0.819296	0.303563	0.777778	0.333333	0.111111	0 	0 	-0.111111	
112	0.958934	0.265319	0.888889	0.222222	0.111111	0 	0 	0.111111	
61	0.986318	0.284018	0.888889	0.222222	0.111111	0 	0 	0.111111	
104	0.989004	0.444415	1	0.333333	-0.111111	0 	0 	0.111111	
53	0.893026	0.347533	1	0.333333	-0.111111	0 	0 	0.111111	
18	0.940814	0.519447	0.888889	0.444444	0.111111	0 	0 	0.111111	
76	0.947269	0.655103	1	0.555556	-0.111111	0 	0 	0.111111	
127	0.915482	0.631295	1	0.555556	-0.111111	0 	0 	0.111111	
8	0.780593	0.558798	0.888889	0.666667	-0.111111	0 	0 	-0.111111	
82	0.805997	0.494846	0.777778	0.555556	0.111111	0 	0 	-0.111111	
31	0.829973	0.499036	0.777778	0.555556	0.111111	0 	0 	-0.111111	
54	0.887346	0.417724	0.888889	0.444444	-0.111111	0 	0 	-0.111111	
114	0.861236	0.381157	0.888889	0.444444	-0.111111	0 	0 	-0.111111	
13	0.700765	0.408392	0.777778	0.333333	-0.111111	0 	0 	0.111111	
71	0.708822	0.466718	0.666667	0.444444	0.111111	0 	0 	0.111111	
122	0.769547	0.55144	0.666667	0.444444	0.111111	0 	0 	0.111111	
36	0.748571	0.615647	0.777778	0.555556	-0.111111	0 	0 	0.111111	
96	0.715139	0.586388	0.777778	0.555556	-0.111111	0 	0 	0.111111	
125	0.651744	0.638769	0.666667	0.666667	-0.111111	0 	0 	-0.111111	
65	0.583678	0.580749	0.666667	0.666667	-0.111111	0 	0 	-0.111111	
21	0.521275	0.59031	0.555556	0.555556	-0.111111	0 	0 	0.111111	
34	0.389212	0.640054	0.444444	0.666667	-0.111111	0 	0 	-0.111111	
85	0.346579	0.604611	0.444444	0.666667	-0.111111	0 	0 	-0.111111	
108	0.395205	0.475939	0.333333	0.555556	0.111111	0 	0 	-0.111111	
57	0.431225	0.508103	0.333333	0.555556	0.111111	0 	0 	-0.111111	
47	0.458019	0.447789	0.444444	0.444444	0.111111	0 	0 	0.111111	
107	0.534796	0.541477	0.444444	0.444444	0.111111	0 	0 	0.111111	
16	0.575928	0.496897	0.555556	0.555556	0.111111	0 	0 	-0.111111	
39	0.635873	0.38234	0.666667	0.444444	-0.111111	0 	0 	-0.111111	
90	0.60435	0.361391	0.666667	0.444444	-0.111111	0 	0 	-0.111111	
79	0.50831	0.431443	0.555556	0.333333	-0.111111	0 	0 	0.111111	
130	0.478428	0.401504	0.555556	0.333333	-0.111111	0 	0 	0.111111	
2	0.341143	0.335188	0.444444	0.444444	-0.111111	0 	0 	-0.111111	
28	0.278469	0.425238	0.333333	0.333333	-0.111111	0 	0 	0.111111	
88	0.237828	0.392244	0.333333	0.333333	-0.111111	0 	0 	0.111111	
5	0.224561	0.460002	0.222222	0.444444	0.111111	0 	0 	0.111111	
137	0.300517	0.530485	0.222222	0.444444	0.111111	0 	0 	0.111111	
60	0.318564	0.662589	0.333333	0.555556	-0.111111	0 	0 	0.111111	
111	0.277109	0.582141	0.333333	0.555556	-0.111111	0 	0 	0.111111	
10	0.152733	0.630095	0.222222	0.666667	-0.111111	0 	0 	-0.111111	
93	0.152253	0.478065	0.111111	0.555556	0.111111	0 	0 	-0.111111	
42	0.127358	0.534579	0.111111	0.555556	0.111111	0 	0 	-0.111111	
119	0.208128	0.388577	0.222222	0.444444	-0.111111	0 	0 	-0.111111	
68	0.12461	0.353991	0.222222	0.444444	-0.111111	0 	0 	-0.111111	
24	0.0828069	0.345589	0.111111	0.333333	-0.111111	0 	0 	0.111111	
133	0.0156326	0.452881	0	0.444444	0.111111	0 	0 	0.111111	
73	0.0573079	0.541934	0	0.444444	0.111111	0 	0 	0.111111	
101	0.0941571	0.635791	0.111111	0.555556	-0.111111	0 	0 	0.111111	
50	0.0129522	0.570474	0.111111	0.555556	-0.111111	0 	0 	0.111111	
12	0.0417953	0.742879	0	0.666667	0.111111	0 	0 	0.111111	
116	0.181841	0.690195	0.111111	0.777778	0.111111	0 	0 	-0.111111	
56	0.212117	0.728295	0.111111	0.777778	0.111111	0 	0 	-0.111111	
52	0.222328	0.686732	0.222222	0.666667	0.111111	0 	0 	0.111111	
103	0.315226	0.761752	0.222222	0.666667	0.111111	0 	0 	0.111111	
20	0.291669	0.787238	0.333333	0.777778	-0.111111	0 	0 	0.111111	
30	0.180222	0.869185	0.222222	0.888889	-0.111111	0 	0 	-0.111111	
81	0.126361	0.832926	0.222222	0.888889	-0.111111	0 	0 	-0.111111	
121	0.0972962	0.821427	0.111111	0.777778	-0.111111	0 	0 	0.111111	
70	0.0228154	0.806026	0.111111	0.777778	-0.111111	0 	0 	0.111111	
98	0.0544494	0.911099	0	0.888889	0.111111	0 	0 	0.111111	
38	0.0860716	0.931137	0	0.888889	0.111111	0 	0 	0.111111	
7	0.140374	0.962016	0.111111	1	0.111111	0 	0 	-0.111111	
126	0.247925	0.931129	0.222222	0.888889	0.111111	0 	0 	0.111111	
75	0.263771	0.990109	0.222222	0.888889	0.111111	0 	0 	0.111111	
49	0.368266	0.890865	0.333333	1	0.111111	0 	0 	-0.111111	
100	0.375613	0.985834	0.333333	1	0.111111	0 	0 	-0.111111	
72	0.430576	0.8852	0.444444	0.888889	-0.111111	0 	0 	-0.111111	
132	0.34366	0.842428	0.444444	0.888889	-0.111111	0 	0 	-0.111111	
26	0.424322	0.712959	0.333333	0.777778	0.111111	0 	0 	-0.111111	
67	0.459699	0.699489	0.444444	0.666667	0.111111	0 	0 	0.111111	
118	0.545441	0.776337	0.444444	0.666667	0.111111	0 	0 	0.111111	
44	0.507335	0.85098	0.555556	0.777778	-0.111111	0 	0 	0.111111	
95	0.484426	0.804592	0.555556	0.777778	-0.111111	0 	0 	0.111111	
9	0.482661	0.966426	0.444444	0.888889	0.111111	0 	0 	0.111111	
113	0.58664	0.942883	0.555556	1	0.111111	0 	0 	-0.111111	
62	0.652447	0.949722	0.555556	1	0.111111	0 	0 	-0.111111	
136	0.646624	0.888351	0.666667	0.888889	-0.111111	0 	0 	-0.111111	
4	0.555556	0.777778	0.666667	0.888889	-0.111111	0 	0 	-0.111111	
87	0.570076	0.677259	0.555556	0.777778	0.111111	0 	0 	-0.111111	
27	0.614919	0.75068	0.555556	0.777778	0.111111	0 	0 	-0.111111	
1	0.695215	0.679189	0.666667	0.666667	0.111111	0 	0 	0.111111	
129	0.822759	0.726059	0.777778	0.777778	0.111111	0 	0 	-0.111111	
78	0.842554	0.760897	0.777778	0.777778	0.111111	0 	0 	-0.111111	
92	0.9329	0.723114	0.888889	0.666667	0.111111	0 	0 	0.111111	
41	0.987071	0.71141	0.888889	0.666667	0.111111	0 	0 	0.111111	
15	0.924123	0.856719	1	0.777778	-0.111111	0 	0 	0.111111	
106	0.874819	0.832966	0.888889	0.888889	-0.111111	0 	0 	-0.111111	
46	0.795391	0.789425	0.888889	0.888889	-0.111111	0 	0 	-0.111111	
59	0.763275	0.866465	0.777778	0.777778	-0.111111	0 	0 	0.111111	
110	0.763123	0.822133	0.777778	0.777778	-0.111111	0 	0 	0.111111	
84	0.69416	0.917571	0.666667	0.888889	0.111111	0 	0 	0.111111	
33	0.724188	0.983638	0.666667	0.888889	0.111111	0 	0 	0.111111	
23	0.850728	0.928296	0.777778	1	0.111111	0 	0 	-0.111111	
64	0.917787	0.905664	0.888889	0.888889	0.111111	0 	0 	0.111111	
124	0.99115	0.997022	0.888889	0.888889	0.111111	0 	0 	0.111111	
