0	0.00407081	0.00716859	0	0	0.111111	0 	0 	0.037037	
366	0.0914431	0.0251748	0	0	0.111111	0 	0 	0.037037	
591	0.108904	0.0426009	0.111111	0.037037	-0.111111	0 	0 	0.037037	
192	0.0493188	0.0419258	0.111111	0.037037	-0.111111	0 	0 	0.037037	
306	0.0138012	0.0675482	0.111111	0.037037	-0.111111	0 	0 	0.037037	
531	0.0220012	0.0926379	0	0.0740741	0.111111	0 	0 	0.037037	
417	0.0559365	0.101117	0	0.0740741	0.111111	0 	0 	0.037037	
141	0.0783475	0.0816596	0	0.0740741	0.111111	0 	0 	0.037037	
329	0.120524	0.088236	0.111111	0.111111	0.037037	0 	0 	-0.111111	
131	0.140048	0.0675419	0.111111	0.111111	0.037037	0 	0 	-0.111111	
278	0.162329	0.0108605	0.148148	0	0.037037	0 	0 	0.111111	
503	0.159726	0.0411803	0.148148	0	0.037037	0 	0 	0.111111	
80	0.17155	0.0992612	0.148148	0	0.037037	0 	0 	0.111111	
461	0.191932	0.0550004	0.185185	0.111111	0.037037	0 	0 	-0.111111	
182	0.208029	0.0256854	0.185185	0.111111	0.037037	0 	0 	-0.111111	
457	0.238875	0.0116797	0.222222	0	0.111111	0 	0 	0.037037	
91	0.276565	0.0194057	0.222222	0	0.111111	0 	0 	0.037037	
544	0.29777	0.0337621	0.222222	0	0.111111	0 	0 	0.037037	
40	0.304702	0.062693	0.333333	0.037037	-0.111111	0 	0 	0.037037	
397	0.320479	0.0462468	0.333333	0.037037	-0.111111	0 	0 	0.037037	
232	0.229511	0.097411	0.222222	0.0740741	0.111111	0 	0 	0.037037	
595	0.264838	0.108434	0.222222	0.0740741	0.111111	0 	0 	0.037037	
265	0.32165	0.0818273	0.222222	0.0740741	0.111111	0 	0 	0.037037	
200	0.305689	0.116015	0.333333	0.111111	-0.037037	0 	0 	0.111111	
425	0.321433	0.183925	0.333333	0.111111	-0.037037	0 	0 	0.111111	
17	0.259259	0.185185	0.296296	0.222222	-0.037037	0 	0 	-0.111111	
521	0.291724	0.175312	0.296296	0.222222	-0.037037	0 	0 	-0.111111	
323	0.276894	0.141802	0.296296	0.222222	-0.037037	0 	0 	-0.111111	
572	0.249506	0.131421	0.259259	0.111111	-0.037037	0 	0 	0.111111	
149	0.23031	0.15489	0.259259	0.111111	-0.037037	0 	0 	0.111111	
374	0.240625	0.211745	0.259259	0.111111	-0.037037	0 	0 	0.111111	
105	0.203461	0.208416	0.222222	0.222222	-0.111111	0 	0 	-0.037037	
435	0.183105	0.197849	0.222222	0.222222	-0.111111	0 	0 	-0.037037	
549	0.113855	0.219479	0.222222	0.222222	-0.111111	0 	0 	-0.037037	
243	0.13889	0.160082	0.111111	0.185185	0.111111	0 	0 	-0.037037	
237	0.174038	0.160073	0.111111	0.185185	0.111111	0 	0 	-0.037037	
384	0.194382	0.142789	0.222222	0.148148	-0.111111	0 	0 	-0.037037	
45	0.124346	0.123175	0.222222	0.148148	-0.111111	0 	0 	-0.037037	
508	0.0874566	0.12098	0.111111	0.111111	-0.037037	0 	0 	0.111111	
58	0.101852	0.176318	0.111111	0.111111	-0.037037	0 	0 	0.111111	
283	0.0732467	0.202799	0.111111	0.111111	-0.037037	0 	0 	0.111111	
334	0.0464232	0.165664	0.0740741	0.222222	-0.037037	0 	0 	-0.111111	
109	0.0647033	0.143998	0.0740741	0.222222	-0.037037	0 	0 	-0.111111	
475	0.00102425	0.133194	0.037037	0.111111	-0.037037	0 	0 	0.111111	
169	0.0289431	0.221382	0.037037	0.111111	-0.037037	0 	0 	0.111111	
260	0.0617957	0.23024	0	0.222222	0.111111	0 	0 	0.037037	
218	0.0950594	0.238767	0	0.222222	0.111111	0 	0 	0.037037	
443	0.0916533	0.279486	0.111111	0.259259	-0.111111	0 	0 	0.037037	
566	0.039317	0.293555	0.111111	0.259259	-0.111111	0 	0 	0.037037	
86	0.0164609	0.279835	0.111111	0.259259	-0.111111	0 	0 	0.037037	
392	0.0138641	0.301318	0	0.296296	0.111111	0 	0 	0.037037	
35	0.0481189	0.310574	0	0.296296	0.111111	0 	0 	0.037037	
214	0.120989	0.297712	0.111111	0.333333	0.037037	0 	0 	-0.111111	
412	0.132614	0.258538	0.111111	0.333333	0.037037	0 	0 	-0.111111	
154	0.157933	0.226045	0.148148	0.222222	0.037037	0 	0 	0.111111	
352	0.157445	0.250593	0.148148	0.222222	0.037037	0 	0 	0.111111	
577	0.178828	0.31439	0.148148	0.222222	0.037037	0 	0 	0.111111	
301	0.203775	0.331178	0.185185	0.333333	0.037037	0 	0 	-0.111111	
22	0.187158	0.256658	0.185185	0.333333	0.037037	0 	0 	-0.111111	
526	0.213476	0.245302	0.185185	0.333333	0.037037	0 	0 	-0.111111	
63	0.256292	0.246159	0.222222	0.222222	0.111111	0 	0 	0.037037	
348	0.301304	0.237084	0.222222	0.222222	0.111111	0 	0 	0.037037	
174	0.291377	0.28599	0.333333	0.259259	-0.111111	0 	0 	0.037037	
288	0.222725	0.27897	0.333333	0.259259	-0.111111	0 	0 	0.037037	
486	0.239762	0.301206	0.222222	0.296296	0.111111	0 	0 	0.037037	
480	0.269747	0.318828	0.222222	0.296296	0.111111	0 	0 	0.037037	
123	0.32517	0.330525	0.222222	0.296296	0.111111	0 	0 	0.037037	
229	0.357213	0.313324	0.333333	0.333333	0.037037	0 	0 	-0.111111	
454	0.367627	0.233196	0.333333	0.333333	0.037037	0 	0 	-0.111111	
97	0.383056	0.24253	0.37037	0.222222	0.037037	0 	0 	0.111111	
403	0.397682	0.261283	0.37037	0.222222	0.037037	0 	0 	0.111111	
601	0.377644	0.325347	0.37037	0.222222	0.037037	0 	0 	0.111111	
262	0.434548	0.302013	0.407407	0.333333	0.037037	0 	0 	-0.111111	
37	0.412088	0.30926	0.407407	0.333333	0.037037	0 	0 	-0.111111	
541	0.409642	0.26247	0.407407	0.333333	0.037037	0 	0 	-0.111111	
120	0.433391	0.208163	0.444444	0.222222	-0.111111	0 	0 	-0.037037	
477	0.379973	0.208505	0.444444	0.222222	-0.111111	0 	0 	-0.037037	
492	0.346486	0.194855	0.444444	0.222222	-0.111111	0 	0 	-0.037037	
294	0.349338	0.170814	0.333333	0.185185	0.111111	0 	0 	-0.037037	
171	0.402522	0.176063	0.333333	0.185185	0.111111	0 	0 	-0.037037	
345	0.444411	0.143506	0.444444	0.148148	-0.111111	0 	0 	-0.037037	
69	0.431014	0.144243	0.444444	0.148148	-0.111111	0 	0 	-0.037037	
371	0.34934	0.102733	0.333333	0.111111	0.037037	0 	0 	-0.111111	
146	0.342809	0.0733301	0.333333	0.111111	0.037037	0 	0 	-0.111111	
569	0.365926	0.0196305	0.333333	0.111111	0.037037	0 	0 	-0.111111	
320	0.382852	0.0334427	0.37037	0	0.037037	0 	0 	0.111111	
518	0.396003	0.0590613	0.37037	0	0.037037	0 	0 	0.111111	
14	0.378397	0.0837957	0.37037	0	0.037037	0 	0 	0.111111	
431	0.430949	0.0714427	0.407407	0.111111	0.037037	0 	0 	-0.111111	
206	0.417624	0.00321126	0.407407	0.111111	0.037037	0 	0 	-0.111111	
472	0.453441	0.0287415	0.444444	0	0.111111	0 	0 	0.037037	
115	0.51025	0.0343558	0.444444	0	0.111111	0 	0 	0.037037	
505	0.532073	0.00890945	0.444444	0	0.111111	0 	0 	0.037037	
55	0.549619	0.0612182	0.555556	0.037037	-0.111111	0 	0 	0.037037	
340	0.489284	0.0566927	0.555556	0.037037	-0.111111	0 	0 	0.037037	
166	0.47845	0.107143	0.444444	0.0740741	0.111111	0 	0 	0.037037	
280	0.51989	0.0932785	0.444444	0.0740741	0.111111	0 	0 	0.037037	
224	0.536069	0.126788	0.555556	0.111111	-0.037037	0 	0 	0.111111	
449	0.547819	0.125187	0.555556	0.111111	-0.037037	0 	0 	0.111111	
32	0.494136	0.196751	0.518519	0.222222	-0.037037	0 	0 	-0.111111	
563	0.483894	0.18011	0.518519	0.222222	-0.037037	0 	0 	-0.111111	
257	0.508347	0.117635	0.518519	0.222222	-0.037037	0 	0 	-0.111111	
83	0.461534	0.16837	0.481481	0.111111	-0.037037	0 	0 	0.111111	
389	0.472071	0.164804	0.481481	0.111111	-0.037037	0 	0 	0.111111	
6	0.458537	0.222506	0.444444	0.222222	0.111111	0 	0 	0.037037	
363	0.537088	0.249172	0.444444	0.222222	0.111111	0 	0 	0.037037	
588	0.52352	0.261132	0.555556	0.259259	-0.111111	0 	0 	0.037037	
189	0.491281	0.266448	0.555556	0.259259	-0.111111	0 	0 	0.037037	
312	0.457511	0.290816	0.555556	0.259259	-0.111111	0 	0 	0.037037	
537	0.470014	0.319294	0.444444	0.296296	0.111111	0 	0 	0.037037	
414	0.503429	0.331962	0.444444	0.296296	0.111111	0 	0 	0.037037	
138	0.522585	0.301507	0.444444	0.296296	0.111111	0 	0 	0.037037	
326	0.563844	0.257329	0.555556	0.333333	0.037037	0 	0 	-0.111111	
128	0.583034	0.293831	0.555556	0.333333	0.037037	0 	0 	-0.111111	
275	0.592745	0.236782	0.592593	0.222222	0.037037	0 	0 	0.111111	
500	0.606378	0.26288	0.592593	0.222222	0.037037	0 	0 	0.111111	
77	0.616172	0.320418	0.592593	0.222222	0.037037	0 	0 	0.111111	
467	0.639443	0.280861	0.62963	0.333333	0.037037	0 	0 	-0.111111	
188	0.661448	0.249368	0.62963	0.333333	0.037037	0 	0 	-0.111111	
298	0.651517	0.209028	0.666667	0.222222	-0.111111	0 	0 	-0.037037	
583	0.626566	0.201989	0.666667	0.222222	-0.111111	0 	0 	-0.037037	
211	0.565818	0.189945	0.666667	0.222222	-0.111111	0 	0 	-0.037037	
358	0.556996	0.172164	0.555556	0.185185	0.111111	0 	0 	-0.037037	
19	0.629621	0.148944	0.555556	0.185185	0.111111	0 	0 	-0.037037	
523	0.65271	0.132019	0.666667	0.148148	-0.111111	0 	0 	-0.037037	
160	0.597323	0.122789	0.666667	0.148148	-0.111111	0 	0 	-0.037037	
409	0.576978	0.147311	0.666667	0.148148	-0.111111	0 	0 	-0.037037	
555	0.570221	0.0901612	0.555556	0.111111	0.037037	0 	0 	-0.111111	
249	0.589914	0.0478169	0.555556	0.111111	0.037037	0 	0 	-0.111111	
51	0.569716	0.0155211	0.555556	0.111111	0.037037	0 	0 	-0.111111	
234	0.6158	0.0532789	0.592593	0	0.037037	0 	0 	0.111111	
432	0.624932	0.0833758	0.592593	0	0.037037	0 	0 	0.111111	
102	0.648732	0.0927055	0.62963	0.111111	0.037037	0 	0 	-0.111111	
381	0.659409	0.00275184	0.62963	0.111111	0.037037	0 	0 	-0.111111	
406	0.688635	0.0370052	0.666667	0	0.111111	0 	0 	0.037037	
157	0.695445	0.00491	0.666667	0	0.111111	0 	0 	0.037037	
529	0.76772	0.0204264	0.666667	0	0.111111	0 	0 	0.037037	
25	0.734583	0.0427215	0.777778	0.037037	-0.111111	0 	0 	0.037037	
355	0.721985	0.0653614	0.777778	0.037037	-0.111111	0 	0 	0.037037	
208	0.678375	0.0741846	0.666667	0.0740741	0.111111	0 	0 	0.037037	
580	0.736124	0.0989853	0.666667	0.0740741	0.111111	0 	0 	0.037037	
304	0.75081	0.108299	0.666667	0.0740741	0.111111	0 	0 	0.037037	
489	0.79677	0.0440086	0.777778	0.111111	0.037037	0 	0 	-0.111111	
291	0.790778	0.04252	0.777778	0.111111	0.037037	0 	0 	-0.111111	
66	0.800495	0.0247877	0.777778	0.111111	0.037037	0 	0 	-0.111111	
177	0.847846	0.0672094	0.814815	0	0.037037	0 	0 	0.111111	
483	0.828713	0.0894017	0.814815	0	0.037037	0 	0 	0.111111	
117	0.881025	0.101712	0.851852	0.111111	0.037037	0 	0 	-0.111111	
342	0.861743	0.018162	0.851852	0.111111	0.037037	0 	0 	-0.111111	
254	0.951229	0.0023867	0.888889	0	0.111111	0 	0 	0.037037	
221	0.983195	0.0166586	0.888889	0	0.111111	0 	0 	0.037037	
446	0.969243	0.0372565	1	0.037037	-0.111111	0 	0 	0.037037	
560	0.93	0.0618502	1	0.037037	-0.111111	0 	0 	0.037037	
89	0.915434	0.0545258	1	0.037037	-0.111111	0 	0 	0.037037	
395	0.919303	0.080283	0.888889	0.0740741	0.111111	0 	0 	0.037037	
29	0.941185	0.0880771	0.888889	0.0740741	0.111111	0 	0 	0.037037	
360	0.985404	0.111524	1	0.111111	-0.037037	0 	0 	0.111111	
585	0.994083	0.166751	1	0.111111	-0.037037	0 	0 	0.111111	
135	0.96825	0.194615	1	0.111111	-0.037037	0 	0 	0.111111	
420	0.948594	0.217695	0.962963	0.222222	-0.037037	0 	0 	-0.111111	
195	0.932914	0.151168	0.962963	0.222222	-0.037037	0 	0 	-0.111111	
3	0.921512	0.111465	0.925926	0.111111	-0.037037	0 	0 	0.111111	
309	0.921487	0.179159	0.925926	0.111111	-0.037037	0 	0 	0.111111	
534	0.916428	0.203825	0.925926	0.111111	-0.037037	0 	0 	0.111111	
268	0.874064	0.193929	0.888889	0.222222	-0.111111	0 	0 	-0.037037	
598	0.821674	0.215364	0.888889	0.222222	-0.111111	0 	0 	-0.037037	
226	0.797921	0.201453	0.888889	0.222222	-0.111111	0 	0 	-0.037037	
400	0.847256	0.151394	0.777778	0.185185	0.111111	0 	0 	-0.037037	
43	0.864809	0.161058	0.777778	0.185185	0.111111	0 	0 	-0.037037	
547	0.861816	0.143588	0.888889	0.148148	-0.111111	0 	0 	-0.037037	
94	0.831702	0.129261	0.888889	0.148148	-0.111111	0 	0 	-0.037037	
451	0.814591	0.120134	0.888889	0.148148	-0.111111	0 	0 	-0.037037	
185	0.763599	0.131356	0.777778	0.111111	-0.037037	0 	0 	0.111111	
464	0.749582	0.171707	0.777778	0.111111	-0.037037	0 	0 	0.111111	
74	0.7204	0.211134	0.740741	0.222222	-0.037037	0 	0 	-0.111111	
497	0.717582	0.159475	0.740741	0.222222	-0.037037	0 	0 	-0.111111	
272	0.704445	0.130433	0.740741	0.222222	-0.037037	0 	0 	-0.111111	
134	0.701889	0.181254	0.703704	0.111111	-0.037037	0 	0 	0.111111	
332	0.674326	0.200677	0.703704	0.111111	-0.037037	0 	0 	0.111111	
48	0.675243	0.241174	0.666667	0.222222	0.111111	0 	0 	0.037037	
378	0.769653	0.224273	0.666667	0.222222	0.111111	0 	0 	0.037037	
240	0.768925	0.27324	0.777778	0.259259	-0.111111	0 	0 	0.037037	
246	0.694219	0.262176	0.777778	0.259259	-0.111111	0 	0 	0.037037	
552	0.686882	0.30575	0.666667	0.296296	0.111111	0 	0 	0.037037	
438	0.735574	0.29884	0.666667	0.296296	0.111111	0 	0 	0.037037	
99	0.758499	0.316834	0.666667	0.296296	0.111111	0 	0 	0.037037	
377	0.788207	0.306181	0.777778	0.333333	0.037037	0 	0 	-0.111111	
152	0.783993	0.27765	0.777778	0.333333	0.037037	0 	0 	-0.111111	
575	0.796095	0.242673	0.777778	0.333333	0.037037	0 	0 	-0.111111	
317	0.82888	0.265357	0.814815	0.222222	0.037037	0 	0 	0.111111	
515	0.842805	0.280615	0.814815	0.222222	0.037037	0 	0 	0.111111	
11	0.825973	0.305349	0.814815	0.222222	0.037037	0 	0 	0.111111	
428	0.855577	0.319742	0.851852	0.333333	0.037037	0 	0 	-0.111111	
203	0.857703	0.226631	0.851852	0.333333	0.037037	0 	0 	-0.111111	
469	0.903009	0.254057	0.888889	0.222222	0.111111	0 	0 	0.037037	
112	0.958502	0.255346	0.888889	0.222222	0.111111	0 	0 	0.037037	
511	0.978598	0.23236	0.888889	0.222222	0.111111	0 	0 	0.037037	
61	0.986528	0.287178	1	0.259259	-0.111111	0 	0 	0.037037	
337	0.930266	0.277689	1	0.259259	-0.111111	0 	0 	0.037037	
163	0.924316	0.329162	0.888889	0.296296	0.111111	0 	0 	0.037037	
286	0.96468	0.316305	0.888889	0.296296	0.111111	0 	0 	0.037037	
383	0.990128	0.34271	1	0.333333	-0.037037	0 	0 	0.111111	
104	0.976409	0.422407	1	0.333333	-0.037037	0 	0 	0.111111	
434	0.948497	0.397206	0.962963	0.444444	-0.037037	0 	0 	-0.111111	
236	0.939765	0.390736	0.962963	0.444444	-0.037037	0 	0 	-0.111111	
53	0.902489	0.342092	0.925926	0.333333	-0.037037	0 	0 	0.111111	
251	0.911034	0.371683	0.925926	0.333333	-0.037037	0 	0 	0.111111	
557	0.892577	0.437974	0.925926	0.333333	-0.037037	0 	0 	0.111111	
408	0.902505	0.466131	0.888889	0.444444	0.111111	0 	0 	0.037037	
159	0.903153	0.464043	0.888889	0.444444	0.111111	0 	0 	0.037037	
522	0.989792	0.467158	0.888889	0.444444	0.111111	0 	0 	0.037037	
18	0.962481	0.481655	1	0.481481	-0.111111	0 	0 	0.037037	
357	0.944868	0.509843	1	0.481481	-0.111111	0 	0 	0.037037	
210	0.900387	0.518938	0.888889	0.518519	0.111111	0 	0 	0.037037	
582	0.956232	0.534287	0.888889	0.518519	0.111111	0 	0 	0.037037	
297	0.974766	0.549793	0.888889	0.518519	0.111111	0 	0 	0.037037	
187	0.995547	0.556077	1	0.555556	-0.037037	0 	0 	0.111111	
466	0.996985	0.556119	1	0.555556	-0.037037	0 	0 	0.111111	
76	0.958962	0.633845	0.962963	0.666667	-0.037037	0 	0 	-0.111111	
499	0.939957	0.603051	0.962963	0.666667	-0.037037	0 	0 	-0.111111	
274	0.928819	0.575474	0.962963	0.666667	-0.037037	0 	0 	-0.111111	
127	0.914087	0.626225	0.925926	0.555556	-0.037037	0 	0 	0.111111	
325	0.893826	0.644606	0.925926	0.555556	-0.037037	0 	0 	0.111111	
140	0.855412	0.63698	0.888889	0.666667	-0.111111	0 	0 	-0.037037	
416	0.83861	0.664462	0.888889	0.666667	-0.111111	0 	0 	-0.037037	
539	0.805213	0.651578	0.888889	0.666667	-0.111111	0 	0 	-0.037037	
314	0.802586	0.623379	0.777778	0.62963	0.111111	0 	0 	-0.037037	
191	0.825058	0.596944	0.777778	0.62963	0.111111	0 	0 	-0.037037	
590	0.881273	0.609535	0.777778	0.62963	0.111111	0 	0 	-0.037037	
365	0.869013	0.587809	0.888889	0.592593	-0.111111	0 	0 	-0.037037	
8	0.777778	0.555556	0.888889	0.592593	-0.111111	0 	0 	-0.037037	
388	0.806681	0.520952	0.777778	0.555556	0.037037	0 	0 	-0.111111	
82	0.786562	0.499005	0.777778	0.555556	0.037037	0 	0 	-0.111111	
256	0.837447	0.449979	0.814815	0.444444	0.037037	0 	0 	0.111111	
562	0.823802	0.496049	0.814815	0.444444	0.037037	0 	0 	0.111111	
31	0.825764	0.530188	0.814815	0.444444	0.037037	0 	0 	0.111111	
448	0.885064	0.492698	0.851852	0.555556	0.037037	0 	0 	-0.111111	
223	0.869674	0.459966	0.851852	0.555556	0.037037	0 	0 	-0.111111	
279	0.853084	0.42572	0.888889	0.444444	-0.111111	0 	0 	-0.037037	
165	0.81008	0.434932	0.888889	0.444444	-0.111111	0 	0 	-0.037037	
339	0.816514	0.388858	0.777778	0.407407	0.111111	0 	0 	-0.037037	
54	0.874087	0.397225	0.777778	0.407407	0.111111	0 	0 	-0.037037	
504	0.871745	0.361274	0.888889	0.37037	-0.111111	0 	0 	-0.037037	
114	0.888532	0.365086	0.888889	0.37037	-0.111111	0 	0 	-0.037037	
471	0.788321	0.356059	0.888889	0.37037	-0.111111	0 	0 	-0.037037	
205	0.754514	0.344191	0.777778	0.333333	-0.037037	0 	0 	0.111111	
430	0.768169	0.406258	0.777778	0.333333	-0.037037	0 	0 	0.111111	
13	0.732412	0.417055	0.740741	0.444444	-0.037037	0 	0 	-0.111111	
517	0.731388	0.40864	0.740741	0.444444	-0.037037	0 	0 	-0.111111	
319	0.723059	0.367639	0.740741	0.444444	-0.037037	0 	0 	-0.111111	
568	0.703576	0.345101	0.703704	0.333333	-0.037037	0 	0 	0.111111	
145	0.702967	0.387413	0.703704	0.333333	-0.037037	0 	0 	0.111111	
370	0.68474	0.437157	0.703704	0.333333	-0.037037	0 	0 	0.111111	
71	0.694564	0.469298	0.666667	0.444444	0.111111	0 	0 	0.037037	
347	0.747146	0.459167	0.666667	0.444444	0.111111	0 	0 	0.037037	
173	0.736626	0.510288	0.777778	0.481481	-0.111111	0 	0 	0.037037	
296	0.668762	0.501988	0.777778	0.481481	-0.111111	0 	0 	0.037037	
494	0.668926	0.533944	0.666667	0.518519	0.111111	0 	0 	0.037037	
479	0.707799	0.542083	0.666667	0.518519	0.111111	0 	0 	0.037037	
122	0.771623	0.551147	0.666667	0.518519	0.111111	0 	0 	0.037037	
540	0.7424	0.589625	0.777778	0.555556	-0.037037	0 	0 	0.111111	
36	0.772695	0.56493	0.777778	0.555556	-0.037037	0 	0 	0.111111	
261	0.769562	0.636239	0.777778	0.555556	-0.037037	0 	0 	0.111111	
600	0.709609	0.660134	0.740741	0.666667	-0.037037	0 	0 	-0.111111	
402	0.731014	0.594777	0.740741	0.666667	-0.037037	0 	0 	-0.111111	
96	0.720024	0.576486	0.740741	0.666667	-0.037037	0 	0 	-0.111111	
453	0.69844	0.585946	0.703704	0.555556	-0.037037	0 	0 	0.111111	
228	0.686174	0.644693	0.703704	0.555556	-0.037037	0 	0 	0.111111	
125	0.651671	0.666271	0.666667	0.666667	-0.111111	0 	0 	-0.037037	
482	0.602195	0.652949	0.666667	0.666667	-0.111111	0 	0 	-0.037037	
488	0.571531	0.639594	0.666667	0.666667	-0.111111	0 	0 	-0.037037	
290	0.562957	0.620512	0.555556	0.62963	0.111111	0 	0 	-0.037037	
176	0.625031	0.622236	0.555556	0.62963	0.111111	0 	0 	-0.037037	
350	0.632942	0.571849	0.666667	0.592593	-0.111111	0 	0 	-0.037037	
65	0.663632	0.587945	0.666667	0.592593	-0.111111	0 	0 	-0.037037	
525	0.55078	0.594037	0.555556	0.555556	-0.037037	0 	0 	0.111111	
21	0.520517	0.592205	0.555556	0.555556	-0.037037	0 	0 	0.111111	
300	0.532236	0.66118	0.555556	0.555556	-0.037037	0 	0 	0.111111	
576	0.503506	0.65406	0.518519	0.666667	-0.037037	0 	0 	-0.111111	
351	0.498648	0.618913	0.518519	0.666667	-0.037037	0 	0 	-0.111111	
153	0.485597	0.563786	0.518519	0.666667	-0.037037	0 	0 	-0.111111	
411	0.475068	0.593088	0.481481	0.555556	-0.037037	0 	0 	0.111111	
213	0.453955	0.633771	0.481481	0.555556	-0.037037	0 	0 	0.111111	
34	0.384266	0.643157	0.444444	0.666667	-0.111111	0 	0 	-0.037037	
391	0.367034	0.632199	0.444444	0.666667	-0.111111	0 	0 	-0.037037	
85	0.347604	0.605224	0.333333	0.62963	0.111111	0 	0 	-0.037037	
565	0.379721	0.624268	0.333333	0.62963	0.111111	0 	0 	-0.037037	
442	0.441701	0.603567	0.333333	0.62963	0.111111	0 	0 	-0.037037	
217	0.429794	0.583978	0.444444	0.592593	-0.111111	0 	0 	-0.037037	
259	0.398177	0.561083	0.444444	0.592593	-0.111111	0 	0 	-0.037037	
168	0.361023	0.546367	0.333333	0.555556	0.037037	0 	0 	-0.111111	
474	0.342385	0.469152	0.333333	0.555556	0.037037	0 	0 	-0.111111	
108	0.397676	0.476966	0.37037	0.444444	0.037037	0 	0 	0.111111	
333	0.375461	0.494298	0.37037	0.444444	0.037037	0 	0 	0.111111	
282	0.417982	0.537525	0.407407	0.555556	0.037037	0 	0 	-0.111111	
57	0.430592	0.506318	0.407407	0.555556	0.037037	0 	0 	-0.111111	
507	0.422028	0.453277	0.407407	0.555556	0.037037	0 	0 	-0.111111	
47	0.458277	0.474502	0.444444	0.444444	0.111111	0 	0 	0.037037	
386	0.547502	0.447229	0.444444	0.444444	0.111111	0 	0 	0.037037	
239	0.503401	0.497307	0.555556	0.481481	-0.111111	0 	0 	0.037037	
245	0.53782	0.49078	0.555556	0.481481	-0.111111	0 	0 	0.037037	
551	0.458712	0.542685	0.444444	0.518519	0.111111	0 	0 	0.037037	
437	0.513405	0.527642	0.444444	0.518519	0.111111	0 	0 	0.037037	
107	0.532819	0.539362	0.444444	0.518519	0.111111	0 	0 	0.037037	
373	0.574253	0.550565	0.555556	0.555556	0.037037	0 	0 	-0.111111	
148	0.559106	0.490167	0.555556	0.555556	0.037037	0 	0 	-0.111111	
571	0.587085	0.460712	0.555556	0.555556	0.037037	0 	0 	-0.111111	
322	0.606163	0.474146	0.592593	0.444444	0.037037	0 	0 	0.111111	
520	0.62043	0.501208	0.592593	0.444444	0.037037	0 	0 	0.111111	
16	0.597169	0.519447	0.592593	0.444444	0.037037	0 	0 	0.111111	
424	0.651988	0.517704	0.62963	0.555556	0.037037	0 	0 	-0.111111	
199	0.63455	0.445173	0.62963	0.555556	0.037037	0 	0 	-0.111111	
264	0.659017	0.411006	0.666667	0.444444	-0.111111	0 	0 	-0.037037	
594	0.596952	0.437934	0.666667	0.444444	-0.111111	0 	0 	-0.037037	
231	0.569262	0.42543	0.666667	0.444444	-0.111111	0 	0 	-0.037037	
396	0.622527	0.373154	0.555556	0.407407	0.111111	0 	0 	-0.037037	
39	0.63902	0.383499	0.555556	0.407407	0.111111	0 	0 	-0.037037	
543	0.642704	0.364553	0.666667	0.37037	-0.111111	0 	0 	-0.037037	
90	0.610184	0.354	0.666667	0.37037	-0.111111	0 	0 	-0.037037	
456	0.590776	0.34272	0.666667	0.37037	-0.111111	0 	0 	-0.037037	
181	0.555244	0.354656	0.555556	0.333333	-0.037037	0 	0 	0.111111	
460	0.528121	0.39369	0.555556	0.333333	-0.037037	0 	0 	0.111111	
79	0.508785	0.433501	0.518519	0.444444	-0.037037	0 	0 	-0.111111	
502	0.496437	0.380205	0.518519	0.444444	-0.037037	0 	0 	-0.111111	
277	0.482336	0.351795	0.518519	0.444444	-0.037037	0 	0 	-0.111111	
130	0.476991	0.406056	0.481481	0.333333	-0.037037	0 	0 	0.111111	
328	0.449931	0.422497	0.481481	0.333333	-0.037037	0 	0 	0.111111	
143	0.411826	0.414978	0.444444	0.444444	-0.111111	0 	0 	-0.037037	
419	0.393807	0.442119	0.444444	0.444444	-0.111111	0 	0 	-0.037037	
533	0.357918	0.431912	0.444444	0.444444	-0.111111	0 	0 	-0.037037	
308	0.347365	0.397916	0.333333	0.407407	0.111111	0 	0 	-0.037037	
194	0.375541	0.374752	0.333333	0.407407	0.111111	0 	0 	-0.037037	
593	0.439856	0.388081	0.333333	0.407407	0.111111	0 	0 	-0.037037	
368	0.425339	0.359912	0.444444	0.37037	-0.111111	0 	0 	-0.037037	
2	0.333333	0.333333	0.444444	0.37037	-0.111111	0 	0 	-0.037037	
220	0.313908	0.349071	0.333333	0.333333	-0.037037	0 	0 	0.111111	
445	0.317161	0.361312	0.333333	0.333333	-0.037037	0 	0 	0.111111	
28	0.270903	0.419683	0.296296	0.444444	-0.037037	0 	0 	-0.111111	
559	0.261923	0.403695	0.296296	0.444444	-0.037037	0 	0 	-0.111111	
253	0.281466	0.337368	0.296296	0.444444	-0.037037	0 	0 	-0.111111	
88	0.259196	0.359903	0.259259	0.333333	-0.037037	0 	0 	0.111111	
394	0.257153	0.402762	0.259259	0.333333	-0.037037	0 	0 	0.111111	
5	0.229204	0.449169	0.222222	0.444444	0.111111	0 	0 	0.037037	
362	0.314489	0.472355	0.222222	0.444444	0.111111	0 	0 	0.037037	
587	0.328036	0.501609	0.333333	0.481481	-0.111111	0 	0 	0.037037	
197	0.26956	0.484947	0.333333	0.481481	-0.111111	0 	0 	0.037037	
311	0.23594	0.513032	0.333333	0.481481	-0.111111	0 	0 	0.037037	
536	0.247363	0.542094	0.222222	0.518519	0.111111	0 	0 	0.037037	
422	0.283888	0.553325	0.222222	0.518519	0.111111	0 	0 	0.037037	
137	0.301196	0.52779	0.222222	0.518519	0.111111	0 	0 	0.037037	
510	0.31987	0.566964	0.333333	0.555556	-0.037037	0 	0 	0.111111	
60	0.324161	0.615413	0.333333	0.555556	-0.037037	0 	0 	0.111111	
285	0.296924	0.648458	0.333333	0.555556	-0.037037	0 	0 	0.111111	
336	0.264746	0.607682	0.296296	0.666667	-0.037037	0 	0 	-0.111111	
111	0.291177	0.586982	0.296296	0.666667	-0.037037	0 	0 	-0.111111	
468	0.259025	0.579027	0.259259	0.555556	-0.037037	0 	0 	0.111111	
162	0.258341	0.664671	0.259259	0.555556	-0.037037	0 	0 	0.111111	
10	0.148907	0.630041	0.222222	0.666667	-0.111111	0 	0 	-0.037037	
376	0.128944	0.657064	0.222222	0.666667	-0.111111	0 	0 	-0.037037	
151	0.12535	0.607645	0.111111	0.62963	0.111111	0 	0 	-0.037037	
514	0.175554	0.617562	0.111111	0.62963	0.111111	0 	0 	-0.037037	
427	0.209431	0.628995	0.111111	0.62963	0.111111	0 	0 	-0.037037	
202	0.220752	0.592478	0.222222	0.592593	-0.111111	0 	0 	-0.037037	
316	0.173481	0.587734	0.222222	0.592593	-0.111111	0 	0 	-0.037037	
574	0.142849	0.57273	0.222222	0.592593	-0.111111	0 	0 	-0.037037	
225	0.126375	0.53576	0.111111	0.555556	0.037037	0 	0 	-0.111111	
450	0.145965	0.454922	0.111111	0.555556	0.037037	0 	0 	-0.111111	
93	0.165126	0.468403	0.148148	0.444444	0.037037	0 	0 	0.111111	
399	0.178027	0.484948	0.148148	0.444444	0.037037	0 	0 	0.111111	
597	0.153031	0.54468	0.148148	0.444444	0.037037	0 	0 	0.111111	
267	0.213847	0.526017	0.185185	0.555556	0.037037	0 	0 	-0.111111	
42	0.195038	0.493547	0.185185	0.555556	0.037037	0 	0 	-0.111111	
546	0.191918	0.474918	0.185185	0.555556	0.037037	0 	0 	-0.111111	
119	0.213147	0.44366	0.222222	0.444444	-0.111111	0 	0 	-0.037037	
485	0.152371	0.429781	0.222222	0.444444	-0.111111	0 	0 	-0.037037	
491	0.123182	0.416388	0.222222	0.444444	-0.111111	0 	0 	-0.037037	
293	0.124956	0.385403	0.111111	0.407407	0.111111	0 	0 	-0.037037	
179	0.17642	0.398123	0.111111	0.407407	0.111111	0 	0 	-0.037037	
344	0.208212	0.365796	0.222222	0.37037	-0.111111	0 	0 	-0.037037	
68	0.135677	0.357087	0.222222	0.37037	-0.111111	0 	0 	-0.037037	
528	0.0998303	0.357888	0.111111	0.333333	-0.037037	0 	0 	0.111111	
24	0.0740741	0.37037	0.111111	0.333333	-0.037037	0 	0 	0.111111	
303	0.087407	0.43819	0.111111	0.333333	-0.037037	0 	0 	0.111111	
579	0.0621021	0.419607	0.0740741	0.444444	-0.037037	0 	0 	-0.111111	
354	0.055756	0.395337	0.0740741	0.444444	-0.037037	0 	0 	-0.111111	
156	0.0422107	0.340715	0.0740741	0.444444	-0.037037	0 	0 	-0.111111	
405	0.0199759	0.367156	0.037037	0.333333	-0.037037	0 	0 	0.111111	
207	0.00868057	0.410759	0.037037	0.333333	-0.037037	0 	0 	0.111111	
271	0.0276602	0.448408	0	0.444444	0.111111	0 	0 	0.037037	
184	0.105683	0.475066	0	0.444444	0.111111	0 	0 	0.037037	
463	0.0832705	0.507965	0.111111	0.481481	-0.111111	0 	0 	0.037037	
496	0.0554137	0.48875	0.111111	0.481481	-0.111111	0 	0 	0.037037	
133	0.0317135	0.51428	0.111111	0.481481	-0.111111	0 	0 	0.037037	
331	0.0178238	0.533191	0	0.518519	0.111111	0 	0 	0.037037	
73	0.0634481	0.541881	0	0.518519	0.111111	0 	0 	0.037037	
380	0.101596	0.559667	0.111111	0.555556	-0.037037	0 	0 	0.111111	
101	0.0914758	0.649351	0.111111	0.555556	-0.037037	0 	0 	0.111111	
440	0.0734122	0.624627	0.0740741	0.666667	-0.037037	0 	0 	-0.111111	
242	0.0693611	0.622556	0.0740741	0.666667	-0.037037	0 	0 	-0.111111	
50	0.031025	0.570731	0.037037	0.555556	-0.037037	0 	0 	0.111111	
248	0.0325434	0.580625	0.037037	0.555556	-0.037037	0 	0 	0.111111	
554	0.00416736	0.662796	0.037037	0.555556	-0.037037	0 	0 	0.111111	
567	0.0359197	0.685307	0	0.666667	0.111111	0 	0 	0.037037	
318	0.0532611	0.698125	0	0.666667	0.111111	0 	0 	0.037037	
204	0.0336045	0.671598	0	0.666667	0.111111	0 	0 	0.037037	
429	0.106384	0.722289	0.111111	0.703704	-0.111111	0 	0 	0.037037	
516	0.0649592	0.726986	0.111111	0.703704	-0.111111	0 	0 	0.037037	
144	0.108713	0.723189	0.111111	0.703704	-0.111111	0 	0 	0.037037	
369	0.0142929	0.764433	0	0.740741	0.111111	0 	0 	0.037037	
12	0.0442896	0.741864	0	0.740741	0.111111	0 	0 	0.037037	
167	0.143993	0.770352	0.111111	0.777778	0.037037	0 	0 	-0.111111	
473	0.11554	0.694216	0.111111	0.777778	0.037037	0 	0 	-0.111111	
116	0.176955	0.699588	0.148148	0.666667	0.037037	0 	0 	0.111111	
341	0.157457	0.722576	0.148148	0.666667	0.037037	0 	0 	0.111111	
281	0.194649	0.758968	0.185185	0.777778	0.037037	0 	0 	-0.111111	
56	0.213138	0.727988	0.185185	0.777778	0.037037	0 	0 	-0.111111	
506	0.199354	0.676729	0.185185	0.777778	0.037037	0 	0 	-0.111111	
52	0.234899	0.672022	0.222222	0.666667	0.111111	0 	0 	0.037037	
382	0.326709	0.671038	0.222222	0.666667	0.111111	0 	0 	0.037037	
235	0.280952	0.719532	0.333333	0.703704	-0.111111	0 	0 	0.037037	
250	0.248285	0.710562	0.333333	0.703704	-0.111111	0 	0 	0.037037	
556	0.224668	0.77244	0.222222	0.740741	0.111111	0 	0 	0.037037	
433	0.291508	0.746389	0.222222	0.740741	0.111111	0 	0 	0.037037	
103	0.315506	0.760921	0.222222	0.740741	0.111111	0 	0 	0.037037	
524	0.324939	0.794623	0.333333	0.777778	-0.037037	0 	0 	0.111111	
20	0.296389	0.813454	0.333333	0.777778	-0.037037	0 	0 	0.111111	
299	0.316962	0.887709	0.333333	0.777778	-0.037037	0 	0 	0.111111	
584	0.295633	0.857593	0.296296	0.888889	-0.037037	0 	0 	-0.111111	
359	0.268459	0.837586	0.296296	0.888889	-0.037037	0 	0 	-0.111111	
161	0.263374	0.786008	0.296296	0.888889	-0.037037	0 	0 	-0.111111	
410	0.242722	0.813139	0.259259	0.777778	-0.037037	0 	0 	0.111111	
212	0.231111	0.855947	0.259259	0.777778	-0.037037	0 	0 	0.111111	
30	0.160211	0.862305	0.222222	0.888889	-0.111111	0 	0 	-0.037037	
387	0.140388	0.855772	0.222222	0.888889	-0.111111	0 	0 	-0.037037	
81	0.148459	0.838543	0.111111	0.851852	0.111111	0 	0 	-0.037037	
561	0.151827	0.836445	0.111111	0.851852	0.111111	0 	0 	-0.037037	
447	0.218811	0.825552	0.111111	0.851852	0.111111	0 	0 	-0.037037	
222	0.208314	0.801283	0.222222	0.814815	-0.111111	0 	0 	-0.037037	
255	0.173431	0.785391	0.222222	0.814815	-0.111111	0 	0 	-0.037037	
346	0.0797503	0.791738	0.111111	0.777778	-0.037037	0 	0 	0.111111	
121	0.101428	0.88386	0.111111	0.777778	-0.037037	0 	0 	0.111111	
478	0.0739519	0.860939	0.0740741	0.888889	-0.037037	0 	0 	-0.111111	
172	0.0706551	0.84673	0.0740741	0.888889	-0.037037	0 	0 	-0.111111	
70	0.031991	0.783105	0.037037	0.777778	-0.037037	0 	0 	0.111111	
295	0.00242528	0.832733	0.037037	0.777778	-0.037037	0 	0 	0.111111	
493	0.0184288	0.792773	0.037037	0.777778	-0.037037	0 	0 	0.111111	
455	0.0131109	0.889662	0	0.888889	0.111111	0 	0 	0.037037	
98	0.0508492	0.909	0	0.888889	0.111111	0 	0 	0.037037	
542	0.0768176	0.923182	0	0.888889	0.111111	0 	0 	0.037037	
38	0.0952023	0.941119	0.111111	0.925926	-0.111111	0 	0 	0.037037	
404	0.0675427	0.930916	0.111111	0.925926	-0.111111	0 	0 	0.037037	
230	0.0145386	0.966975	0	0.962963	0.111111	0 	0 	0.037037	
602	0.0383103	0.982805	0	0.962963	0.111111	0 	0 	0.037037	
263	0.101555	0.969235	0	0.962963	0.111111	0 	0 	0.037037	
538	0.128018	0.976303	0.111111	1	0.037037	0 	0 	-0.111111	
313	0.116043	0.902996	0.111111	1	0.037037	0 	0 	-0.111111	
7	0.111719	0.88946	0.111111	1	0.037037	0 	0 	-0.111111	
190	0.163263	0.930783	0.148148	0.888889	0.037037	0 	0 	0.111111	
415	0.172025	0.996546	0.148148	0.888889	0.037037	0 	0 	0.111111	
139	0.190228	0.999385	0.185185	1	0.037037	0 	0 	-0.111111	
589	0.217575	0.943268	0.185185	1	0.037037	0 	0 	-0.111111	
364	0.190211	0.915061	0.185185	1	0.037037	0 	0 	-0.111111	
273	0.252773	0.90699	0.222222	0.888889	0.111111	0 	0 	0.037037	
186	0.330309	0.917398	0.222222	0.888889	0.111111	0 	0 	0.037037	
465	0.323334	0.954804	0.333333	0.925926	-0.111111	0 	0 	0.037037	
498	0.277289	0.935209	0.333333	0.925926	-0.111111	0 	0 	0.037037	
126	0.249838	0.958385	0.333333	0.925926	-0.111111	0 	0 	0.037037	
324	0.22925	0.96327	0.222222	0.962963	0.111111	0 	0 	0.037037	
75	0.284317	0.985005	0.222222	0.962963	0.111111	0 	0 	0.037037	
553	0.344331	0.977084	0.333333	1	0.037037	0 	0 	-0.111111	
247	0.36047	0.931419	0.333333	1	0.037037	0 	0 	-0.111111	
49	0.347682	0.901737	0.333333	1	0.037037	0 	0 	-0.111111	
241	0.38967	0.944815	0.37037	0.888889	0.037037	0 	0 	0.111111	
439	0.403605	0.974115	0.37037	0.888889	0.037037	0 	0 	0.111111	
100	0.426095	0.985567	0.407407	1	0.037037	0 	0 	-0.111111	
379	0.435166	0.893526	0.407407	1	0.037037	0 	0 	-0.111111	
72	0.389223	0.87765	0.444444	0.888889	-0.111111	0 	0 	-0.037037	
330	0.339134	0.86809	0.444444	0.888889	-0.111111	0 	0 	-0.037037	
132	0.346466	0.834451	0.333333	0.851852	0.111111	0 	0 	-0.037037	
495	0.353498	0.832372	0.333333	0.851852	0.111111	0 	0 	-0.037037	
462	0.418551	0.837558	0.333333	0.851852	0.111111	0 	0 	-0.037037	
183	0.42367	0.809909	0.444444	0.814815	-0.111111	0 	0 	-0.037037	
270	0.373903	0.797864	0.444444	0.814815	-0.111111	0 	0 	-0.037037	
209	0.33806	0.744482	0.333333	0.777778	0.037037	0 	0 	-0.111111	
407	0.351724	0.703276	0.333333	0.777778	0.037037	0 	0 	-0.111111	
158	0.380687	0.696998	0.37037	0.666667	0.037037	0 	0 	0.111111	
356	0.389402	0.730895	0.37037	0.666667	0.037037	0 	0 	0.111111	
581	0.402803	0.755417	0.37037	0.666667	0.037037	0 	0 	0.111111	
305	0.407658	0.769836	0.407407	0.777778	0.037037	0 	0 	-0.111111	
26	0.41041	0.694321	0.407407	0.777778	0.037037	0 	0 	-0.111111	
530	0.433298	0.688443	0.407407	0.777778	0.037037	0 	0 	-0.111111	
67	0.469578	0.689978	0.444444	0.666667	0.111111	0 	0 	0.037037	
343	0.525673	0.681666	0.444444	0.666667	0.111111	0 	0 	0.037037	
178	0.529863	0.72727	0.555556	0.703704	-0.111111	0 	0 	0.037037	
292	0.445816	0.722908	0.555556	0.703704	-0.111111	0 	0 	0.037037	
490	0.46519	0.754823	0.444444	0.740741	0.111111	0 	0 	0.037037	
484	0.461676	0.74301	0.444444	0.740741	0.111111	0 	0 	0.037037	
118	0.547325	0.773663	0.444444	0.740741	0.111111	0 	0 	0.037037	
548	0.550812	0.819767	0.555556	0.777778	-0.037037	0 	0 	0.111111	
44	0.530329	0.827171	0.555556	0.777778	-0.037037	0 	0 	0.111111	
269	0.545276	0.87344	0.555556	0.777778	-0.037037	0 	0 	0.111111	
599	0.48596	0.884276	0.518519	0.888889	-0.037037	0 	0 	-0.111111	
401	0.508879	0.819272	0.518519	0.888889	-0.037037	0 	0 	-0.111111	
95	0.497719	0.797781	0.518519	0.888889	-0.037037	0 	0 	-0.111111	
452	0.480992	0.785726	0.481481	0.777778	-0.037037	0 	0 	0.111111	
227	0.465356	0.867356	0.481481	0.777778	-0.037037	0 	0 	0.111111	
573	0.47626	0.90863	0.444444	0.888889	0.111111	0 	0 	0.037037	
315	0.495433	0.919451	0.444444	0.888889	0.111111	0 	0 	0.037037	
201	0.525837	0.892926	0.444444	0.888889	0.111111	0 	0 	0.037037	
426	0.541347	0.961076	0.555556	0.925926	-0.111111	0 	0 	0.037037	
513	0.508744	0.948308	0.555556	0.925926	-0.111111	0 	0 	0.037037	
150	0.449356	0.934129	0.555556	0.925926	-0.111111	0 	0 	0.037037	
375	0.448942	0.991671	0.444444	0.962963	0.111111	0 	0 	0.037037	
9	0.487305	0.968314	0.444444	0.962963	0.111111	0 	0 	0.037037	
164	0.588878	0.992913	0.555556	1	0.037037	0 	0 	-0.111111	
470	0.566777	0.918512	0.555556	1	0.037037	0 	0 	-0.111111	
113	0.622151	0.922207	0.592593	0.888889	0.037037	0 	0 	0.111111	
338	0.598642	0.943355	0.592593	0.888889	0.037037	0 	0 	0.111111	
287	0.636437	0.99293	0.62963	1	0.037037	0 	0 	-0.111111	
62	0.654778	0.949028	0.62963	1	0.037037	0 	0 	-0.111111	
512	0.634799	0.9064	0.62963	1	0.037037	0 	0 	-0.111111	
136	0.632664	0.861632	0.666667	0.888889	-0.111111	0 	0 	-0.037037	
421	0.61531	0.888166	0.666667	0.888889	-0.111111	0 	0 	-0.037037	
535	0.585394	0.874072	0.666667	0.888889	-0.111111	0 	0 	-0.037037	
310	0.574526	0.843448	0.555556	0.851852	0.111111	0 	0 	-0.037037	
196	0.598817	0.818791	0.555556	0.851852	0.111111	0 	0 	-0.037037	
586	0.662163	0.832659	0.555556	0.851852	0.111111	0 	0 	-0.037037	
361	0.648436	0.810047	0.666667	0.814815	-0.111111	0 	0 	-0.037037	
4	0.55541	0.779169	0.666667	0.814815	-0.111111	0 	0 	-0.037037	
393	0.590472	0.745726	0.555556	0.777778	0.037037	0 	0 	-0.111111	
87	0.569	0.723847	0.555556	0.777778	0.037037	0 	0 	-0.111111	
252	0.618659	0.674542	0.592593	0.666667	0.037037	0 	0 	0.111111	
558	0.605081	0.722862	0.592593	0.666667	0.037037	0 	0 	0.111111	
27	0.606526	0.756028	0.592593	0.666667	0.037037	0 	0 	0.111111	
444	0.6645	0.713949	0.62963	0.777778	0.037037	0 	0 	-0.111111	
219	0.647016	0.681715	0.62963	0.777778	0.037037	0 	0 	-0.111111	
1	0.667076	0.672502	0.666667	0.666667	0.111111	0 	0 	0.037037	
367	0.758573	0.694102	0.666667	0.666667	0.111111	0 	0 	0.037037	
592	0.763046	0.705887	0.777778	0.703704	-0.111111	0 	0 	0.037037	
193	0.709986	0.708579	0.777778	0.703704	-0.111111	0 	0 	0.037037	
307	0.679615	0.738095	0.777778	0.703704	-0.111111	0 	0 	0.037037	
532	0.696108	0.764302	0.666667	0.740741	0.111111	0 	0 	0.037037	
418	0.727216	0.776099	0.666667	0.740741	0.111111	0 	0 	0.037037	
142	0.745109	0.749361	0.666667	0.740741	0.111111	0 	0 	0.037037	
327	0.797521	0.763559	0.777778	0.777778	0.037037	0 	0 	-0.111111	
129	0.806995	0.735231	0.777778	0.777778	0.037037	0 	0 	-0.111111	
276	0.823503	0.674098	0.814815	0.666667	0.037037	0 	0 	0.111111	
501	0.833713	0.71107	0.814815	0.666667	0.037037	0 	0 	0.111111	
78	0.839657	0.764246	0.814815	0.666667	0.037037	0 	0 	0.111111	
459	0.85797	0.728099	0.851852	0.777778	0.037037	0 	0 	-0.111111	
180	0.882784	0.696123	0.851852	0.777778	0.037037	0 	0 	-0.111111	
458	0.895126	0.67618	0.888889	0.666667	0.111111	0 	0 	0.037037	
92	0.944692	0.688292	0.888889	0.666667	0.111111	0 	0 	0.037037	
545	0.965706	0.70096	0.888889	0.666667	0.111111	0 	0 	0.037037	
41	0.982542	0.712582	1	0.703704	-0.111111	0 	0 	0.037037	
398	0.958178	0.713458	1	0.703704	-0.111111	0 	0 	0.037037	
233	0.902506	0.770725	0.888889	0.740741	0.111111	0 	0 	0.037037	
596	0.934535	0.770295	0.888889	0.740741	0.111111	0 	0 	0.037037	
266	0.98991	0.745548	0.888889	0.740741	0.111111	0 	0 	0.037037	
198	0.971213	0.781854	1	0.777778	-0.037037	0 	0 	0.111111	
423	0.988672	0.846865	1	0.777778	-0.037037	0 	0 	0.111111	
15	0.926162	0.853658	0.962963	0.888889	-0.037037	0 	0 	-0.111111	
519	0.955409	0.849154	0.962963	0.888889	-0.037037	0 	0 	-0.111111	
321	0.940145	0.811239	0.962963	0.888889	-0.037037	0 	0 	-0.111111	
570	0.916642	0.806583	0.925926	0.777778	-0.037037	0 	0 	0.111111	
147	0.892216	0.823171	0.925926	0.777778	-0.037037	0 	0 	0.111111	
372	0.905759	0.877629	0.925926	0.777778	-0.037037	0 	0 	0.111111	
106	0.868832	0.872162	0.888889	0.888889	-0.111111	0 	0 	-0.037037	
436	0.85103	0.863761	0.888889	0.888889	-0.111111	0 	0 	-0.037037	
550	0.781637	0.882861	0.888889	0.888889	-0.111111	0 	0 	-0.037037	
244	0.804994	0.824002	0.777778	0.851852	0.111111	0 	0 	-0.037037	
238	0.835939	0.8308	0.777778	0.851852	0.111111	0 	0 	-0.037037	
385	0.872514	0.789608	0.888889	0.814815	-0.111111	0 	0 	-0.037037	
46	0.789942	0.789417	0.888889	0.814815	-0.111111	0 	0 	-0.037037	
509	0.754879	0.788893	0.777778	0.777778	-0.037037	0 	0 	0.111111	
59	0.765357	0.837803	0.777778	0.777778	-0.037037	0 	0 	0.111111	
284	0.739716	0.870472	0.777778	0.777778	-0.037037	0 	0 	0.111111	
335	0.708901	0.832848	0.740741	0.888889	-0.037037	0 	0 	-0.111111	
110	0.730856	0.825817	0.740741	0.888889	-0.037037	0 	0 	-0.111111	
476	0.677099	0.800406	0.703704	0.777778	-0.037037	0 	0 	0.111111	
170	0.702412	0.879773	0.703704	0.777778	-0.037037	0 	0 	0.111111	
258	0.730076	0.894579	0.666667	0.888889	0.111111	0 	0 	0.037037	
216	0.762537	0.905783	0.666667	0.888889	0.111111	0 	0 	0.037037	
441	0.770508	0.949181	0.777778	0.925926	-0.111111	0 	0 	0.037037	
564	0.705687	0.961234	0.777778	0.925926	-0.111111	0 	0 	0.037037	
84	0.683642	0.945533	0.777778	0.925926	-0.111111	0 	0 	0.037037	
390	0.673426	0.986386	0.666667	0.962963	0.111111	0 	0 	0.037037	
33	0.715425	0.974367	0.666667	0.962963	0.111111	0 	0 	0.037037	
215	0.782291	0.970839	0.777778	1	0.037037	0 	0 	-0.111111	
413	0.796663	0.924612	0.777778	1	0.037037	0 	0 	-0.111111	
155	0.819535	0.934733	0.814815	0.888889	0.037037	0 	0 	0.111111	
353	0.828984	0.9534	0.814815	0.888889	0.037037	0 	0 	0.111111	
578	0.846745	0.983017	0.814815	0.888889	0.037037	0 	0 	0.111111	
302	0.861708	0.979723	0.851852	1	0.037037	0 	0 	-0.111111	
23	0.861888	0.915374	0.851852	1	0.037037	0 	0 	-0.111111	
527	0.880945	0.910422	0.851852	1	0.037037	0 	0 	-0.111111	
64	0.913445	0.912496	0.888889	0.888889	0.111111	0 	0 	0.037037	
349	0.96845	0.903978	0.888889	0.888889	0.111111	0 	0 	0.037037	
175	0.960798	0.955	1	0.925926	-0.111111	0 	0 	0.037037	
289	0.975874	0.935604	1	0.925926	-0.111111	0 	0 	0.037037	
487	0.916969	0.965747	0.888889	0.962963	0.111111	0 	0 	0.037037	
481	0.937826	0.982997	0.888889	0.962963	0.111111	0 	0 	0.037037	
124	0.993491	0.994589	0.888889	0.962963	0.111111	0 	0 	0.037037	
