0	0.2915993850117032	0.8744880828093391	0.25925925925925924	0.7777777777777778	0.037037037037037035	0.	0.	0.1111111111111111
1	0.4053092607603415	0.655308584707644	0.3333333333333333	0.6296296296296297	0.1111111111111111	0.	0.	0.037037037037037035
2	0.8131190242754558	0.23191647202737387	0.7777777777777778	0.2222222222222222	0.037037037037037035	0.	0.	0.1111111111111111
3	0.9916619424499943	0.41193834226976056	0.9629629629629629	0.3333333333333333	0.037037037037037035	0.	0.	0.1111111111111111
4	0.047166149404830944	0.040563767567457346	0.	0.037037037037037035	0.1111111111111111	0.	0.	0.037037037037037035
5	0.5552776714398292	0.9849492954066935	0.4444444444444444	0.9629629629629629	0.1111111111111111	0.	0.	0.037037037037037035
6	0.6152089528061416	0.18503699908000126	0.5555555555555556	0.14814814814814814	0.1111111111111111	0.	0.	0.037037037037037035
7	0.6909697953532861	0.7384895983994624	0.6666666666666666	0.7037037037037037	0.1111111111111111	0.	0.	0.037037037037037035
8	0.1420955410543607	0.5082375556377281	0.1111111111111111	0.4444444444444444	0.037037037037037035	0.	0.	0.1111111111111111
9	0.5801156074978092	0.7409601810364413	0.5555555555555556	0.6666666666666666	0.037037037037037035	0.	0.	0.1111111111111111
10	0.764972918955077	0.5383480161439439	0.6666666666666666	0.5185185185185185	0.1111111111111111	0.	0.	0.037037037037037035
11	0.18618225084803566	0.19875894070228178	0.1111111111111111	0.18518518518518517	0.1111111111111111	0.	0.	0.037037037037037035
12	0.22459648574067367	0.5765520195121465	0.2222222222222222	0.5555555555555556	0.037037037037037035	0.	0.	0.1111111111111111
13	0.35666734703853	0.2822534613031269	0.3333333333333333	0.2222222222222222	0.037037037037037035	0.	0.	0.1111111111111111
14	0.8840602602546745	0.8064298005329983	0.7777777777777778	0.7777777777777778	0.1111111111111111	0.	0.	0.037037037037037035
15	0.9339020261952812	0.1055016573133969	0.8888888888888888	0.07407407407407407	0.1111111111111111	0.	0.	0.037037037037037035
16	0.02121447170028222	0.8920947079801965	0.	0.8888888888888888	0.1111111111111111	0.	0.	0.037037037037037035
17	0.5080034439445114	0.3616788759977018	0.48148148148148145	0.3333333333333333	0.037037037037037035	0.	0.	0.1111111111111111
18	0.8905411427530359	0.9497611220384714	0.8888888888888888	0.9259259259259259	0.1111111111111111	0.	0.	0.037037037037037035
19	0.07584272085310385	0.40464309654343883	0.07407407407407407	0.3333333333333333	0.037037037037037035	0.	0.	0.1111111111111111
20	0.46361403289987924	0.016091879952172587	0.4444444444444444	0.	0.1111111111111111	0.	0.	0.037037037037037035
21	0.6510830398199892	0.45403486305203294	0.6296296296296297	0.4444444444444444	0.037037037037037035	0.	0.	0.1111111111111111
22	0.7124906972417075	0.14445157631643307	0.7037037037037037	0.1111111111111111	0.037037037037037035	0.	0.	0.1111111111111111
23	0.15953519949224987	0.6999727514841546	0.14814814814814814	0.6666666666666666	0.037037037037037035	0.	0.	0.1111111111111111
24	0.3276161869005677	0.303355054788201	0.2222222222222222	0.2962962962962963	0.1111111111111111	0.	0.	0.037037037037037035
25	0.41598467877280143	0.8149683620200411	0.3333333333333333	0.8148148148148148	0.1111111111111111	0.	0.	0.037037037037037035
26	0.8345311227632739	0.604404140501373	0.7777777777777778	0.5925925925925926	0.1111111111111111	0.	0.	0.037037037037037035
27	0.05891756024292252	0.630133709835878	0.037037037037037035	0.5555555555555556	0.037037037037037035	0.	0.	0.1111111111111111
28	0.5237223914608192	0.23839299320072868	0.4444444444444444	0.2222222222222222	0.1111111111111111	0.	0.	0.037037037037037035
29	0.9635906177727563	0.8770128804416434	0.9629629629629629	0.7777777777777778	0.037037037037037035	0.	0.	0.1111111111111111
30	0.7027847306237848	0.05674207643674726	0.6666666666666666	0.037037037037037035	0.1111111111111111	0.	0.	0.037037037037037035
31	0.12185049493686778	0.9991195483726726	0.1111111111111111	0.8888888888888888	0.037037037037037035	0.	0.	0.1111111111111111
32	0.620903692920932	0.42082827822080754	0.5555555555555556	0.4074074074074074	0.1111111111111111	0.	0.	0.037037037037037035
33	0.3815065504533327	0.7097686556961282	0.37037037037037035	0.6666666666666666	0.037037037037037035	0.	0.	0.1111111111111111
34	0.777913833221832	0.48247126306906973	0.7777777777777778	0.4444444444444444	0.037037037037037035	0.	0.	0.1111111111111111
35	0.2594768058330543	0.1584019157713331	0.25925925925925924	0.1111111111111111	0.037037037037037035	0.	0.	0.1111111111111111
36	0.3646654604269006	0.547378866170395	0.3333333333333333	0.4444444444444444	0.037037037037037035	0.	0.	0.1111111111111111
37	0.86171699435683	0.2220172855476762	0.7777777777777778	0.18518518518518517	0.1111111111111111	0.	0.	0.037037037037037035
38	0.2427663697122293	0.7583310356790826	0.2222222222222222	0.7407407407407407	0.1111111111111111	0.	0.	0.037037037037037035
39	0.026135473697159056	0.2840027742225752	0.	0.25925925925925924	0.1111111111111111	0.	0.	0.037037037037037035
40	0.48221090254900445	0.7824795950152583	0.48148148148148145	0.7777777777777778	0.037037037037037035	0.	0.	0.1111111111111111
41	0.9478382328578049	0.5885498835005255	0.9259259259259259	0.5555555555555556	0.037037037037037035	0.	0.	0.1111111111111111
42	0.7667663957752116	0.9073180208941746	0.6666666666666666	0.8888888888888888	0.1111111111111111	0.	0.	0.037037037037037035
43	0.20468185064591837	0.33744659539676536	0.1111111111111111	0.3333333333333333	0.1111111111111111	0.	0.	0.037037037037037035
44	0.5883499439803763	0.07920241581922803	0.5555555555555556	0.	0.037037037037037035	0.	0.	0.1111111111111111
45	0.7194099286094632	0.37740035908804676	0.7037037037037037	0.3333333333333333	0.037037037037037035	0.	0.	0.1111111111111111
46	0.1653201998479401	0.033134396255433976	0.14814814814814814	0.	0.037037037037037035	0.	0.	0.1111111111111111
47	0.6561044331688232	0.9593627420842646	0.6296296296296297	0.8888888888888888	0.037037037037037035	0.	0.	0.1111111111111111
48	0.42686486052109646	0.11897970114843359	0.3333333333333333	0.1111111111111111	0.1111111111111111	0.	0.	0.037037037037037035
49	0.8426183400262378	0.6760538917530852	0.8148148148148148	0.6666666666666666	0.037037037037037035	0.	0.	0.1111111111111111
50	0.2995089761502004	0.46694141069721967	0.2222222222222222	0.4444444444444444	0.1111111111111111	0.	0.	0.037037037037037035
51	0.09007343009505449	0.8339768748437738	0.07407407407407407	0.7777777777777778	0.037037037037037035	0.	0.	0.1111111111111111
52	0.471959695451213	0.6055552678836249	0.4444444444444444	0.5555555555555556	0.037037037037037035	0.	0.	0.1111111111111111
53	0.9058668586145255	0.3163704092755576	0.8888888888888888	0.2962962962962963	0.1111111111111111	0.	0.	0.037037037037037035
54	0.13443552628764896	0.24720484087080208	0.1111111111111111	0.2222222222222222	0.037037037037037035	0.	0.	0.1111111111111111
55	0.6020689533880932	0.8626958085327284	0.5555555555555556	0.8518518518518519	0.1111111111111111	0.	0.	0.037037037037037035
56	0.6779794318002628	0.6447326219410834	0.6666666666666666	0.5555555555555556	0.037037037037037035	0.	0.	0.1111111111111111
57	0.7961725173497469	0.9664263738341762	0.7777777777777778	0.8888888888888888	0.037037037037037035	0.	0.	0.1111111111111111
58	0.27992498868587196	0.43833216058947255	0.25925925925925924	0.3333333333333333	0.037037037037037035	0.	0.	0.1111111111111111
59	0.3941944665709201	0.07084307992463111	0.37037037037037035	0.	0.037037037037037035	0.	0.	0.1111111111111111
60	0.5336133310870573	0.49529958735180196	0.4444444444444444	0.48148148148148145	0.1111111111111111	0.	0.	0.037037037037037035
61	0.979572648088143	0.16523805309980216	0.9629629629629629	0.1111111111111111	0.037037037037037035	0.	0.	0.1111111111111111
62	0.06212302055093425	0.7262524061636123	0.	0.7037037037037037	0.1111111111111111	0.	0.	0.037037037037037035
63	0.4980945858028691	0.18877345608498947	0.48148148148148145	0.1111111111111111	0.037037037037037035	0.	0.	0.1111111111111111
64	0.9527127900558712	0.7742879098649496	0.8888888888888888	0.7407407407407407	0.1111111111111111	0.	0.	0.037037037037037035
65	0.0031875108185101687	0.5197578566888855	0.	0.5185185185185185	0.1111111111111111	0.	0.	0.037037037037037035
66	0.22000573731487216	0.7905030925369221	0.1111111111111111	0.7777777777777778	0.1111111111111111	0.	0.	0.037037037037037035
67	0.5634257648498641	0.5648441186771271	0.5555555555555556	0.5555555555555556	0.1111111111111111	0.	0.	0.037037037037037035
68	0.7489709060448443	0.2687757005369257	0.6666666666666666	0.25925925925925924	0.1111111111111111	0.	0.	0.037037037037037035
69	0.8715689350131401	0.3526471406282972	0.7777777777777778	0.3333333333333333	0.1111111111111111	0.	0.	0.037037037037037035
70	0.2476146755022723	0.09050093458875721	0.2222222222222222	0.07407407407407407	0.1111111111111111	0.	0.	0.037037037037037035
71	0.3340922305565861	0.9205215481861966	0.3333333333333333	0.8888888888888888	0.037037037037037035	0.	0.	0.1111111111111111
72	0.822450037397652	0.001092181093533578	0.8148148148148148	0.	0.037037037037037035	0.	0.	0.1111111111111111
73	0.31472268451277835	0.9342298396957868	0.2222222222222222	0.9259259259259259	0.1111111111111111	0.	0.	0.037037037037037035
74	0.4390909898417891	0.3850657788347723	0.3333333333333333	0.37037037037037035	0.1111111111111111	0.	0.	0.037037037037037035
75	0.4556941024355581	0.6902505389520927	0.4444444444444444	0.6666666666666666	0.1111111111111111	0.	0.	0.037037037037037035
76	0.9230716895133889	0.48132621435345235	0.8888888888888888	0.4444444444444444	0.1111111111111111	0.	0.	0.037037037037037035
77	0.10164224690759709	0.1275201684028642	0.07407407407407407	0.1111111111111111	0.037037037037037035	0.	0.	0.1111111111111111
78	0.17803713955527697	0.6268445385878046	0.1111111111111111	0.5925925925925926	0.1111111111111111	0.	0.	0.037037037037037035
79	0.6346943677863494	0.3249853425623375	0.6296296296296297	0.2222222222222222	0.037037037037037035	0.	0.	0.1111111111111111
80	0.7301742999279869	0.8506017906210084	0.7037037037037037	0.7777777777777778	0.037037037037037035	0.	0.	0.1111111111111111
81	0.03615369793550938	0.5931074973855258	0.	0.5555555555555556	0.037037037037037035	0.	0.	0.1111111111111111
82	0.4908972147830829	0.3052704112404339	0.4444444444444444	0.2962962962962963	0.1111111111111111	0.	0.	0.037037037037037035
83	0.9426517475692927	0.8205729012609517	0.9259259259259259	0.7777777777777778	0.037037037037037035	0.	0.	0.1111111111111111
84	0.7754994840588653	0.019024128070831068	0.6666666666666666	0.	0.1111111111111111	0.	0.	0.037037037037037035
85	0.1980211463037344	0.9398115312378328	0.18518518518518517	0.8888888888888888	0.037037037037037035	0.	0.	0.1111111111111111
86	0.5809012198801563	0.39569753713602207	0.5555555555555556	0.37037037037037035	0.1111111111111111	0.	0.	0.037037037037037035
87	0.3584285049690975	0.6936409619437206	0.3333333333333333	0.6666666666666666	0.037037037037037035	0.	0.	0.1111111111111111
88	0.8562133971184989	0.44589766047883606	0.8518518518518519	0.4444444444444444	0.037037037037037035	0.	0.	0.1111111111111111
89	0.23591535965461027	0.138728355518991	0.2222222222222222	0.1111111111111111	0.037037037037037035	0.	0.	0.1111111111111111
90	0.4237786195143644	0.513286620040721	0.4074074074074074	0.4444444444444444	0.037037037037037035	0.	0.	0.1111111111111111
91	0.8510618669594076	0.17298169620898218	0.7777777777777778	0.14814814814814814	0.1111111111111111	0.	0.	0.037037037037037035
92	0.3075518255996694	0.7304071425435977	0.2222222222222222	0.7037037037037037	0.1111111111111111	0.	0.	0.037037037037037035
93	0.09478655545929753	0.22474248731159216	0.	0.2222222222222222	0.1111111111111111	0.	0.	0.037037037037037035
94	0.47779733112325573	0.865116647629513	0.4444444444444444	0.7777777777777778	0.037037037037037035	0.	0.	0.1111111111111111
95	0.9046223589549665	0.65980784167217	0.8888888888888888	0.5555555555555556	0.037037037037037035	0.	0.	0.1111111111111111
96	0.7259216879810746	0.9772032302951673	0.6666666666666666	0.9629629629629629	0.1111111111111111	0.	0.	0.037037037037037035
97	0.1633095154482997	0.4177472288169731	0.1111111111111111	0.4074074074074074	0.1111111111111111	0.	0.	0.037037037037037035
98	0.6661457468760771	0.04135480816039133	0.6296296296296297	0.	0.037037037037037035	0.	0.	0.1111111111111111
99	0.6975629305621641	0.366034800326044	0.6666666666666666	0.3333333333333333	0.037037037037037035	0.	0.	0.1111111111111111
100	0.1171761413991711	0.10849867140953749	0.1111111111111111	0.	0.037037037037037035	0.	0.	0.1111111111111111
101	0.6278212990089603	0.8949855635195036	0.5925925925925926	0.8888888888888888	0.037037037037037035	0.	0.	0.1111111111111111
102	0.3759635360947572	0.204308934557494	0.3333333333333333	0.18518518518518517	0.1111111111111111	0.	0.	0.037037037037037035
103	0.7880117693001001	0.7457566310249188	0.7777777777777778	0.6666666666666666	0.037037037037037035	0.	0.	0.1111111111111111
104	0.26868063242778056	0.5400308440234989	0.2222222222222222	0.5185185185185185	0.1111111111111111	0.	0.	0.037037037037037035
105	0.05556727279852254	0.8100020612659612	0.037037037037037035	0.7777777777777778	0.037037037037037035	0.	0.	0.1111111111111111
106	0.5199185098683134	0.5695238238505587	0.5185185185185185	0.5555555555555556	0.037037037037037035	0.	0.	0.1111111111111111
107	0.9744511989400745	0.2734543130130287	0.8888888888888888	0.25925925925925924	0.1111111111111111	0.	0.	0.037037037037037035
108	0.2165050904161137	0.3208559524584153	0.18518518518518517	0.2222222222222222	0.037037037037037035	0.	0.	0.1111111111111111
109	0.5585727449742597	0.8368848917538793	0.5555555555555556	0.8148148148148148	0.1111111111111111	0.	0.	0.037037037037037035
110	0.7432137858184711	0.611568588636691	0.7407407407407407	0.5555555555555556	0.037037037037037035	0.	0.	0.1111111111111111
111	0.8649553474356042	0.9518002354972678	0.8518518518518519	0.8888888888888888	0.037037037037037035	0.	0.	0.1111111111111111
112	0.2590276108671853	0.3819514563670895	0.2222222222222222	0.3333333333333333	0.037037037037037035	0.	0.	0.1111111111111111
113	0.3429896364274804	0.025773442422831347	0.3333333333333333	0.	0.037037037037037035	0.	0.	0.1111111111111111
114	0.4956598935409772	0.45748809290947606	0.4444444444444444	0.4444444444444444	0.1111111111111111	0.	0.	0.037037037037037035
115	0.9618630589944526	0.12099080455878179	0.9259259259259259	0.1111111111111111	0.037037037037037035	0.	0.	0.1111111111111111
116	0.011804047014835778	0.6676903657514096	0.	0.6666666666666666	0.1111111111111111	0.	0.	0.037037037037037035
117	0.4522040710483262	0.15095691716672907	0.4444444444444444	0.1111111111111111	0.037037037037037035	0.	0.	0.1111111111111111
118	0.9205958584876667	0.7157242811698583	0.8888888888888888	0.7037037037037037	0.1111111111111111	0.	0.	0.037037037037037035
119	0.11053929399519528	0.4870305254643704	0.	0.48148148148148145	0.1111111111111111	0.	0.	0.037037037037037035
120	0.1735356541765141	0.8844462878506494	0.1111111111111111	0.8518518518518519	0.1111111111111111	0.	0.	0.037037037037037035
121	0.6300288263793915	0.6337468314261855	0.5555555555555556	0.6296296296296297	0.1111111111111111	0.	0.	0.037037037037037035
122	0.7406402702327565	0.2401803414515161	0.6666666666666666	0.2222222222222222	0.1111111111111111	0.	0.	0.037037037037037035
123	0.8150601959171722	0.4258656567851267	0.7777777777777778	0.4074074074074074	0.1111111111111111	0.	0.	0.037037037037037035
124	0.3121428527923485	0.06061057687977193	0.2222222222222222	0.037037037037037035	0.1111111111111111	0.	0.	0.037037037037037035
125	0.433356030721786	0.9878459043846112	0.4074074074074074	0.8888888888888888	0.037037037037037035	0.	0.	0.1111111111111111
126	0.7915051553541694	0.0861588419157322	0.7777777777777778	0.	0.037037037037037035	0.	0.	0.1111111111111111
127	0.2787233700831278	0.9117752821448395	0.2222222222222222	0.8888888888888888	0.1111111111111111	0.	0.	0.037037037037037035
128	0.3873041796368872	0.3389441078321493	0.3333333333333333	0.3333333333333333	0.1111111111111111	0.	0.	0.037037037037037035
129	0.5431889698877886	0.7650172600964322	0.4444444444444444	0.7407407407407407	0.1111111111111111	0.	0.	0.037037037037037035
130	0.9770007009963102	0.5534006471540366	0.8888888888888888	0.5185185185185185	0.1111111111111111	0.	0.	0.037037037037037035
131	0.07283455264029673	0.2119826295506018	0.037037037037037035	0.1111111111111111	0.037037037037037035	0.	0.	0.1111111111111111
132	0.13058761759672097	0.580707032938226	0.1111111111111111	0.5555555555555556	0.1111111111111111	0.	0.	0.037037037037037035
133	0.5982716262587753	0.28909779816351766	0.5925925925925926	0.2222222222222222	0.037037037037037035	0.	0.	0.1111111111111111
134	0.672564694085311	0.7867470693666212	0.6666666666666666	0.7777777777777778	0.037037037037037035	0.	0.	0.1111111111111111
135	0.23440977846682756	0.8400193138296651	0.2222222222222222	0.7777777777777778	0.037037037037037035	0.	0.	0.1111111111111111
136	0.3505056009914161	0.6203140605366039	0.3333333333333333	0.5925925925925926	0.1111111111111111	0.	0.	0.037037037037037035
137	0.8779882263790131	0.32800143670253845	0.8518518518518519	0.2222222222222222	0.037037037037037035	0.	0.	0.1111111111111111
138	0.9277922469402489	0.3888876537967511	0.9259259259259259	0.3333333333333333	0.037037037037037035	0.	0.	0.1111111111111111
139	0.020000726738366517	0.006558197287289057	0.	0.	0.1111111111111111	0.	0.	0.037037037037037035
140	0.5173145097479172	0.9273918723143904	0.4444444444444444	0.9259259259259259	0.1111111111111111	0.	0.	0.037037037037037035
141	0.5733490767099483	0.13155878977445268	0.5555555555555556	0.1111111111111111	0.1111111111111111	0.	0.	0.037037037037037035
142	0.7582341031013462	0.6826410231493978	0.6666666666666666	0.6666666666666666	0.1111111111111111	0.	0.	0.037037037037037035
143	0.19533213347078976	0.4699432472882627	0.18518518518518517	0.4444444444444444	0.037037037037037035	0.	0.	0.1111111111111111
144	0.648737488429529	0.7174913551530483	0.6296296296296297	0.6666666666666666	0.037037037037037035	0.	0.	0.1111111111111111
145	0.7082923820273221	0.49935821971115896	0.6666666666666666	0.48148148148148145	0.1111111111111111	0.	0.	0.037037037037037035
146	0.1538093880557085	0.1724362268649486	0.1111111111111111	0.14814814814814814	0.1111111111111111	0.	0.	0.037037037037037035
147	0.32286997431706127	0.6481045344678883	0.2962962962962963	0.5555555555555556	0.037037037037037035	0.	0.	0.1111111111111111
148	0.41238966154248313	0.25497808231131863	0.4074074074074074	0.2222222222222222	0.037037037037037035	0.	0.	0.1111111111111111
149	0.8292626481782862	0.8549996340883594	0.7777777777777778	0.8518518518518519	0.1111111111111111	0.	0.	0.037037037037037035
150	0.8989111225520823	0.06415767201890725	0.8888888888888888	0.037037037037037035	0.1111111111111111	0.	0.	0.037037037037037035
151	0.08309591924206844	0.9674501710035611	0.	0.9629629629629629	0.1111111111111111	0.	0.	0.037037037037037035
152	0.4595673470778499	0.44312404706091824	0.4444444444444444	0.3333333333333333	0.037037037037037035	0.	0.	0.1111111111111111
153	0.9977444558953101	0.9242418831734356	0.8888888888888888	0.8888888888888888	0.1111111111111111	0.	0.	0.037037037037037035
154	0.041409960982557455	0.3546173582299447	0.037037037037037035	0.3333333333333333	0.037037037037037035	0.	0.	0.1111111111111111
155	0.5493665583253824	0.09296872869656962	0.4444444444444444	0.07407407407407407	0.1111111111111111	0.	0.	0.037037037037037035
156	0.6094321167063176	0.5227748731688788	0.5925925925925926	0.4444444444444444	0.037037037037037035	0.	0.	0.1111111111111111
157	0.6838387527821224	0.1930021938858617	0.6666666666666666	0.1111111111111111	0.037037037037037035	0.	0.	0.1111111111111111
158	0.1394908087407151	0.7664714217011893	0.1111111111111111	0.6666666666666666	0.037037037037037035	0.	0.	0.1111111111111111
159	0.28435888772349704	0.261575696718852	0.2222222222222222	0.25925925925925924	0.1111111111111111	0.	0.	0.037037037037037035
160	0.4016926382366249	0.7962889008003221	0.3333333333333333	0.7777777777777778	0.1111111111111111	0.	0.	0.037037037037037035
161	0.8066106720545695	0.5589600407874487	0.7777777777777778	0.5555555555555556	0.1111111111111111	0.	0.	0.037037037037037035
162	0.18314103929593667	0.275976416759242	0.14814814814814814	0.2222222222222222	0.037037037037037035	0.	0.	0.1111111111111111
163	0.6399364292096935	0.8119463922656225	0.5555555555555556	0.7777777777777778	0.1111111111111111	0.	0.	0.037037037037037035
164	0.73349726219565	0.5752174643848877	0.7037037037037037	0.5555555555555556	0.037037037037037035	0.	0.	0.1111111111111111
165	0.824636335465813	0.8990346567172222	0.8148148148148148	0.8888888888888888	0.037037037037037035	0.	0.	0.1111111111111111
166	0.32075290851916366	0.36689641195856654	0.2962962962962963	0.3333333333333333	0.037037037037037035	0.	0.	0.1111111111111111
167	0.44403429921160753	0.10279966117124999	0.4074074074074074	0.	0.037037037037037035	0.	0.	0.1111111111111111
168	0.4461536269790143	0.534794793295853	0.4444444444444444	0.5185185185185185	0.1111111111111111	0.	0.	0.037037037037037035
169	0.9148919319717927	0.2073450233380231	0.8888888888888888	0.1111111111111111	0.037037037037037035	0.	0.	0.1111111111111111
170	0.10446880538284249	0.7499040669822016	0.	0.7407407407407407	0.1111111111111111	0.	0.	0.037037037037037035
171	0.5355712511116055	0.1410965971566534	0.5185185185185185	0.1111111111111111	0.037037037037037035	0.	0.	0.1111111111111111
172	0.9841669430481085	0.6975896835784885	0.8888888888888888	0.6666666666666666	0.1111111111111111	0.	0.	0.037037037037037035
173	0.06605636956903434	0.44986401928095576	0.	0.4444444444444444	0.1111111111111111	0.	0.	0.037037037037037035
174	0.1261712146222258	0.8237505881282046	0.1111111111111111	0.8148148148148148	0.1111111111111111	0.	0.	0.037037037037037035
175	0.5930084551275929	0.5994147640446553	0.5555555555555556	0.5925925925925926	0.1111111111111111	0.	0.	0.037037037037037035
176	0.6673534191940994	0.29853028328951725	0.6666666666666666	0.2962962962962963	0.1111111111111111	0.	0.	0.037037037037037035
177	0.8012205613283057	0.40269696904612257	0.7777777777777778	0.37037037037037035	0.1111111111111111	0.	0.	0.037037037037037035
178	0.2749724490349984	0.02223825510340179	0.2222222222222222	0.	0.1111111111111111	0.	0.	0.037037037037037035
179	0.3833641746293909	0.9436195513139214	0.37037037037037035	0.8888888888888888	0.037037037037037035	0.	0.	0.1111111111111111
180	0.8741398943754194	0.04910374956102713	0.8518518518518519	0.	0.037037037037037035	0.	0.	0.1111111111111111
181	0.2525318719871146	0.9801397244463581	0.2222222222222222	0.9629629629629629	0.1111111111111111	0.	0.	0.037037037037037035
182	0.3397322514865754	0.4088437442794444	0.3333333333333333	0.4074074074074074	0.1111111111111111	0.	0.	0.037037037037037035
183	0.5027596178580013	0.7335447136526294	0.4444444444444444	0.7037037037037037	0.1111111111111111	0.	0.	0.037037037037037035
184	0.9576341671834844	0.5157816016626146	0.8888888888888888	0.48148148148148145	0.1111111111111111	0.	0.	0.037037037037037035
185	0.006499861016213145	0.17911506998278556	0.	0.1111111111111111	0.037037037037037035	0.	0.	0.1111111111111111
186	0.21131140967267387	0.6647892293929073	0.1111111111111111	0.6296296296296297	0.1111111111111111	0.	0.	0.037037037037037035
187	0.5641922326587808	0.2265429315828811	0.5555555555555556	0.2222222222222222	0.037037037037037035	0.	0.	0.1111111111111111
188	0.7503564737899032	0.8696396720515212	0.7407407407407407	0.7777777777777778	0.037037037037037035	0.	0.	0.1111111111111111
189	0.33079487268246494	0.7817615379999515	0.2962962962962963	0.7777777777777778	0.037037037037037035	0.	0.	0.1111111111111111
190	0.40829153978998767	0.5884043370767621	0.3333333333333333	0.5555555555555556	0.1111111111111111	0.	0.	0.037037037037037035
191	0.837741141425968	0.2960146419445909	0.8148148148148148	0.2222222222222222	0.037037037037037035	0.	0.	0.1111111111111111
192	0.8964144106826867	0.3440558199285118	0.8888888888888888	0.3333333333333333	0.037037037037037035	0.	0.	0.1111111111111111
193	0.0789866992983602	0.07607995404703544	0.	0.07407407407407407	0.1111111111111111	0.	0.	0.037037037037037035
194	0.46595833758291494	0.9038242855211166	0.4444444444444444	0.8888888888888888	0.1111111111111111	0.	0.	0.037037037037037035
195	0.6427258738330003	0.21738259778339528	0.5555555555555556	0.18518518518518517	0.1111111111111111	0.	0.	0.037037037037037035
196	0.703943532699084	0.7532523006718591	0.6666666666666666	0.7407407407407407	0.1111111111111111	0.	0.	0.037037037037037035
197	0.1484621110647214	0.5436468780393628	0.14814814814814814	0.4444444444444444	0.037037037037037035	0.	0.	0.1111111111111111
198	0.6064792647900801	0.6731814313861272	0.5925925925925926	0.6666666666666666	0.037037037037037035	0.	0.	0.1111111111111111
199	0.6790630993189417	0.463551826587399	0.6666666666666666	0.4444444444444444	0.1111111111111111	0.	0.	0.037037037037037035
200	0.14749320171689037	0.1122015912104569	0.1111111111111111	0.1111111111111111	0.1111111111111111	0.	0.	0.037037037037037035
201	0.2929629757741938	0.615105612031789	0.25925925925925924	0.5555555555555556	0.037037037037037035	0.	0.	0.1111111111111111
202	0.3964028577745147	0.3101474093694616	0.37037037037037035	0.2222222222222222	0.037037037037037035	0.	0.	0.1111111111111111
203	0.8050503871690345	0.8302984546935857	0.7777777777777778	0.8148148148148148	0.1111111111111111	0.	0.	0.037037037037037035
204	0.9932516449846306	0.029675443933477656	0.8888888888888888	0.	0.1111111111111111	0.	0.	0.037037037037037035
205	0.03904181312757915	0.9554659726149209	0.	0.9259259259259259	0.1111111111111111	0.	0.	0.037037037037037035
206	0.5433371276000496	0.3724584848514125	0.5185185185185185	0.3333333333333333	0.037037037037037035	0.	0.	0.1111111111111111
207	0.9372296793179327	0.991822014865094	0.8888888888888888	0.9629629629629629	0.1111111111111111	0.	0.	0.037037037037037035
208	0.01514179597248921	0.4289266444380884	0.	0.3333333333333333	0.037037037037037035	0.	0.	0.1111111111111111
209	0.5113853146436625	0.049976853444114046	0.4444444444444444	0.037037037037037035	0.1111111111111111	0.	0.	0.037037037037037035
210	0.5705348020455365	0.4928633300375947	0.5555555555555556	0.4444444444444444	0.037037037037037035	0.	0.	0.1111111111111111
211	0.7570021161167859	0.155985091261741	0.7407407407407407	0.1111111111111111	0.037037037037037035	0.	0.	0.1111111111111111
212	0.190747234847458	0.7042432957127366	0.18518518518518517	0.6666666666666666	0.037037037037037035	0.	0.	0.1111111111111111
213	0.2292562934980275	0.24373510354017439	0.2222222222222222	0.2222222222222222	0.1111111111111111	0.	0.	0.037037037037037035
214	0.3487948878201947	0.8887536714662502	0.3333333333333333	0.8518518518518519	0.1111111111111111	0.	0.	0.037037037037037035
215	0.8871996020496135	0.6405706625736391	0.7777777777777778	0.6296296296296297	0.1111111111111111	0.	0.	0.037037037037037035
216	0.09210189620783495	0.5603855074720462	0.07407407407407407	0.5555555555555556	0.037037037037037035	0.	0.	0.1111111111111111
217	0.47451608322140126	0.2655122610203509	0.4444444444444444	0.25925925925925924	0.1111111111111111	0.	0.	0.037037037037037035
218	0.9105041180892903	0.7988258282333642	0.8888888888888888	0.7777777777777778	0.037037037037037035	0.	0.	0.1111111111111111
219	0.722402030729975	0.0956276811678899	0.6666666666666666	0.07407407407407407	0.1111111111111111	0.	0.	0.037037037037037035
220	0.1706037803282004	0.9136225179527525	0.14814814814814814	0.8888888888888888	0.037037037037037035	0.	0.	0.1111111111111111
221	0.6625149528423624	0.34683255570753596	0.5555555555555556	0.3333333333333333	0.1111111111111111	0.	0.	0.037037037037037035
222	0.4300497626322838	0.7715231885941892	0.4074074074074074	0.6666666666666666	0.037037037037037035	0.	0.	0.1111111111111111
223	0.8457761552891608	0.5293531098368591	0.8148148148148148	0.4444444444444444	0.037037037037037035	0.	0.	0.1111111111111111
224	0.3008904776845708	0.193992329954788	0.2962962962962963	0.1111111111111111	0.037037037037037035	0.	0.	0.1111111111111111
225	0.37279220924219103	0.4763093664534264	0.37037037037037035	0.4444444444444444	0.037037037037037035	0.	0.	0.1111111111111111
226	0.7828327100514637	0.13476649226296689	0.7777777777777778	0.1111111111111111	0.1111111111111111	0.	0.	0.037037037037037035
227	0.26737934520202067	0.6864910750757943	0.2222222222222222	0.6666666666666666	0.1111111111111111	0.	0.	0.037037037037037035
228	0.05012701328762197	0.32957942156401193	0.	0.2962962962962963	0.1111111111111111	0.	0.	0.037037037037037035
229	0.5276393560417331	0.8471928236092852	0.5185185185185185	0.7777777777777778	0.037037037037037035	0.	0.	0.1111111111111111
230	0.9676654917442943	0.6254555129289165	0.9629629629629629	0.5555555555555556	0.037037037037037035	0.	0.	0.1111111111111111
231	0.6927042665176818	0.9325403661515347	0.6666666666666666	0.9259259259259259	0.1111111111111111	0.	0.	0.037037037037037035
232	0.11329520571639148	0.3933167191543828	0.1111111111111111	0.37037037037037035	0.1111111111111111	0.	0.	0.037037037037037035
233	0.6254365533396798	0.008735519750307614	0.5925925925925926	0.	0.037037037037037035	0.	0.	0.1111111111111111
234	0.7730006960645456	0.43459675326223296	0.7407407407407407	0.3333333333333333	0.037037037037037035	0.	0.	0.1111111111111111
235	0.20592736470717046	0.06758930604725967	0.18518518518518517	0.	0.037037037037037035	0.	0.	0.1111111111111111
236	0.5887189082901946	0.9747175314382163	0.5555555555555556	0.8888888888888888	0.037037037037037035	0.	0.	0.1111111111111111
237	0.3678563818377023	0.16081436777082786	0.3333333333333333	0.14814814814814814	0.1111111111111111	0.	0.	0.037037037037037035
238	0.8551187286328576	0.7227509504967524	0.8518518518518519	0.6666666666666666	0.037037037037037035	0.	0.	0.1111111111111111
239	0.24508508979072946	0.5049334101342964	0.2222222222222222	0.48148148148148145	0.1111111111111111	0.	0.	0.037037037037037035
240	0.03006606516018998	0.8577225540937597	0.	0.7777777777777778	0.037037037037037035	0.	0.	0.1111111111111111
241	0.48670123295070916	0.652989199546439	0.48148148148148145	0.5555555555555556	0.037037037037037035	0.	0.	0.1111111111111111
242	0.9406017226242605	0.256959182145888	0.8888888888888888	0.2222222222222222	0.1111111111111111	0.	0.	0.037037037037037035