0	0.9330761844830223	0.7598168132334718	0.8888888888888888	0.7407407407407407	0.1111111111111111	0.	0.	0.037037037037037035
1	0.08835998862207828	0.1729206273341935	0.07407407407407407	0.1111111111111111	0.037037037037037035	0.	0.	0.1111111111111111
2	0.37229736189817264	0.6618175684559627	0.3333333333333333	0.6296296296296297	0.1111111111111111	0.	0.	0.037037037037037035
3	0.1719894865963065	0.910383356105877	0.14814814814814814	0.8888888888888888	0.037037037037037035	0.	0.	0.1111111111111111
4	0.45753289005837794	0.03523288705913883	0.4444444444444444	0.	0.1111111111111111	0.	0.	0.037037037037037035
5	0.7061589619059445	0.45487842280845403	0.6666666666666666	0.4444444444444444	0.1111111111111111	0.	0.	0.037037037037037035
6	0.5935238641100024	0.796995424266268	0.5555555555555556	0.7777777777777778	0.1111111111111111	0.	0.	0.037037037037037035
7	0.8433183726979739	0.2806558672567608	0.8148148148148148	0.2222222222222222	0.037037037037037035	0.	0.	0.1111111111111111
8	0.2917383442773983	0.3505161622982723	0.25925925925925924	0.3333333333333333	0.037037037037037035	0.	0.	0.1111111111111111
9	0.32539382121665067	0.3201001156480739	0.2222222222222222	0.2962962962962963	0.1111111111111111	0.	0.	0.037037037037037035
10	0.6496027885608291	0.3979014267707803	0.5555555555555556	0.37037037037037035	0.1111111111111111	0.	0.	0.037037037037037035
11	0.8548108220127375	0.8375339617105281	0.7777777777777778	0.8148148148148148	0.1111111111111111	0.	0.	0.037037037037037035
12	0.4100584081395861	0.1899395293296771	0.3333333333333333	0.18518518518518517	0.1111111111111111	0.	0.	0.037037037037037035
13	0.9925680948347227	0.5680256360077711	0.9629629629629629	0.5555555555555556	0.037037037037037035	0.	0.	0.1111111111111111
14	0.012025890384267551	0.6813200002611806	0.	0.6666666666666666	0.1111111111111111	0.	0.	0.037037037037037035
15	0.7593065614382964	0.04132485104575871	0.6666666666666666	0.037037037037037035	0.1111111111111111	0.	0.	0.037037037037037035
16	0.21242854642448541	0.5058317329554901	0.18518518518518517	0.4444444444444444	0.037037037037037035	0.	0.	0.1111111111111111
17	0.49343162815187785	0.9324216131825009	0.4444444444444444	0.9259259259259259	0.1111111111111111	0.	0.	0.037037037037037035
18	0.5438806928974786	0.5297599795588854	0.4444444444444444	0.5185185185185185	0.1111111111111111	0.	0.	0.037037037037037035
19	0.6872722142822274	0.9797275254587788	0.6666666666666666	0.9629629629629629	0.1111111111111111	0.	0.	0.037037037037037035
20	0.11215781792755591	0.08087599018715468	0.1111111111111111	0.	0.037037037037037035	0.	0.	0.1111111111111111
21	0.8063175082444681	0.40990454172907725	0.7777777777777778	0.4074074074074074	0.1111111111111111	0.	0.	0.037037037037037035
22	0.23237631003730072	0.8698358774721386	0.2222222222222222	0.7777777777777778	0.037037037037037035	0.	0.	0.1111111111111111
23	0.5864028321950727	0.24609675457820201	0.5555555555555556	0.2222222222222222	0.037037037037037035	0.	0.	0.1111111111111111
24	0.05442579642881683	0.6240885718015463	0.037037037037037035	0.5555555555555556	0.037037037037037035	0.	0.	0.1111111111111111
25	0.3379732299083438	0.7361883726633089	0.3333333333333333	0.6666666666666666	0.037037037037037035	0.	0.	0.1111111111111111
26	0.8954121516961553	0.1422951226516055	0.8888888888888888	0.1111111111111111	0.037037037037037035	0.	0.	0.1111111111111111
27	0.03522581894216751	0.29546429418020104	0.	0.25925925925925924	0.1111111111111111	0.	0.	0.037037037037037035
28	0.4419368202284211	0.3609346088731685	0.3333333333333333	0.3333333333333333	0.1111111111111111	0.	0.	0.037037037037037035
29	0.9851710510161824	0.8087848558090416	0.9629629629629629	0.7777777777777778	0.037037037037037035	0.	0.	0.1111111111111111
30	0.5091665290491817	0.1491383358405704	0.48148148148148145	0.1111111111111111	0.037037037037037035	0.	0.	0.1111111111111111
31	0.7443742914691329	0.6349644825659527	0.7407407407407407	0.5555555555555556	0.037037037037037035	0.	0.	0.1111111111111111
32	0.2067087869824389	0.7747434037577021	0.18518518518518517	0.6666666666666666	0.037037037037037035	0.	0.	0.1111111111111111
33	0.8874451612530316	0.011744595676249841	0.8518518518518519	0.	0.037037037037037035	0.	0.	0.1111111111111111
34	0.315505358657821	0.4662105304055478	0.2222222222222222	0.4444444444444444	0.1111111111111111	0.	0.	0.037037037037037035
35	0.639060761359647	0.9145012789105913	0.6296296296296297	0.8888888888888888	0.037037037037037035	0.	0.	0.1111111111111111
36	0.5702558011415172	0.517208585217598	0.5555555555555556	0.4444444444444444	0.037037037037037035	0.	0.	0.1111111111111111
37	0.7903839283007049	0.9449702568518519	0.7777777777777778	0.8888888888888888	0.037037037037037035	0.	0.	0.1111111111111111
38	0.2477907185061999	0.049821697306600986	0.2222222222222222	0.037037037037037035	0.1111111111111111	0.	0.	0.037037037037037035
39	0.9179507307885311	0.3732627118059658	0.8888888888888888	0.3333333333333333	0.037037037037037035	0.	0.	0.1111111111111111
40	0.04185350747759067	0.8498806602869164	0.037037037037037035	0.7777777777777778	0.037037037037037035	0.	0.	0.1111111111111111
41	0.3601523055569044	0.3252141258503927	0.3333333333333333	0.2222222222222222	0.037037037037037035	0.	0.	0.1111111111111111
42	0.14717566989597192	0.5867040965920622	0.1111111111111111	0.5555555555555556	0.1111111111111111	0.	0.	0.037037037037037035
43	0.5321496311810533	0.7029161924371017	0.4444444444444444	0.6666666666666666	0.1111111111111111	0.	0.	0.037037037037037035
44	0.6694411138040423	0.20773055018608821	0.6666666666666666	0.1111111111111111	0.037037037037037035	0.	0.	0.1111111111111111
45	0.73545766100839	0.7065120029484726	0.6666666666666666	0.7037037037037037	0.1111111111111111	0.	0.	0.037037037037037035
46	0.1584245724632631	0.11395730544338871	0.1111111111111111	0.1111111111111111	0.1111111111111111	0.	0.	0.037037037037037035
47	0.4499000679680969	0.6047894608554549	0.4444444444444444	0.5555555555555556	0.037037037037037035	0.	0.	0.1111111111111111
48	0.2773008803534567	0.9951332517160703	0.2222222222222222	0.9629629629629629	0.1111111111111111	0.	0.	0.037037037037037035
49	0.6184458905407385	0.09607399984464943	0.5925925925925926	0.	0.037037037037037035	0.	0.	0.1111111111111111
50	0.83586728166047	0.5335710781161087	0.8148148148148148	0.4444444444444444	0.037037037037037035	0.	0.	0.1111111111111111
51	0.4002189801582745	0.8808955412095754	0.3333333333333333	0.8518518518518519	0.1111111111111111	0.	0.	0.037037037037037035
52	0.9586239410275484	0.2587300091572252	0.8888888888888888	0.2222222222222222	0.1111111111111111	0.	0.	0.037037037037037035
53	0.07499500024291868	0.42395366962638886	0.07407407407407407	0.3333333333333333	0.037037037037037035	0.	0.	0.1111111111111111
54	0.3487704148416029	0.48132201650284945	0.3333333333333333	0.4444444444444444	0.037037037037037035	0.	0.	0.1111111111111111
55	0.9068221643108125	0.9006170545271979	0.8888888888888888	0.8888888888888888	0.1111111111111111	0.	0.	0.037037037037037035
56	0.06616725597769475	0.02030326021296205	0.	0.	0.1111111111111111	0.	0.	0.037037037037037035
57	0.6932847598224644	0.344097412118714	0.6666666666666666	0.3333333333333333	0.037037037037037035	0.	0.	0.1111111111111111
58	0.1357748901435446	0.78602221181613	0.1111111111111111	0.7777777777777778	0.1111111111111111	0.	0.	0.037037037037037035
59	0.5193452025541513	0.26511582698800773	0.4444444444444444	0.25925925925925924	0.1111111111111111	0.	0.	0.037037037037037035
60	0.2386261705086709	0.6521967332846286	0.2222222222222222	0.5555555555555556	0.037037037037037035	0.	0.	0.1111111111111111
61	0.559213020868393	0.7529829585239102	0.5555555555555556	0.6666666666666666	0.037037037037037035	0.	0.	0.1111111111111111
62	0.7887825855281495	0.16390876270872712	0.7777777777777778	0.14814814814814814	0.1111111111111111	0.	0.	0.037037037037037035
63	0.8258468582611972	0.6675867986940671	0.8148148148148148	0.6666666666666666	0.037037037037037035	0.	0.	0.1111111111111111
64	0.2683740482295452	0.21185777382396861	0.25925925925925924	0.1111111111111111	0.037037037037037035	0.	0.	0.1111111111111111
65	0.6159926654438421	0.5603645208002065	0.5555555555555556	0.5555555555555556	0.1111111111111111	0.	0.	0.037037037037037035
66	0.1111044327515334	0.9589428985173437	0.	0.9259259259259259	0.1111111111111111	0.	0.	0.037037037037037035
67	0.38308303651264397	0.06535182070180429	0.37037037037037035	0.	0.037037037037037035	0.	0.	0.1111111111111111
68	0.9465849580643458	0.4823765829965351	0.8888888888888888	0.48148148148148145	0.1111111111111111	0.	0.	0.037037037037037035
69	0.4794692234256099	0.8262011898911212	0.4444444444444444	0.7777777777777778	0.037037037037037035	0.	0.	0.1111111111111111
70	0.7165996418601048	0.2965687160649885	0.6666666666666666	0.2962962962962963	0.1111111111111111	0.	0.	0.037037037037037035
71	0.17530443001428353	0.3854645737816584	0.1111111111111111	0.37037037037037035	0.1111111111111111	0.	0.	0.037037037037037035
72	0.191246507185461	0.22668014425363384	0.18518518518518517	0.2222222222222222	0.037037037037037035	0.	0.	0.1111111111111111
73	0.4976131158274045	0.4379714637825123	0.48148148148148145	0.3333333333333333	0.037037037037037035	0.	0.	0.1111111111111111
74	0.768323948057034	0.8549276984676978	0.7407407407407407	0.7777777777777778	0.037037037037037035	0.	0.	0.1111111111111111
75	0.6654064631396749	0.125278273550473	0.5555555555555556	0.1111111111111111	0.1111111111111111	0.	0.	0.037037037037037035
76	0.8742444999254201	0.6164628272925443	0.7777777777777778	0.5925925925925926	0.1111111111111111	0.	0.	0.037037037037037035
77	0.307062308381596	0.7224102973724414	0.2222222222222222	0.7037037037037037	0.1111111111111111	0.	0.	0.037037037037037035
78	0.9649789938359886	0.1033877216201301	0.8888888888888888	0.07407407407407407	0.1111111111111111	0.	0.	0.037037037037037035
79	0.01626277523317393	0.5460685715050038	0.	0.5185185185185185	0.1111111111111111	0.	0.	0.037037037037037035
80	0.4201346890217433	0.9749698068584426	0.4074074074074074	0.8888888888888888	0.037037037037037035	0.	0.	0.1111111111111111
81	0.3328626991296443	0.8216623600754719	0.2962962962962963	0.7777777777777778	0.037037037037037035	0.	0.	0.1111111111111111
82	0.652963086661463	0.3079567964374405	0.6296296296296297	0.2222222222222222	0.037037037037037035	0.	0.	0.1111111111111111
83	0.8564710258952429	0.3933727461344118	0.7777777777777778	0.37037037037037035	0.1111111111111111	0.	0.	0.037037037037037035
84	0.4137389852915084	0.6761917910163324	0.4074074074074074	0.6666666666666666	0.037037037037037035	0.	0.	0.1111111111111111
85	0.9977721811541396	0.21923968593548843	0.9629629629629629	0.1111111111111111	0.037037037037037035	0.	0.	0.1111111111111111
86	0.002416221375082376	0.5579403029456195	0.	0.5555555555555556	0.037037037037037035	0.	0.	0.1111111111111111
87	0.7646445393169006	0.9576059411767457	0.6666666666666666	0.9259259259259259	0.1111111111111111	0.	0.	0.037037037037037035
88	0.21810031494402113	0.07307510350422725	0.18518518518518517	0.	0.037037037037037035	0.	0.	0.1111111111111111
89	0.4833306075697337	0.49064022699807874	0.4444444444444444	0.48148148148148145	0.1111111111111111	0.	0.	0.037037037037037035
90	0.5490810304907063	0.1005035177682613	0.4444444444444444	0.07407407407407407	0.1111111111111111	0.	0.	0.037037037037037035
91	0.6810931055326813	0.5545804488070497	0.6666666666666666	0.5185185185185185	0.1111111111111111	0.	0.	0.037037037037037035
92	0.11836315657533542	0.969784552790306	0.1111111111111111	0.8888888888888888	0.037037037037037035	0.	0.	0.1111111111111111
93	0.8069957394535218	0.22588852977950444	0.7777777777777778	0.2222222222222222	0.037037037037037035	0.	0.	0.1111111111111111
94	0.22429203187203312	0.43479564224424216	0.2222222222222222	0.3333333333333333	0.037037037037037035	0.	0.	0.1111111111111111
95	0.5906509029951348	0.8625059519417071	0.5555555555555556	0.8518518518518519	0.1111111111111111	0.	0.	0.037037037037037035
96	0.060583786866608744	0.13550711734986912	0.037037037037037035	0.1111111111111111	0.037037037037037035	0.	0.	0.1111111111111111
97	0.3418113318558465	0.6116701690498357	0.3333333333333333	0.5925925925925926	0.1111111111111111	0.	0.	0.037037037037037035
98	0.89824607340269	0.7192585676592856	0.8888888888888888	0.7037037037037037	0.1111111111111111	0.	0.	0.037037037037037035
99	0.938195264112632	0.6467088304494224	0.9259259259259259	0.5555555555555556	0.037037037037037035	0.	0.	0.1111111111111111
100	0.09265434074654735	0.7468030711199686	0.	0.7407407407407407	0.1111111111111111	0.	0.	0.037037037037037035
101	0.3751829767922608	0.16938849440493411	0.3333333333333333	0.14814814814814814	0.1111111111111111	0.	0.	0.037037037037037035
102	0.1636987385386665	0.473495916044165	0.14814814814814814	0.4444444444444444	0.037037037037037035	0.	0.	0.1111111111111111
103	0.4614970961607214	0.8934323174976256	0.4444444444444444	0.8888888888888888	0.1111111111111111	0.	0.	0.037037037037037035
104	0.707834734574402	0.01601153142247294	0.6666666666666666	0.	0.1111111111111111	0.	0.	0.037037037037037035
105	0.5979174933793104	0.3389687537494522	0.5555555555555556	0.3333333333333333	0.1111111111111111	0.	0.	0.037037037037037035
106	0.8446585762960686	0.7857305046490026	0.7777777777777778	0.7777777777777778	0.1111111111111111	0.	0.	0.037037037037037035
107	0.2944057010538404	0.26085568059187847	0.2222222222222222	0.25925925925925924	0.1111111111111111	0.	0.	0.037037037037037035
108	0.5733835156044109	0.03782156188440514	0.5555555555555556	0.	0.037037037037037035	0.	0.	0.1111111111111111
109	0.7959103327994957	0.5011484623192795	0.7777777777777778	0.4444444444444444	0.037037037037037035	0.	0.	0.1111111111111111
110	0.2525087231511909	0.9293543145571737	0.2222222222222222	0.9259259259259259	0.1111111111111111	0.	0.	0.037037037037037035
111	0.9238577923189465	0.3153192490722055	0.8888888888888888	0.2962962962962963	0.1111111111111111	0.	0.	0.037037037037037035
112	0.04850412200751383	0.40458525069557355	0.037037037037037035	0.3333333333333333	0.037037037037037035	0.	0.	0.1111111111111111
113	0.3635083094430764	0.8327046266948125	0.3333333333333333	0.8148148148148148	0.1111111111111111	0.	0.	0.037037037037037035
114	0.1387085613499049	0.1856728465385836	0.1111111111111111	0.18518518518518517	0.1111111111111111	0.	0.	0.037037037037037035
115	0.5379841092159344	0.5782322765416089	0.5185185185185185	0.5555555555555556	0.037037037037037035	0.	0.	0.1111111111111111
116	0.6731047790987292	0.6900824038073354	0.6666666666666666	0.6666666666666666	0.1111111111111111	0.	0.	0.037037037037037035