0	0.30425643974308914	0.3383419455649904	0.2222222222222222	0.3333333333333333	0.1111111111111111	0.	0.	0.3333333333333333
1	0.5146647548627713	0.2790188793207234	0.4444444444444444	0.	0.1111111111111111	0.	0.	0.3333333333333333
2	0.6707905382188842	0.798781318455256	0.6666666666666666	0.7777777777777778	0.3333333333333333	0.	0.	0.1111111111111111
3	0.1688589121917435	0.9548612343353202	0.	0.8888888888888888	0.3333333333333333	0.	0.	0.1111111111111111
4	0.39732419435015126	0.5289767900392761	0.3333333333333333	0.4444444444444444	0.3333333333333333	0.	0.	0.1111111111111111
5	0.9992755769472653	0.07869581982794926	0.6666666666666666	0.	0.3333333333333333	0.	0.	0.1111111111111111
6	0.09104049304251775	0.1784582590829366	0.	0.1111111111111111	0.3333333333333333	0.	0.	0.1111111111111111
7	0.6595832648386336	0.7116510789391935	0.5555555555555556	0.6666666666666666	0.1111111111111111	0.	0.	0.3333333333333333
8	0.7898559773899825	0.5793804519202906	0.7777777777777778	0.3333333333333333	0.1111111111111111	0.	0.	0.3333333333333333
9	0.4407918153927751	0.05029852632979012	0.3333333333333333	0.	0.1111111111111111	0.	0.	0.3333333333333333
10	0.9063540734246849	0.9022025678151472	0.6666666666666666	0.8888888888888888	0.3333333333333333	0.	0.	0.1111111111111111
11	0.19112085129464249	0.5092379854317238	0.1111111111111111	0.3333333333333333	0.1111111111111111	0.	0.	0.3333333333333333
12	0.5676742348716272	0.6332696642690985	0.3333333333333333	0.5555555555555556	0.3333333333333333	0.	0.	0.1111111111111111
13	0.8299867503049553	0.1389244026275544	0.6666666666666666	0.1111111111111111	0.3333333333333333	0.	0.	0.1111111111111111
14	0.02462855804200897	0.6838576426796398	0.	0.6666666666666666	0.3333333333333333	0.	0.	0.1111111111111111
15	0.531126795929474	0.8606210499104502	0.4444444444444444	0.6666666666666666	0.1111111111111111	0.	0.	0.3333333333333333
16	0.7147617894829511	0.42412701444226747	0.6666666666666666	0.3333333333333333	0.1111111111111111	0.	0.	0.3333333333333333
17	0.2515653657130147	0.24001302712034236	0.	0.2222222222222222	0.3333333333333333	0.	0.	0.1111111111111111
18	0.8791020695517904	0.7547324374989367	0.6666666666666666	0.6666666666666666	0.3333333333333333	0.	0.	0.1111111111111111
19	0.05829964764718471	0.6122556844603709	0.	0.3333333333333333	0.1111111111111111	0.	0.	0.3333333333333333
20	0.6071601890248333	0.1992391140676094	0.5555555555555556	0.	0.1111111111111111	0.	0.	0.3333333333333333
21	0.742636406270879	0.33038275199052086	0.6666666666666666	0.2222222222222222	0.3333333333333333	0.	0.	0.1111111111111111
22	0.29362842242450427	0.8258970242536656	0.	0.7777777777777778	0.3333333333333333	0.	0.	0.1111111111111111
23	0.4716859412151534	0.3747336923456656	0.3333333333333333	0.3333333333333333	0.3333333333333333	0.	0.	0.1111111111111111
24	0.9371403302317344	0.4492748041865523	0.8888888888888888	0.3333333333333333	0.1111111111111111	0.	0.	0.3333333333333333
25	0.1227408608565701	0.006559192760367061	0.	0.	0.3333333333333333	0.	0.	0.1111111111111111
26	0.3471653577585223	0.9921193791069733	0.3333333333333333	0.6666666666666666	0.1111111111111111	0.	0.	0.3333333333333333