0	0.5491131686980381	0.865163692121267	0.4444444444444444	0.7777777777777778	0.1111111111111111	0.	0.	0.1111111111111111
1	0.7373590412595172	0.02213480161774992	0.6666666666666666	0.	0.1111111111111111	0.	0.	0.1111111111111111
2	0.2517152958319662	0.5256453184987162	0.2222222222222222	0.4444444444444444	0.1111111111111111	0.	0.	0.1111111111111111
3	0.8652782696098795	0.9738209577931402	0.7777777777777778	0.8888888888888888	0.1111111111111111	0.	0.	0.1111111111111111
4	0.025010487592806004	0.17058371083380333	0.	0.1111111111111111	0.1111111111111111	0.	0.	0.1111111111111111
5	0.6383649643957439	0.5825007627134903	0.5555555555555556	0.5555555555555556	0.1111111111111111	0.	0.	0.1111111111111111
6	0.17939046326483782	0.7759540487286929	0.1111111111111111	0.6666666666666666	0.1111111111111111	0.	0.	0.1111111111111111
7	0.3659225002939894	0.2692537315271762	0.3333333333333333	0.2222222222222222	0.1111111111111111	0.	0.	0.1111111111111111
8	0.909429306581322	0.36554265203046604	0.8888888888888888	0.3333333333333333	0.1111111111111111	0.	0.	0.1111111111111111
9	0.595317088835399	0.1896647598315328	0.5555555555555556	0.1111111111111111	0.1111111111111111	0.	0.	0.1111111111111111
10	0.8462071916903704	0.6062646013885273	0.7777777777777778	0.5555555555555556	0.1111111111111111	0.	0.	0.1111111111111111
11	0.10642649568283422	0.906435835577779	0.	0.8888888888888888	0.1111111111111111	0.	0.	0.1111111111111111
12	0.9806430741801406	0.3044685116451512	0.8888888888888888	0.2222222222222222	0.1111111111111111	0.	0.	0.1111111111111111
13	0.13716529501016314	0.38111953340702126	0.1111111111111111	0.3333333333333333	0.1111111111111111	0.	0.	0.1111111111111111
14	0.4340591177836924	0.6720728262773941	0.3333333333333333	0.6666666666666666	0.1111111111111111	0.	0.	0.1111111111111111
15	0.29851746259432693	0.06012741193286072	0.2222222222222222	0.	0.1111111111111111	0.	0.	0.1111111111111111
16	0.49080231358990767	0.4534497468631988	0.4444444444444444	0.4444444444444444	0.1111111111111111	0.	0.	0.1111111111111111
17	0.6747789901564379	0.7996041264267433	0.6666666666666666	0.7777777777777778	0.1111111111111111	0.	0.	0.1111111111111111
18	0.37596467611362366	0.42645752790839103	0.3333333333333333	0.3333333333333333	0.1111111111111111	0.	0.	0.1111111111111111
19	0.958506293661717	0.7233239678589465	0.8888888888888888	0.6666666666666666	0.1111111111111111	0.	0.	0.1111111111111111
20	0.1934612274296451	0.23480311853098712	0.1111111111111111	0.2222222222222222	0.1111111111111111	0.	0.	0.1111111111111111
21	0.7721400902298002	0.5122344953383885	0.6666666666666666	0.4444444444444444	0.1111111111111111	0.	0.	0.1111111111111111
22	0.2610368773414735	0.8515598676386301	0.2222222222222222	0.7777777777777778	0.1111111111111111	0.	0.	0.1111111111111111
23	0.46860814495194825	0.10922471716082452	0.4444444444444444	0.	0.1111111111111111	0.	0.	0.1111111111111111
24	0.056407386686596575	0.6411094053761657	0.	0.5555555555555556	0.1111111111111111	0.	0.	0.1111111111111111
25	0.5586910212863488	0.926650215617963	0.5555555555555556	0.8888888888888888	0.1111111111111111	0.	0.	0.1111111111111111
26	0.7855888583803494	0.11833758573706551	0.7777777777777778	0.1111111111111111	0.1111111111111111	0.	0.	0.1111111111111111
27	0.9255798721235591	0.21355959656881582	0.8888888888888888	0.1111111111111111	0.1111111111111111	0.	0.	0.1111111111111111
28	0.1492901958178744	0.6012455896036344	0.1111111111111111	0.5555555555555556	0.1111111111111111	0.	0.	0.1111111111111111
29	0.33497774386768	0.8911887448816198	0.3333333333333333	0.8888888888888888	0.1111111111111111	0.	0.	0.1111111111111111
30	0.2242399033263313	0.3306065863061087	0.2222222222222222	0.2222222222222222	0.1111111111111111	0.	0.	0.1111111111111111
31	0.5291315177017737	0.3998188025620917	0.4444444444444444	0.3333333333333333	0.1111111111111111	0.	0.	0.1111111111111111
32	0.7085677047572635	0.6988054134638193	0.6666666666666666	0.6666666666666666	0.1111111111111111	0.	0.	0.1111111111111111
33	0.6484608974823736	0.041869332660238665	0.5555555555555556	0.	0.1111111111111111	0.	0.	0.1111111111111111
34	0.8855038381823942	0.47597332072611853	0.7777777777777778	0.4444444444444444	0.1111111111111111	0.	0.	0.1111111111111111
35	0.0028409640117579506	0.7890651140377177	0.	0.7777777777777778	0.1111111111111111	0.	0.	0.1111111111111111
36	0.6881764652015261	0.4119085744412794	0.6666666666666666	0.3333333333333333	0.1111111111111111	0.	0.	0.1111111111111111
37	0.31926578961427454	0.7154504778914778	0.2222222222222222	0.6666666666666666	0.1111111111111111	0.	0.	0.1111111111111111
38	0.49823636973417795	0.23008458990751351	0.4444444444444444	0.2222222222222222	0.1111111111111111	0.	0.	0.1111111111111111
39	0.08007239820160021	0.4976860426191863	0.	0.4444444444444444	0.1111111111111111	0.	0.	0.1111111111111111
40	0.6129208540645872	0.8331630958217082	0.5555555555555556	0.7777777777777778	0.1111111111111111	0.	0.	0.1111111111111111
41	0.8257395424776653	0.09814732333374346	0.7777777777777778	0.	0.1111111111111111	0.	0.	0.1111111111111111
42	0.419655249570448	0.6561486495533969	0.3333333333333333	0.5555555555555556	0.1111111111111111	0.	0.	0.1111111111111111
43	0.9952767357811753	0.9536596854242955	0.8888888888888888	0.8888888888888888	0.1111111111111111	0.	0.	0.1111111111111111
44	0.1151260381585033	0.1359398538848746	0.1111111111111111	0.1111111111111111	0.1111111111111111	0.	0.	0.1111111111111111
45	0.8003622639242157	0.8552672330829325	0.7777777777777778	0.7777777777777778	0.1111111111111111	0.	0.	0.1111111111111111
46	0.06761941459081343	0.008777615269594068	0.	0.	0.1111111111111111	0.	0.	0.1111111111111111
47	0.5706639098274433	0.5433216181811179	0.5555555555555556	0.4444444444444444	0.1111111111111111	0.	0.	0.1111111111111111
48	0.20565518154616752	0.9986869899387278	0.1111111111111111	0.8888888888888888	0.1111111111111111	0.	0.	0.1111111111111111
49	0.3832915240233117	0.1493983315545985	0.3333333333333333	0.1111111111111111	0.1111111111111111	0.	0.	0.1111111111111111
50	0.9367183382669951	0.5727404830156002	0.8888888888888888	0.5555555555555556	0.1111111111111111	0.	0.	0.1111111111111111
51	0.47596917363861985	0.7537053106140704	0.4444444444444444	0.6666666666666666	0.1111111111111111	0.	0.	0.1111111111111111
52	0.7411711395917767	0.2891900278407837	0.6666666666666666	0.2222222222222222	0.1111111111111111	0.	0.	0.1111111111111111
53	0.2767514411625934	0.35376195260201293	0.2222222222222222	0.3333333333333333	0.1111111111111111	0.	0.	0.1111111111111111
54	0.016616884882065874	0.43885410768762934	0.	0.3333333333333333	0.1111111111111111	0.	0.	0.1111111111111111
55	0.6613210941114338	0.7393439173528068	0.5555555555555556	0.6666666666666666	0.1111111111111111	0.	0.	0.1111111111111111
56	0.8544677985095758	0.25443988327628186	0.7777777777777778	0.2222222222222222	0.1111111111111111	0.	0.	0.1111111111111111
57	0.35468631947685497	0.4903786756960429	0.3333333333333333	0.4444444444444444	0.1111111111111111	0.	0.	0.1111111111111111
58	0.8928414470097888	0.8204474484225502	0.8888888888888888	0.7777777777777778	0.1111111111111111	0.	0.	0.1111111111111111
59	0.17214306735680504	0.0861665088652552	0.1111111111111111	0.	0.1111111111111111	0.	0.	0.1111111111111111
60	0.7275966389755569	0.6430452864699505	0.6666666666666666	0.5555555555555556	0.1111111111111111	0.	0.	0.1111111111111111
61	0.2457351672659384	0.9401325941058666	0.2222222222222222	0.8888888888888888	0.1111111111111111	0.	0.	0.1111111111111111
62	0.532255379331095	0.133875409637064	0.4444444444444444	0.1111111111111111	0.1111111111111111	0.	0.	0.1111111111111111
63	0.13142669213174563	0.883597352367529	0.1111111111111111	0.7777777777777778	0.1111111111111111	0.	0.	0.1111111111111111
64	0.424074874711475	0.02518627506042924	0.3333333333333333	0.	0.1111111111111111	0.	0.	0.1111111111111111
65	0.9717491442912992	0.5384212604202252	0.8888888888888888	0.4444444444444444	0.1111111111111111	0.	0.	0.1111111111111111
66	0.5129588874170256	0.9869582056788605	0.4444444444444444	0.8888888888888888	0.1111111111111111	0.	0.	0.1111111111111111
67	0.6984030952133424	0.18313147432255023	0.6666666666666666	0.1111111111111111	0.1111111111111111	0.	0.	0.1111111111111111
68	0.3325313846957297	0.5566481393123568	0.2222222222222222	0.5555555555555556	0.1111111111111111	0.	0.	0.1111111111111111
69	0.8321861271857858	0.7460133839230172	0.7777777777777778	0.6666666666666666	0.1111111111111111	0.	0.	0.1111111111111111
70	0.0974529941979054	0.28245959564277634	0.	0.2222222222222222	0.1111111111111111	0.	0.	0.1111111111111111
71	0.6188901847160697	0.3394524271877973	0.5555555555555556	0.3333333333333333	0.1111111111111111	0.	0.	0.1111111111111111
72	0.29608921638628155	0.19957823741566064	0.2222222222222222	0.1111111111111111	0.1111111111111111	0.	0.	0.1111111111111111
73	0.4483066296131454	0.6267465890272004	0.4444444444444444	0.5555555555555556	0.1111111111111111	0.	0.	0.1111111111111111
74	0.7538199130540392	0.9252335171841329	0.6666666666666666	0.8888888888888888	0.1111111111111111	0.	0.	0.1111111111111111
75	0.5803678226906237	0.3155141888567833	0.5555555555555556	0.2222222222222222	0.1111111111111111	0.	0.	0.1111111111111111
76	0.8058114379524552	0.3883310613101484	0.7777777777777778	0.3333333333333333	0.1111111111111111	0.	0.	0.1111111111111111
77	0.04038085519701738	0.6818972498896413	0.	0.6666666666666666	0.1111111111111111	0.	0.	0.1111111111111111
78	0.9421645473857907	0.07237032147087433	0.8888888888888888	0.	0.1111111111111111	0.	0.	0.1111111111111111
79	0.21219684468813252	0.4679294551541733	0.1111111111111111	0.4444444444444444	0.1111111111111111	0.	0.	0.1111111111111111
80	0.40635041633020097	0.8113733172571916	0.3333333333333333	0.7777777777777778	0.1111111111111111	0.	0.	0.1111111111111111