0	0.9019790535652338	0.5855466969550664	0.8888888888888888	0.5555555555555556	0.1111111111111111	0.	0.	0.1111111111111111
1	0.10003398142425042	0.684112932051631	0.	0.6666666666666666	0.1111111111111111	0.	0.	0.1111111111111111
2	0.4092590432579488	0.0712705293532716	0.3333333333333333	0.	0.1111111111111111	0.	0.	0.1111111111111111
3	0.49961129271439575	0.887827046923857	0.4444444444444444	0.7777777777777778	0.1111111111111111	0.	0.	0.1111111111111111
4	0.7649665580799988	0.1661456655690711	0.6666666666666666	0.1111111111111111	0.1111111111111111	0.	0.	0.1111111111111111
5	0.20450593325916402	0.40364270546706515	0.1111111111111111	0.3333333333333333	0.1111111111111111	0.	0.	0.1111111111111111
6	0.22680495351912072	0.31888455095793	0.2222222222222222	0.2222222222222222	0.1111111111111111	0.	0.	0.1111111111111111
7	0.6159864233028042	0.4830999847644437	0.5555555555555556	0.4444444444444444	0.1111111111111111	0.	0.	0.1111111111111111
8	0.8338778265630999	0.9561620689950999	0.7777777777777778	0.8888888888888888	0.1111111111111111	0.	0.	0.1111111111111111
9	0.4068855910887735	0.42774453435441995	0.3333333333333333	0.3333333333333333	0.1111111111111111	0.	0.	0.1111111111111111
10	0.972604060356412	0.8079892603029917	0.8888888888888888	0.7777777777777778	0.1111111111111111	0.	0.	0.1111111111111111
11	0.05090431514753126	0.1960469493909497	0.	0.1111111111111111	0.1111111111111111	0.	0.	0.1111111111111111
12	0.17463180167531103	0.9990587462192791	0.1111111111111111	0.8888888888888888	0.1111111111111111	0.	0.	0.1111111111111111
13	0.4450371312189428	0.2355084460526127	0.4444444444444444	0.2222222222222222	0.1111111111111111	0.	0.	0.1111111111111111
14	0.7257289869354329	0.5213459545931931	0.6666666666666666	0.4444444444444444	0.1111111111111111	0.	0.	0.1111111111111111
15	0.8009249195904041	0.1020268109774649	0.7777777777777778	0.	0.1111111111111111	0.	0.	0.1111111111111111
16	0.3135616729518574	0.6073016821437823	0.2222222222222222	0.5555555555555556	0.1111111111111111	0.	0.	0.1111111111111111
17	0.5664134901583209	0.7052757613274638	0.5555555555555556	0.6666666666666666	0.1111111111111111	0.	0.	0.1111111111111111
18	0.007239106895385012	0.46089995513892407	0.	0.4444444444444444	0.1111111111111111	0.	0.	0.1111111111111111
19	0.33621122277126997	0.9186496320453168	0.3333333333333333	0.8888888888888888	0.1111111111111111	0.	0.	0.1111111111111111
20	0.9396701602944909	0.2931556234755567	0.8888888888888888	0.2222222222222222	0.1111111111111111	0.	0.	0.1111111111111111
21	0.7004861936113727	0.7544639393951449	0.6666666666666666	0.6666666666666666	0.1111111111111111	0.	0.	0.1111111111111111
22	0.1335212475042847	0.009540959857012966	0.1111111111111111	0.	0.1111111111111111	0.	0.	0.1111111111111111
23	0.537130851985821	0.6541387575744176	0.4444444444444444	0.5555555555555556	0.1111111111111111	0.	0.	0.1111111111111111
24	0.6521197987887868	0.1420625390138655	0.5555555555555556	0.1111111111111111	0.1111111111111111	0.	0.	0.1111111111111111
25	0.8594193177360152	0.368818246299135	0.7777777777777778	0.3333333333333333	0.1111111111111111	0.	0.	0.1111111111111111
26	0.28859210644380767	0.8456059775747516	0.2222222222222222	0.7777777777777778	0.1111111111111111	0.	0.	0.1111111111111111
27	0.2563560571005319	0.9497278782279376	0.2222222222222222	0.8888888888888888	0.1111111111111111	0.	0.	0.1111111111111111
28	0.6007199591690499	0.307365838189661	0.5555555555555556	0.2222222222222222	0.1111111111111111	0.	0.	0.1111111111111111
29	0.8265138820093053	0.5117268961305073	0.7777777777777778	0.4444444444444444	0.1111111111111111	0.	0.	0.1111111111111111
30	0.8931342744067761	0.05353066910201542	0.8888888888888888	0.	0.1111111111111111	0.	0.	0.1111111111111111
31	0.09236797489045552	0.5700361672577071	0.	0.5555555555555556	0.1111111111111111	0.	0.	0.1111111111111111
32	0.44415031011262124	0.6765692456704324	0.3333333333333333	0.6666666666666666	0.1111111111111111	0.	0.	0.1111111111111111
33	0.49080413159735253	0.38735037750330936	0.4444444444444444	0.3333333333333333	0.1111111111111111	0.	0.	0.1111111111111111
34	0.745572962370265	0.8677008725094386	0.6666666666666666	0.7777777777777778	0.1111111111111111	0.	0.	0.1111111111111111
35	0.19219545544823613	0.15472130936609643	0.1111111111111111	0.1111111111111111	0.1111111111111111	0.	0.	0.1111111111111111
36	0.785285038620316	0.7394038918094838	0.7777777777777778	0.6666666666666666	0.1111111111111111	0.	0.	0.1111111111111111
37	0.30585508604837885	0.09737966818442241	0.2222222222222222	0.	0.1111111111111111	0.	0.	0.1111111111111111
38	0.5920599103884773	0.6005253205215313	0.5555555555555556	0.5555555555555556	0.1111111111111111	0.	0.	0.1111111111111111
39	0.3913492203901828	0.2166837111532667	0.3333333333333333	0.1111111111111111	0.1111111111111111	0.	0.	0.1111111111111111
40	0.9942849692701721	0.41375101270564624	0.8888888888888888	0.3333333333333333	0.1111111111111111	0.	0.	0.1111111111111111
41	0.04292025453511831	0.7970795464735132	0.	0.7777777777777778	0.1111111111111111	0.	0.	0.1111111111111111
42	0.1648953118050846	0.5476054313689126	0.1111111111111111	0.4444444444444444	0.1111111111111111	0.	0.	0.1111111111111111
43	0.4729943223696325	0.9832918499396488	0.4444444444444444	0.8888888888888888	0.1111111111111111	0.	0.	0.1111111111111111
44	0.7111606505664186	0.22787793411377033	0.6666666666666666	0.2222222222222222	0.1111111111111111	0.	0.	0.1111111111111111
45	0.6402792823553188	0.8336134953358134	0.5555555555555556	0.7777777777777778	0.1111111111111111	0.	0.	0.1111111111111111
46	0.8791256735348691	0.134158679804189	0.7777777777777778	0.1111111111111111	0.1111111111111111	0.	0.	0.1111111111111111
47	0.28044162200552425	0.346225493510231	0.2222222222222222	0.3333333333333333	0.1111111111111111	0.	0.	0.1111111111111111
48	0.028654792355772042	0.28301098792256535	0.	0.2222222222222222	0.1111111111111111	0.	0.	0.1111111111111111
49	0.3672845655821781	0.4468385701029182	0.3333333333333333	0.4444444444444444	0.1111111111111111	0.	0.	0.1111111111111111
50	0.9313210621995095	0.9065579328889514	0.8888888888888888	0.8888888888888888	0.1111111111111111	0.	0.	0.1111111111111111
51	0.6825783702936786	0.6329208030089498	0.6666666666666666	0.5555555555555556	0.1111111111111111	0.	0.	0.1111111111111111
52	0.11630826783660381	0.7496359130350487	0.1111111111111111	0.6666666666666666	0.1111111111111111	0.	0.	0.1111111111111111
53	0.5213446476583569	0.02518120133118033	0.4444444444444444	0.	0.1111111111111111	0.	0.	0.1111111111111111
54	0.5147796687644984	0.176246825534654	0.4444444444444444	0.1111111111111111	0.1111111111111111	0.	0.	0.1111111111111111
55	0.7673099412836337	0.3809383624691742	0.6666666666666666	0.3333333333333333	0.1111111111111111	0.	0.	0.1111111111111111
56	0.21054402812788084	0.8529491436714731	0.1111111111111111	0.7777777777777778	0.1111111111111111	0.	0.	0.1111111111111111
57	0.2397771524847429	0.4978732578080042	0.2222222222222222	0.4444444444444444	0.1111111111111111	0.	0.	0.1111111111111111
58	0.622111921912318	0.9343493326015945	0.5555555555555556	0.8888888888888888	0.1111111111111111	0.	0.	0.1111111111111111
59	0.8500861088944627	0.32957155156207213	0.7777777777777778	0.2222222222222222	0.1111111111111111	0.	0.	0.1111111111111111
60	0.9211847173799491	0.6965097656463906	0.8888888888888888	0.6666666666666666	0.1111111111111111	0.	0.	0.1111111111111111
61	0.08316900950825379	0.043769731204553484	0.	0.	0.1111111111111111	0.	0.	0.1111111111111111
62	0.4249944629713859	0.565128559837216	0.3333333333333333	0.5555555555555556	0.1111111111111111	0.	0.	0.1111111111111111
63	0.14996260905894762	0.24803821789266972	0.1111111111111111	0.2222222222222222	0.1111111111111111	0.	0.	0.1111111111111111
64	0.46875351241425967	0.5426025527868593	0.4444444444444444	0.4444444444444444	0.1111111111111111	0.	0.	0.1111111111111111
65	0.7304904878172306	0.9635418989589544	0.6666666666666666	0.8888888888888888	0.1111111111111111	0.	0.	0.1111111111111111
66	0.8145531129442495	0.6213979457343569	0.7777777777777778	0.5555555555555556	0.1111111111111111	0.	0.	0.1111111111111111
67	0.32336868740052627	0.7224737108143326	0.2222222222222222	0.6666666666666666	0.1111111111111111	0.	0.	0.1111111111111111
68	0.5778986665829127	0.07417331250129108	0.5555555555555556	0.	0.1111111111111111	0.	0.	0.1111111111111111
69	0.37134575502536216	0.7812665805258088	0.3333333333333333	0.7777777777777778	0.1111111111111111	0.	0.	0.1111111111111111
70	0.9821616825570971	0.2007709225724507	0.8888888888888888	0.1111111111111111	0.1111111111111111	0.	0.	0.1111111111111111
71	0.07183154855464205	0.4382090807110962	0.	0.3333333333333333	0.1111111111111111	0.	0.	0.1111111111111111
72	0.6775275274612542	0.02334669071499038	0.6666666666666666	0.	0.1111111111111111	0.	0.	0.1111111111111111
73	0.1366274392713735	0.6554346157291989	0.1111111111111111	0.5555555555555556	0.1111111111111111	0.	0.	0.1111111111111111
74	0.5521608185604592	0.7684235874267353	0.4444444444444444	0.6666666666666666	0.1111111111111111	0.	0.	0.1111111111111111
75	0.6638968673646994	0.33561822281423015	0.5555555555555556	0.3333333333333333	0.1111111111111111	0.	0.	0.1111111111111111
76	0.8706454921988737	0.8164133251782321	0.7777777777777778	0.7777777777777778	0.1111111111111111	0.	0.	0.1111111111111111
77	0.2666144381434613	0.1171622211235194	0.2222222222222222	0.1111111111111111	0.1111111111111111	0.	0.	0.1111111111111111
78	0.024494025491081692	0.8949887985919094	0.	0.8888888888888888	0.1111111111111111	0.	0.	0.1111111111111111
79	0.3480289508728934	0.2683190743688313	0.3333333333333333	0.2222222222222222	0.1111111111111111	0.	0.	0.1111111111111111
80	0.9611073383369769	0.4730802840941125	0.8888888888888888	0.4444444444444444	0.1111111111111111	0.	0.	0.1111111111111111
81	0.1256011570071263	0.47488419488314676	0.1111111111111111	0.4444444444444444	0.1111111111111111	0.	0.	0.1111111111111111
82	0.5416461079320976	0.8985549668919722	0.4444444444444444	0.8888888888888888	0.1111111111111111	0.	0.	0.1111111111111111
83	0.6919899246732922	0.2616092511307527	0.6666666666666666	0.2222222222222222	0.1111111111111111	0.	0.	0.1111111111111111
84	0.8610343519200574	0.7727054587106948	0.7777777777777778	0.6666666666666666	0.1111111111111111	0.	0.	0.1111111111111111
85	0.29532343000750977	0.01476603715022757	0.2222222222222222	0.	0.1111111111111111	0.	0.	0.1111111111111111
86	0.6440530691705364	0.6584700910505193	0.5555555555555556	0.5555555555555556	0.1111111111111111	0.	0.	0.1111111111111111
87	0.33843465706155085	0.12075318160745671	0.3333333333333333	0.1111111111111111	0.1111111111111111	0.	0.	0.1111111111111111
88	0.9446601932299973	0.34115029041051403	0.8888888888888888	0.3333333333333333	0.1111111111111111	0.	0.	0.1111111111111111
89	0.01160797925687405	0.8229222418160063	0.	0.7777777777777778	0.1111111111111111	0.	0.	0.1111111111111111
90	0.7561586467014828	0.5594048546393047	0.6666666666666666	0.5555555555555556	0.1111111111111111	0.	0.	0.1111111111111111
91	0.20929212307784442	0.7031336684587858	0.1111111111111111	0.6666666666666666	0.1111111111111111	0.	0.	0.1111111111111111
92	0.5024385739185828	0.04794038654987088	0.4444444444444444	0.	0.1111111111111111	0.	0.	0.1111111111111111
93	0.6069331729811189	0.8568368798894371	0.5555555555555556	0.7777777777777778	0.1111111111111111	0.	0.	0.1111111111111111
94	0.8359181574760062	0.17718025921614763	0.7777777777777778	0.1111111111111111	0.1111111111111111	0.	0.	0.1111111111111111
95	0.2307569644309648	0.3731143587848121	0.2222222222222222	0.3333333333333333	0.1111111111111111	0.	0.	0.1111111111111111
96	0.10532113339003091	0.32234957076143017	0.	0.2222222222222222	0.1111111111111111	0.	0.	0.1111111111111111
97	0.41325669278167687	0.5013822479240809	0.3333333333333333	0.4444444444444444	0.1111111111111111	0.	0.	0.1111111111111111
98	0.9091128046491453	0.9262688109060404	0.8888888888888888	0.8888888888888888	0.1111111111111111	0.	0.	0.1111111111111111
99	0.45148089986536577	0.44111023857938847	0.4444444444444444	0.3333333333333333	0.1111111111111111	0.	0.	0.1111111111111111
100	0.71882213574237	0.7845586117155513	0.6666666666666666	0.7777777777777778	0.1111111111111111	0.	0.	0.1111111111111111
101	0.1791727712848627	0.20533029767905062	0.1111111111111111	0.1111111111111111	0.1111111111111111	0.	0.	0.1111111111111111
102	0.32060443418279483	0.967382605311822	0.2222222222222222	0.8888888888888888	0.1111111111111111	0.	0.	0.1111111111111111
103	0.5589099573925737	0.2514415467582563	0.5555555555555556	0.2222222222222222	0.1111111111111111	0.	0.	0.1111111111111111
104	0.792712968776414	0.5320150100097917	0.7777777777777778	0.4444444444444444	0.1111111111111111	0.	0.	0.1111111111111111
105	0.9645153632199012	0.07835886294593986	0.8888888888888888	0.	0.1111111111111111	0.	0.	0.1111111111111111
106	0.05628483766983561	0.6237717954044502	0.	0.5555555555555556	0.1111111111111111	0.	0.	0.1111111111111111
107	0.3965056616645108	0.7280928104622435	0.3333333333333333	0.6666666666666666	0.1111111111111111	0.	0.	0.1111111111111111
108	0.36043163168894776	0.8505796527452115	0.3333333333333333	0.7777777777777778	0.1111111111111111	0.	0.	0.1111111111111111
109	0.9355803060448532	0.1474901783008178	0.8888888888888888	0.1111111111111111	0.1111111111111111	0.	0.	0.1111111111111111
110	0.03175124104841377	0.3607794725246621	0.	0.3333333333333333	0.1111111111111111	0.	0.	0.1111111111111111
111	0.1203381648373963	0.2870105285870241	0.1111111111111111	0.2222222222222222	0.1111111111111111	0.	0.	0.1111111111111111
112	0.5244562177333202	0.4620684409216502	0.4444444444444444	0.4444444444444444	0.1111111111111111	0.	0.	0.1111111111111111
113	0.6871572143413407	0.9220094939274108	0.6666666666666666	0.8888888888888888	0.1111111111111111	0.	0.	0.1111111111111111
114	0.8832601812480119	0.6431224205766429	0.7777777777777778	0.5555555555555556	0.1111111111111111	0.	0.	0.1111111111111111
115	0.27570979172795723	0.7602558538577103	0.2222222222222222	0.6666666666666666	0.1111111111111111	0.	0.	0.1111111111111111
116	0.6312487782062898	0.0019856538872935034	0.5555555555555556	0.	0.1111111111111111	0.	0.	0.1111111111111111