0	0.4291044159687348	0.9264937929840189	0.3079201435678004	0.8211203828474679	0.2181101016938587	0.	0.	0.1788796171525321
1	0.7909976748803288	0.4693434493772132	0.6928203230275509	0.3720701734777589	0.2181101016938587	0.	0.	0.21811010169385864
2	0.04928689767876474	0.262780552114785	0.	0.17962008374788357	0.14113006580190854	0.	0.	0.2181101016938587
3	0.9078119639666243	0.8822805066805162	0.8211203828474679	0.7569703529375092	0.1788796171525321	0.	0.	0.2181101016938587
4	0.1355792413962907	0.3961586407819885	0.05132002392796674	0.3079201435678004	0.21811010169385864	0.	0.	0.2181101016938587
5	0.5242735996168063	0.1565683782580396	0.4362202033877173	0.05132002392796674	0.2181101016938587	0.	0.	0.21811010169385864
6	0.3118914472280272	0.6979666323223293	0.17962008374788357	0.5645202632076342	0.2181101016938587	0.	0.	0.2181101016938587
7	0.6368489716092429	0.5737710652331212	0.5003702332976757	0.4362202033877173	0.2181101016938587	0.	0.	0.2181101016938587
8	0.6819692276694913	0.034241032788192745	0.5645202632076342	0.	0.2181101016938587	0.	0.	0.14113006580190854
9	0.08996965654372849	0.4958139535395954	0.	0.3720701734777589	0.20528009571186695	0.	0.	0.21811010169385864
10	0.34842142710388935	0.32494988152265747	0.243770113657842	0.243770113657842	0.2181101016938587	0.	0.	0.2181101016938587
11	0.8163763928689206	0.9838740640276257	0.6928203230275509	0.8852704127574264	0.2181101016938587	0.	0.	0.11472958724257365
12	0.462234813124025	0.4099975948011017	0.3720701734777589	0.3079201435678004	0.21811010169385864	0.	0.	0.2181101016938587
13	0.9567835530763579	0.19328134019606114	0.8211203828474679	0.11547005383792518	0.1788796171525321	0.	0.	0.21811010169385864
14	0.15442649016256174	0.801679659401459	0.05132002392796674	0.6928203230275509	0.21811010169385864	0.	0.	0.2181101016938587
15	0.7261108295866786	0.6144559957264764	0.6286702931175925	0.5003702332976757	0.2181101016938587	0.	0.	0.2181101016938587
16	0.24466229852219654	0.04192945682505364	0.11547005383792518	0.	0.21811010169385864	0.	0.	0.14113006580190854
17	0.5621240930290602	0.7314157606844244	0.4362202033877173	0.6286702931175925	0.2181101016938587	0.	0.	0.2181101016938587
18	0.8552803153371685	0.23122138918849663	0.7569703529375092	0.11547005383792518	0.2181101016938587	0.	0.	0.21811010169385864
19	0.03268881321349011	0.8972753976709099	0.	0.7569703529375092	0.14113006580190854	0.	0.	0.2181101016938587
20	0.40357431207860917	0.5416038704481977	0.3079201435678004	0.4362202033877173	0.2181101016938587	0.	0.	0.2181101016938587
21	0.2197321396700834	0.1262170907021905	0.11547005383792518	0.	0.21811010169385864	0.	0.	0.20528009571186695
22	0.5127256559044128	0.8237463016572674	0.3720701734777589	0.6928203230275509	0.21811010169385864	0.	0.	0.2181101016938587
23	0.9774679891370778	0.3525174847769431	0.8852704127574264	0.243770113657842	0.11472958724257365	0.	0.	0.2181101016938587
24	0.6201342791311864	0.09107479255354166	0.5003702332976757	0.	0.2181101016938587	0.	0.	0.20528009571186695
25	0.7469553673158126	0.7662109226580769	0.6286702931175925	0.6286702931175925	0.2181101016938587	0.	0.	0.2181101016938587
26	0.26811427879850724	0.6407789005707439	0.17962008374788357	0.5003702332976757	0.2181101016938587	0.	0.	0.2181101016938587
27	0.1704569450378243	0.620143566198087	0.05132002392796674	0.5003702332976757	0.21811010169385864	0.	0.	0.2181101016938587
28	0.47061816598966716	0.051849847655665256	0.3720701734777589	0.	0.21811010169385864	0.	0.	0.14113006580190854
29	0.931459777113991	0.7143545386074476	0.8211203828474679	0.6286702931175925	0.1788796171525321	0.	0.	0.2181101016938587
30	0.5688447270875582	0.5175492314587765	0.4362202033877173	0.4362202033877173	0.2181101016938587	0.	0.	0.2181101016938587
31	0.7319638705702699	0.296780141812961	0.6286702931175925	0.17962008374788357	0.2181101016938587	0.	0.	0.2181101016938587
32	0.25859587754878227	0.9893114670384234	0.17962008374788357	0.8852704127574264	0.2181101016938587	0.	0.	0.11472958724257365
33	0.8362853846551898	0.42312736760462527	0.7569703529375092	0.3079201435678004	0.2181101016938587	0.	0.	0.2181101016938587
34	0.10318514327895201	0.20061414803834332	0.	0.11547005383792518	0.20528009571186695	0.	0.	0.21811010169385864
35	0.36944220056466864	0.8134697758159439	0.243770113657842	0.6928203230275509	0.2181101016938587	0.	0.	0.2181101016938587
36	0.9932292403874386	0.1041413609903321	0.8852704127574264	0.	0.11472958724257365	0.	0.	0.20528009571186695
37	0.18962105882152594	0.7474160880875182	0.05132002392796674	0.6286702931175925	0.21811010169385864	0.	0.	0.2181101016938587
38	0.49351803986116327	0.6524465677738933	0.3720701734777589	0.5645202632076342	0.21811010169385864	0.	0.	0.2181101016938587
39	0.2735298751842731	0.24433162421963012	0.17962008374788357	0.11547005383792518	0.2181101016938587	0.	0.	0.21811010169385864
40	0.597492840223361	0.9012885488700453	0.5003702332976757	0.8211203828474679	0.2181101016938587	0.	0.	0.1788796171525321
41	0.7646020996409751	0.5441007612790453	0.6286702931175925	0.4362202033877173	0.2181101016938587	0.	0.	0.2181101016938587
42	0.37454491210453256	0.1458855436700114	0.243770113657842	0.05132002392796674	0.2181101016938587	0.	0.	0.21811010169385864
43	0.8702326023168417	0.8316648718424733	0.7569703529375092	0.6928203230275509	0.2181101016938587	0.	0.	0.2181101016938587
44	0.0012295520763401513	0.3693992601408337	0.	0.243770113657842	0.14113006580190854	0.	0.	0.2181101016938587
45	0.5417198056347505	0.6683017815301968	0.4362202033877173	0.5645202632076342	0.2181101016938587	0.	0.	0.2181101016938587
46	0.9249371725062964	0.5921857314744825	0.8211203828474679	0.5003702332976757	0.1788796171525321	0.	0.	0.2181101016938587
47	0.14545246297836703	0.0073075871833923585	0.05132002392796674	0.	0.21811010169385864	0.	0.	0.14113006580190854
48	0.6956382853222476	0.9488258178656457	0.5645202632076342	0.8211203828474679	0.2181101016938587	0.	0.	0.1788796171525321
49	0.3303678328002248	0.45589313768413875	0.243770113657842	0.3720701734777589	0.2181101016938587	0.	0.	0.21811010169385864
50	0.6458968505061865	0.2828697512003124	0.5645202632076342	0.17962008374788357	0.2181101016938587	0.	0.	0.2181101016938587
51	0.060599205944422835	0.8638077579836002	0.	0.7569703529375092	0.14113006580190854	0.	0.	0.2181101016938587
52	0.4426592291044266	0.3812499722147288	0.3079201435678004	0.243770113657842	0.2181101016938587	0.	0.	0.2181101016938587
53	0.8135134983357408	0.17165145680597532	0.6928203230275509	0.05132002392796674	0.2181101016938587	0.	0.	0.21811010169385864
54	0.774556879463337	0.11342850532616001	0.6928203230275509	0.	0.2181101016938587	0.	0.	0.20528009571186695
55	0.2951214160832194	0.8401904457183559	0.17962008374788357	0.7569703529375092	0.2181101016938587	0.	0.	0.2181101016938587
56	0.61372907237576	0.3453919469912186	0.5003702332976757	0.243770113657842	0.2181101016938587	0.	0.	0.2181101016938587
57	0.020766227467128102	0.0797864556581742	0.	0.	0.14113006580190854	0.	0.	0.20528009571186695
58	0.3932498942598086	0.7628420714045749	0.3079201435678004	0.6286702931175925	0.2181101016938587	0.	0.	0.2181101016938587
59	0.882376885166064	0.666269733607197	0.7569703529375092	0.5645202632076342	0.2181101016938587	0.	0.	0.2181101016938587
60	0.49882984462737934	0.2533424331446067	0.3720701734777589	0.11547005383792518	0.21811010169385864	0.	0.	0.21811010169385864
61	0.9643049742438033	0.9212936360730267	0.8852704127574264	0.8211203828474679	0.11472958724257365	0.	0.	0.1788796171525321
62	0.2070669163808732	0.5201072789243558	0.11547005383792518	0.4362202033877173	0.21811010169385864	0.	0.	0.2181101016938587
63	0.6591328050971169	0.8675787984288392	0.5645202632076342	0.7569703529375092	0.2181101016938587	0.	0.	0.2181101016938587
64	0.6716508050593405	0.38367275837769826	0.5645202632076342	0.243770113657842	0.2181101016938587	0.	0.	0.2181101016938587
65	0.3052246409886358	0.17408377438705883	0.17962008374788357	0.05132002392796674	0.2181101016938587	0.	0.	0.21811010169385864
66	0.7887051924435864	0.6893283850044389	0.6928203230275509	0.5645202632076342	0.2181101016938587	0.	0.	0.2181101016938587
67	0.06624390138195986	0.5664294357957925	0.	0.4362202033877173	0.20528009571186695	0.	0.	0.2181101016938587
68	0.41961391635811673	0.014454238118521402	0.3079201435678004	0.	0.2181101016938587	0.	0.	0.14113006580190854
69	0.1118957211372473	0.9549806781988068	0.	0.8211203828474679	0.20528009571186695	0.	0.	0.1788796171525321
70	0.5470525884688905	0.4660932521477116	0.4362202033877173	0.3720701734777589	0.2181101016938587	0.	0.	0.21811010169385864
71	0.8897930494670698	0.2850288884265317	0.7569703529375092	0.17962008374788357	0.2181101016938587	0.	0.	0.2181101016938587
72	0.23231952591266622	0.4352831951882993	0.11547005383792518	0.3079201435678004	0.21811010169385864	0.	0.	0.2181101016938587
73	0.5836795766369496	0.21914786150266483	0.5003702332976757	0.11547005383792518	0.2181101016938587	0.	0.	0.21811010169385864
74	0.705510248151417	0.7827338871933884	0.5645202632076342	0.6928203230275509	0.2181101016938587	0.	0.	0.2181101016938587
75	0.3349766133131212	0.6045037514781517	0.243770113657842	0.5003702332976757	0.2181101016938587	0.	0.	0.2181101016938587
76	0.8425498347868743	0.06696778755033785	0.7569703529375092	0.	0.2181101016938587	0.	0.	0.20528009571186695
77	0.08595008424210282	0.7228831763378077	0.	0.6286702931175925	0.20528009571186695	0.	0.	0.2181101016938587
78	0.9401527212465008	0.49145256400382753	0.8211203828474679	0.3720701734777589	0.1788796171525321	0.	0.	0.21811010169385864
79	0.17562019028890344	0.3192707205185182	0.05132002392796674	0.17962008374788357	0.21811010169385864	0.	0.	0.2181101016938587
80	0.45189262735834984	0.9714046865153451	0.3720701734777589	0.8852704127574264	0.21811010169385864	0.	0.	0.11472958724257365
81	0.8678752609803247	0.37578193582150304	0.7569703529375092	0.243770113657842	0.2181101016938587	0.	0.	0.2181101016938587
82	0.009469749546467584	0.1686779400043553	0.	0.05132002392796674	0.14113006580190854	0.	0.	0.21811010169385864
83	0.3718911262847537	0.859551501417882	0.243770113657842	0.7569703529375092	0.2181101016938587	0.	0.	0.2181101016938587
84	0.18917477714160513	0.5859892841134688	0.05132002392796674	0.5003702332976757	0.21811010169385864	0.	0.	0.2181101016938587
85	0.48749611261095005	0.0007261403943627429	0.3720701734777589	0.	0.21811010169385864	0.	0.	0.14113006580190854
86	0.9879321939182899	0.6758972436965426	0.8852704127574264	0.5645202632076342	0.11472958724257365	0.	0.	0.2181101016938587
87	0.5937996084318263	0.45041182200700114	0.5003702332976757	0.3720701734777589	0.2181101016938587	0.	0.	0.21811010169385864
88	0.7605652007733644	0.27887966279794085	0.6286702931175925	0.17962008374788357	0.2181101016938587	0.	0.	0.2181101016938587
89	0.2830528236035894	0.9437031624485578	0.17962008374788357	0.8211203828474679	0.2181101016938587	0.	0.	0.1788796171525321
90	0.4375407001254393	0.2059289805225901	0.3079201435678004	0.11547005383792518	0.2181101016938587	0.	0.	0.21811010169385864
91	0.8101324140345093	0.8088633045940945	0.6928203230275509	0.6928203230275509	0.2181101016938587	0.	0.	0.2181101016938587
92	0.05657081979127507	0.4307757455749844	0.	0.3079201435678004	0.14113006580190854	0.	0.	0.2181101016938587
93	0.917744683348433	0.061003553858677485	0.8211203828474679	0.	0.1788796171525321	0.	0.	0.14113006580190854
94	0.14363703240623743	0.710319386334779	0.05132002392796674	0.6286702931175925	0.21811010169385864	0.	0.	0.2181101016938587
95	0.5386871833719666	0.6280580632894716	0.4362202033877173	0.5003702332976757	0.2181101016938587	0.	0.	0.2181101016938587
96	0.3264652161095865	0.3082934762733557	0.243770113657842	0.17962008374788357	0.2181101016938587	0.	0.	0.2181101016938587
97	0.651876135888449	0.9992786700550575	0.5645202632076342	0.8852704127574264	0.2181101016938587	0.	0.	0.11472958724257365
98	0.6948536305557483	0.5141925186099282	0.5645202632076342	0.4362202033877173	0.2181101016938587	0.	0.	0.2181101016938587
99	0.10145505150778611	0.8299672701788022	0.	0.6928203230275509	0.20528009571186695	0.	0.	0.2181101016938587
100	0.36282328458197094	0.36240319236187846	0.243770113657842	0.243770113657842	0.2181101016938587	0.	0.	0.2181101016938587
101	0.8317313018173044	0.1422040235288984	0.6928203230275509	0.05132002392796674	0.2181101016938587	0.	0.	0.21811010169385864
102	0.47969649500562866	0.7434151587510214	0.3720701734777589	0.6286702931175925	0.21811010169385864	0.	0.	0.2181101016938587
103	0.9264481862066242	0.6472627634655982	0.8211203828474679	0.5645202632076342	0.1788796171525321	0.	0.	0.2181101016938587
104	0.1660225710640375	0.10198185809768401	0.05132002392796674	0.	0.21811010169385864	0.	0.	0.20528009571186695
105	0.7395801464697443	0.9113602085889336	0.6286702931175925	0.8211203828474679	0.2181101016938587	0.	0.	0.1788796171525321
106	0.2522833332475953	0.5536723278463469	0.11547005383792518	0.4362202033877173	0.21811010169385864	0.	0.	0.2181101016938587
107	0.5781163723291534	0.2405709876295847	0.5003702332976757	0.11547005383792518	0.2181101016938587	0.	0.	0.21811010169385864
108	0.5539423178691685	0.3144210424038776	0.4362202033877173	0.17962008374788357	0.2181101016938587	0.	0.	0.2181101016938587
109	0.8989823061904882	0.9692897639529162	0.8211203828474679	0.8852704127574264	0.1788796171525321	0.	0.	0.11472958724257365
110	0.11940526717986771	0.4882648380874181	0.	0.3720701734777589	0.20528009571186695	0.	0.	0.21811010169385864
111	0.6683905687806821	0.2146865641550173	0.5645202632076342	0.11547005383792518	0.2181101016938587	0.	0.	0.21811010169385864
112	0.30352338696263437	0.7779918457883453	0.17962008374788357	0.6928203230275509	0.2181101016938587	0.	0.	0.2181101016938587
113	0.6569338403438614	0.4424767744623164	0.5645202632076342	0.3079201435678004	0.2181101016938587	0.	0.	0.2181101016938587
114	0.061943459405765545	0.06466692059748033	0.	0.	0.14113006580190854	0.	0.	0.20528009571186695
115	0.4153798252007266	0.7192798004031223	0.3079201435678004	0.6286702931175925	0.2181101016938587	0.	0.	0.2181101016938587
116	0.7845116403570834	0.5990817382918538	0.6928203230275509	0.5003702332976757	0.2181101016938587	0.	0.	0.2181101016938587
117	0.18479949486271663	0.9162948520945848	0.05132002392796674	0.8211203828474679	0.21811010169385864	0.	0.	0.1788796171525321
118	0.4455116819251825	0.5298288848803417	0.3079201435678004	0.4362202033877173	0.2181101016938587	0.	0.	0.2181101016938587
119	0.9477486256541274	0.24764453109069653	0.8211203828474679	0.11547005383792518	0.1788796171525321	0.	0.	0.21811010169385864
120	0.5917078088935732	0.8514675458994633	0.5003702332976757	0.7569703529375092	0.2181101016938587	0.	0.	0.2181101016938587
121	0.7137176242632847	0.33982565903993794	0.6286702931175925	0.243770113657842	0.2181101016938587	0.	0.	0.2181101016938587
122	0.22840297690089384	0.12298548911627992	0.11547005383792518	0.	0.21811010169385864	0.	0.	0.20528009571186695
123	0.8483543531259478	0.7583433040028678	0.7569703529375092	0.6286702931175925	0.2181101016938587	0.	0.	0.2181101016938587
124	0.08005762183630924	0.6617295589994812	0.	0.5645202632076342	0.20528009571186695	0.	0.	0.2181101016938587
125	0.3425337286863697	0.07423601439933138	0.243770113657842	0.	0.2181101016938587	0.	0.	0.20528009571186695
126	0.9746614304645101	0.46482448084119443	0.8852704127574264	0.3720701734777589	0.11472958724257365	0.	0.	0.21811010169385864
127	0.2056913025062028	0.29519328029137876	0.11547005383792518	0.17962008374788357	0.21811010169385864	0.	0.	0.2181101016938587
128	0.49629597588646557	0.9510858514936897	0.3720701734777589	0.8211203828474679	0.21811010169385864	0.	0.	0.1788796171525321
129	0.29116343921604004	0.39110214001442073	0.17962008374788357	0.3079201435678004	0.2181101016938587	0.	0.	0.2181101016938587
130	0.6098828775848938	0.18155883765524514	0.5003702332976757	0.05132002392796674	0.2181101016938587	0.	0.	0.21811010169385864
131	0.7709238096938476	0.8740910034832979	0.6928203230275509	0.7569703529375092	0.2181101016938587	0.	0.	0.2181101016938587
132	0.38731075905143136	0.5636126978302379	0.3079201435678004	0.4362202033877173	0.2181101016938587	0.	0.	0.2181101016938587
133	0.8781440106023923	0.021579115123499144	0.7569703529375092	0.	0.2181101016938587	0.	0.	0.14113006580190854
134	0.019891365804008024	0.685364005102993	0.	0.5645202632076342	0.14113006580190854	0.	0.	0.2181101016938587
135	0.2389303430292592	0.775746975701811	0.11547005383792518	0.6928203230275509	0.21811010169385864	0.	0.	0.2181101016938587
136	0.5567214687674061	0.6364808668306303	0.4362202033877173	0.5003702332976757	0.2181101016938587	0.	0.	0.2181101016938587
137	0.7241615461729835	0.08916610327579585	0.6286702931175925	0.	0.2181101016938587	0.	0.	0.20528009571186695
138	0.3553901447547518	0.8939365198794808	0.243770113657842	0.7569703529375092	0.2181101016938587	0.	0.	0.2181101016938587
139	0.8253066966729269	0.5365847158382994	0.6928203230275509	0.4362202033877173	0.2181101016938587	0.	0.	0.2181101016938587
140	0.09503510882547396	0.23027066249629013	0.	0.11547005383792518	0.20528009571186695	0.	0.	0.21811010169385864
141	0.9526453818157943	0.8203375695324502	0.8211203828474679	0.6928203230275509	0.1788796171525321	0.	0.	0.2181101016938587
142	0.14956635054649023	0.3462769070705155	0.05132002392796674	0.243770113657842	0.21811010169385864	0.	0.	0.2181101016938587
143	0.4597458146652986	0.1329723159444638	0.3720701734777589	0.05132002392796674	0.21811010169385864	0.	0.	0.21811010169385864
144	0.7422154562403643	0.5680200830404025	0.6286702931175925	0.4362202033877173	0.2181101016938587	0.	0.	0.2181101016938587
145	0.26599532788262015	0.030914691762727094	0.17962008374788357	0.	0.2181101016938587	0.	0.	0.14113006580190854
146	0.6286575764109024	0.6921993956115556	0.5003702332976757	0.5645202632076342	0.2181101016938587	0.	0.	0.2181101016938587
147	0.02699201074004116	0.47832079078984047	0.	0.3720701734777589	0.14113006580190854	0.	0.	0.21811010169385864
148	0.40207217934034817	0.2681003318507161	0.3079201435678004	0.17962008374788357	0.2181101016938587	0.	0.	0.2181101016938587
149	0.8607369971424855	0.9348930071687561	0.7569703529375092	0.8211203828474679	0.2181101016938587	0.	0.	0.1788796171525321
150	0.5088045967198876	0.4055800604116562	0.3720701734777589	0.3079201435678004	0.21811010169385864	0.	0.	0.2181101016938587
151	0.9836571291922561	0.1551788010881376	0.8852704127574264	0.05132002392796674	0.11472958724257365	0.	0.	0.21811010169385864
152	0.21495033440698244	0.8780966288371324	0.11547005383792518	0.7569703529375092	0.21811010169385864	0.	0.	0.2181101016938587
153	0.6303157523504134	0.03920681816770581	0.5003702332976757	0.	0.2181101016938587	0.	0.	0.14113006580190854
154	0.6900641721093899	0.7382162218753141	0.5645202632076342	0.6286702931175925	0.2181101016938587	0.	0.	0.2181101016938587
155	0.3193042052386995	0.6116458509417313	0.17962008374788357	0.5003702332976757	0.2181101016938587	0.	0.	0.2181101016938587
156	0.7992687801978039	0.33158546156981045	0.6928203230275509	0.243770113657842	0.2181101016938587	0.	0.	0.2181101016938587
157	0.0448176374068848	0.9829723701921541	0.	0.8852704127574264	0.14113006580190854	0.	0.	0.11472958724257365
158	0.42497531495638924	0.5051164033815465	0.3079201435678004	0.3720701734777589	0.2181101016938587	0.	0.	0.21811010169385864
159	0.12920570823673364	0.1864084314515092	0.05132002392796674	0.05132002392796674	0.21811010169385864	0.	0.	0.21811010169385864
160	0.5210644972711636	0.7965384152239129	0.4362202033877173	0.6928203230275509	0.2181101016938587	0.	0.	0.2181101016938587
161	0.9026616770733914	0.4186418657205642	0.8211203828474679	0.3079201435678004	0.1788796171525321	0.	0.	0.2181101016938587
162	0.07485581297345031	0.01851790979146347	0.	0.	0.20528009571186695	0.	0.	0.14113006580190854
163	0.3401442938828841	0.6830884293611361	0.243770113657842	0.5645202632076342	0.2181101016938587	0.	0.	0.2181101016938587
164	0.8438674126671363	0.5574131229457683	0.7569703529375092	0.4362202033877173	0.2181101016938587	0.	0.	0.2181101016938587
165	0.4539158683129604	0.2883351909316976	0.3720701734777589	0.17962008374788357	0.21811010169385864	0.	0.	0.2181101016938587
166	0.9463455136640093	0.9597687187198128	0.8211203828474679	0.8211203828474679	0.1788796171525321	0.	0.	0.1788796171525321
167	0.1773180758818016	0.46076118085742235	0.05132002392796674	0.3720701734777589	0.21811010169385864	0.	0.	0.21811010169385864
168	0.7083776124189447	0.17852973353370244	0.6286702931175925	0.05132002392796674	0.2181101016938587	0.	0.	0.21811010169385864
169	0.22566246877046303	0.8701073060697109	0.11547005383792518	0.7569703529375092	0.21811010169385864	0.	0.	0.2181101016938587
170	0.586577015032367	0.38876177592490047	0.5003702332976757	0.3079201435678004	0.2181101016938587	0.	0.	0.2181101016938587
171	0.8853661471339135	0.7256105316618915	0.7569703529375092	0.6286702931175925	0.2181101016938587	0.	0.	0.2181101016938587
172	0.01628213232332858	0.5963291640296633	0.	0.5003702332976757	0.14113006580190854	0.	0.	0.2181101016938587
173	0.3834781162886131	0.07102465868809536	0.243770113657842	0.	0.2181101016938587	0.	0.	0.20528009571186695
174	0.19773548166679433	0.9634185730085811	0.11547005383792518	0.8852704127574264	0.21811010169385864	0.	0.	0.11472958724257365
175	0.5043946914227347	0.48447217169938234	0.3720701734777589	0.3720701734777589	0.21811010169385864	0.	0.	0.21811010169385864
176	0.9674454586387833	0.3124739409432731	0.8852704127574264	0.17962008374788357	0.11472958724257365	0.	0.	0.2181101016938587
177	0.6087901535842624	0.7863721322183351	0.5003702332976757	0.6928203230275509	0.2181101016938587	0.	0.	0.2181101016938587
178	0.7681975969698047	0.4387138672988459	0.6286702931175925	0.3079201435678004	0.2181101016938587	0.	0.	0.2181101016938587
179	0.2879016550928983	0.21351034259144033	0.17962008374788357	0.11547005383792518	0.2181101016938587	0.	0.	0.21811010169385864
180	0.41065995092479485	0.6559429867083428	0.3079201435678004	0.5645202632076342	0.2181101016938587	0.	0.	0.2181101016938587
181	0.7779408658654258	0.08406237303228087	0.6928203230275509	0.	0.2181101016938587	0.	0.	0.20528009571186695
182	0.07332683773813867	0.7568224345167938	0.	0.6286702931175925	0.20528009571186695	0.	0.	0.2181101016938587
183	0.8950369762193967	0.5243609534548909	0.7569703529375092	0.4362202033877173	0.2181101016938587	0.	0.	0.2181101016938587
184	0.1193405579882311	0.2592440982989243	0.	0.17962008374788357	0.20528009571186695	0.	0.	0.2181101016938587
185	0.5502243635854788	0.9251959869026615	0.4362202033877173	0.8211203828474679	0.2181101016938587	0.	0.	0.1788796171525321
186	0.29993928552051013	0.33710081003657677	0.17962008374788357	0.243770113657842	0.2181101016938587	0.	0.	0.2181101016938587
187	0.6653745598192493	0.11663451628479392	0.5645202632076342	0.	0.2181101016938587	0.	0.	0.20528009571186695
188	0.6786940145543	0.8456510922081528	0.5645202632076342	0.7569703529375092	0.2181101016938587	0.	0.	0.2181101016938587
189	0.9795995318839904	0.7938247504509242	0.8852704127574264	0.6928203230275509	0.11472958724257365	0.	0.	0.2181101016938587
190	0.21380936308714432	0.4123632974231606	0.11547005383792518	0.3079201435678004	0.21811010169385864	0.	0.	0.2181101016938587
191	0.5145693073209319	0.1969306249055919	0.4362202033877173	0.11547005383792518	0.2181101016938587	0.	0.	0.21811010169385864
192	0.2612950189116095	0.7327451758322812	0.17962008374788357	0.6286702931175925	0.2181101016938587	0.	0.	0.2181101016938587
193	0.6246454748895156	0.6076401903118415	0.5003702332976757	0.5003702332976757	0.2181101016938587	0.	0.	0.2181101016938587
194	0.7501661319380213	0.04769385338316478	0.6286702931175925	0.	0.2181101016938587	0.	0.	0.14113006580190854
195	0.39767698157715836	0.9760971968969183	0.3079201435678004	0.8852704127574264	0.2181101016938587	0.	0.	0.11472958724257365
196	0.8573745730142149	0.49899956633424214	0.7569703529375092	0.3720701734777589	0.2181101016938587	0.	0.	0.21811010169385864
197	0.033122192461018767	0.32580992208012355	0.	0.243770113657842	0.14113006580190854	0.	0.	0.2181101016938587
198	0.5278066127266697	0.3559048473556596	0.4362202033877173	0.243770113657842	0.2181101016938587	0.	0.	0.2181101016938587
199	0.9131310149508726	0.1281418340267492	0.8211203828474679	0.	0.1788796171525321	0.	0.	0.20528009571186695
200	0.12405103936909581	0.8178752217034484	0.	0.6928203230275509	0.20528009571186695	0.	0.	0.2181101016938587
201	0.6835229030267765	0.6296456320529467	0.5645202632076342	0.5003702332976757	0.2181101016938587	0.	0.	0.2181101016938587
202	0.31405330931443504	0.09780773537422971	0.17962008374788357	0.	0.2181101016938587	0.	0.	0.20528009571186695
203	0.6393532962234908	0.7709062860981867	0.5003702332976757	0.6928203230275509	0.2181101016938587	0.	0.	0.2181101016938587
204	0.037865253430104474	0.534807059898855	0.	0.4362202033877173	0.14113006580190854	0.	0.	0.2181101016938587
205	0.4225892761185381	0.2241918668030659	0.3079201435678004	0.11547005383792518	0.2181101016938587	0.	0.	0.21811010169385864
206	0.7949725343514293	0.8897121588906638	0.6928203230275509	0.7569703529375092	0.2181101016938587	0.	0.	0.2181101016938587
207	0.1588816864733932	0.1503135309569718	0.05132002392796674	0.05132002392796674	0.21811010169385864	0.	0.	0.21811010169385864
208	0.4651828150128288	0.8873088666201132	0.3720701734777589	0.7569703529375092	0.21811010169385864	0.	0.	0.2181101016938587
209	0.9614884161000927	0.40136285960171136	0.8211203828474679	0.3079201435678004	0.1788796171525321	0.	0.	0.2181101016938587
210	0.5666779435612141	0.02534417326596271	0.4362202033877173	0.	0.2181101016938587	0.	0.	0.14113006580190854
211	0.7171876308964823	0.7003024458006919	0.6286702931175925	0.5645202632076342	0.2181101016938587	0.	0.	0.2181101016938587
212	0.23699100316125343	0.5798149754886437	0.11547005383792518	0.5003702332976757	0.21811010169385864	0.	0.	0.2181101016938587
213	0.821473867205132	0.26711848307365427	0.6928203230275509	0.17962008374788357	0.2181101016938587	0.	0.	0.2181101016938587
214	0.09065043193073527	0.9301042499415496	0.	0.8211203828474679	0.20528009571186695	0.	0.	0.1788796171525321
215	0.35359312656280306	0.476014256437532	0.243770113657842	0.3720701734777589	0.2181101016938587	0.	0.	0.21811010169385864
216	0.6462428612889738	0.5482279556636115	0.5645202632076342	0.4362202033877173	0.2181101016938587	0.	0.	0.2181101016938587
217	0.702087207714338	0.23485805797603712	0.5645202632076342	0.11547005383792518	0.2181101016938587	0.	0.	0.21811010169385864
218	0.3221339789973438	0.9079593000049102	0.243770113657842	0.8211203828474679	0.2181101016938587	0.	0.	0.1788796171525321
219	0.8054390019625421	0.3597335185508649	0.6928203230275509	0.243770113657842	0.2181101016938587	0.	0.	0.2181101016938587
220	0.04989100701210806	0.1373241740621175	0.	0.05132002392796674	0.14113006580190854	0.	0.	0.21811010169385864
221	0.43438812722851805	0.8381968538581861	0.3079201435678004	0.7569703529375092	0.2181101016938587	0.	0.	0.2181101016938587
222	0.1389355421175638	0.6447692032106231	0.05132002392796674	0.5645202632076342	0.21811010169385864	0.	0.	0.2181101016938587
223	0.5337259950647578	0.10985551670190581	0.4362202033877173	0.	0.2181101016938587	0.	0.	0.20528009571186695
224	0.9164468445721948	0.7508002611945838	0.8211203828474679	0.6286702931175925	0.1788796171525321	0.	0.	0.2181101016938587
225	0.24930762502857712	0.2741466176474385	0.11547005383792518	0.17962008374788357	0.21811010169385864	0.	0.	0.2181101016938587
226	0.5721579058423693	0.9383233540512791	0.4362202033877173	0.8211203828474679	0.2181101016938587	0.	0.	0.1788796171525321
227	0.7344869035394082	0.447802607053134	0.6286702931175925	0.3079201435678004	0.2181101016938587	0.	0.	0.2181101016938587
228	0.3587694609512508	0.1613212786654313	0.243770113657842	0.05132002392796674	0.2181101016938587	0.	0.	0.21811010169385864
229	0.8297141206007134	0.8551096480599404	0.6928203230275509	0.7569703529375092	0.2181101016938587	0.	0.	0.2181101016938587
230	0.10824142894862061	0.37345852144644837	0.	0.243770113657842	0.20528009571186695	0.	0.	0.2181101016938587
231	0.9366813044314753	0.01206956042017695	0.8211203828474679	0.	0.1788796171525321	0.	0.	0.14113006580190854
232	0.1627120560816115	0.6728402611664661	0.05132002392796674	0.5645202632076342	0.21811010169385864	0.	0.	0.2181101016938587
233	0.4759166811472725	0.5822455989586723	0.3720701734777589	0.5003702332976757	0.21811010169385864	0.	0.	0.2181101016938587
234	0.7553072212450799	0.9938447137729983	0.6286702931175925	0.8852704127574264	0.2181101016938587	0.	0.	0.11472958724257365
235	0.2794243371401385	0.5101304825414126	0.17962008374788357	0.3720701734777589	0.2181101016938587	0.	0.	0.21811010169385864
236	0.6037133639224401	0.3022926105490514	0.5003702332976757	0.17962008374788357	0.2181101016938587	0.	0.	0.2181101016938587
237	0.004919737221228896	0.8052836754674928	0.	0.6928203230275509	0.14113006580190854	0.	0.	0.2181101016938587
238	0.3808943783903317	0.4244526141551935	0.243770113657842	0.3079201435678004	0.2181101016938587	0.	0.	0.2181101016938587
239	0.8748112054548567	0.2034226761472769	0.7569703529375092	0.11547005383792518	0.2181101016938587	0.	0.	0.21811010169385864
240	0.48460742697925135	0.7037255688353644	0.3720701734777589	0.5645202632076342	0.21811010169385864	0.	0.	0.2181101016938587
241	0.9975354771010404	0.622104220547131	0.8852704127574264	0.5003702332976757	0.11472958724257365	0.	0.	0.2181101016938587
242	0.19661457553939543	0.053711080314082206	0.11547005383792518	0.	0.21811010169385864	0.	0.	0.14113006580190854