1	1
2	0.75
3	0.625
4	0.4375
5	0.4375
6	0.4375
7	0.4375
8	0.3125
9	0.216146
10	0.2375
11	0.261364
12	0.223958
13	0.240385
14	0.196987
15	0.209375
16	0.171875
17	0.19761
18	0.220486
19	0.240954
20	0.209375
21	0.228423
22	0.2057
23	0.178032
24	0.152669
25	0.169375
26	0.148438
27	0.137442
28	0.114955
29	0.107085
30	0.0917969
31	0.102949
32	0.0898438
33	0.0787169
34	0.0953585
35	0.112165
36	0.10026
37	0.116026
38	0.104646
39	0.0938502
40	0.0835938
41	0.0982279
42	0.0902158
43	0.0789426
44	0.0699574
45	0.0775174
46	0.0753227
47	0.0804106
48	0.0664062
49	0.0771285
50	0.0793066
51	0.0883262
52	0.0836839
53	0.0691701
54	0.0737124
55	0.0780895
56	0.0644531
57	0.0688391
58	0.0730738
59	0.077165
60	0.0644531
61	0.0685515
62	0.0725176
63	0.0658637
64	0.0537109
65	0.0573167
66	0.0608132
67	0.0659253
68	0.0593405
69	0.0674394
70	0.0610212
71	0.0627338
72	0.0538737
73	0.0602392
74	0.0617445
75	0.0676904
76	0.060322
77	0.053145
78	0.0512101
79	0.0542935
80	0.0451904
81	0.0511068
82	0.0564709
83	0.0543875
84	0.0475028
85	0.0525448
86	0.0509062
87	0.0561187
88	0.0499379
89	0.0491079
90	0.0503554
91	0.0550577
92	0.0521612
93	0.0567194
94	0.0505423
95	0.0445325
96	0.0406901
97	0.0476703
98	0.0475028
99	0.0518318
100	0.0460742
101	0.0503316
102	0.0447017
103	0.0488898
104	0.0433819
105	0.0475028
106	0.0446628
107	0.0484334
108	0.0433598
109	0.0469758
110	0.0475686
111	0.0406071
112	0.0350603
113	0.0335591
114	0.0376619
115	0.0433827
116	0.0403842
117	0.045984
118	0.0430143
119	0.0400945
120	0.0372233
121	0.0426641
122	0.0403873
123	0.0370201
124	0.0342663
125	0.0315566
126	0.0310059
127	0.0310059
128	0.0251465
129	0.0214522
130	0.0264386
131	0.0318408
132	0.0295854
133	0.0348827
134	0.0326383
135	0.0332899
136	0.0306756
137	0.0353986
138	0.0343309
139	0.031203
140	0.0284947
141	0.030521
142	0.0325188
143	0.0344887
144	0.0294868
145	0.0314504
146	0.0286514
147	0.0307551
148	0.0304252
149	0.0317498
150	0.0297363
151	0.0299295
152	0.025789
153	0.0303899
154	0.0291954
155	0.0321699
156	0.0314941
157	0.0330865
158	0.0346587
159	0.0299218
160	0.0260742
161	0.030422
162	0.0285434
163	0.0268615
164	0.0267364
165	0.0290276
166	0.0312912
167	0.0335277
168	0.0297852
169	0.0278936
170	0.0287598
171	0.0305162
172	0.0314941
173	0.0329392
174	0.028977
175	0.030549
176	0.0269775
177	0.0272569
178	0.0286852
179	0.0300975
180	0.0259766
181	0.029336
182	0.0298227
183	0.0281529
184	0.0244406
185	0.0276935
186	0.0278885
187	0.0295848
188	0.0259438
189	0.0236752
190	0.0229068
191	0.0229895
192	0.0191142
193	0.0233126
194	0.0225648
195	0.0244892
196	0.0229193
197	0.0223977
198	0.0234745
199	0.0246018
200	0.0217969
201	0.0225135
202	0.0230096
203	0.0248523
204	0.0225824
205	0.025595
206	0.0264122
207	0.0238326
208	0.0215149
209	0.0212449
210	0.0223796
211	0.0239593
212	0.0242206
213	0.0263466
214	0.0237798
215	0.0232591
216	0.0215149
217	0.0243951
218	0.0226617
219	0.0209441
220	0.0192422
221	0.0220805
222	0.0203888
223	0.0197644
224	0.0172294
225	0.0198482
226	0.0212986
227	0.0233063
228	0.0209104
229	0.023167
230	0.0221037
231	0.0210497
232	0.0200048
233	0.0232607
234	0.0222152
235	0.0225883
236	0.0214704
237	0.0203619
238	0.0192627
239	0.0185263
240	0.0170919
241	0.0201693
242	0.0190891
243	0.0202509
244	0.0189859
245	0.021813
246	0.020552
247	0.0193012
248	0.0180605
249	0.0168298
250	0.0166814
251	0.0174304
252	0.0166335
253	0.0171041
254	0.0175709
255	0.0180341
256	0.0145874
257	0.0155692
258	0.0173203
259	0.0201187
260	0.0190495
261	0.02182
262	0.0207524
263	0.019693
264	0.0186416
265	0.0213717
266	0.020322
267	0.0196734
268	0.0182759
269	0.0206063
270	0.0192245
271	0.0188792
272	0.0178618
273	0.0205147
274	0.0194987
275	0.021312
276	0.0202712
277	0.022848
278	0.0218091
279	0.0224279
280	0.0199445
281	0.0187368
282	0.0185768
283	0.0202584
284	0.0192506
285	0.0203808
286	0.0193012
287	0.0183055
288	0.0171644
289	0.0195674
290	0.0185054
291	0.0208872
292	0.0198281
293	0.0187761
294	0.0189601
295	0.0200835
296	0.0190413
297	0.0193473
298	0.0203337
299	0.020868
300	0.0186495
301	0.020579
302	0.0195559
303	0.019225
304	0.0175299
305	0.0198056
306	0.0187984
307	0.0210551
308	0.0200504
309	0.0222885
310	0.0212863
311	0.0202906
312	0.0193012
313	0.0215225
314	0.0205457
315	0.0195751
316	0.0186107
317	0.0208069
318	0.0198447
319	0.0188885
320	0.0179382
321	0.0201092
322	0.0191611
323	0.0182188
324	0.0172824
325	0.0194286
326	0.0185219
327	0.0206236
328	0.0196913
329	0.0187646
330	0.0190976
331	0.021185
332	0.0202477
333	0.019806
334	0.0183899
335	0.0183361
336	0.0165543
337	0.0175269
338	0.0189754
339	0.0204154
340	0.0189058
341	0.0203376
342	0.0203114
343	0.0189884
344	0.0179291
345	0.0191611
346	0.0186516
347	0.0190098
348	0.0193659
349	0.0181394
350	0.0172148
351	0.017573
352	0.0154613
353	0.0164673
354	0.0174676
355	0.0184623
356	0.0166424
357	0.0180218
358	0.0174431
359	0.0187942
360	0.0179291
361	0.0195581
362	0.019338
363	0.019228
364	0.0193027
365	0.0196414
366	0.0199783
367	0.0203133
368	0.0179291
369	0.0182678
370	0.0174783
371	0.0183889
372	0.0166839
373	0.0177145
374	0.0172606
375	0.0175957
376	0.0154542
377	0.0164771
378	0.0166918
379	0.0175853
380	0.0166133
381	0.0169448
382	0.0172746
383	0.0149917
384	0.0127207
385	0.0145588
386	0.0138321
387	0.0156931
388	0.0149671
389	0.014245
390	0.0135265
391	0.0137256
392	0.012827
393	0.0142788
394	0.0134875
395	0.015052
396	0.0143423
397	0.0161552
398	0.0154463
399	0.0147411
400	0.0140393
401	0.0133411
402	0.0126463
403	0.0144363
404	0.0137423
405	0.0155208
406	0.0148275
407	0.0148974
408	0.0139941
409	0.0155402
410	0.0161713
411	0.0152515
412	0.0143362
413	0.0150915
414	0.0143545
415	0.0140262
416	0.0131226
417	0.0146148
418	0.0139436
419	0.0156622
420	0.0149917
421	0.0166996
422	0.0160298
423	0.0153632
424	0.0146997
425	0.0163922
426	0.0157294
427	0.0167983
428	0.0160815
429	0.015368
430	0.0146579
431	0.014171
432	0.0132475
433	0.0148566
434	0.0141542
435	0.013455
436	0.012759
437	0.0143545
438	0.0136597
439	0.0139726
440	0.0124945
441	0.0138616
442	0.0131741
443	0.0131195
444	0.0134652
445	0.0140747
446	0.0126973
447	0.0122559
448	0.011346
449	0.011298
450	0.0113826
451	0.0123287
452	0.0117511
453	0.0129795
454	0.0122939
455	0.0126329
456	0.0118232
457	0.0132052
458	0.0124153
459	0.0125526
460	0.0118627
461	0.012594
462	0.0126156
463	0.0129896
464	0.0112068
465	0.0118591
466	0.011956
467	0.0124119
468	0.0126988
469	0.0113499
470	0.0113077
471	0.0118227
472	0.0110348
473	0.0113484
474	0.0116606
475	0.0120644
476	0.0105902
477	0.0116252
478	0.0119932
479	0.0111144
480	0.00974426
481	0.0107058
482	0.0116633
483	0.0108684
484	0.010982
485	0.0108863
486	0.0111918
487	0.0117033
488	0.0105756
489	0.00998125
490	0.0103749
491	0.0112934
492	0.0101758
493	0.011091
494	0.0110882
495	0.0116076
496	0.0101087
497	0.010691
498	0.0115961
499	0.0124975
500	0.0121732
501	0.0126842
502	0.0131931
503	0.011712
504	0.0104964
505	0.0113764
506	0.0102768
507	0.0111538
508	0.0100589
509	0.00946698
510	0.00934969
511	0.00985619
512	0.00840759
513	0.00891396
514	0.00941835
515	0.00992079
516	0.0105348
517	0.0113033
518	0.0101383
519	0.0109045
520	0.0107758
521	0.0111116
522	0.0114463
523	0.0103149
524	0.0102032
525	0.0105377
526	0.0108708
527	0.0112372
528	0.0100944
529	0.0108462
530	0.0106717
531	0.0112615
532	0.0118492
533	0.0105887
534	0.0112352
535	0.0118792
536	0.0106579
537	0.0112979
538	0.0119383
539	0.0125762
540	0.01136
541	0.0119967
542	0.012631
543	0.0114214
544	0.0102162
545	0.0111035
546	0.0114821
547	0.0113855
548	0.0119059
549	0.0124244
550	0.0129702
551	0.0135344
552	0.0123313
553	0.0111553
554	0.0117885
555	0.0124194
556	0.0112496
557	0.0118792
558	0.0107145
559	0.0113429
560	0.0101833
561	0.0109163
562	0.0118044
563	0.0126893
564	0.0119281
565	0.0126799
566	0.0131122
567	0.0120065
568	0.0108344
569	0.0114687
570	0.0107279
571	0.0109793
572	0.0102772
573	0.00969442
574	0.00970511
575	0.0101263
576	0.00890266
577	0.00991607
578	0.00959485
579	0.0100281
580	0.0104599
581	0.0108902
582	0.011319
583	0.0117463
584	0.0104599
585	0.0114038
586	0.0113131
587	0.0119659
588	0.0113951
589	0.0125241
590	0.0120943
591	0.0113865
592	0.0108205
593	0.0102565
594	0.0102111
595	0.0110636
596	0.0109568
597	0.0117459
598	0.0116975
599	0.0121787
600	0.0110935
601	0.0117599
602	0.0122563
603	0.0118695
604	0.0106313
605	0.0109927
606	0.0113645
607	0.0118349
608	0.0107646
609	0.0113398
610	0.0119132
611	0.0124847
612	0.0120939
613	0.0124991
614	0.0129029
615	0.0133054
616	0.0120833
617	0.0126332
618	0.0128871
619	0.013287
620	0.0124792
621	0.0116068
622	0.0112967
623	0.0116638
624	0.0104599
625	0.0109704
626	0.0112586
627	0.0102163
628	0.0102899
629	0.0107026
630	0.0111139
631	0.0115239
632	0.0103786
633	0.0102463
634	0.0105926
635	0.0111855
636	0.0105367
637	0.0109152
638	0.010081
639	0.00929888
640	0.00849991
641	0.00931163
642	0.00914038
643	0.00839694
644	0.00875823
645	0.00946991
646	0.00998884
647	0.0106037
648	0.00967351
649	0.00903326
650	0.00936012
651	0.00997219
652	0.00991948
653	0.0102131
654	0.00930019
655	0.00955455
656	0.0084677
657	0.00940054
658	0.00964536
659	0.0102496
660	0.0095735
661	0.0106394
662	0.0105407
663	0.0100013
664	0.00929968
665	0.0103596
666	0.0101214
667	0.0109705
668	0.0105261
669	0.0100831
670	0.00964135
671	0.00920092
672	0.00876181
673	0.00832401
674	0.00815425
675	0.00893377
676	0.00849766
677	0.00953993
678	0.00910421
679	0.00947789
680	0.00899957
681	0.0100339
682	0.00989682
683	0.0105237
684	0.00968674
685	0.0103121
686	0.0103688
687	0.0107465
688	0.00966964
689	0.0100472
690	0.00915684
691	0.00968463
692	0.00972845
693	0.00879573
694	0.00903714
695	0.0094124
696	0.0083498
697	0.00896138
698	0.00909907
699	0.00950771
700	0.00881241
701	0.00955421
702	0.00979506
703	0.00894198
704	0.00809132
705	0.00866152
706	0.0092301
707	0.00979707
708	0.0090384
709	0.00977151
710	0.01008
711	0.00923607
712	0.00839456
713	0.00953084
714	0.00930298
715	0.00991483
716	0.00950072
717	0.00962007
718	0.00913834
719	0.00865794
720	0.00817888
721	0.00930172
722	0.00910962
723	0.00891806
724	0.00872702
725	0.00891934
726	0.00892023
727	0.00936169
728	0.0084283
729	0.00784324
730	0.00793906
731	0.00837944
732	0.00788448
733	0.00832059
734	0.00770163
735	0.00794631
736	0.00690444
737	0.00764753
738	0.00746184
739	0.0077042
740	0.00787834
741	0.00696578
742	0.00722998
743	0.00760701
744	0.00700099
745	0.00760022
746	0.00747247
747	0.00789266
748	0.00726694
749	0.00800054
750	0.00841129
751	0.00798417
752	0.00715597
753	0.00706882
754	0.00746598
755	0.00793446
756	0.00821767
757	0.00859859
758	0.00765925
759	0.0080399
760	0.00710377
761	0.0075606
762	0.00786354
763	0.00705274
764	0.00640478
765	0.00732871
766	0.00694474
767	0.00715757
768	0.00624084
769	0.00709923
770	0.00701195
771	0.00763389
772	0.00788362
773	0.00741971
774	0.00773895
775	0.00816211
776	0.00743968
777	0.00791468
778	0.00843411
779	0.00895221
780	0.00818693
781	0.00870402
782	0.00894587
783	0.00845709
784	0.00774212
785	0.00821143
786	0.00872519
787	0.00923766
788	0.0086996
789	0.00907275
790	0.00823561
791	0.0087461
792	0.00799268
793	0.00850219
794	0.00901041
795	0.0082595
796	0.00751047
797	0.00806677
798	0.00791608
799	0.00835052
800	0.00753387
801	0.00796771
802	0.00840055
803	0.00905893
804	0.00847189
805	0.00920109
806	0.00907118
807	0.00859459
808	0.00829247
809	0.00922719
810	0.00892504
811	0.00914201
812	0.00877756
813	0.00841401
814	0.00805135
815	0.00778186
816	0.00732871
817	0.0081927
818	0.00783209
819	0.00869336
820	0.00833301
821	0.00919157
822	0.0088315
823	0.00882904
824	0.00811397
825	0.00775651
826	0.00769593
827	0.00817463
828	0.00770457
829	0.0080178
830	0.00736448
831	0.00767117
832	0.00703078
833	0.00646661
834	0.00710284
835	0.00773754
836	0.00717455
837	0.00780765
838	0.00784925
839	0.00829728
840	0.0078426
841	0.00840053
842	0.00845905
843	0.00823066
844	0.00788774
845	0.00819481
846	0.00850116
847	0.00880679
848	0.00793245
849	0.00823802
850	0.00818321
851	0.00851224
852	0.00809898
853	0.0083596
854	0.00858421
855	0.00888688
856	0.00879494
857	0.00909484
858	0.00939403
859	0.00969253
860	0.00882755
861	0.00912601
862	0.00942378
863	0.00856211
864	0.00770244
865	0.00836367
866	0.00845556
867	0.0079064
868	0.00807085
869	0.0084699
870	0.00886804
871	0.00926525
872	0.00892356
873	0.00824577
874	0.0083978
875	0.00897156
876	0.00895498
877	0.00924785
878	0.00858514
879	0.00869394
880	0.00784975
881	0.00814254
882	0.00843468
883	0.00872615
884	0.00788574
885	0.00834053
886	0.00871109
887	0.00808758
888	0.00746548
889	0.00796964
890	0.00780271
891	0.00820751
892	0.00749032
893	0.00695966
894	0.00661521
895	0.00683017
896	0.00600978
897	0.00629704
898	0.00667857
899	0.00713812
900	0.00660919
901	0.0074527
902	0.00740203
903	0.00784043
904	0.00720832
905	0.00768258
906	0.00815579
907	0.00862795
908	0.00799776
909	0.00736895
910	0.00674153
911	0.00721317
912	0.0065873
913	0.00705808
914	0.00752783
915	0.00690366
916	0.00638137
917	0.00674992
918	0.0067514
919	0.00727887
920	0.00671825
921	0.00661081
922	0.00704888
923	0.00748601
924	0.00703249
925	0.00754729
926	0.00698106
927	0.00706989
928	0.00645496
929	0.00691778
930	0.00635538
931	0.00689681
932	0.0066352
933	0.0066155
934	0.00687934
935	0.00731104
936	0.00667345
937	0.00710445
938	0.00753453
939	0.00796369
940	0.00732811
941	0.00775658
942	0.00750119
943	0.00695732
944	0.00649611
945	0.00623492
946	0.00614653
947	0.00677017
948	0.00650952
949	0.00672686
950	0.00621774
951	0.00676121
952	0.00643087
953	0.00717267
954	0.00733657
955	0.00682948
956	0.00632344
957	0.00623318
958	0.00622168
959	0.00642087
960	0.00564518
961	0.00596642
962	0.00642783
963	0.0065736
964	0.00637327
965	0.00657107
966	0.00679289
967	0.0072104
968	0.00659398
969	0.00678962
970	0.00717901
971	0.0075676
972	0.00692658
973	0.00731463
974	0.0069906
975	0.00735073
976	0.00668554
977	0.00704525
978	0.00740422
979	0.00776246
980	0.00719931
981	0.00775269
982	0.00781447
983	0.00715354
984	0.00649395
985	0.00690925
986	0.00644591
987	0.00658573
988	0.00595609
989	0.00633884
990	0.00571072
991	0.00609295
992	0.00546634
993	0.00584804
994	0.00622898
995	0.00660915
996	0.00598454
997	0.00636419
998	0.00574108
999	0.00612022
1000	0.00571696
1001	0.00631936
1002	0.00625508
1003	0.00586368
1004	0.0054605
1005	0.00605316
1006	0.0056506
1007	0.00524884
1008	0.00484787
1009	0.00545364
1010	0.00531831
1011	0.00578937
1012	0.00527135
1013	0.00482927
1014	0.0047054
1015	0.0049619
1016	0.00446016
1017	0.00466312
1018	0.00497217
1019	0.00541657
1020	0.00491574
1021	0.00549572
1022	0.00510276
1023	0.00498371
1024	0.00429916
1025	0.00487748
1026	0.00545467
1027	0.00603073
1028	0.00563291
1029	0.00620768
1030	0.00678134
1031	0.00638395
1032	0.00598733
1033	0.00655953
1034	0.0062004
1035	0.00673444
1036	0.00659434
1037	0.00594435
1038	0.00602338
1039	0.00621995
1040	0.00572645
1041	0.0062945
1042	0.00590178
1043	0.0055098
1044	0.00537737
1045	0.00578985
1046	0.00620153
1047	0.00661243
1048	0.00606835
1049	0.0055253
1050	0.00593567
1051	0.00640928
1052	0.00675406
1053	0.0071621
1054	0.00662059
1055	0.0060801
1056	0.00554065
1057	0.00594828
1058	0.00554932
1059	0.00563526
1060	0.00528128
1061	0.00558987
1062	0.00550911
1063	0.00585457
1064	0.0057392
1065	0.00610681
1066	0.00650054
1067	0.00689354
1068	0.00634946
1069	0.00674186
1070	0.00624957
1071	0.00584843
1072	0.00556519
1073	0.00530003
1074	0.00572864
1075	0.0063869
1076	0.00611458
1077	0.00677126
1078	0.00649908
1079	0.00649975
1080	0.00623545
1081	0.0068967
1082	0.00677818
1083	0.00636882
1084	0.00610561
1085	0.00600915
1086	0.00569644
1087	0.00604053
1088	0.00559661
1089	0.00607178
1090	0.00654608
1091	0.00610292
1092	0.00568105
1093	0.00613395
1094	0.00660646
1095	0.00707811
1096	0.00663649
1097	0.00619567
1098	0.0066664
1099	0.00713628
1100	0.00669621
1101	0.0071652
1102	0.00672618
1103	0.00722227
1104	0.00681167
1105	0.00730678
1106	0.007801
1107	0.00829433
1108	0.00788424
1109	0.0083766
1110	0.00831683
1111	0.00790246
1112	0.00748884
1113	0.00797444
1114	0.00756149
1115	0.00736478
1116	0.00693081
1117	0.00649762
1118	0.00606521
1119	0.00652723
1120	0.00609556
1121	0.00566466
1122	0.00616351
1123	0.0066897
1124	0.00632949
1125	0.00685038
1126	0.00648646
1127	0.00669648
1128	0.0062898
1129	0.00676958
1130	0.00713064
1131	0.00670264
1132	0.00627539
1133	0.00673151
1134	0.00630499
1135	0.00676029
1136	0.00633449
1137	0.00678896
1138	0.00636389
1139	0.00681753
1140	0.00639318
1141	0.00596957
1142	0.00563811
1143	0.00599948
1144	0.00557733
1145	0.0056896
1146	0.0056865
1147	0.00605897
1148	0.00563824
1149	0.00612395
1150	0.00584456
1151	0.00541317
1152	0.00505871
1153	0.00557217
1154	0.00521818
1155	0.00573061
1156	0.00543837
1157	0.0050242
1158	0.00553547
1159	0.00604585
1160	0.00569329
1161	0.00540273
1162	0.00585057
1163	0.00635893
1164	0.00600731
1165	0.00651466
1166	0.00616351
1167	0.00581296
1168	0.00546301
1169	0.00535822
1170	0.00566019
1171	0.00612469
1172	0.00577567
1173	0.00627976
1174	0.0059312
1175	0.00573233
1176	0.00533792
1177	0.00579379
1178	0.00624889
1179	0.00585504
1180	0.00546186
1181	0.00591609
1182	0.00560993
1183	0.00597693
1184	0.00558497
1185	0.00603756
1186	0.00648939
1187	0.00694045
1188	0.00654901
1189	0.00699926
1190	0.00709346
1191	0.00668705
1192	0.00628132
1193	0.00685663
1194	0.00666427
1195	0.00674185
1196	0.00633744
1197	0.00608913
1198	0.00589806
1199	0.00596226
1200	0.00555984
1201	0.00615939
1202	0.00642091
1203	0.00601911
1204	0.00561798
1205	0.0061285
1206	0.00592964
1207	0.00600034
1208	0.00553382
1209	0.00533662
1210	0.00520637
1211	0.00550937
1212	0.0049868
1213	0.00549941
1214	0.00527599
1215	0.00542287
1216	0.00507023
1217	0.00485188
1218	0.00518772
1219	0.00565648
1220	0.00530481
1221	0.00577272
1222	0.0055364
1223	0.00590335
1224	0.00556933
1225	0.00605219
1226	0.00653427
1227	0.00621534
1228	0.00586739
1229	0.00623386
1230	0.00588458
1231	0.00634821
1232	0.0059994
1233	0.00646219
1234	0.00611386
1235	0.00576608
1236	0.00541888
1237	0.0052969
1238	0.00541523
1239	0.00536873
1240	0.00497617
1241	0.00530283
1242	0.00576283
1243	0.00622208
1244	0.00587674
1245	0.00633516
1246	0.00599028
1247	0.00564596
1248	0.00530218
1249	0.0057596
1250	0.00541629
1251	0.00507352
1252	0.00487591
1253	0.00556529
1254	0.00547746
1255	0.0056232
1256	0.00530222
1257	0.00521481
1258	0.00512754
1259	0.00552812
1260	0.00574236
1261	0.00611936
1262	0.00570337
1263	0.00575326
1264	0.00541376
1265	0.00529037
1266	0.00552624
1267	0.00597698
1268	0.00563837
1269	0.00608831
1270	0.00575015
1271	0.00541251
1272	0.00507541
1273	0.00552438
1274	0.00526307
1275	0.0056359
1276	0.00529967
1277	0.00496398
1278	0.00462881
1279	0.00507602
1280	0.00474129
1281	0.00518772
1282	0.00563345
1283	0.00529906
1284	0.0049652
1285	0.00541006
1286	0.00585423
1287	0.00629772
1288	0.00596411
1289	0.00563103
1290	0.00607365
1291	0.00651559
1292	0.00618285
1293	0.00662402
1294	0.00629171
1295	0.00595992
1296	0.00562863
1297	0.00606887
1298	0.00650843
1299	0.00694731
1300	0.00661629
1301	0.00705441
1302	0.00672381
1303	0.00639372
1304	0.00606414
1305	0.00650134
1306	0.00649363
1307	0.00681994
1308	0.00638123
1309	0.00595166
1310	0.00562392
1311	0.00605946
1312	0.00573214
1313	0.00540532
1314	0.00584003
1315	0.00627408
1316	0.00594759
1317	0.0063809
1318	0.00605483
1319	0.0064874
1320	0.00616174
1321	0.00659358
1322	0.00702476
1323	0.00669943
1324	0.0063746
1325	0.00605025
1326	0.00598594
1327	0.0061566
1328	0.00583315
1329	0.00626264
1330	0.0059396
1331	0.00636835
1332	0.00604572
1333	0.00593672
1334	0.00603682
1335	0.00613677
1336	0.00556205
1337	0.00593566
1338	0.00636218
1339	0.00678806
1340	0.00646703
1341	0.0068922
1342	0.00657158
1343	0.00625143
1344	0.00593176
1345	0.00635606
1346	0.00677973
1347	0.00720278
1348	0.00688335
1349	0.00730569
1350	0.00740172
1351	0.00708261
1352	0.00676398
1353	0.00718492
1354	0.00686668
1355	0.00654891
1356	0.00623161
1357	0.00596756
1358	0.00588616
1359	0.00601835
1360	0.00572373
1361	0.00637744
1362	0.00654024
1363	0.00622458
1364	0.00613342
1365	0.00639696
1366	0.0063149
1367	0.0064296
1368	0.00615115
1369	0.00606945
1370	0.00621761
1371	0.00663342
1372	0.00631976
1373	0.00673489
1374	0.00642161
1375	0.00683606
1376	0.00652317
1377	0.00693694
1378	0.00662442
1379	0.00703753
1380	0.00672539
1381	0.00641371
1382	0.00610247
1383	0.00651476
1384	0.0062039
1385	0.0058935
1386	0.00630504
1387	0.00671599
1388	0.00640588
1389	0.00681617
1390	0.00661927
1391	0.00626705
1392	0.00591535
1393	0.00588175
1394	0.00606456
1395	0.00639813
1396	0.00626278
1397	0.00660479
1398	0.00623101
1399	0.00588317
1400	0.00557632
1401	0.00598368
1402	0.005711
1403	0.00537115
1404	0.00506554
1405	0.0054721
1406	0.00516685
1407	0.00557277
1408	0.00526788
1409	0.00496343
1410	0.00536862
1411	0.00577324
1412	0.00546908
1413	0.00587306
1414	0.00556925
1415	0.00533042
1416	0.00496292
1417	0.00536612
1418	0.00551482
1419	0.0051063
1420	0.00487242
1421	0.00499472
1422	0.00492114
1423	0.00502344
1424	0.00466139
1425	0.00518624
1426	0.00510848
1427	0.00536261
1428	0.00506488
1429	0.00487587
1430	0.00503549
1431	0.00537024
1432	0.00500619
1433	0.00503136
1434	0.0053282
1435	0.00562464
1436	0.00525997
1437	0.00565734
1438	0.00581606
1439	0.0054164
1440	0.0050173
1441	0.00531272
1442	0.00560772
1443	0.00525804
1444	0.00552462
1445	0.00516374
1446	0.00549492
1447	0.00582565
1448	0.00546531
1449	0.00510547
1450	0.00543578
1451	0.00576564
1452	0.00578062
1453	0.00607307
1454	0.00567736
1455	0.00596948
1456	0.00557438
1457	0.00586617
1458	0.00615756
1459	0.00644855
1460	0.00605421
1461	0.00634487
1462	0.00595114
1463	0.00555795
1464	0.00525236
1465	0.00564214
1466	0.00534927
1467	0.00524069
1468	0.00494722
1469	0.00476072
1470	0.00479465
1471	0.00503236
1472	0.00459039
1473	0.00484363
1474	0.00455163
1475	0.00462401
1476	0.00486102
1477	0.0045707
1478	0.00465749
1479	0.004894
1480	0.00469443
1481	0.00481996
1482	0.00506875
1483	0.00545049
1484	0.00515787
1485	0.00553904
1486	0.00524675
1487	0.00524788
1488	0.00466334
1489	0.00437223
1490	0.00475265
1491	0.00513256
1492	0.00484172
1493	0.00522105
1494	0.00493054
1495	0.00490151
1496	0.00470523
1497	0.0051772
1498	0.00518291
1499	0.00492373
1500	0.00466489
1501	0.00470502
1502	0.00447748
1503	0.00457305
1504	0.00429787
1505	0.00446111
1506	0.00458543
1507	0.00485334
1508	0.00459592
1509	0.00500153
1510	0.00484286
1511	0.00493779
1512	0.00452897
1513	0.00478163
1514	0.00503396
1515	0.00528595
1516	0.00487798
1517	0.00469543
1518	0.00446917
1519	0.00463787
1520	0.00416489
1521	0.00456758
1522	0.00448562
1523	0.00410348
1524	0.00402162
1525	0.00420587
1526	0.00407496
1527	0.00438738
1528	0.00409944
1529	0.00403177
1530	0.00412772
1531	0.00435654
1532	0.00419999
1533	0.00436733
1534	0.00395535
1535	0.00423873
1536	0.00397364
1537	0.00435952
1538	0.00409471
1539	0.00448001
1540	0.0042339
1541	0.00440035
1542	0.00456658
1543	0.00473259
1544	0.00445602
1545	0.00483959
1546	0.00522267
1547	0.00560525
1548	0.00534134
1549	0.00572334
1550	0.0054597
1551	0.00519639
1552	0.00493343
1553	0.0046708
1554	0.00505201
1555	0.00543273
1556	0.00517029
1557	0.00555044
1558	0.00528826
1559	0.00566785
1560	0.00540593
1561	0.00578497
1562	0.00616351
1563	0.00590178
1564	0.00564038
1565	0.00537931
1566	0.00511858
1567	0.00549634
1568	0.00523587
1569	0.00497572
1570	0.00535286
1571	0.00572951
1572	0.00546955
1573	0.00584565
1574	0.00558594
1575	0.00548931
1576	0.00506753
1577	0.00544292
1578	0.00534084
1579	0.00555899
1580	0.00535484
1581	0.00512136
1582	0.00490506
1583	0.00515851
1584	0.00490088
1585	0.00527449
1586	0.00501712
1587	0.0048988
1588	0.0050599
1589	0.0052208
1590	0.00538149
1591	0.00554199
1592	0.00507414
1593	0.00523462
1594	0.00539491
1595	0.00555499
1596	0.00522516
1597	0.00546409
1598	0.00508261
1599	0.00494254
1600	0.0045726
1601	0.00463746
1602	0.00479732
1603	0.00505763
1604	0.00511643
1605	0.00527569
1606	0.00543475
1607	0.00559362
1608	0.00513039
1609	0.00528925
1610	0.0054479
1611	0.00498563
1612	0.00514428
1613	0.00530273
1614	0.00546099
1615	0.00561905
1616	0.0051581
1617	0.00531615
1618	0.00547401
1619	0.00563167
1620	0.00578913
1621	0.0053295
1622	0.00548696
1623	0.00564423
1624	0.0058013
1625	0.00595817
1626	0.00611486
1627	0.00627135
1628	0.0058134
1629	0.00596989
1630	0.00612618
1631	0.00566916
1632	0.0052127
1633	0.00536917
1634	0.00552545
1635	0.00568153
1636	0.00583743
1637	0.0060058
1638	0.00622211
1639	0.00643815
1640	0.00604417
1641	0.00565067
1642	0.00586666
1643	0.00608239
1644	0.00586123
1645	0.00601616
1646	0.00556337
1647	0.00572837
1648	0.00533673
1649	0.005552
1650	0.00576701
1651	0.00598175
1652	0.00559091
1653	0.0058055
1654	0.00601984
1655	0.00562968
1656	0.00524
1657	0.00545428
1658	0.00506518
1659	0.00540108
1660	0.00519266
1661	0.00498448
1662	0.00477655
1663	0.00493062
1664	0.00454323
1665	0.00475691
1666	0.00497032
1667	0.00518349
1668	0.00479687
1669	0.00514186
1670	0.00522264
1671	0.0048367
1672	0.00450522
1673	0.00489667
1674	0.00469029
1675	0.00508116
1676	0.00487492
1677	0.00486465
1678	0.00472464
1679	0.00458479
1680	0.00444511
1681	0.00490048
1682	0.00476078
1683	0.00467193
1684	0.00450468
1685	0.00493614
1686	0.00479675
1687	0.00469606
1688	0.00451846
1689	0.00485556
1690	0.0046888
1691	0.00478204
1692	0.00456319
1693	0.00494998
1694	0.004746
1695	0.00478217
1696	0.00433877
1697	0.00472479
1698	0.00454366
1699	0.00496255
1700	0.00484505
1701	0.00463106
1702	0.00455819
1703	0.00470862
1704	0.00448291
1705	0.00455692
1706	0.00467004
1707	0.00505636
1708	0.00485674
1709	0.00524249
1710	0.005043
1711	0.00496471
1712	0.00464471
1713	0.00448515
1714	0.00483078
1715	0.00521519
1716	0.00501641
1717	0.00481786
1718	0.00461955
1719	0.00463182
1720	0.00437512
1721	0.00469977
1722	0.00444332
1723	0.0043928
1724	0.00402871
1725	0.00433611
1726	0.0042472
1727	0.00458213
1728	0.0043851
1729	0.00476666
1730	0.00456975
1731	0.00437307
1732	0.00417661
1733	0.00428246
1734	0.00448778
1735	0.00474133
1736	0.0045564
1737	0.00452662
1738	0.00476388
1739	0.00515496
1740	0.00497088
1741	0.00529055
1742	0.00509469
1743	0.00489906
1744	0.00470365
1745	0.00450847
1746	0.00488625
1747	0.00484595
1748	0.00450843
1749	0.00487347
1750	0.00501317
1751	0.004694
1752	0.0043752
1753	0.00466636
1754	0.0044722
1755	0.00462544
1756	0.00425682
1757	0.00416128
1758	0.00396693
1759	0.00407321
1760	0.00388005
1761	0.00368711
1762	0.0035553
1763	0.00392945
1764	0.00387173
1765	0.00418108
1766	0.00402356
1767	0.00399374
1768	0.0037844
1769	0.00414058
1770	0.00437301
1771	0.00413025
1772	0.00388775
1773	0.00420885
1774	0.00412354
1775	0.00431758
1776	0.00394833
1777	0.00421537
1778	0.00396059
1779	0.00418602
1780	0.00399496
1781	0.0039114
1782	0.00361837
1783	0.00388652
1784	0.00359383
1785	0.0038617
1786	0.00364953
1787	0.00391873
1788	0.00366553
1789	0.00397159
1790	0.00388788
1791	0.00392241
1792	0.00347904
1793	0.00359388
1794	0.0037086
1795	0.00394019
1796	0.00393765
1797	0.00411845
1798	0.00416619
1799	0.00428026
1800	0.00439422
1801	0.00450804
1802	0.00462174
1803	0.00473531
1804	0.00484876
1805	0.00496208
1806	0.00507528
1807	0.00518835
1808	0.0047482
1809	0.00486133
1810	0.00442184
1811	0.00453502
1812	0.00464808
1813	0.00476101
1814	0.00487382
1815	0.0049865
1816	0.0045484
1817	0.00466114
1818	0.00477375
1819	0.00488625
1820	0.00499861
1821	0.00511086
1822	0.00522298
1823	0.00478643
1824	0.00435036
1825	0.00446271
1826	0.00457494
1827	0.0041397
1828	0.00425198
1829	0.00438026
1830	0.00457476
1831	0.00476904
1832	0.00441727
1833	0.00431966
1834	0.0044315
1835	0.00474455
1836	0.00465483
1837	0.00476631
1838	0.00433361
1839	0.00444514
1840	0.00401308
1841	0.00416396
1842	0.00427986
1843	0.00457413
1844	0.00432579
1845	0.00461972
1846	0.00462075
1847	0.0046005
1848	0.00425186
1849	0.00444443
1850	0.00417455
1851	0.00446389
1852	0.00428011
1853	0.00409653
1854	0.00394624
1855	0.00405703
1856	0.00374455
1857	0.0040344
1858	0.00401537
1859	0.00420703
1860	0.00439848
1861	0.00405239
1862	0.00424372
1863	0.00443485
1864	0.00423608
1865	0.00428029
1866	0.00447109
1867	0.00466169
1868	0.00431674
1869	0.00450722
1870	0.00469749
1871	0.00435308
1872	0.00400904
1873	0.00420343
1874	0.0043893
1875	0.00457913
1876	0.00476875
1877	0.00495817
1878	0.00461491
1879	0.00480421
1880	0.00453285
1881	0.00488351
1882	0.00483956
1883	0.00452156
1884	0.00434087
1885	0.00469088
1886	0.00453303
1887	0.00472158
1888	0.00438026
1889	0.00456868
1890	0.00475691
1891	0.00494493
1892	0.00513276
1893	0.00532039
1894	0.00550782
1895	0.00516734
1896	0.00482723
1897	0.00501462
1898	0.00467495
1899	0.00486222
1900	0.00463364
1901	0.00445451
1902	0.00437135
1903	0.00455839
1904	0.00422002
1905	0.00440695
1906	0.00459368
1907	0.00425583
1908	0.00394348
1909	0.00422107
1910	0.00429152
1911	0.00447782
1912	0.00414091
1913	0.00380436
1914	0.00399062
1915	0.00417669
1916	0.00384065
1917	0.0040266
1918	0.0039719
1919	0.00407895
1920	0.00366505
1921	0.00377214
1922	0.00391661
1923	0.003986
1924	0.00409276
1925	0.00419941
1926	0.00430595
1927	0.00441238
1928	0.00400297
1929	0.00367607
1930	0.00386463
1931	0.00405299
1932	0.00390767
1933	0.00401398
1934	0.00412017
1935	0.00422626
1936	0.0038157
1937	0.00392184
1938	0.00402786
1939	0.00413377
1940	0.00423958
1941	0.00434527
1942	0.00445086
1943	0.00404167
1944	0.0036329
1945	0.00374087
1946	0.00355339
1947	0.00376121
1948	0.00356769
1949	0.00376869
1950	0.00375319
1951	0.00385859
1952	0.00345159
1953	0.00355704
1954	0.00366238
1955	0.00376762
1956	0.00387338
1957	0.0040074
1958	0.00368619
1959	0.00376456
1960	0.00339304
1961	0.00372996
1962	0.00369773
1963	0.00386621
1964	0.00354224
1965	0.00372751
1966	0.00368147
1967	0.0038149
1968	0.00344007
1969	0.00368
1970	0.00370677
1971	0.00383992
1972	0.00359175
1973	0.00336724
1974	0.00329826
1975	0.003515
1976	0.00328919
1977	0.00329093
1978	0.00325151
1979	0.0034215
1980	0.00319079
1981	0.00350152
1982	0.00355912
1983	0.00342544
1984	0.00310366
1985	0.00328597
1986	0.0034681
1987	0.00374209
1988	0.00352236
1989	0.0038056
1990	0.0037091
1991	0.00346125
1992	0.00314762
1993	0.00343048
1994	0.00350292
1995	0.0036979
1996	0.0034307
1997	0.00366452
1998	0.00340684
1999	0.0036312
2000	0.00336457
2001	0.00359795
2002	0.0038311
2003	0.00356477
2004	0.0032987
2005	0.00353165
2006	0.00338325
2007	0.00356109
2008	0.00324075
2009	0.00346562
2010	0.00340434
2011	0.00353422
2012	0.00318933
2013	0.00339984
2014	0.00313518
2015	0.00336705
2016	0.00310267
2017	0.00333433
2018	0.00307022
2019	0.00330167
2020	0.00303784
2021	0.00326907
2022	0.00306938
2023	0.00325523
2024	0.00297327
2025	0.00329687
2026	0.00332452
2027	0.00351202
2028	0.00320624
2029	0.00339361
2030	0.0031696
2031	0.00285308
2032	0.00271677
2033	0.00263422
2034	0.00255176
2035	0.00259809
2036	0.00248613
2037	0.0028497
2038	0.00272998
2039	0.00261038
2040	0.0024909
2041	0.00286149
2042	0.0028268
2043	0.00262263
2044	0.00250337
2045	0.00263456
2046	0.0025412
2047	0.00271598
2048	0.00244808
2049	0.00222336
2050	0.00248667
2051	0.00274972
2052	0.00261266
2053	0.00278795
2054	0.00256361
2055	0.00282611
2056	0.00260198
2057	0.00290817
2058	0.00314963
2059	0.00299982
2060	0.0029479
2061	0.00308853
2062	0.00324854
2063	0.00340839
2064	0.0030836
2065	0.00324337
2066	0.00295808
2067	0.00307867
2068	0.00323822
2069	0.0029357
2070	0.00307376
2071	0.00323308
2072	0.00295177
2073	0.00310974
2074	0.00331326
2075	0.00351658
2076	0.00326128
2077	0.00344117
2078	0.00346898
2079	0.00309168
2080	0.00274809
2081	0.00302297
2082	0.00315866
2083	0.00288358
2084	0.00300306
2085	0.00318671
2086	0.00337019
2087	0.00355417
2088	0.00326755
2089	0.00309727
2090	0.0031736
2091	0.00336581
2092	0.00323533
2093	0.0033731
2094	0.00320311
2095	0.00320081
2096	0.00292799
2097	0.003171
2098	0.00333641
2099	0.00354033
2100	0.00326787
2101	0.00347163
2102	0.00360823
2103	0.00340305
2104	0.00313117
2105	0.0033346
2106	0.00353784
2107	0.00374089
2108	0.00346937
2109	0.0031981
2110	0.00299003
2111	0.00313004
2112	0.00285932
2113	0.00307315
2114	0.00306209
2115	0.00330789
2116	0.00319237
2117	0.00307696
2118	0.00298649
2119	0.00327461
2120	0.00315084
2121	0.00318705
2122	0.00335607
2123	0.00360979
2124	0.00339246
2125	0.00364592
2126	0.00361986
2127	0.00335891
2128	0.00313897
2129	0.00308016
2130	0.00323364
2131	0.00343281
2132	0.00349806
2133	0.00371334
2134	0.00345982
2135	0.00335385
2136	0.00305897
2137	0.00340424
2138	0.00345388
2139	0.0032996
2140	0.00303622
2141	0.00338085
2142	0.00330755
2143	0.00352192
2144	0.00326967
2145	0.00348385
2146	0.00369783
2147	0.00391161
2148	0.00365965
2149	0.00387325
2150	0.003847
2151	0.00357757
2152	0.00343316
2153	0.00377568
2154	0.00365363
2155	0.00373969
2156	0.00361486
2157	0.00349014
2158	0.00336554
2159	0.00328386
2160	0.00311668
2161	0.00345517
2162	0.00340555
2163	0.00335601
2164	0.00317067
2165	0.00330405
2166	0.00315862
2167	0.00330034
2168	0.00301235
2169	0.00288575
2170	0.00298467
2171	0.00310906
2172	0.00279737
2173	0.00298996
2174	0.00277743
2175	0.00292119
2176	0.00267292
2177	0.00294142
2178	0.00309535
2179	0.00307552
2180	0.0031312
2181	0.00328032
2182	0.0034293
2183	0.00357815
2184	0.00326898
2185	0.00299902
2186	0.00319038
2187	0.00338156
2188	0.00311553
2189	0.00330657
2190	0.00304082
2191	0.00323172
2192	0.00296624
2193	0.00323618
2194	0.00350741
2195	0.00377839
2196	0.00359376
2197	0.00386445
2198	0.0037823
2199	0.00357231
2200	0.0033625
2201	0.00360722
2202	0.00339866
2203	0.00335634
2204	0.00321999
2205	0.0032205
2206	0.003062
2207	0.00309968
2208	0.00294947
2209	0.00304004
2210	0.00310193
2211	0.00340421
2212	0.00331535
2213	0.00355606
2214	0.00340605
2215	0.00347268
2216	0.00314467
2217	0.00340788
2218	0.00339126
2219	0.00314137
2220	0.00306606
2221	0.00318981
2222	0.00310328
2223	0.00325948
2224	0.00299917
2225	0.00329362
2226	0.0032072
2227	0.00326428
2228	0.00311534
2229	0.00296653
2230	0.00293919
2231	0.00311755
2232	0.00296895
2233	0.0029307
2234	0.00293531
2235	0.00309593
2236	0.00284835
2237	0.00312196
2238	0.00307509
2239	0.00290174
2240	0.00267773
2241	0.00292164
2242	0.00293129
2243	0.00312634
2244	0.00305718
2245	0.00328777
2246	0.00329726
2247	0.00341714
2248	0.00309207
2249	0.00323407
2250	0.0033842
2251	0.00355321
2252	0.00327802
2253	0.00312842
2254	0.00299766
2255	0.00304467
2256	0.00279385
2257	0.00307991
2258	0.00309949
2259	0.00295556
2260	0.00289703
2261	0.00306796
2262	0.00307898
2263	0.00328547
2264	0.00305008
2265	0.00288308
2266	0.00302123
2267	0.00322738
2268	0.00299244
2269	0.00319842
2270	0.00296369
2271	0.00293916
2272	0.00270148
2273	0.00303415
2274	0.00292677
2275	0.00302203
2276	0.00290905
2277	0.00289897
2278	0.00294636
2279	0.00306001
2280	0.00279587
2281	0.00300969
2282	0.00319372
2283	0.00339239
2284	0.00315305
2285	0.00337538
2286	0.00324788
2287	0.00312049
2288	0.00299321
2289	0.00286604
2290	0.00273899
2291	0.00304853
2292	0.00292151
2293	0.00323071
2294	0.00310371
2295	0.00300104
2296	0.00285041
2297	0.00317129
2298	0.00326953
2299	0.00306889
2300	0.00286843
2301	0.00272402
2302	0.00261741
2303	0.00273153
2304	0.00250234
2305	0.00273639
2306	0.00260077
2307	0.00273189
2308	0.00260437
2309	0.00270161
2310	0.00267427
2311	0.00284984
2312	0.00271041
2313	0.00300343
2314	0.00286405
2315	0.00315676
2316	0.00301743
2317	0.00331144
2318	0.00317477
2319	0.00303822
2320	0.00290179
2321	0.00276548
2322	0.00299526
2323	0.00328576
2324	0.00314573
2325	0.00343592
2326	0.00329594
2327	0.00315608
2328	0.00301635
2329	0.0033061
2330	0.00322337
2331	0.00320979
2332	0.00298904
2333	0.00328202
2334	0.00314631
2335	0.00302704
2336	0.00287522
2337	0.00316776
2338	0.00303232
2339	0.00332454
2340	0.00318915
2341	0.00348105
2342	0.00334571
2343	0.0032823
2344	0.00307538
2345	0.00336683
2346	0.00330031
2347	0.00352291
2348	0.0033879
2349	0.00331828
2350	0.00315309
2351	0.00333337
2352	0.00308832
2353	0.00326847
2354	0.00320651
2355	0.00335407
2356	0.00307705
2357	0.00322454
2358	0.00331876
2359	0.00349835
2360	0.00325407
2361	0.00300999
2362	0.00318948
2363	0.00336883
2364	0.00354802
2365	0.00372707
2366	0.0034833
2367	0.00323974
2368	0.00299639
2369	0.00289159
2370	0.00303995
2371	0.00318819
2372	0.00328979
2373	0.00346834
2374	0.00322551
2375	0.00300911
2376	0.00316133
2377	0.00333963
2378	0.00316697
2379	0.00317707
2380	0.0030333
2381	0.00321136
2382	0.00338926
2383	0.00356702
2384	0.00332516
2385	0.0035028
2386	0.00326117
2387	0.00343868
2388	0.00361605
2389	0.00337468
2390	0.00355192
2391	0.00372901
2392	0.0034879
2393	0.00339857
2394	0.00356073
2395	0.00372276
2396	0.00346729
2397	0.00362922
2398	0.00379101
2399	0.00353583
2400	0.00328087
2401	0.0034426
2402	0.00360421
2403	0.00334953
2404	0.00352198
2405	0.00328226
2406	0.00345836
2407	0.00363431
2408	0.00339484
2409	0.00315557
2410	0.00333143
2411	0.00350714
2412	0.0035545
2413	0.00371532
2414	0.00346175
2415	0.00362423
2416	0.00338772
2417	0.00356513
2418	0.0037424
2419	0.00391952
2420	0.00368327
2421	0.00387421
2422	0.00368542
2423	0.00349678
2424	0.00330831
2425	0.00353235
2426	0.00334402
2427	0.00319802
2428	0.00309739
2429	0.00302435
2430	0.00289637
2431	0.00288528
2432	0.00269569
2433	0.00300648
2434	0.00307542
2435	0.00329865
2436	0.00311632
2437	0.00342644
2438	0.00332612
2439	0.00322589
2440	0.00312574
2441	0.00343535
2442	0.00333519
2443	0.00323512
2444	0.00313513
2445	0.00320941
2446	0.00304203
2447	0.00291434
2448	0.00277619
2449	0.0031153
2450	0.00307964
2451	0.00302318
2452	0.00305367
2453	0.003206
2454	0.00310466
2455	0.00321846
2456	0.00300441
2457	0.00324486
2458	0.00307829
2459	0.00331852
2460	0.00315205
2461	0.00339205
2462	0.00322569
2463	0.00305946
2464	0.00289336
2465	0.00313308
2466	0.00297422
2467	0.00320659
2468	0.0030407
2469	0.00327997
2470	0.00311419
2471	0.00335324
2472	0.00318757
2473	0.00342639
2474	0.00326082
2475	0.00349942
2476	0.00333395
2477	0.00357234
2478	0.00340697
2479	0.00324174
2480	0.00307665
2481	0.00331475
2482	0.00314975
2483	0.00338763
2484	0.00322274
2485	0.0034604
2486	0.00329561
2487	0.00313096
2488	0.00296644
2489	0.00320382
2490	0.0030394
2491	0.00287511
2492	0.00271096
2493	0.00294806
2494	0.00284913
2495	0.00282538
2496	0.0026901
2497	0.00301115
2498	0.00299023
2499	0.00285218
2500	0.00277279
2501	0.0030933
2502	0.00307271
2503	0.00329434
2504	0.00311644
2505	0.00300168
2506	0.00316011
2507	0.00338136
2508	0.0032037
2509	0.00342476
2510	0.00324723
2511	0.00306984
2512	0.0028926
2513	0.00295243
2514	0.00311749
2515	0.00329637
2516	0.00307765
2517	0.00325641
2518	0.00333681
2519	0.00338873
2520	0.00317181
2521	0.00335173
2522	0.00313499
2523	0.00331478
2524	0.00309823
2525	0.00298804
2526	0.00289758
2527	0.0028974
2528	0.00271691
2529	0.00262661
2530	0.00275162
2531	0.0029665
2532	0.00278627
2533	0.0030559
2534	0.00296569
2535	0.00309433
2536	0.00287889
2537	0.00308967
2538	0.00328392
2539	0.00310407
2540	0.00292435
2541	0.00298488
2542	0.00289743
2543	0.00302444
2544	0.00275826
2545	0.0029122
2546	0.00269768
2547	0.00287595
2548	0.0026817
2549	0.00283975
2550	0.00273421
2551	0.00286088
2552	0.00259561
2553	0.00276779
2554	0.00294569
2555	0.00312346
2556	0.00290985
2557	0.00308749
2558	0.00296295
2559	0.0027087
2560	0.00261345
2561	0.00290874
2562	0.00281349
2563	0.00271831
2564	0.0026232
2565	0.00291803
2566	0.00282292
2567	0.00311744
2568	0.00302233
2569	0.00292729
2570	0.0030496
2571	0.00322622
2572	0.00305706
2573	0.00332517
2574	0.00323019
2575	0.00315462
2576	0.00304047
2577	0.0031189
2578	0.00329501
2579	0.00347099
2580	0.00325923
2581	0.00346651
2582	0.0036108
2583	0.00339923
2584	0.00318783
2585	0.00336344
2586	0.00353891
2587	0.00371425
2588	0.00350305
2589	0.00335939
2590	0.00326499
2591	0.00325639
2592	0.00307641
2593	0.00298223
2594	0.0030103
2595	0.0031853
2596	0.00308533
2597	0.00337635
2598	0.00328223
2599	0.00318819
2600	0.00309422
2601	0.00338479
2602	0.00329081
2603	0.00342794
2604	0.00321815
2605	0.0033924
2606	0.00318278
2607	0.00335691
2608	0.00314747
2609	0.00332148
2610	0.00311221
2611	0.0032861
2612	0.00307701
2613	0.00287636
2614	0.00304186
2615	0.00321551
2616	0.00300676
2617	0.00318029
2618	0.00335369
2619	0.00352695
2620	0.00331841
2621	0.00349155
2622	0.00328318
2623	0.00307496
2624	0.00286691
2625	0.00305393
2626	0.00321289
2627	0.00338568
2628	0.00317782
2629	0.00344314
2630	0.00352303
2631	0.00331536
2632	0.00316436
2633	0.00345137
2634	0.00335851
2635	0.00328692
2636	0.00317506
2637	0.00321029
2638	0.00301209
2639	0.00317537
2640	0.00296853
2641	0.0031405
2642	0.00331234
2643	0.00317574
2644	0.00305711
2645	0.00331664
2646	0.00324253
2647	0.00341401
2648	0.00320771
2649	0.0030256
2650	0.00317294
2651	0.00334418
2652	0.00313822
2653	0.00330934
2654	0.00310703
2655	0.00327456
2656	0.00306894
2657	0.00323983
2658	0.00317763
2659	0.00331707
2660	0.00329443
2661	0.0031006
2662	0.00328257
2663	0.0034644
2664	0.00327072
2665	0.00310143
2666	0.00327173
2667	0.00344191
2668	0.00324709
2669	0.00342853
2670	0.00360983
2671	0.0034166
2672	0.00322352
2673	0.00307247
2674	0.00321177
2675	0.00339281
2676	0.00320003
2677	0.00338094
2678	0.0031883
2679	0.00323449
2680	0.00303072
2681	0.0032001
2682	0.00336935
2683	0.00316576
2684	0.00296232
2685	0.00313148
2686	0.0029282
2687	0.00309724
2688	0.00289413
2689	0.00269117
2690	0.00286011
2691	0.00302892
2692	0.00310674
2693	0.00328662
2694	0.00309516
2695	0.0029608
2696	0.00277896
2697	0.00299956
2698	0.00309517
2699	0.00289289
2700	0.00269076
2701	0.00285901
2702	0.00275686
2703	0.00285827
2704	0.00269007
2705	0.00291005
2706	0.0029593
2707	0.00312707
2708	0.00306411
2709	0.00286493
2710	0.00300311
2711	0.00318183
2712	0.00299168
2713	0.00302536
2714	0.00319268
2715	0.00335988
2716	0.00315876
2717	0.00332585
2718	0.00332542
2719	0.00313571
2720	0.00294614
2721	0.00312422
2722	0.00330217
2723	0.00322407
2724	0.00329057
2725	0.00338095
2726	0.00350735
2727	0.00363367
2728	0.00339332
2729	0.00315315
2730	0.00328905
2731	0.00345523
2732	0.00332419
2733	0.00345008
2734	0.00326722
2735	0.0034099
2736	0.00322133
2737	0.00339827
2738	0.00357508
2739	0.00375176
2740	0.00356335
2741	0.00373991
2742	0.00359321
2743	0.00339378
2744	0.00319449
2745	0.00335965
2746	0.0031641
2747	0.00332556
2748	0.00312659
2749	0.00297837
2750	0.00287969
2751	0.00295389
2752	0.00276659
2753	0.00294732
2754	0.00284879
2755	0.00311331
2756	0.0030148
2757	0.00291635
2758	0.0029577
2759	0.00312211
2760	0.00292407
2761	0.00308837
2762	0.00325255
2763	0.00341661
2764	0.00321875
2765	0.0033827
2766	0.00329082
2767	0.00306505
2768	0.00292199
2769	0.00282401
2770	0.00275665
2771	0.0029916
2772	0.00289123
2773	0.00315402
2774	0.00305613
2775	0.00321393
2776	0.003017
2777	0.00318032
2778	0.00334352
2779	0.00314676
2780	0.00295014
2781	0.00311324
2782	0.00291678
2783	0.00307978
2784	0.00288347
2785	0.00304636
2786	0.00320914
2787	0.0033718
2788	0.00317567
2789	0.00333822
2790	0.00350067
2791	0.00366299
2792	0.00346703
2793	0.00362925
2794	0.00343344
2795	0.00359556
2796	0.00339991
2797	0.00320439
2798	0.00300902
2799	0.00317105
2800	0.00297583
2801	0.00313776
2802	0.00329958
2803	0.00310452
2804	0.0029096
2805	0.00307132
2806	0.00287655
2807	0.00303818
2808	0.00284356
2809	0.00264908
2810	0.00281061
2811	0.00297988
2812	0.00279657
2813	0.00296888
2814	0.0027857
2815	0.00290605
2816	0.00271203
2817	0.00287314
2818	0.00303413
2819	0.00319501
2820	0.00300116
2821	0.00316194
2822	0.0033226
2823	0.00312891
2824	0.00293536
2825	0.00309593
2826	0.00325639
2827	0.00341673
2828	0.00322336
2829	0.00303012
2830	0.00286487
2831	0.00299728
2832	0.00280432
2833	0.00296449
2834	0.00312454
2835	0.00293174
2836	0.00273908
2837	0.00289904
2838	0.00305889
2839	0.00321862
2840	0.00302613
2841	0.00318577
2842	0.00334529
2843	0.0035047
2844	0.00331238
2845	0.00347169
2846	0.00327952
2847	0.00343872
2848	0.0032467
2849	0.00340581
2850	0.00321393
2851	0.00337294
2852	0.0031812
2853	0.0029896
2854	0.00314852
2855	0.00330733
2856	0.00311589
2857	0.0032746
2858	0.00343319
2859	0.00359168
2860	0.00340041
2861	0.00355879
2862	0.00336767
2863	0.00317667
2864	0.00298581
2865	0.00279508
2866	0.0029534
2867	0.00311161
2868	0.00292104
2869	0.00307915
2870	0.00288872
2871	0.00304674
2872	0.00285645
2873	0.00301437
2874	0.00317217
2875	0.00332987
2876	0.00313975
2877	0.00329735
2878	0.00310737
2879	0.00326487
2880	0.00307504
2881	0.00323244
2882	0.00338973
2883	0.00320005
2884	0.00301051
2885	0.00316771
2886	0.00332481
2887	0.00348179
2888	0.00329241
2889	0.00310316
2890	0.00326006
2891	0.00341686
2892	0.00322776
2893	0.00338445
2894	0.0031955
2895	0.0033521
2896	0.00316328
2897	0.00331978
2898	0.00347618
2899	0.00363246
2900	0.00344381
2901	0.0036
2902	0.00375608
2903	0.00356758
2904	0.00337922
2905	0.00353521
2906	0.00334698
2907	0.00350288
2908	0.0033148
2909	0.0034706
2910	0.00328266
2911	0.00343836
2912	0.00325056
2913	0.00306288
2914	0.0032185
2915	0.00337402
2916	0.00318649
2917	0.00334191
2918	0.00315453
2919	0.00330985
2920	0.0031226
2921	0.00327783
2922	0.00343296
2923	0.00324586
2924	0.00305889
2925	0.00321393
2926	0.0030271
2927	0.00318204
2928	0.00299535
2929	0.0031502
2930	0.00296364
2931	0.0031184
2932	0.00293198
2933	0.00274569
2934	0.00256037
2935	0.00271421
2936	0.00252819
2937	0.00268277
2938	0.00283725
2939	0.00299163
2940	0.00280576
2941	0.00296005
2942	0.00277432
2943	0.00258871
2944	0.00240324
2945	0.00255745
2946	0.00237838
2947	0.002543
2948	0.00245333
2949	0.00241839
2950	0.00251218
2951	0.00262527
2952	0.00246835
2953	0.00245456
2954	0.00258653
2955	0.00274015
2956	0.00255538
2957	0.00270891
2958	0.00263001
2959	0.00267761
2960	0.00243316
2961	0.00252661
2962	0.00261999
2963	0.00271331
2964	0.00255529
2965	0.00269619
2966	0.00265573
2967	0.00280679
2968	0.00269358
2969	0.00291725
2970	0.00280407
2971	0.00269097
2972	0.00257794
2973	0.00280135
2974	0.00268836
2975	0.00257545
2976	0.00246262
2977	0.00268577
2978	0.00257297
2979	0.00279593
2980	0.00268317
2981	0.00291052
2982	0.00286668
2983	0.00273644
2984	0.00264948
2985	0.0028976
2986	0.00281065
2987	0.00302058
2988	0.00293196
2989	0.00284339
2990	0.00275488
2991	0.00266643
2992	0.00257804
2993	0.00282383
2994	0.00273544
2995	0.00264712
2996	0.00255886
2997	0.00280432
2998	0.00271606
2999	0.0026565
3000	0.00253972
3001	0.00245164
3002	0.00236362
3003	0.00233481
3004	0.0022277
3005	0.00243268
3006	0.00234478
3007	0.0022739
3008	0.00216915
3009	0.00208143
3010	0.00209036
3011	0.00223827
3012	0.00226463
3013	0.0023949
3014	0.0024444
3015	0.0025342
3016	0.00231229
3017	0.00252693
3018	0.00260425
3019	0.00256155
3020	0.00232003
3021	0.00240969
3022	0.00249929
3023	0.00258883
3024	0.00234763
3025	0.00243716
3026	0.00225133
3027	0.00249446
3028	0.00240718
3029	0.00255268
3030	0.00245005
3031	0.00240909
3032	0.00224497
3033	0.00247224
3034	0.00237512
3035	0.00251102
3036	0.00233119
3037	0.00248075
3038	0.00236664
3039	0.00218745
3040	0.00208527
3041	0.0023125
3042	0.00224088
3043	0.0021275
3044	0.00215599
3045	0.00227114
3046	0.00233395
3047	0.00242725
3048	0.00221524
3049	0.00227247
3050	0.00236129
3051	0.00245005
3052	0.00230118
3053	0.00244167
3054	0.00228008
3055	0.00227831
3056	0.00207426
3057	0.00222095
3058	0.00232882
3059	0.00249296
3060	0.00234394
3061	0.00252169
3062	0.00239556
3063	0.00241873
3064	0.00224153
3065	0.00239071
3066	0.00232422
3067	0.00244694
3068	0.00224364
3069	0.00204046
3070	0.00190769
3071	0.0020241
3072	0.00186523
3073	0.00204245
3074	0.00200252
3075	0.00216245
3076	0.00210439
3077	0.00200413
3078	0.00208453
3079	0.002237
3080	0.00209171
3081	0.00233724
3082	0.00236936
3083	0.00252154
3084	0.00242438
3085	0.00266949
3086	0.00265345
3087	0.00251136
3088	0.00243236
3089	0.00235342
3090	0.00228956
3091	0.00251922
3092	0.00259308
3093	0.0027447
3094	0.0026059
3095	0.00252706
3096	0.00244826
3097	0.00269242
3098	0.00261362
3099	0.00253488
3100	0.00245618
3101	0.00270002
3102	0.00262132
3103	0.00264416
3104	0.00247305
3105	0.0027076
3106	0.0027751
3107	0.00292597
3108	0.00279371
3109	0.00303681
3110	0.0029582
3111	0.00287965
3112	0.00280115
3113	0.00304394
3114	0.00296543
3115	0.00288698
3116	0.00280858
3117	0.00273023
3118	0.00265192
3119	0.00257367
3120	0.00250572
3121	0.00276112
3122	0.00269606
3123	0.00263103
3124	0.00256605
3125	0.00252711
3126	0.0024362
3127	0.00238595
3128	0.00230653
3129	0.00243721
3130	0.0023349
3131	0.00236595
3132	0.00225284
3133	0.00244094
3134	0.00236313
3135	0.00241447
3136	0.00220766
3137	0.00213
3138	0.00217759
3139	0.00238073
3140	0.00226528
3141	0.00246826
3142	0.00237898
3143	0.00255568
3144	0.00244031
3145	0.00264299
3146	0.00252767
3147	0.00241242
3148	0.0024044
3149	0.00249065
3150	0.00257684
3151	0.00266298
3152	0.00243181
3153	0.00251794
3154	0.00235981
3155	0.00237308
3156	0.00245915
3157	0.00244784
3158	0.00245274
3159	0.00255197
3160	0.00233469
3161	0.00243575
3162	0.00253305
3163	0.00263214
3164	0.00251363
3165	0.00260957
3166	0.00268514
3167	0.00245505
3168	0.00222511
3169	0.00238858
3170	0.00241545
3171	0.0022819
3172	0.00229322
3173	0.00249051
3174	0.0024614
3175	0.00256884
3176	0.00240164
3177	0.00244564
3178	0.00255109
3179	0.00266621
3180	0.00264179
3181	0.00271866
3182	0.00253905
3183	0.00267372
3184	0.00249424
3185	0.00241986
3186	0.00252838
3187	0.00264321
3188	0.00246061
3189	0.00260393
3190	0.0026738
3191	0.00249453
3192	0.00231555
3193	0.00244987
3194	0.00236067
3195	0.00244544
3196	0.00232739
3197	0.00225115
3198	0.00218937
3199	0.00233609
3200	0.00217022
3201	0.00218859
3202	0.0023457
3203	0.00251916
3204	0.0023804
3205	0.00255374
3206	0.00242482
3207	0.00237427
3208	0.00227231
3209	0.00248203
3210	0.00240892
3211	0.00258966
3212	0.00248775
3213	0.00238591
3214	0.00228414
3215	0.00237895
3216	0.0022417
3217	0.0024154
3218	0.00236248
3219	0.00224663
3220	0.00231828
3221	0.00245216
3222	0.0025845
3223	0.00272735
3224	0.00256259
3225	0.00239793
3226	0.00254336
3227	0.0026887
3228	0.0027616
3229	0.00289429
3230	0.00271729
3231	0.00254041
3232	0.00236363
3233	0.00249628
3234	0.00239116
3235	0.0024522
3236	0.00258469
3237	0.00247118
3238	0.0025406
3239	0.00267294
3240	0.00249656
3241	0.00262884
3242	0.00276103
3243	0.00289314
3244	0.00271691
3245	0.00284896
3246	0.00267285
3247	0.00250965
3248	0.00242488
3249	0.00235879
3250	0.00231445
3251	0.00247848
3252	0.00239383
3253	0.00261663
3254	0.00253198
3255	0.00248502
3256	0.00236285
3257	0.00258539
3258	0.00269237
3259	0.00255685
3260	0.0024214
3261	0.00230706
3262	0.00226429
3263	0.0023451
3264	0.00218683
3265	0.00235799
3266	0.00252904
3267	0.00239393
3268	0.00245097
3269	0.00259447
3270	0.00273788
3271	0.0028812
3272	0.00271881
3273	0.00255652
3274	0.00269977
3275	0.00284293
3276	0.00268075
3277	0.00282383
3278	0.00266175
3279	0.00280475
3280	0.00264278
3281	0.00280941
3282	0.00297601
3283	0.00314251
3284	0.0030044
3285	0.00317079
3286	0.00303276
3287	0.00289481
3288	0.00275694
3289	0.0029232
3290	0.00278541
3291	0.00264771
3292	0.00251009
3293	0.00237255
3294	0.00224813
3295	0.00240121
3296	0.00226383
3297	0.00222072
3298	0.00229253
3299	0.00245843
3300	0.00245431
3301	0.00259642
3302	0.00243559
3303	0.00257761
3304	0.00244649
3305	0.00262662
3306	0.00250417
3307	0.00238178
3308	0.00225948
3309	0.00243945
3310	0.00236093
3311	0.00250263
3312	0.00237484
3313	0.00255456
3314	0.00243243
3315	0.00261202
3316	0.00248994
3317	0.00236793
3318	0.00228663
3319	0.00242802
3320	0.00230355
3321	0.00230374
3322	0.00224961
3323	0.00239084
3324	0.00223114
3325	0.00237229
3326	0.00251335
3327	0.00235376
3328	0.00219426
3329	0.00213088
3330	0.00217585
3331	0.00231676
3332	0.00245758
3333	0.00259832
3334	0.00243904
3335	0.00227985
3336	0.00212076
3337	0.0022744
3338	0.00240202
3339	0.00246074
3340	0.00230839
3341	0.00245545
3342	0.00236509
3343	0.00250543
3344	0.00234665
3345	0.00248692
3346	0.00259169
3347	0.0027384
3348	0.00260854
3349	0.00244997
3350	0.00259
3351	0.00272994
3352	0.00257147
3353	0.00271134
3354	0.00285112
3355	0.00299082
3356	0.00283247
3357	0.00297209
3358	0.00311163
3359	0.00295338
3360	0.00279522
3361	0.00293469
3362	0.00307407
3363	0.00291602
3364	0.00305533
3365	0.00289737
3366	0.0030366
3367	0.00317575
3368	0.0030179
3369	0.00286015
3370	0.00299923
3371	0.00313822
3372	0.00298057
3373	0.00311949
3374	0.00296194
3375	0.00310077
3376	0.00294332
3377	0.00308209
3378	0.00322077
3379	0.00335937
3380	0.00320202
3381	0.00334055
3382	0.0031833
3383	0.00302615
3384	0.0028691
3385	0.00300755
3386	0.00285059
3387	0.00298897
3388	0.00283211
3389	0.00267535
3390	0.00281366
3391	0.00295188
3392	0.00279522
3393	0.00293337
3394	0.0027768
3395	0.00262033
3396	0.00275841
3397	0.00260203
3398	0.00274004
3399	0.00287796
3400	0.00272169
3401	0.00285954
3402	0.00299731
3403	0.00313499
3404	0.00297883
3405	0.00311644
3406	0.00296037
3407	0.00280439
3408	0.00264851
3409	0.00249271
3410	0.00263026
3411	0.00276773
3412	0.00261204
3413	0.00274944
3414	0.00259384
3415	0.00276675
3416	0.00264837
3417	0.00282271
3418	0.00289905
3419	0.00278045
3420	0.00266192
3421	0.00283576
3422	0.00281348
3423	0.00295042
3424	0.00279522
3425	0.00265423
3426	0.00282783
3427	0.00300133
3428	0.00288301
3429	0.00305638
3430	0.0030321
3431	0.00287719
3432	0.00272238
3433	0.00287502
3434	0.00275694
3435	0.00293005
3436	0.00281203
3437	0.00269407
3438	0.00266797
3439	0.00280431
3440	0.00264987
3441	0.00280416
3442	0.00268638
3443	0.00256867
3444	0.00245102
3445	0.00262372
3446	0.00259571
3447	0.00273176
3448	0.0025777
3449	0.0024437
3450	0.00255971
3451	0.00269561
3452	0.00254174
3453	0.00267757
3454	0.00252379
3455	0.00237011
3456	0.00221652
3457	0.00237417
3458	0.00225706
3459	0.00214001
3460	0.00218106
3461	0.00231667
3462	0.00245221
3463	0.00258767
3464	0.00243436
3465	0.00228115
3466	0.00241654
3467	0.00255185
3468	0.00239874
3469	0.00253398
3470	0.00238095
3471	0.00222802
3472	0.00208686
3473	0.00223607
3474	0.00240739
3475	0.00257861
3476	0.00246205
3477	0.00263316
3478	0.00261897
3479	0.00251218
3480	0.00237581
3481	0.0025268
3482	0.00239322
3483	0.00255219
3484	0.00242405
3485	0.00229598
3486	0.00223942
3487	0.00237401
3488	0.00222182
3489	0.00209925
3490	0.00226982
3491	0.00244029
3492	0.00247305
3493	0.00260734
3494	0.00245535
3495	0.00258957
3496	0.00243767
3497	0.00260322
3498	0.00277326
3499	0.0026574
3500	0.00254162
3501	0.00242589
3502	0.00238474
3503	0.00251867
3504	0.00236714
3505	0.00253428
3506	0.00241872
3507	0.00243014
3508	0.00229488
3509	0.00223351
3510	0.00227995
3511	0.00232636
3512	0.00208801
3513	0.00220704
3514	0.00227943
3515	0.00241293
3516	0.00226194
3517	0.00239538
3518	0.00225718
3519	0.00209367
3520	0.00194421
3521	0.00211333
3522	0.00228235
3523	0.00245127
3524	0.00233633
3525	0.00250514
3526	0.00250373
3527	0.00237781
3528	0.00225196
3529	0.00240954
3530	0.00228375
3531	0.00240192
3532	0.00229408
3533	0.00246934
3534	0.00236154
3535	0.00225379
3536	0.00214611
3537	0.00232121
3538	0.00222635
3539	0.00238856
3540	0.00228096
3541	0.00245583
3542	0.00234827
3543	0.00232866
3544	0.00217451
3545	0.00211887
3546	0.00206327
3547	0.00209333
3548	0.00200438
3549	0.00216061
3550	0.00205338
3551	0.0020013
3552	0.0018391
3553	0.0020135
3554	0.00192864
3555	0.00208072
3556	0.00206775
3557	0.00186672
3558	0.00192564
3559	0.00203836
3560	0.00191373
3561	0.00200109
3562	0.001955
3563	0.0021016
3564	0.0019771
3565	0.00213516
3566	0.00211168
3567	0.00198899
3568	0.00181511
3569	0.00198874
3570	0.00194446
3571	0.00205567
3572	0.00205515
3573	0.00212434
3574	0.00201602
3575	0.00201077
3576	0.00188671
3577	0.00204228
3578	0.00195826
3579	0.00180147
3580	0.00170274
3581	0.00183069
3582	0.00172451
3583	0.00185752
3584	0.00173378
3585	0.00188905
3586	0.00204423
3587	0.00219933
3588	0.00208103
3589	0.00224691
3590	0.00213413
3591	0.00202143
3592	0.00190878
3593	0.00207452
3594	0.00201346
3595	0.00212755
3596	0.002015
3597	0.00205464
3598	0.00210138
3599	0.00215146
3600	0.00193474
3601	0.00212458
3602	0.00217388
3603	0.00218681
3604	0.00217891
3605	0.00223987
3606	0.00230079
3607	0.00236168
3608	0.00214538
3609	0.00211477
3610	0.00217502
3611	0.00223524
3612	0.00219941
3613	0.00224593
3614	0.00229241
3615	0.00233888
3616	0.00210876
3617	0.00215525
3618	0.00220171
3619	0.00227298
3620	0.00232148
3621	0.00210596
3622	0.00216665
3623	0.00222731
3624	0.00208301
3625	0.00207267
3626	0.0021333
3627	0.00226743
3628	0.00214508
3629	0.00229835
3630	0.00220628
3631	0.00225256
3632	0.00202348
3633	0.00207921
3634	0.00213806
3635	0.00219688
3636	0.00225567
3637	0.00231443
3638	0.00209827
3639	0.00215704
3640	0.00194105
3641	0.00204277
3642	0.00209003
3643	0.00211729
3644	0.00202862
3645	0.00207477
3646	0.0021209
3647	0.002167
3648	0.00193895
3649	0.00205761
3650	0.00205208
3651	0.00190365
3652	0.00184948
3653	0.00189558
3654	0.00199783
3655	0.00215005
3656	0.00202867
3657	0.00197141
3658	0.0020715
3659	0.00221152
3660	0.00209025
3661	0.0022422
3662	0.00214139
3663	0.00222208
3664	0.00210085
3665	0.0021346
3666	0.00226478
3667	0.00239488
3668	0.00225228
3669	0.00238232
3670	0.00245796
3671	0.00230988
3672	0.00216189
3673	0.00228622
3674	0.0024105
3675	0.0025347
3676	0.0023868
3677	0.00229365
3678	0.00213489
3679	0.00224804
3680	0.00208938
3681	0.00193081
3682	0.00204428
3683	0.00218563
3684	0.00210596
3685	0.0022977
3686	0.00221804
3687	0.00220596
3688	0.00208491
3689	0.0022504
3690	0.00238501
3691	0.00234538
3692	0.00219818
3693	0.00232183
3694	0.00217471
3695	0.00232193
3696	0.00220111
3697	0.00235085
3698	0.00223009
3699	0.00226195
3700	0.00211736
3701	0.00213672
3702	0.00204862
3703	0.00203495
3704	0.00187572
3705	0.00205453
3706	0.00209718
3707	0.0022252
3708	0.0021048
3709	0.00225407
3710	0.00213373
3711	0.00201345
3712	0.00189323
3713	0.00204241
3714	0.00192225
3715	0.00203664
3716	0.00196027
3717	0.00210059
3718	0.0021101
3719	0.00218495
3720	0.00206197
3721	0.00222827
3722	0.00214059
3723	0.00229201
3724	0.00219756
3725	0.00235568
3726	0.00228591
3727	0.00215097
3728	0.0020487
3729	0.00221465
3730	0.00211242
3731	0.00227826
3732	0.00217607
3733	0.0023418
3734	0.00223964
3735	0.00240528
3736	0.00230316
3737	0.00246868
3738	0.0023666
3739	0.00253202
3740	0.00242998
3741	0.00259529
3742	0.00249328
3743	0.00239133
3744	0.00228943
3745	0.00245461
3746	0.00235275
3747	0.00251782
3748	0.00241599
3749	0.00258096
3750	0.00247917
3751	0.00264404
3752	0.00254229
3753	0.00270704
3754	0.00260533
3755	0.00276999
3756	0.00266831
3757	0.00256669
3758	0.00246512
3759	0.00236361
3760	0.00226215
3761	0.00242663
3762	0.00232521
3763	0.00222385
3764	0.00212253
3765	0.00228688
3766	0.0021856
3767	0.0022183
3768	0.00199659
3769	0.00214741
3770	0.00208402
3771	0.00221039
3772	0.00217136
3773	0.00227329
3774	0.00217223
3775	0.00207123
3776	0.00197027
3777	0.00213414
3778	0.00203322
3779	0.00219698
3780	0.0020961
3781	0.00225976
3782	0.00215892
3783	0.00232247
3784	0.00222167
3785	0.00238512
3786	0.00228435
3787	0.00218364
3788	0.00208297
3789	0.00224629
3790	0.00214566
3791	0.00204509
3792	0.00194457
3793	0.00210775
3794	0.00200727
3795	0.00217035
3796	0.0020699
3797	0.00199284
3798	0.00200457
3799	0.00206716
3800	0.00195231
3801	0.00200444
3802	0.0020433
3803	0.0021292
3804	0.00195217
3805	0.00203805
3806	0.00199324
3807	0.00205111
3808	0.00186162
3809	0.00193477
3810	0.00200788
3811	0.00210887
3812	0.0019873
3813	0.00205045
3814	0.0020986
3815	0.00219454
3816	0.00202838
3817	0.0018623
3818	0.00195823
3819	0.00205411
3820	0.00195406
3821	0.00203305
3822	0.00187406
3823	0.00201895
3824	0.00190225
3825	0.00204705
3826	0.00219178
3827	0.00233643
3828	0.00221977
3829	0.00236434
3830	0.00224774
3831	0.0021312
3832	0.00201471
3833	0.00215919
3834	0.00204276
3835	0.00198088
3836	0.00189503
3837	0.00190602
3838	0.00180674
3839	0.00182533
3840	0.00162224
3841	0.00176957
3842	0.00190659
3843	0.00183155
3844	0.00186955
3845	0.00194201
3846	0.00201443
3847	0.00208682
3848	0.00189929
3849	0.00201713
3850	0.00204401
3851	0.00213821
3852	0.00204896
3853	0.00214053
3854	0.00216307
3855	0.00222008
3856	0.00201772
3857	0.00215857
3858	0.00231354
3859	0.00246843
3860	0.00236417
3861	0.00251897
3862	0.00241475
3863	0.00231059
3864	0.00220648
3865	0.00236116
3866	0.00225709
3867	0.00215307
3868	0.00204911
3869	0.00211463
3870	0.00203809
3871	0.0020949
3872	0.00191508
3873	0.0019791
3874	0.00200701
3875	0.00214888
3876	0.00212049
3877	0.00221857
3878	0.00212446
3879	0.00216301
3880	0.00206474
3881	0.00222419
3882	0.00212595
3883	0.00204986
3884	0.0019441
3885	0.0020958
3886	0.00199086
3887	0.00205142
3888	0.00195759
3889	0.00212094
3890	0.00202715
3891	0.0021904
3892	0.00209663
3893	0.00202221
3894	0.00191673
3895	0.00207236
3896	0.00197871
3897	0.00188512
3898	0.00182199
3899	0.00195455
3900	0.00186104
3901	0.00202392
3902	0.00200516
3903	0.0019183
3904	0.00174361
3905	0.00178435
3906	0.00190059
3907	0.00202758
3908	0.00191103
3909	0.00208247
3910	0.00199807
3911	0.00202353
3912	0.0018947
3913	0.0020215
3914	0.00196218
3915	0.00208757
3916	0.00200329
3917	0.00205854
3918	0.0019537
3919	0.0020059
3920	0.00192173
3921	0.00209265
3922	0.0020085
3923	0.00194073
3924	0.00184034
3925	0.0020111
3926	0.00200768
3927	0.00213065
3928	0.00201369
3929	0.00202356
3930	0.00199031
3931	0.00211316
3932	0.00198163
3933	0.00211118
3934	0.00201887
3935	0.00194047
3936	0.00186596
3937	0.00204549
3938	0.001971
3939	0.00198841
3940	0.0018939
3941	0.00203215
3942	0.00192717
3943	0.00207585
3944	0.0019709
3945	0.0021195
3946	0.0020146
3947	0.00216311
3948	0.00205825
3949	0.00220667
3950	0.00210185
3951	0.00201837
3952	0.00194414
3953	0.00186995
3954	0.00179998
3955	0.00197453
3956	0.00190039
3957	0.002079
3958	0.00200487
3959	0.00193078
3960	0.00185673
3961	0.00203517
3962	0.00199659
3963	0.00189494
3964	0.00181315
3965	0.00179697
3966	0.00169268
3967	0.00174094
3968	0.00163949
3969	0.00163207
3970	0.00168862
3971	0.00183908
3972	0.00173771
3973	0.00188808
3974	0.00178674
3975	0.00193703
3976	0.00183573
3977	0.00198592
3978	0.00188877
3979	0.00184958
3980	0.00180287
3981	0.00189295
3982	0.00188401
3983	0.00192545
3984	0.00174125
3985	0.00181131
3986	0.00179518
3987	0.0018357
3988	0.0018762
3989	0.00191668
3990	0.00195889
3991	0.00201239
3992	0.00181537
3993	0.00190182
3994	0.00192237
3995	0.00197583
3996	0.00194924
3997	0.00198963
3998	0.0020386
3999	0.00184358
4000	0.0016778
4001	0.00185161
4002	0.00179953
4003	0.00186753
4004	0.00186894
4005	0.00192394
4006	0.00197891
4007	0.00203386
4008	0.00188033
4009	0.00199671
4010	0.00194916
4011	0.00204529
4012	0.00205893
4013	0.00211377
4014	0.00197949
4015	0.00197431
4016	0.00178013
4017	0.0019194
4018	0.00188982
4019	0.0019745
4020	0.00185939
4021	0.00200521
4022	0.0020037
4023	0.00197307
4024	0.00177658
4025	0.00184261
4026	0.00188065
4027	0.00193264
4028	0.00178257
4029	0.00167991
4030	0.0015922
4031	0.00164421
4032	0.00145707
4033	0.00162667
4034	0.00156184
4035	0.00174325
4036	0.0016776
4037	0.00170806
4038	0.00175996
4039	0.00181183
4040	0.00169438
4041	0.00173928
4042	0.00178416
4043	0.00186178
4044	0.00170496
4045	0.00184333
4046	0.00185959
4047	0.00186004
4048	0.00169029
4049	0.00177686
4050	0.0018634
4051	0.00194989
4052	0.00180403
4053	0.00187601
4054	0.00173758
4055	0.00180821
4056	0.00164488
4057	0.00178552
4058	0.00182216
4059	0.00166437
4060	0.00158972
4061	0.00160755
4062	0.00151312
4063	0.00156628
4064	0.00142262
4065	0.00152504
4066	0.00162741
4067	0.00172973
4068	0.00166436
4069	0.00175612
4070	0.00184785
4071	0.00169388
4072	0.00154932
4073	0.00172948
4074	0.0016641
4075	0.0016398
4076	0.00156117
4077	0.00164404
4078	0.00154997
4079	0.00145595
4080	0.00136501
4081	0.00154392
4082	0.00149558
4083	0.00157352
4084	0.0014934
4085	0.00165812
4086	0.00163215
4087	0.00171071
4088	0.00154462
4089	0.00138102
4090	0.00147239
4091	0.00156371
4092	0.0014106
4093	0.0015019
4094	0.00137561
4095	0.00144015
4096	0.00132918