0	0.5497630766761021	0.5746063798568657	0.4444444444444444	0.5555555555555556	0.1111111111111111	0.	0.	0.1111111111111111
1	0.09190870387859121	0.2843395151462937	0.	0.2222222222222222	0.1111111111111111	0.	0.	0.1111111111111111
2	0.8153103788650338	0.9426560280174892	0.7777777777777778	0.8888888888888888	0.1111111111111111	0.	0.	0.1111111111111111
3	0.12620751970606278	0.5443407864437099	0.1111111111111111	0.4444444444444444	0.1111111111111111	0.	0.	0.1111111111111111
4	0.9715371059445095	0.17472020174957759	0.8888888888888888	0.1111111111111111	0.1111111111111111	0.	0.	0.1111111111111111
5	0.590251107412821	0.8100154119623755	0.5555555555555556	0.7777777777777778	0.1111111111111111	0.	0.	0.1111111111111111
6	0.6799367796643989	0.3396811786413633	0.6666666666666666	0.3333333333333333	0.1111111111111111	0.	0.	0.1111111111111111
7	0.3483989278636216	0.02828662993092242	0.3333333333333333	0.	0.1111111111111111	0.	0.	0.1111111111111111
8	0.31579937769717004	0.7331763128993074	0.2222222222222222	0.6666666666666666	0.1111111111111111	0.	0.	0.1111111111111111
9	0.23768282339519387	0.39786470525741	0.2222222222222222	0.3333333333333333	0.1111111111111111	0.	0.	0.1111111111111111
10	0.70444541374441	0.04062438301587434	0.6666666666666666	0.	0.1111111111111111	0.	0.	0.1111111111111111
11	0.40090463654681235	0.7730993924450564	0.3333333333333333	0.6666666666666666	0.1111111111111111	0.	0.	0.1111111111111111
12	0.8719002821419355	0.6253713803969723	0.7777777777777778	0.5555555555555556	0.1111111111111111	0.	0.	0.1111111111111111
13	0.46372103464047815	0.3211992839817686	0.4444444444444444	0.2222222222222222	0.1111111111111111	0.	0.	0.1111111111111111
14	0.02601119099132966	0.9788682239776947	0.	0.8888888888888888	0.1111111111111111	0.	0.	0.1111111111111111
15	0.6267030377253314	0.46078165731704496	0.5555555555555556	0.4444444444444444	0.1111111111111111	0.	0.	0.1111111111111111
16	0.14857855302192507	0.21035082289276308	0.1111111111111111	0.1111111111111111	0.1111111111111111	0.	0.	0.1111111111111111
17	0.8981342173326993	0.8499295873154847	0.8888888888888888	0.7777777777777778	0.1111111111111111	0.	0.	0.1111111111111111
18	0.9506680152203653	0.5056783371791849	0.8888888888888888	0.4444444444444444	0.1111111111111111	0.	0.	0.1111111111111111
19	0.6452290300354593	0.1128426104829302	0.5555555555555556	0.1111111111111111	0.1111111111111111	0.	0.	0.1111111111111111
20	0.2115062875090567	0.8702894810845517	0.1111111111111111	0.7777777777777778	0.1111111111111111	0.	0.	0.1111111111111111
21	0.4250419729349936	0.408106541830316	0.3333333333333333	0.3333333333333333	0.1111111111111111	0.	0.	0.1111111111111111
22	0.2883386746572749	0.1052010416516717	0.2222222222222222	0.	0.1111111111111111	0.	0.	0.1111111111111111
23	0.7426058382782125	0.6974774515173701	0.6666666666666666	0.6666666666666666	0.1111111111111111	0.	0.	0.1111111111111111
24	0.04673321325897489	0.651182716186529	0.	0.5555555555555556	0.1111111111111111	0.	0.	0.1111111111111111
25	0.8132605784822081	0.2393775616756294	0.7777777777777778	0.2222222222222222	0.1111111111111111	0.	0.	0.1111111111111111
26	0.49511467629168154	0.8952198051318515	0.4444444444444444	0.8888888888888888	0.1111111111111111	0.	0.	0.1111111111111111
27	0.4801780983417908	0.39049907519647636	0.4444444444444444	0.3333333333333333	0.1111111111111111	0.	0.	0.1111111111111111
28	0.008795766090729393	0.07194367564798566	0.	0.	0.1111111111111111	0.	0.	0.1111111111111111
29	0.8826819120555082	0.7608842408607529	0.7777777777777778	0.6666666666666666	0.1111111111111111	0.	0.	0.1111111111111111
30	0.1712178022331355	0.6159626799362866	0.1111111111111111	0.5555555555555556	0.1111111111111111	0.	0.	0.1111111111111111
31	0.9091691869709039	0.3206134631322162	0.8888888888888888	0.2222222222222222	0.1111111111111111	0.	0.	0.1111111111111111
32	0.5927640875665372	0.9716164512576067	0.5555555555555556	0.8888888888888888	0.1111111111111111	0.	0.	0.1111111111111111
33	0.7231304812757765	0.4519788007391627	0.6666666666666666	0.4444444444444444	0.1111111111111111	0.	0.	0.1111111111111111
34	0.3819844945440318	0.2093856063456675	0.3333333333333333	0.1111111111111111	0.1111111111111111	0.	0.	0.1111111111111111
35	0.25490878551168555	0.8342580585612756	0.2222222222222222	0.7777777777777778	0.1111111111111111	0.	0.	0.1111111111111111
36	0.2673586992452534	0.4820092456872271	0.2222222222222222	0.4444444444444444	0.1111111111111111	0.	0.	0.1111111111111111
37	0.7589130974777468	0.1390303632943206	0.6666666666666666	0.1111111111111111	0.1111111111111111	0.	0.	0.1111111111111111
38	0.4377510891015369	0.8581120869251014	0.3333333333333333	0.7777777777777778	0.1111111111111111	0.	0.	0.1111111111111111
39	0.7864779552224457	0.43509030141493965	0.7777777777777778	0.3333333333333333	0.1111111111111111	0.	0.	0.1111111111111111
40	0.5145571456857048	0.09117830110425575	0.4444444444444444	0.	0.1111111111111111	0.	0.	0.1111111111111111
41	0.06126809760268857	0.6792295506773434	0.	0.6666666666666666	0.1111111111111111	0.	0.	0.1111111111111111
42	0.6551592689082928	0.6309473038737503	0.5555555555555556	0.5555555555555556	0.1111111111111111	0.	0.	0.1111111111111111
43	0.1958565464512642	0.229127732064785	0.1111111111111111	0.2222222222222222	0.1111111111111111	0.	0.	0.1111111111111111
44	0.9378298480577606	0.9179178285534608	0.8888888888888888	0.8888888888888888	0.1111111111111111	0.	0.	0.1111111111111111
45	0.9815726490053205	0.5613520739735579	0.8888888888888888	0.5555555555555556	0.1111111111111111	0.	0.	0.1111111111111111
46	0.5672684630092791	0.28225389063853384	0.5555555555555556	0.2222222222222222	0.1111111111111111	0.	0.	0.1111111111111111
47	0.1468741138262308	0.9291483626205427	0.1111111111111111	0.8888888888888888	0.1111111111111111	0.	0.	0.1111111111111111
48	0.3587783229847024	0.5334861738129015	0.3333333333333333	0.4444444444444444	0.1111111111111111	0.	0.	0.1111111111111111
49	0.32892230780632076	0.1701460881349171	0.2222222222222222	0.1111111111111111	0.1111111111111111	0.	0.	0.1111111111111111
50	0.700867458079465	0.7974024514399564	0.6666666666666666	0.7777777777777778	0.1111111111111111	0.	0.	0.1111111111111111
51	0.1025575203036478	0.36975981584357204	0.	0.3333333333333333	0.1111111111111111	0.	0.	0.1111111111111111
52	0.8369695026635516	0.014426123102298459	0.7777777777777778	0.	0.1111111111111111	0.	0.	0.1111111111111111
53	0.5260742383365963	0.7197595702447908	0.4444444444444444	0.6666666666666666	0.1111111111111111	0.	0.	0.1111111111111111
54	0.4926801870822067	0.5123771396612945	0.4444444444444444	0.4444444444444444	0.1111111111111111	0.	0.	0.1111111111111111
55	0.06519085175866025	0.125342915631565	0.	0.1111111111111111	0.1111111111111111	0.	0.	0.1111111111111111