1	0	0.0782453	0.0367459	0	0	0.111111	0	0	0.037037	0.	0.	0.037037037037037035	0.	0.	0.037037037037037035	0	0	0	0	0	0	0	0	0	0	0	0
1	0	0.0491504	0.00549129	0	0	0.111111	0	0	0.037037	0.037037037037037035	0.037037037037037035	0.	-0.037037037037037035	0.037037037037037035	0.	0	0	1	0	0	0	0	0	0	0	0	1
1	0	0.111106	0.0593934	0.111111	0.037037	0	0.037037	-0.111111	0	0.1111111111111111	0.037037037037037035	0.	0.037037037037037035	-0.037037037037037035	0.	0	0	2	0	0	1	0	0	0	0	1	0
1	0	0.0319607	0.0943175	0	0.0740741	0.111111	0	0	0.037037	0.	0.07407407407407407	0.037037037037037035	0.	0.	0.037037037037037035	0	0	0	0	0	2	0	0	0	0	2	0
1	0	0.132812	0.106855	0.111111	0.111111	0	-0.111111	0.037037	0	0.1111111111111111	0.1111111111111111	0.	-0.037037037037037035	0.037037037037037035	0.	0	1	0	0	0	2	0	0	0	1	0	0
1	0	0.169839	0.0242605	0.148148	0	0.037037	0	0	0.111111	0.14814814814814814	0.	0.037037037037037035	0.	0.	0.037037037037037035	0	1	1	0	0	0	0	0	0	1	1	0
1	0	0.197142	0.0693323	0.185185	0.111111	0	-0.111111	0.037037	0	0.18518518518518517	0.1111111111111111	0.	-0.037037037037037035	0.037037037037037035	0.	0	1	2	0	0	2	0	0	0	1	2	0
1	0	0.278704	0.0132637	0.222222	0	0.111111	0	0	0.037037	0.2222222222222222	0.	0.037037037037037035	0.	0.	0.037037037037037035	0	2	0	0	0	0	0	0	0	2	0	0
1	0	0.311122	0.049819	0.333333	0.037037	0	0.037037	-0.111111	0	0.3333333333333333	0.037037037037037035	0.	0.037037037037037035	-0.037037037037037035	0.	0	2	2	0	0	1	0	0	0	2	1	0
1	0	0.241088	0.0757363	0.222222	0.0740741	0.111111	0	0	0.037037	0.2222222222222222	0.07407407407407407	0.037037037037037035	0.	0.	0.037037037037037035	0	2	0	0	0	2	0	0	0	2	2	0
1	0	0.296338	0.154315	0.333333	0.111111	0	0.111111	-0.037037	0	0.3333333333333333	0.1111111111111111	0.	0.037037037037037035	-0.037037037037037035	0.	0	2	2	0	1	0	0	0	1	0	0	0
1	0	0.325048	0.182731	0.333333	0.111111	0	0.111111	-0.037037	0	0.2962962962962963	0.14814814814814814	0.037037037037037035	0.	0.	0.037037037037037035	0	2	2	0	1	1	0	0	1	0	0	1
1	0	0.26389	0.190584	0.296296	0.222222	-0.037037	0	0	-0.111111	0.2962962962962963	0.2222222222222222	-0.037037037037037035	0.	0.	-0.037037037037037035	0	2	1	0	1	2	0	0	1	0	1	0
1	0	0.255163	0.124819	0.259259	0.111111	0	0.111111	-0.037037	0	0.25925925925925924	0.1111111111111111	0.	0.037037037037037035	-0.037037037037037035	0.	0	2	0	0	1	0	0	0	1	0	2	0
1	0	0.205158	0.208023	0.222222	0.222222	-0.111111	0	0	-0.037037	0.2222222222222222	0.2222222222222222	-0.037037037037037035	0.	0.	-0.037037037037037035	0	1	2	0	1	2	0	0	1	1	0	0
1	0	0.159291	0.173821	0.111111	0.185185	0	-0.037037	0.111111	0	0.1111111111111111	0.18518518518518517	0.	-0.037037037037037035	0.037037037037037035	0.	0	1	0	0	1	1	0	0	1	1	1	0
1	0	0.214951	0.116475	0.222222	0.148148	-0.111111	0	0	-0.037037	0.2222222222222222	0.14814814814814814	-0.037037037037037035	0.	0.	-0.037037037037037035	0	1	2	0	1	0	0	0	1	1	2	0
1	0	0.0918784	0.144881	0.111111	0.111111	0	0.111111	-0.037037	0	0.1111111111111111	0.1111111111111111	0.	0.037037037037037035	-0.037037037037037035	0.	0	0	2	0	1	0	0	0	1	2	0	0
1	0	0.0647613	0.197106	0.0740741	0.222222	-0.037037	0	0	-0.111111	0.07407407407407407	0.2222222222222222	-0.037037037037037035	0.	0.	-0.037037037037037035	0	0	1	0	1	2	0	0	1	2	1	0
1	0	0.0108827	0.137041	0.037037	0.111111	0	0.111111	-0.037037	0	0.037037037037037035	0.1111111111111111	0.	0.037037037037037035	-0.037037037037037035	0.	0	0	0	0	1	0	0	0	1	2	2	0
1	0	0.00305412	0.258338	0	0.222222	0.111111	0	0	0.037037	0.	0.2222222222222222	0.037037037037037035	0.	0.	0.037037037037037035	0	0	0	0	2	0	0	0	2	0	0	0
1	0	0.0579275	0.235453	0	0.222222	0.111111	0	0	0.037037	0.037037037037037035	0.25925925925925924	0.	-0.037037037037037035	0.037037037037037035	0.	0	0	1	0	2	0	0	0	2	0	0	1
1	0	0.106939	0.271817	0.111111	0.259259	0	0.037037	-0.111111	0	0.1111111111111111	0.25925925925925924	0.	0.037037037037037035	-0.037037037037037035	0.	0	0	2	0	2	1	0	0	2	0	1	0
1	0	0.0258323	0.299604	0	0.296296	0.111111	0	0	0.037037	0.	0.2962962962962963	0.037037037037037035	0.	0.	0.037037037037037035	0	0	0	0	2	2	0	0	2	0	2	0
1	0	0.138055	0.316428	0.111111	0.333333	0	-0.111111	0.037037	0	0.1111111111111111	0.3333333333333333	0.	-0.037037037037037035	0.037037037037037035	0.	0	1	0	0	2	2	0	0	2	1	0	0
1	0	0.149381	0.227394	0.148148	0.222222	0.037037	0	0	0.111111	0.14814814814814814	0.2222222222222222	0.037037037037037035	0.	0.	0.037037037037037035	0	1	1	0	2	0	0	0	2	1	1	0
1	0	0.190513	0.33283	0.185185	0.333333	0	-0.111111	0.037037	0	0.18518518518518517	0.3333333333333333	0.	-0.037037037037037035	0.037037037037037035	0.	0	1	2	0	2	2	0	0	2	1	2	0
1	0	0.247736	0.25028	0.222222	0.222222	0.111111	0	0	0.037037	0.2222222222222222	0.2222222222222222	0.037037037037037035	0.	0.	0.037037037037037035	0	2	0	0	2	0	0	0	2	2	0	0
1	0	0.304538	0.265351	0.333333	0.259259	0	0.037037	-0.111111	0	0.3333333333333333	0.25925925925925924	0.	0.037037037037037035	-0.037037037037037035	0.	0	2	2	0	2	1	0	0	2	2	1	0
1	0	0.235936	0.306081	0.222222	0.296296	0.111111	0	0	0.037037	0.2222222222222222	0.2962962962962963	0.037037037037037035	0.	0.	0.037037037037037035	0	2	0	0	2	2	0	0	2	2	2	0
1	0	0.37034	0.284491	0.333333	0.333333	0	-0.111111	0.037037	0	0.3333333333333333	0.3333333333333333	0.	-0.037037037037037035	0.037037037037037035	0.	1	0	0	0	2	2	0	1	0	0	0	0
1	0	0.343687	0.27908	0.333333	0.333333	0	-0.111111	0.037037	0	0.37037037037037035	0.2962962962962963	-0.037037037037037035	0.	0.	-0.037037037037037035	1	0	0	0	2	1	0	1	0	0	0	1
1	0	0.39083	0.240508	0.37037	0.222222	0.037037	0	0	0.111111	0.37037037037037035	0.2222222222222222	0.037037037037037035	0.	0.	0.037037037037037035	1	0	1	0	2	0	0	1	0	0	1	0
1	0	0.412954	0.320855	0.407407	0.333333	0	-0.111111	0.037037	0	0.4074074074074074	0.3333333333333333	0.	-0.037037037037037035	0.037037037037037035	0.	1	0	2	0	2	2	0	1	0	0	2	0
1	0	0.429469	0.21241	0.444444	0.222222	-0.111111	0	0	-0.037037	0.4444444444444444	0.2222222222222222	-0.037037037037037035	0.	0.	-0.037037037037037035	1	0	2	0	1	2	0	1	0	1	0	0
1	0	0.338596	0.161876	0.333333	0.185185	0	-0.037037	0.111111	0	0.3333333333333333	0.18518518518518517	0.	-0.037037037037037035	0.037037037037037035	0.	1	0	0	0	1	1	0	1	0	1	1	0
1	0	0.401903	0.148082	0.444444	0.148148	-0.111111	0	0	-0.037037	0.4444444444444444	0.14814814814814814	-0.037037037037037035	0.	0.	-0.037037037037037035	1	0	2	0	1	0	0	1	0	1	2	0
1	0	0.358531	0.100101	0.333333	0.111111	0	-0.111111	0.037037	0	0.3333333333333333	0.1111111111111111	0.	-0.037037037037037035	0.037037037037037035	0.	1	0	0	0	0	2	0	1	0	2	0	0
1	0	0.382238	0.0423741	0.37037	0	0.037037	0	0	0.111111	0.37037037037037035	0.	0.037037037037037035	0.	0.	0.037037037037037035	1	0	1	0	0	0	0	1	0	2	1	0
1	0	0.438447	0.0900352	0.407407	0.111111	0	-0.111111	0.037037	0	0.4074074074074074	0.1111111111111111	0.	-0.037037037037037035	0.037037037037037035	0.	1	0	2	0	0	2	0	1	0	2	2	0
1	0	0.449502	0.0181464	0.444444	0	0.111111	0	0	0.037037	0.4444444444444444	0.	0.037037037037037035	0.	0.	0.037037037037037035	1	1	0	0	0	0	0	1	1	0	0	0
1	0	0.516014	0.0326504	0.444444	0	0.111111	0	0	0.037037	0.48148148148148145	0.037037037037037035	0.	-0.037037037037037035	0.037037037037037035	0.	1	1	1	0	0	0	0	1	1	0	0	1
1	0	0.549509	0.065062	0.555556	0.037037	0	0.037037	-0.111111	0	0.5555555555555556	0.037037037037037035	0.	0.037037037037037035	-0.037037037037037035	0.	1	1	2	0	0	1	0	1	1	0	1	0
1	0	0.486386	0.0833463	0.444444	0.0740741	0.111111	0	0	0.037037	0.4444444444444444	0.07407407407407407	0.037037037037037035	0.	0.	0.037037037037037035	1	1	0	0	0	2	0	1	1	0	2	0
1	0	0.539688	0.12958	0.555556	0.111111	0	0.111111	-0.037037	0	0.5555555555555556	0.1111111111111111	0.	0.037037037037037035	-0.037037037037037035	0.	1	1	2	0	1	0	0	1	1	1	0	0
1	0	0.49592	0.201517	0.518519	0.222222	-0.037037	0	0	-0.111111	0.5185185185185185	0.2222222222222222	-0.037037037037037035	0.	0.	-0.037037037037037035	1	1	1	0	1	2	0	1	1	1	1	0
1	0	0.47789	0.166551	0.481481	0.111111	0	0.111111	-0.037037	0	0.48148148148148145	0.1111111111111111	0.	0.037037037037037035	-0.037037037037037035	0.	1	1	0	0	1	0	0	1	1	1	2	0
1	0	0.501825	0.223811	0.444444	0.222222	0.111111	0	0	0.037037	0.4444444444444444	0.2222222222222222	0.037037037037037035	0.	0.	0.037037037037037035	1	1	0	0	2	0	0	1	1	2	0	0
1	0	0.531955	0.288518	0.555556	0.259259	0	0.037037	-0.111111	0	0.5555555555555556	0.25925925925925924	0.	0.037037037037037035	-0.037037037037037035	0.	1	1	2	0	2	1	0	1	1	2	1	0
1	0	0.471475	0.325885	0.444444	0.296296	0.111111	0	0	0.037037	0.4444444444444444	0.2962962962962963	0.037037037037037035	0.	0.	0.037037037037037035	1	1	0	0	2	2	0	1	1	2	2	0
1	0	0.558608	0.311088	0.555556	0.333333	0	-0.111111	0.037037	0	0.5555555555555556	0.3333333333333333	0.	-0.037037037037037035	0.037037037037037035	0.	1	2	0	0	2	2	0	1	2	0	0	0
1	0	0.587912	0.292908	0.555556	0.333333	0	-0.111111	0.037037	0	0.5925925925925926	0.2962962962962963	-0.037037037037037035	0.	0.	-0.037037037037037035	1	2	0	0	2	1	0	1	2	0	0	1
1	0	0.593675	0.245916	0.592593	0.222222	0.037037	0	0	0.111111	0.5925925925925926	0.2222222222222222	0.037037037037037035	0.	0.	0.037037037037037035	1	2	1	0	2	0	0	1	2	0	1	0
1	0	0.652327	0.274944	0.62963	0.333333	0	-0.111111	0.037037	0	0.6296296296296297	0.3333333333333333	0.	-0.037037037037037035	0.037037037037037035	0.	1	2	2	0	2	2	0	1	2	0	2	0
1	0	0.640718	0.215954	0.666667	0.222222	-0.111111	0	0	-0.037037	0.6666666666666666	0.2222222222222222	-0.037037037037037035	0.	0.	-0.037037037037037035	1	2	2	0	1	2	0	1	2	1	0	0
1	0	0.582244	0.178035	0.555556	0.185185	0	-0.037037	0.111111	0	0.5555555555555556	0.18518518518518517	0.	-0.037037037037037035	0.037037037037037035	0.	1	2	0	0	1	1	0	1	2	1	1	0
1	0	0.65953	0.13401	0.666667	0.148148	-0.111111	0	0	-0.037037	0.6666666666666666	0.14814814814814814	-0.037037037037037035	0.	0.	-0.037037037037037035	1	2	2	0	1	0	0	1	2	1	2	0
1	0	0.572725	0.111091	0.555556	0.111111	0	-0.111111	0.037037	0	0.5555555555555556	0.1111111111111111	0.	-0.037037037037037035	0.037037037037037035	0.	1	2	0	0	0	2	0	1	2	2	0	0
1	0	0.611245	0.0286073	0.592593	0	0.037037	0	0	0.111111	0.5925925925925926	0.	0.037037037037037035	0.	0.	0.037037037037037035	1	2	1	0	0	0	0	1	2	2	1	0
1	0	0.629677	0.0564107	0.62963	0.111111	0	-0.111111	0.037037	0	0.6296296296296297	0.1111111111111111	0.	-0.037037037037037035	0.037037037037037035	0.	1	2	2	0	0	2	0	1	2	2	2	0
1	0	0.739355	0.00212628	0.666667	0	0.111111	0	0	0.037037	0.6666666666666666	0.	0.037037037037037035	0.	0.	0.037037037037037035	2	0	0	0	0	0	0	2	0	0	0	0
1	0	0.708347	0.0104567	0.666667	0	0.111111	0	0	0.037037	0.7037037037037037	0.037037037037037035	0.	-0.037037037037037035	0.037037037037037035	0.	2	0	1	0	0	0	0	2	0	0	0	1
1	0	0.765047	0.0460706	0.777778	0.037037	0	0.037037	-0.111111	0	0.7777777777777778	0.037037037037037035	0.	0.037037037037037035	-0.037037037037037035	0.	2	0	2	0	0	1	0	2	0	0	1	0
1	0	0.670113	0.0801244	0.666667	0.0740741	0.111111	0	0	0.037037	0.6666666666666666	0.07407407407407407	0.037037037037037035	0.	0.	0.037037037037037035	2	0	0	0	0	2	0	2	0	0	2	0
1	0	0.802062	0.0876574	0.777778	0.111111	0	-0.111111	0.037037	0	0.7777777777777778	0.1111111111111111	0.	-0.037037037037037035	0.037037037037037035	0.	2	1	0	0	0	2	0	2	0	1	0	0
1	0	0.8394	0.0530778	0.814815	0	0.037037	0	0	0.111111	0.8148148148148148	0.	0.037037037037037035	0.	0.	0.037037037037037035	2	1	1	0	0	0	0	2	0	1	1	0
1	0	0.880258	0.102932	0.851852	0.111111	0	-0.111111	0.037037	0	0.8518518518518519	0.1111111111111111	0.	-0.037037037037037035	0.037037037037037035	0.	2	1	2	0	0	2	0	2	0	1	2	0
1	0	0.908444	0.0215852	0.888889	0	0.111111	0	0	0.037037	0.8888888888888888	0.	0.037037037037037035	0.	0.	0.037037037037037035	2	2	0	0	0	0	0	2	0	2	0	0
1	0	0.996792	0.0392193	1	0.037037	0	0.037037	-0.111111	0	1.	0.037037037037037035	0.	0.037037037037037035	-0.037037037037037035	0.	2	2	2	0	0	1	0	2	0	2	1	0
1	0	0.917686	0.0742621	0.888889	0.0740741	0.111111	0	0	0.037037	0.8888888888888888	0.07407407407407407	0.037037037037037035	0.	0.	0.037037037037037035	2	2	0	0	0	2	0	2	0	2	2	0
1	0	0.970117	0.151398	1	0.111111	0	0.111111	-0.037037	0	1.	0.1111111111111111	0.	0.037037037037037035	-0.037037037037037035	0.	2	2	2	0	1	0	0	2	1	0	0	0
1	0	0.990414	0.126335	1	0.111111	0	0.111111	-0.037037	0	0.9629629629629629	0.14814814814814814	0.037037037037037035	0.	0.	0.037037037037037035	2	2	2	0	1	1	0	2	1	0	0	1
1	0	0.945855	0.113638	0.962963	0.222222	-0.037037	0	0	-0.111111	0.9629629629629629	0.2222222222222222	-0.037037037037037035	0.	0.	-0.037037037037037035	2	2	1	0	1	2	0	2	1	0	1	0
1	0	0.925219	0.204369	0.925926	0.111111	0	0.111111	-0.037037	0	0.9259259259259259	0.1111111111111111	0.	0.037037037037037035	-0.037037037037037035	0.	2	2	0	0	1	0	0	2	1	0	2	0
1	0	0.870079	0.193403	0.888889	0.222222	-0.111111	0	0	-0.037037	0.8888888888888888	0.2222222222222222	-0.037037037037037035	0.	0.	-0.037037037037037035	2	1	2	0	1	2	0	2	1	1	0	0
1	0	0.793892	0.170169	0.777778	0.185185	0	-0.037037	0.111111	0	0.7777777777777778	0.18518518518518517	0.	-0.037037037037037035	0.037037037037037035	0.	2	1	0	0	1	1	0	2	1	1	1	0
1	0	0.849896	0.140752	0.888889	0.148148	-0.111111	0	0	-0.037037	0.8888888888888888	0.14814814814814814	-0.037037037037037035	0.	0.	-0.037037037037037035	2	1	2	0	1	0	0	2	1	1	2	0
1	0	0.772959	0.157693	0.777778	0.111111	0	0.111111	-0.037037	0	0.7777777777777778	0.1111111111111111	0.	0.037037037037037035	-0.037037037037037035	0.	2	0	2	0	1	0	0	2	1	2	0	0
1	0	0.727219	0.18676	0.740741	0.222222	-0.037037	0	0	-0.111111	0.7407407407407407	0.2222222222222222	-0.037037037037037035	0.	0.	-0.037037037037037035	2	0	1	0	1	2	0	2	1	2	1	0
1	0	0.691804	0.12052	0.703704	0.111111	0	0.111111	-0.037037	0	0.7037037037037037	0.1111111111111111	0.	0.037037037037037035	-0.037037037037037035	0.	2	0	0	0	1	0	0	2	1	2	2	0
1	0	0.682952	0.22237	0.666667	0.222222	0.111111	0	0	0.037037	0.6666666666666666	0.2222222222222222	0.037037037037037035	0.	0.	0.037037037037037035	2	0	0	0	2	0	0	2	2	0	0	0
1	0	0.716077	0.25519	0.666667	0.222222	0.111111	0	0	0.037037	0.7037037037037037	0.25925925925925924	0.	-0.037037037037037035	0.037037037037037035	0.	2	0	1	0	2	0	0	2	2	0	0	1
1	0	0.748109	0.296249	0.777778	0.259259	0	0.037037	-0.111111	0	0.7777777777777778	0.25925925925925924	0.	0.037037037037037035	-0.037037037037037035	0.	2	0	2	0	2	1	0	2	2	0	1	0
1	0	0.777659	0.329299	0.666667	0.296296	0.111111	0	0	0.037037	0.6666666666666666	0.2962962962962963	0.037037037037037035	0.	0.	0.037037037037037035	2	0	0	0	2	2	0	2	2	0	2	0
1	0	0.811192	0.232025	0.777778	0.333333	0	-0.111111	0.037037	0	0.7777777777777778	0.3333333333333333	0.	-0.037037037037037035	0.037037037037037035	0.	2	1	0	0	2	2	0	2	2	1	0	0
1	0	0.829484	0.2629	0.814815	0.222222	0.037037	0	0	0.111111	0.8148148148148148	0.2222222222222222	0.037037037037037035	0.	0.	0.037037037037037035	2	1	1	0	2	0	0	2	2	1	1	0
1	0	0.886072	0.303134	0.851852	0.333333	0	-0.111111	0.037037	0	0.8518518518518519	0.3333333333333333	0.	-0.037037037037037035	0.037037037037037035	0.	2	1	2	0	2	2	0	2	2	1	2	0
1	0	0.896139	0.243476	0.888889	0.222222	0.111111	0	0	0.037037	0.8888888888888888	0.2222222222222222	0.037037037037037035	0.	0.	0.037037037037037035	2	2	0	0	2	0	0	2	2	2	0	0
1	0	0.983668	0.267948	1	0.259259	0	0.037037	-0.111111	0	1.	0.25925925925925924	0.	0.037037037037037035	-0.037037037037037035	0.	2	2	2	0	2	1	0	2	2	2	1	0
1	0	0.93145	0.313382	0.888889	0.296296	0.111111	0	0	0.037037	0.8888888888888888	0.2962962962962963	0.037037037037037035	0.	0.	0.037037037037037035	2	2	0	0	2	2	0	2	2	2	2	0
1	0	0.965976	0.432435	1	0.333333	0	0.111111	-0.037037	0	1.	0.3333333333333333	0.	0.037037037037037035	-0.037037037037037035	0.	2	2	2	1	0	0	1	0	0	0	0	0
1	0	0.976277	0.384501	1	0.333333	0	0.111111	-0.037037	0	0.9629629629629629	0.37037037037037035	0.037037037037037035	0.	0.	0.037037037037037035	2	2	2	1	0	1	1	0	0	0	0	1
1	0	0.958605	0.334997	0.962963	0.444444	-0.037037	0	0	-0.111111	0.9629629629629629	0.4444444444444444	-0.037037037037037035	0.	0.	-0.037037037037037035	2	2	1	1	0	2	1	0	0	0	1	0
1	0	0.901554	0.398434	0.925926	0.333333	0	0.111111	-0.037037	0	0.9259259259259259	0.3333333333333333	0.	0.037037037037037035	-0.037037037037037035	0.	2	2	0	1	0	0	1	0	0	0	2	0
1	0	0.940326	0.47314	0.888889	0.444444	0.111111	0	0	0.037037	0.8888888888888888	0.4444444444444444	0.037037037037037035	0.	0.	0.037037037037037035	2	2	0	1	1	0	1	0	0	1	0	0
1	0	0.953605	0.518419	1	0.481481	0	0.037037	-0.111111	0	1.	0.48148148148148145	0.	0.037037037037037035	-0.037037037037037035	0.	2	2	2	1	1	1	1	0	0	1	1	0
1	0	0.935192	0.549023	0.888889	0.518519	0.111111	0	0	0.037037	0.8888888888888888	0.5185185185185185	0.037037037037037035	0.	0.	0.037037037037037035	2	2	0	1	1	2	1	0	0	1	2	0
1	0	0.99984	0.655051	1	0.555556	0	0.111111	-0.037037	0	1.	0.5555555555555556	0.	0.037037037037037035	-0.037037037037037035	0.	2	2	2	1	2	0	1	0	0	2	0	0
1	0	0.949459	0.641389	0.962963	0.666667	-0.037037	0	0	-0.111111	0.9629629629629629	0.6666666666666666	-0.037037037037037035	0.	0.	-0.037037037037037035	2	2	1	1	2	2	1	0	0	2	1	0
1	0	0.890761	0.559367	0.925926	0.555556	0	0.111111	-0.037037	0	0.9259259259259259	0.5555555555555556	0.	0.037037037037037035	-0.037037037037037035	0.	2	2	0	1	2	0	1	0	0	2	2	0
1	0	0.857276	0.634447	0.888889	0.666667	-0.111111	0	0	-0.037037	0.8888888888888888	0.6666666666666666	-0.037037037037037035	0.	0.	-0.037037037037037035	2	1	2	1	2	2	1	0	1	0	0	0
1	0	0.83557	0.663993	0.888889	0.666667	-0.111111	0	0	-0.037037	0.8518518518518519	0.6296296296296297	0.	0.037037037037037035	-0.037037037037037035	0.	2	1	1	1	2	2	1	0	1	0	0	1
1	0	0.78956	0.606235	0.777778	0.62963	0	-0.037037	0.111111	0	0.7777777777777778	0.6296296296296297	0.	-0.037037037037037035	0.037037037037037035	0.	2	1	0	1	2	1	1	0	1	0	1	0
1	0	0.876735	0.586907	0.888889	0.592593	-0.111111	0	0	-0.037037	0.8888888888888888	0.5925925925925926	-0.037037037037037035	0.	0.	-0.037037037037037035	2	1	2	1	2	0	1	0	1	0	2	0
1	0	0.80556	0.533911	0.777778	0.555556	0	-0.111111	0.037037	0	0.7777777777777778	0.5555555555555556	0.	-0.037037037037037035	0.037037037037037035	0.	2	1	0	1	1	2	1	0	1	1	0	0
1	0	0.844356	0.458921	0.814815	0.444444	0.037037	0	0	0.111111	0.8148148148148148	0.4444444444444444	0.037037037037037035	0.	0.	0.037037037037037035	2	1	1	1	1	0	1	0	1	1	1	0
1	0	0.8609	0.504437	0.851852	0.555556	0	-0.111111	0.037037	0	0.8518518518518519	0.5555555555555556	0.	-0.037037037037037035	0.037037037037037035	0.	2	1	2	1	1	2	1	0	1	1	2	0
1	0	0.824223	0.442716	0.888889	0.444444	-0.111111	0	0	-0.037037	0.8888888888888888	0.4444444444444444	-0.037037037037037035	0.	0.	-0.037037037037037035	2	1	2	1	0	2	1	0	1	2	0	0
1	0	0.815971	0.377989	0.777778	0.407407	0	-0.037037	0.111111	0	0.7777777777777778	0.4074074074074074	0.	-0.037037037037037035	0.037037037037037035	0.	2	1	0	1	0	1	1	0	1	2	1	0
1	0	0.865136	0.362217	0.888889	0.37037	-0.111111	0	0	-0.037037	0.8888888888888888	0.37037037037037035	-0.037037037037037035	0.	0.	-0.037037037037037035	2	1	2	1	0	0	1	0	1	2	2	0
1	0	0.753584	0.355125	0.777778	0.333333	0	0.111111	-0.037037	0	0.7777777777777778	0.3333333333333333	0.	0.037037037037037035	-0.037037037037037035	0.	2	0	2	1	0	0	1	0	2	0	0	0
1	0	0.777751	0.422647	0.777778	0.333333	0	0.111111	-0.037037	0	0.7407407407407407	0.37037037037037035	0.037037037037037035	0.	0.	0.037037037037037035	2	0	2	1	0	1	1	0	2	0	0	1
1	0	0.70383	0.405368	0.740741	0.444444	-0.037037	0	0	-0.111111	0.7407407407407407	0.4444444444444444	-0.037037037037037035	0.	0.	-0.037037037037037035	2	0	1	1	0	2	1	0	2	0	1	0
1	0	0.697243	0.346795	0.703704	0.333333	0	0.111111	-0.037037	0	0.7037037037037037	0.3333333333333333	0.	0.037037037037037035	-0.037037037037037035	0.	2	0	0	1	0	0	1	0	2	0	2	0
1	0	0.720331	0.480297	0.666667	0.444444	0.111111	0	0	0.037037	0.6666666666666666	0.4444444444444444	0.037037037037037035	0.	0.	0.037037037037037035	2	0	0	1	1	0	1	0	2	1	0	0
1	0	0.758383	0.492979	0.777778	0.481481	0	0.037037	-0.111111	0	0.7777777777777778	0.48148148148148145	0.	0.037037037037037035	-0.037037037037037035	0.	2	0	2	1	1	1	1	0	2	1	1	0
1	0	0.678869	0.521578	0.666667	0.518519	0.111111	0	0	0.037037	0.6666666666666666	0.5185185185185185	0.037037037037037035	0.	0.	0.037037037037037035	2	0	0	1	1	2	1	0	2	1	2	0
1	0	0.743342	0.574848	0.777778	0.555556	0	0.111111	-0.037037	0	0.7777777777777778	0.5555555555555556	0.	0.037037037037037035	-0.037037037037037035	0.	2	0	2	1	2	0	1	0	2	2	0	0
1	0	0.730883	0.593906	0.740741	0.666667	-0.037037	0	0	-0.111111	0.7407407407407407	0.6666666666666666	-0.037037037037037035	0.	0.	-0.037037037037037035	2	0	1	1	2	2	1	0	2	2	1	0
1	0	0.688635	0.627397	0.703704	0.555556	0	0.111111	-0.037037	0	0.7037037037037037	0.5555555555555556	0.	0.037037037037037035	-0.037037037037037035	0.	2	0	0	1	2	0	1	0	2	2	2	0
1	0	0.663774	0.647548	0.666667	0.666667	-0.111111	0	0	-0.037037	0.6666666666666666	0.6666666666666666	-0.037037037037037035	0.	0.	-0.037037037037037035	1	2	2	1	2	2	1	1	0	0	0	0
1	0	0.596291	0.661331	0.666667	0.666667	-0.111111	0	0	-0.037037	0.6296296296296297	0.6296296296296297	0.	0.037037037037037035	-0.037037037037037035	0.	1	2	1	1	2	2	1	1	0	0	0	1
1	0	0.555633	0.619681	0.555556	0.62963	0	-0.037037	0.111111	0	0.5555555555555556	0.6296296296296297	0.	-0.037037037037037035	0.037037037037037035	0.	1	2	0	1	2	1	1	1	0	0	1	0
1	0	0.62644	0.567022	0.666667	0.592593	-0.111111	0	0	-0.037037	0.6666666666666666	0.5925925925925926	-0.037037037037037035	0.	0.	-0.037037037037037035	1	2	2	1	2	0	1	1	0	0	2	0
1	0	0.544853	0.579018	0.555556	0.555556	0	0.111111	-0.037037	0	0.5555555555555556	0.5555555555555556	0.	0.037037037037037035	-0.037037037037037035	0.	1	1	2	1	2	0	1	1	0	1	0	0
1	0	0.510132	0.623795	0.518519	0.666667	-0.037037	0	0	-0.111111	0.5185185185185185	0.6666666666666666	-0.037037037037037035	0.	0.	-0.037037037037037035	1	1	1	1	2	2	1	1	0	1	1	0
1	0	0.444837	0.597625	0.481481	0.555556	0	0.111111	-0.037037	0	0.48148148148148145	0.5555555555555556	0.	0.037037037037037035	-0.037037037037037035	0.	1	1	0	1	2	0	1	1	0	1	2	0
1	0	0.386488	0.65209	0.444444	0.666667	-0.111111	0	0	-0.037037	0.4444444444444444	0.6666666666666666	-0.037037037037037035	0.	0.	-0.037037037037037035	1	0	2	1	2	2	1	1	0	2	0	0
1	0	0.352586	0.615142	0.333333	0.62963	0	-0.037037	0.111111	0	0.3333333333333333	0.6296296296296297	0.	-0.037037037037037035	0.037037037037037035	0.	1	0	0	1	2	1	1	1	0	2	1	0
1	0	0.433417	0.562959	0.444444	0.592593	-0.111111	0	0	-0.037037	0.4444444444444444	0.5925925925925926	-0.037037037037037035	0.	0.	-0.037037037037037035	1	0	2	1	2	0	1	1	0	2	2	0
1	0	0.366815	0.489421	0.333333	0.555556	0	-0.111111	0.037037	0	0.3333333333333333	0.5555555555555556	0.	-0.037037037037037035	0.037037037037037035	0.	1	0	0	1	1	2	1	1	1	0	0	0
1	0	0.361893	0.484004	0.333333	0.555556	0	-0.111111	0.037037	0	0.37037037037037035	0.5185185185185185	-0.037037037037037035	0.	0.	-0.037037037037037035	1	0	0	1	1	1	1	1	1	0	0	1
1	0	0.395355	0.476414	0.37037	0.444444	0.037037	0	0	0.111111	0.37037037037037035	0.4444444444444444	0.037037037037037035	0.	0.	0.037037037037037035	1	0	1	1	1	0	1	1	1	0	1	0
1	0	0.407418	0.537917	0.407407	0.555556	0	-0.111111	0.037037	0	0.4074074074074074	0.5555555555555556	0.	-0.037037037037037035	0.037037037037037035	0.	1	0	2	1	1	2	1	1	1	0	2	0
1	0	0.459286	0.455638	0.444444	0.444444	0.111111	0	0	0.037037	0.4444444444444444	0.4444444444444444	0.037037037037037035	0.	0.	0.037037037037037035	1	1	0	1	1	0	1	1	1	1	0	0
1	0	0.525752	0.512784	0.555556	0.481481	0	0.037037	-0.111111	0	0.5555555555555556	0.48148148148148145	0.	0.037037037037037035	-0.037037037037037035	0.	1	1	2	1	1	1	1	1	1	1	1	0
1	0	0.454858	0.55199	0.444444	0.518519	0.111111	0	0	0.037037	0.4444444444444444	0.5185185185185185	0.037037037037037035	0.	0.	0.037037037037037035	1	1	0	1	1	2	1	1	1	1	2	0
1	0	0.568988	0.541607	0.555556	0.555556	0	-0.111111	0.037037	0	0.5555555555555556	0.5555555555555556	0.	-0.037037037037037035	0.037037037037037035	0.	1	2	0	1	1	2	1	1	1	2	0	0
1	0	0.606935	0.466525	0.592593	0.444444	0.037037	0	0	0.111111	0.5925925925925926	0.4444444444444444	0.037037037037037035	0.	0.	0.037037037037037035	1	2	1	1	1	0	1	1	1	2	1	0
1	0	0.63721	0.516579	0.62963	0.555556	0	-0.111111	0.037037	0	0.6296296296296297	0.5555555555555556	0.	-0.037037037037037035	0.037037037037037035	0.	1	2	2	1	1	2	1	1	1	2	2	0
1	0	0.618892	0.408678	0.666667	0.444444	-0.111111	0	0	-0.037037	0.6666666666666666	0.4444444444444444	-0.037037037037037035	0.	0.	-0.037037037037037035	1	2	2	1	0	2	1	1	2	0	0	0
1	0	0.601104	0.434873	0.666667	0.444444	-0.111111	0	0	-0.037037	0.6296296296296297	0.4074074074074074	0.	0.037037037037037035	-0.037037037037037035	0.	1	2	1	1	0	2	1	1	2	0	0	1
1	0	0.564065	0.390331	0.555556	0.407407	0	-0.037037	0.111111	0	0.5555555555555556	0.4074074074074074	0.	-0.037037037037037035	0.037037037037037035	0.	1	2	0	1	0	1	1	1	2	0	1	0
1	0	0.647018	0.365204	0.666667	0.37037	-0.111111	0	0	-0.037037	0.6666666666666666	0.37037037037037035	-0.037037037037037035	0.	0.	-0.037037037037037035	1	2	2	1	0	0	1	1	2	0	2	0
1	0	0.521062	0.444363	0.555556	0.333333	0	0.111111	-0.037037	0	0.5555555555555556	0.3333333333333333	0.	0.037037037037037035	-0.037037037037037035	0.	1	1	2	1	0	0	1	1	2	1	0	0
1	0	0.506502	0.429847	0.518519	0.444444	-0.037037	0	0	-0.111111	0.5185185185185185	0.4444444444444444	-0.037037037037037035	0.	0.	-0.037037037037037035	1	1	1	1	0	2	1	1	2	1	1	0
1	0	0.463831	0.338506	0.481481	0.333333	0	0.111111	-0.037037	0	0.48148148148148145	0.3333333333333333	0.	0.037037037037037035	-0.037037037037037035	0.	1	1	0	1	0	0	1	1	2	1	2	0
1	0	0.424311	0.412995	0.444444	0.444444	-0.111111	0	0	-0.037037	0.4444444444444444	0.4444444444444444	-0.037037037037037035	0.	0.	-0.037037037037037035	1	0	2	1	0	2	1	1	2	2	0	0
1	0	0.348776	0.402047	0.333333	0.407407	0	-0.037037	0.111111	0	0.3333333333333333	0.4074074074074074	0.	-0.037037037037037035	0.037037037037037035	0.	1	0	0	1	0	1	1	1	2	2	1	0
1	0	0.419578	0.370228	0.444444	0.37037	-0.111111	0	0	-0.037037	0.4444444444444444	0.37037037037037035	-0.037037037037037035	0.	0.	-0.037037037037037035	1	0	2	1	0	0	1	1	2	2	2	0
1	0	0.315326	0.351766	0.333333	0.333333	0	0.111111	-0.037037	0	0.3333333333333333	0.3333333333333333	0.	0.037037037037037035	-0.037037037037037035	0.	0	2	2	1	0	0	1	2	0	0	0	0
1	0	0.329776	0.380835	0.333333	0.333333	0	0.111111	-0.037037	0	0.2962962962962963	0.37037037037037035	0.037037037037037035	0.	0.	0.037037037037037035	0	2	2	1	0	1	1	2	0	0	0	1
1	0	0.269471	0.417957	0.296296	0.444444	-0.037037	0	0	-0.111111	0.2962962962962963	0.4444444444444444	-0.037037037037037035	0.	0.	-0.037037037037037035	0	2	1	1	0	2	1	2	0	0	1	0
1	0	0.222328	0.35934	0.259259	0.333333	0	0.111111	-0.037037	0	0.25925925925925924	0.3333333333333333	0.	0.037037037037037035	-0.037037037037037035	0.	0	2	0	1	0	0	1	2	0	0	2	0
1	0	0.282581	0.470714	0.222222	0.444444	0.111111	0	0	0.037037	0.2222222222222222	0.4444444444444444	0.037037037037037035	0.	0.	0.037037037037037035	0	2	0	1	1	0	1	2	0	1	0	0
1	0	0.287464	0.502163	0.333333	0.481481	0	0.037037	-0.111111	0	0.3333333333333333	0.48148148148148145	0.	0.037037037037037035	-0.037037037037037035	0.	0	2	2	1	1	1	1	2	0	1	1	0
1	0	0.233218	0.54591	0.222222	0.518519	0.111111	0	0	0.037037	0.2222222222222222	0.5185185185185185	0.037037037037037035	0.	0.	0.037037037037037035	0	2	0	1	1	2	1	2	0	1	2	0
1	0	0.301419	0.602159	0.333333	0.555556	0	0.111111	-0.037037	0	0.3333333333333333	0.5555555555555556	0.	0.037037037037037035	-0.037037037037037035	0.	0	2	2	1	2	0	1	2	0	2	0	0
1	0	0.25929	0.643821	0.296296	0.666667	-0.037037	0	0	-0.111111	0.2962962962962963	0.6666666666666666	-0.037037037037037035	0.	0.	-0.037037037037037035	0	2	1	1	2	2	1	2	0	2	1	0
1	0	0.228621	0.58293	0.259259	0.555556	0	0.111111	-0.037037	0	0.25925925925925924	0.5555555555555556	0.	0.037037037037037035	-0.037037037037037035	0.	0	2	0	1	2	0	1	2	0	2	2	0
1	0	0.17338	0.65765	0.222222	0.666667	-0.111111	0	0	-0.037037	0.2222222222222222	0.6666666666666666	-0.037037037037037035	0.	0.	-0.037037037037037035	0	1	2	1	2	2	1	2	1	0	0	0
1	0	0.145103	0.630526	0.222222	0.666667	-0.111111	0	0	-0.037037	0.18518518518518517	0.6296296296296297	0.	0.037037037037037035	-0.037037037037037035	0.	0	1	1	1	2	2	1	2	1	0	0	1
1	0	0.116769	0.609717	0.111111	0.62963	0	-0.037037	0.111111	0	0.1111111111111111	0.6296296296296297	0.	-0.037037037037037035	0.037037037037037035	0.	0	1	0	1	2	1	1	2	1	0	1	0
1	0	0.164877	0.589855	0.222222	0.592593	-0.111111	0	0	-0.037037	0.2222222222222222	0.5925925925925926	-0.037037037037037035	0.	0.	-0.037037037037037035	0	1	2	1	2	0	1	2	1	0	2	0
1	0	0.128072	0.50874	0.111111	0.555556	0	-0.111111	0.037037	0	0.1111111111111111	0.5555555555555556	0.	-0.037037037037037035	0.037037037037037035	0.	0	1	0	1	1	2	1	2	1	1	0	0
1	0	0.154315	0.461772	0.148148	0.444444	0.037037	0	0	0.111111	0.14814814814814814	0.4444444444444444	0.037037037037037035	0.	0.	0.037037037037037035	0	1	1	1	1	0	1	2	1	1	1	0
1	0	0.210405	0.530341	0.185185	0.555556	0	-0.111111	0.037037	0	0.18518518518518517	0.5555555555555556	0.	-0.037037037037037035	0.037037037037037035	0.	0	1	2	1	1	2	1	2	1	1	2	0
1	0	0.177688	0.438751	0.222222	0.444444	-0.111111	0	0	-0.037037	0.2222222222222222	0.4444444444444444	-0.037037037037037035	0.	0.	-0.037037037037037035	0	1	2	1	0	2	1	2	1	2	0	0
1	0	0.121636	0.386559	0.111111	0.407407	0	-0.037037	0.111111	0	0.1111111111111111	0.4074074074074074	0.	-0.037037037037037035	0.037037037037037035	0.	0	1	0	1	0	1	1	2	1	2	1	0
1	0	0.18485	0.369083	0.222222	0.37037	-0.111111	0	0	-0.037037	0.2222222222222222	0.37037037037037035	-0.037037037037037035	0.	0.	-0.037037037037037035	0	1	2	1	0	0	1	2	1	2	2	0
1	0	0.100506	0.343759	0.111111	0.333333	0	0.111111	-0.037037	0	0.1111111111111111	0.3333333333333333	0.	0.037037037037037035	-0.037037037037037035	0.	0	0	2	1	0	0	1	2	2	0	0	0
1	0	0.0694359	0.425104	0.0740741	0.444444	-0.037037	0	0	-0.111111	0.07407407407407407	0.4444444444444444	-0.037037037037037035	0.	0.	-0.037037037037037035	0	0	1	1	0	2	1	2	2	0	1	0
1	0	0.0370354	0.396258	0.037037	0.333333	0	0.111111	-0.037037	0	0.037037037037037035	0.3333333333333333	0.	0.037037037037037035	-0.037037037037037035	0.	0	0	0	1	0	0	1	2	2	0	2	0
1	0	0.0192639	0.450436	0	0.444444	0.111111	0	0	0.037037	0.	0.4444444444444444	0.037037037037037035	0.	0.	0.037037037037037035	0	0	0	1	1	0	1	2	2	1	0	0
1	0	0.0826349	0.495415	0.111111	0.481481	0	0.037037	-0.111111	0	0.1111111111111111	0.48148148148148145	0.	0.037037037037037035	-0.037037037037037035	0.	0	0	2	1	1	1	1	2	2	1	1	0
1	0	0.0446152	0.524415	0	0.518519	0.111111	0	0	0.037037	0.	0.5185185185185185	0.037037037037037035	0.	0.	0.037037037037037035	0	0	0	1	1	2	1	2	2	1	2	0
1	0	0.0967083	0.556784	0.111111	0.555556	0	0.111111	-0.037037	0	0.1111111111111111	0.5555555555555556	0.	0.037037037037037035	-0.037037037037037035	0.	0	0	2	1	2	0	1	2	2	2	0	0
1	0	0.0730957	0.638007	0.0740741	0.666667	-0.037037	0	0	-0.111111	0.07407407407407407	0.6666666666666666	-0.037037037037037035	0.	0.	-0.037037037037037035	0	0	1	1	2	2	1	2	2	2	1	0
1	0	0.0146516	0.571561	0.037037	0.555556	0	0.111111	-0.037037	0	0.037037037037037035	0.5555555555555556	0.	0.037037037037037035	-0.037037037037037035	0.	0	0	0	1	2	0	1	2	2	2	2	0
1	0	0.0401072	0.681579	0	0.666667	0.111111	0	0	0.037037	0.	0.6666666666666666	0.037037037037037035	0.	0.	0.037037037037037035	0	0	0	2	0	0	2	0	0	0	0	0
1	0	0.0537181	0.695307	0	0.666667	0.111111	0	0	0.037037	0.037037037037037035	0.7037037037037037	0.	-0.037037037037037035	0.037037037037037035	0.	0	0	1	2	0	0	2	0	0	0	0	1
1	0	0.0886355	0.738892	0.111111	0.703704	0	0.037037	-0.111111	0	0.1111111111111111	0.7037037037037037	0.	0.037037037037037035	-0.037037037037037035	0.	0	0	2	2	0	1	2	0	0	0	1	0
1	0	0.00648818	0.754384	0	0.740741	0.111111	0	0	0.037037	0.	0.7407407407407407	0.037037037037037035	0.	0.	0.037037037037037035	0	0	0	2	0	2	2	0	0	0	2	0
1	0	0.140981	0.718726	0.111111	0.777778	0	-0.111111	0.037037	0	0.1111111111111111	0.7777777777777778	0.	-0.037037037037037035	0.037037037037037035	0.	0	1	0	2	0	2	2	0	0	1	0	0
1	0	0.18187	0.707656	0.148148	0.666667	0.037037	0	0	0.111111	0.14814814814814814	0.6666666666666666	0.037037037037037035	0.	0.	0.037037037037037035	0	1	1	2	0	0	2	0	0	1	1	0
1	0	0.194375	0.760856	0.185185	0.777778	0	-0.111111	0.037037	0	0.18518518518518517	0.7777777777777778	0.	-0.037037037037037035	0.037037037037037035	0.	0	1	2	2	0	2	2	0	0	1	2	0
1	0	0.273876	0.667815	0.222222	0.666667	0.111111	0	0	0.037037	0.2222222222222222	0.6666666666666666	0.037037037037037035	0.	0.	0.037037037037037035	0	2	0	2	0	0	2	0	0	2	0	0
1	0	0.291213	0.730714	0.333333	0.703704	0	0.037037	-0.111111	0	0.3333333333333333	0.7037037037037037	0.	0.037037037037037035	-0.037037037037037035	0.	0	2	2	2	0	1	2	0	0	2	1	0
1	0	0.225272	0.773956	0.222222	0.740741	0.111111	0	0	0.037037	0.2222222222222222	0.7407407407407407	0.037037037037037035	0.	0.	0.037037037037037035	0	2	0	2	0	2	2	0	0	2	2	0
1	0	0.318406	0.781707	0.333333	0.777778	0	0.111111	-0.037037	0	0.3333333333333333	0.7777777777777778	0.	0.037037037037037035	-0.037037037037037035	0.	0	2	2	2	1	0	2	0	1	0	0	0
1	0	0.322497	0.801082	0.333333	0.777778	0	0.111111	-0.037037	0	0.2962962962962963	0.8148148148148148	0.037037037037037035	0.	0.	0.037037037037037035	0	2	2	2	1	1	2	0	1	0	0	1
1	0	0.294726	0.869177	0.296296	0.888889	-0.037037	0	0	-0.111111	0.2962962962962963	0.8888888888888888	-0.037037037037037035	0.	0.	-0.037037037037037035	0	2	1	2	1	2	2	0	1	0	1	0
1	0	0.25152	0.815393	0.259259	0.777778	0	0.111111	-0.037037	0	0.25925925925925924	0.7777777777777778	0.	0.037037037037037035	-0.037037037037037035	0.	0	2	0	2	1	0	2	0	1	0	2	0
1	0	0.217658	0.860407	0.222222	0.888889	-0.111111	0	0	-0.037037	0.2222222222222222	0.8888888888888888	-0.037037037037037035	0.	0.	-0.037037037037037035	0	1	2	2	1	2	2	0	1	1	0	0
1	0	0.125214	0.831017	0.111111	0.851852	0	-0.037037	0.111111	0	0.1111111111111111	0.8518518518518519	0.	-0.037037037037037035	0.037037037037037035	0.	0	1	0	2	1	1	2	0	1	1	1	0
1	0	0.201913	0.794656	0.222222	0.814815	-0.111111	0	0	-0.037037	0.2222222222222222	0.8148148148148148	-0.037037037037037035	0.	0.	-0.037037037037037035	0	1	2	2	1	0	2	0	1	1	2	0
1	0	0.0850633	0.82055	0.111111	0.777778	0	0.111111	-0.037037	0	0.1111111111111111	0.7777777777777778	0.	0.037037037037037035	-0.037037037037037035	0.	0	0	2	2	1	0	2	0	1	2	0	0
1	0	0.0615459	0.876583	0.0740741	0.888889	-0.037037	0	0	-0.111111	0.07407407407407407	0.8888888888888888	-0.037037037037037035	0.	0.	-0.037037037037037035	0	0	1	2	1	2	2	0	1	2	1	0
1	0	0.0221357	0.839399	0.037037	0.777778	0	0.111111	-0.037037	0	0.037037037037037035	0.7777777777777778	0.	0.037037037037037035	-0.037037037037037035	0.	0	0	0	2	1	0	2	0	1	2	2	0
1	0	0.0295383	0.898926	0	0.888889	0.111111	0	0	0.037037	0.	0.8888888888888888	0.037037037037037035	0.	0.	0.037037037037037035	0	0	0	2	2	0	2	0	2	0	0	0
1	0	0.103594	0.922454	0	0.888889	0.111111	0	0	0.037037	0.037037037037037035	0.9259259259259259	0.	-0.037037037037037035	0.037037037037037035	0.	0	0	1	2	2	0	2	0	2	0	0	1
1	0	0.110953	0.939725	0.111111	0.925926	0	0.037037	-0.111111	0	0.1111111111111111	0.9259259259259259	0.	0.037037037037037035	-0.037037037037037035	0.	0	0	2	2	2	1	2	0	2	0	1	0
1	0	0.0469991	0.979175	0	0.962963	0.111111	0	0	0.037037	0.	0.9629629629629629	0.037037037037037035	0.	0.	0.037037037037037035	0	0	0	2	2	2	2	0	2	0	2	0
1	0	0.148066	0.986794	0.111111	1	0	-0.111111	0.037037	0	0.1111111111111111	1.	0.	-0.037037037037037035	0.037037037037037035	0.	0	1	0	2	2	2	2	0	2	1	0	0
1	0	0.161611	0.906115	0.148148	0.888889	0.037037	0	0	0.111111	0.14814814814814814	0.8888888888888888	0.037037037037037035	0.	0.	0.037037037037037035	0	1	1	2	2	0	2	0	2	1	1	0
1	0	0.187876	0.965013	0.185185	1	0	-0.111111	0.037037	0	0.18518518518518517	1.	0.	-0.037037037037037035	0.037037037037037035	0.	0	1	2	2	2	2	2	0	2	1	2	0
1	0	0.267029	0.888958	0.222222	0.888889	0.111111	0	0	0.037037	0.2222222222222222	0.8888888888888888	0.037037037037037035	0.	0.	0.037037037037037035	0	2	0	2	2	0	2	0	2	2	0	0
1	0	0.24465	0.945368	0.333333	0.925926	0	0.037037	-0.111111	0	0.3333333333333333	0.9259259259259259	0.	0.037037037037037035	-0.037037037037037035	0.	0	2	2	2	2	1	2	0	2	2	1	0
1	0	0.331854	0.973932	0.222222	0.962963	0.111111	0	0	0.037037	0.2222222222222222	0.9629629629629629	0.037037037037037035	0.	0.	0.037037037037037035	0	2	0	2	2	2	2	0	2	2	2	0
1	0	0.368759	0.959983	0.333333	1	0	-0.111111	0.037037	0	0.3333333333333333	1.	0.	-0.037037037037037035	0.037037037037037035	0.	1	0	0	2	2	2	2	1	0	0	0	0
1	0	0.346294	0.931496	0.333333	1	0	-0.111111	0.037037	0	0.37037037037037035	0.9629629629629629	-0.037037037037037035	0.	0.	-0.037037037037037035	1	0	0	2	2	1	2	1	0	0	0	1
1	0	0.398053	0.910777	0.37037	0.888889	0.037037	0	0	0.111111	0.37037037037037035	0.8888888888888888	0.037037037037037035	0.	0.	0.037037037037037035	1	0	1	2	2	0	2	1	0	0	1	0
1	0	0.427727	0.999054	0.407407	1	0	-0.111111	0.037037	0	0.4074074074074074	1.	0.	-0.037037037037037035	0.037037037037037035	0.	1	0	2	2	2	2	2	1	0	0	2	0
1	0	0.417304	0.854756	0.444444	0.888889	-0.111111	0	0	-0.037037	0.4444444444444444	0.8888888888888888	-0.037037037037037035	0.	0.	-0.037037037037037035	1	0	2	2	1	2	2	1	0	1	0	0
1	0	0.378272	0.849555	0.333333	0.851852	0	-0.037037	0.111111	0	0.3333333333333333	0.8518518518518519	0.	-0.037037037037037035	0.037037037037037035	0.	1	0	0	2	1	1	2	1	0	1	1	0
1	0	0.440875	0.806253	0.444444	0.814815	-0.111111	0	0	-0.037037	0.4444444444444444	0.8148148148148148	-0.037037037037037035	0.	0.	-0.037037037037037035	1	0	2	2	1	0	2	1	0	1	2	0
1	0	0.334998	0.725385	0.333333	0.777778	0	-0.111111	0.037037	0	0.3333333333333333	0.7777777777777778	0.	-0.037037037037037035	0.037037037037037035	0.	1	0	0	2	0	2	2	1	0	2	0	0
1	0	0.375537	0.674152	0.37037	0.666667	0.037037	0	0	0.111111	0.37037037037037035	0.6666666666666666	0.037037037037037035	0.	0.	0.037037037037037035	1	0	1	2	0	0	2	1	0	2	1	0
1	0	0.409144	0.768715	0.407407	0.777778	0	-0.111111	0.037037	0	0.4074074074074074	0.7777777777777778	0.	-0.037037037037037035	0.037037037037037035	0.	1	0	2	2	0	2	2	1	0	2	2	0
1	0	0.482739	0.702916	0.444444	0.666667	0.111111	0	0	0.037037	0.4444444444444444	0.6666666666666666	0.037037037037037035	0.	0.	0.037037037037037035	1	1	0	2	0	0	2	1	1	0	0	0
1	0	0.492558	0.686662	0.444444	0.666667	0.111111	0	0	0.037037	0.48148148148148145	0.7037037037037037	0.	-0.037037037037037035	0.037037037037037035	0.	1	1	1	2	0	0	2	1	1	0	0	1
1	0	0.536572	0.714557	0.555556	0.703704	0	0.037037	-0.111111	0	0.5555555555555556	0.7037037037037037	0.	0.037037037037037035	-0.037037037037037035	0.	1	1	2	2	0	1	2	1	1	0	1	0
1	0	0.466421	0.747108	0.444444	0.740741	0.111111	0	0	0.037037	0.4444444444444444	0.7407407407407407	0.037037037037037035	0.	0.	0.037037037037037035	1	1	0	2	0	2	2	1	1	0	2	0
1	0	0.52926	0.826461	0.555556	0.777778	0	0.111111	-0.037037	0	0.5555555555555556	0.7777777777777778	0.	0.037037037037037035	-0.037037037037037035	0.	1	1	2	2	1	0	2	1	1	1	0	0
1	0	0.51363	0.88307	0.518519	0.888889	-0.037037	0	0	-0.111111	0.5185185185185185	0.8888888888888888	-0.037037037037037035	0.	0.	-0.037037037037037035	1	1	1	2	1	2	2	1	1	1	1	0
1	0	0.474852	0.787182	0.481481	0.777778	0	0.111111	-0.037037	0	0.48148148148148145	0.7777777777777778	0.	0.037037037037037035	-0.037037037037037035	0.	1	1	0	2	1	0	2	1	1	1	2	0
1	0	0.490103	0.892975	0.444444	0.888889	0.111111	0	0	0.037037	0.4444444444444444	0.8888888888888888	0.037037037037037035	0.	0.	0.037037037037037035	1	1	0	2	2	0	2	1	1	2	0	0
1	0	0.452078	0.95326	0.555556	0.925926	0	0.037037	-0.111111	0	0.5555555555555556	0.9259259259259259	0.	0.037037037037037035	-0.037037037037037035	0.	1	1	2	2	2	1	2	1	1	2	1	0
1	0	0.542082	0.990111	0.444444	0.962963	0.111111	0	0	0.037037	0.4444444444444444	0.9629629629629629	0.037037037037037035	0.	0.	0.037037037037037035	1	1	0	2	2	2	2	1	1	2	2	0
1	0	0.589778	0.994651	0.555556	1	0	-0.111111	0.037037	0	0.5555555555555556	1.	0.	-0.037037037037037035	0.037037037037037035	0.	1	2	0	2	2	2	2	1	2	0	0	0
1	0	0.5563	0.927388	0.555556	1	0	-0.111111	0.037037	0	0.5925925925925926	0.9629629629629629	-0.037037037037037035	0.	0.	-0.037037037037037035	1	2	0	2	2	1	2	1	2	0	0	1
1	0	0.603047	0.914655	0.592593	0.888889	0.037037	0	0	0.111111	0.5925925925925926	0.8888888888888888	0.037037037037037035	0.	0.	0.037037037037037035	1	2	1	2	2	0	2	1	2	0	1	0
1	0	0.644609	0.949045	0.62963	1	0	-0.111111	0.037037	0	0.6296296296296297	1.	0.	-0.037037037037037035	0.037037037037037035	0.	1	2	2	2	2	2	2	1	2	0	2	0
1	0	0.634536	0.8649	0.666667	0.888889	-0.111111	0	0	-0.037037	0.6666666666666666	0.8888888888888888	-0.037037037037037035	0.	0.	-0.037037037037037035	1	2	2	2	1	2	2	1	2	1	0	0
1	0	0.576013	0.845332	0.555556	0.851852	0	-0.037037	0.111111	0	0.5555555555555556	0.8518518518518519	0.	-0.037037037037037035	0.037037037037037035	0.	1	2	0	2	1	1	2	1	2	1	1	0
1	0	0.614105	0.810385	0.666667	0.814815	-0.111111	0	0	-0.037037	0.6666666666666666	0.8148148148148148	-0.037037037037037035	0.	0.	-0.037037037037037035	1	2	2	2	1	0	2	1	2	1	2	0
1	0	0.579264	0.742999	0.555556	0.777778	0	-0.111111	0.037037	0	0.5555555555555556	0.7777777777777778	0.	-0.037037037037037035	0.037037037037037035	0.	1	2	0	2	0	2	2	1	2	2	0	0
1	0	0.622156	0.691067	0.592593	0.666667	0.037037	0	0	0.111111	0.5925925925925926	0.6666666666666666	0.037037037037037035	0.	0.	0.037037037037037035	1	2	1	2	0	0	2	1	2	2	1	0
1	0	0.655431	0.764788	0.62963	0.777778	0	-0.111111	0.037037	0	0.6296296296296297	0.7777777777777778	0.	-0.037037037037037035	0.037037037037037035	0.	1	2	2	2	0	2	2	1	2	2	2	0
1	0	0.675279	0.677757	0.666667	0.666667	0.111111	0	0	0.037037	0.6666666666666666	0.6666666666666666	0.037037037037037035	0.	0.	0.037037037037037035	2	0	0	2	0	0	2	2	0	0	0	0
1	0	0.734939	0.6992	0.666667	0.666667	0.111111	0	0	0.037037	0.7037037037037037	0.7037037037037037	0.	-0.037037037037037035	0.037037037037037035	0.	2	0	1	2	0	0	2	2	0	0	0	1
1	0	0.768469	0.734714	0.777778	0.703704	0	0.037037	-0.111111	0	0.7777777777777778	0.7037037037037037	0.	0.037037037037037035	-0.037037037037037035	0.	2	0	2	2	0	1	2	2	0	0	1	0
1	0	0.711591	0.777725	0.666667	0.740741	0.111111	0	0	0.037037	0.6666666666666666	0.7407407407407407	0.037037037037037035	0.	0.	0.037037037037037035	2	0	0	2	0	2	2	2	0	0	2	0
1	0	0.785511	0.751206	0.777778	0.777778	0	-0.111111	0.037037	0	0.7777777777777778	0.7777777777777778	0.	-0.037037037037037035	0.037037037037037035	0.	2	1	0	2	0	2	2	2	0	1	0	0
1	0	0.818807	0.722809	0.814815	0.666667	0.037037	0	0	0.111111	0.8148148148148148	0.6666666666666666	0.037037037037037035	0.	0.	0.037037037037037035	2	1	1	2	0	0	2	2	0	1	1	0
1	0	0.853717	0.711349	0.851852	0.777778	0	-0.111111	0.037037	0	0.8518518518518519	0.7777777777777778	0.	-0.037037037037037035	0.037037037037037035	0.	2	1	2	2	0	2	2	2	0	1	2	0
1	0	0.913034	0.67129	0.888889	0.666667	0.111111	0	0	0.037037	0.8888888888888888	0.6666666666666666	0.037037037037037035	0.	0.	0.037037037037037035	2	2	0	2	0	0	2	2	0	2	0	0
1	0	0.979641	0.704575	1	0.703704	0	0.037037	-0.111111	0	1.	0.7037037037037037	0.	0.037037037037037035	-0.037037037037037035	0.	2	2	2	2	0	1	2	2	0	2	1	0
1	0	0.904471	0.758001	0.888889	0.740741	0.111111	0	0	0.037037	0.8888888888888888	0.7407407407407407	0.037037037037037035	0.	0.	0.037037037037037035	2	2	0	2	0	2	2	2	0	2	2	0
1	0	0.987252	0.823954	1	0.777778	0	0.111111	-0.037037	0	1.	0.7777777777777778	0.	0.037037037037037035	-0.037037037037037035	0.	2	2	2	2	1	0	2	2	1	0	0	0
1	0	0.962991	0.78398	1	0.777778	0	0.111111	-0.037037	0	0.9629629629629629	0.8148148148148148	0.037037037037037035	0.	0.	0.037037037037037035	2	2	2	2	1	1	2	2	1	0	0	1
1	0	0.92828	0.857151	0.962963	0.888889	-0.037037	0	0	-0.111111	0.9629629629629629	0.8888888888888888	-0.037037037037037035	0.	0.	-0.037037037037037035	2	2	1	2	1	2	2	2	1	0	1	0
1	0	0.920639	0.798615	0.925926	0.777778	0	0.111111	-0.037037	0	0.9259259259259259	0.7777777777777778	0.	0.037037037037037035	-0.037037037037037035	0.	2	2	0	2	1	0	2	2	1	0	2	0
1	0	0.873473	0.879917	0.888889	0.888889	-0.111111	0	0	-0.037037	0.8888888888888888	0.8888888888888888	-0.037037037037037035	0.	0.	-0.037037037037037035	2	1	2	2	1	2	2	2	1	1	0	0
1	0	0.79702	0.842309	0.777778	0.851852	0	-0.037037	0.111111	0	0.7777777777777778	0.8518518518518519	0.	-0.037037037037037035	0.037037037037037035	0.	2	1	0	2	1	1	2	2	1	1	1	0
1	0	0.83315	0.813669	0.888889	0.814815	-0.111111	0	0	-0.037037	0.8888888888888888	0.8148148148148148	-0.037037037037037035	0.	0.	-0.037037037037037035	2	1	2	2	1	0	2	2	1	1	2	0
1	0	0.76053	0.834338	0.777778	0.777778	0	0.111111	-0.037037	0	0.7777777777777778	0.7777777777777778	0.	0.037037037037037035	-0.037037037037037035	0.	2	0	2	2	1	0	2	2	1	2	0	0
1	0	0.72304	0.873028	0.740741	0.888889	-0.037037	0	0	-0.111111	0.7407407407407407	0.8888888888888888	-0.037037037037037035	0.	0.	-0.037037037037037035	2	0	1	2	1	2	2	2	1	2	1	0
1	0	0.667788	0.791532	0.703704	0.777778	0	0.111111	-0.037037	0	0.7037037037037037	0.7777777777777778	0.	0.037037037037037035	-0.037037037037037035	0.	2	0	0	2	1	0	2	2	1	2	2	0
1	0	0.700363	0.918227	0.666667	0.888889	0.111111	0	0	0.037037	0.6666666666666666	0.8888888888888888	0.037037037037037035	0.	0.	0.037037037037037035	2	0	0	2	2	0	2	2	2	0	0	0
1	0	0.750623	0.936144	0.777778	0.925926	0	0.037037	-0.111111	0	0.7777777777777778	0.9259259259259259	0.	0.037037037037037035	-0.037037037037037035	0.	2	0	2	2	2	1	2	2	2	0	1	0
1	0	0.685663	0.970314	0.666667	0.962963	0.111111	0	0	0.037037	0.6666666666666666	0.9629629629629629	0.037037037037037035	0.	0.	0.037037037037037035	2	0	0	2	2	2	2	2	2	0	2	0
1	0	0.799393	0.956889	0.777778	1	0	-0.111111	0.037037	0	0.7777777777777778	1.	0.	-0.037037037037037035	0.037037037037037035	0.	2	1	0	2	2	2	2	2	2	1	0	0
1	0	0.821507	0.89599	0.814815	0.888889	0.037037	0	0	0.111111	0.8148148148148148	0.8888888888888888	0.037037037037037035	0.	0.	0.037037037037037035	2	1	1	2	2	0	2	2	2	1	1	0
1	0	0.851987	0.982322	0.851852	1	0	-0.111111	0.037037	0	0.8518518518518519	1.	0.	-0.037037037037037035	0.037037037037037035	0.	2	1	2	2	2	2	2	2	2	1	2	0
1	0	0.89292	0.903642	0.888889	0.888889	0.111111	0	0	0.037037	0.8888888888888888	0.8888888888888888	0.037037037037037035	0.	0.	0.037037037037037035	2	2	0	2	2	0	2	2	2	2	0	0
1	0	0.956456	0.933578	1	0.925926	0	0.037037	-0.111111	0	1.	0.9259259259259259	0.	0.037037037037037035	-0.037037037037037035	0.	2	2	2	2	2	1	2	2	2	2	1	0
1	0	0.937872	0.967627	0.888889	0.962963	0.111111	0	0	0.037037	0.8888888888888888	0.9629629629629629	0.037037037037037035	0.	0.	0.037037037037037035	2	2	0	2	2	2	2	2	2	2	2	0
