1	0	0.00389965	0.00554577	0	0	0.111111	0	0	0.037037	0.	0.	0.037037037037037035	0.	0.	0.037037037037037035	0	0	0	0	0	0	0	0	0	0	0	0
1	0	0.0809314	0.0317502	0	0	0.111111	0	0	0.037037	0.037037037037037035	0.037037037037037035	0.	-0.037037037037037035	0.037037037037037035	0.	0	0	1	0	0	0	0	0	0	0	0	1
1	0	0.110952	0.0546798	0.111111	0.037037	0	0.037037	-0.111111	0	0.1111111111111111	0.037037037037037035	0.	0.037037037037037035	-0.037037037037037035	0.	0	0	2	0	0	1	0	0	0	0	1	0
1	0	0.0379519	0.0861298	0	0.0740741	0.111111	0	0	0.037037	0.	0.07407407407407407	0.037037037037037035	0.	0.	0.037037037037037035	0	0	0	0	0	2	0	0	0	0	2	0
1	0	0.14549	0.111067	0.111111	0.111111	0	-0.111111	0.037037	0	0.1111111111111111	0.1111111111111111	0.	-0.037037037037037035	0.037037037037037035	0.	0	1	0	0	0	2	0	0	0	1	0	0
1	0	0.134311	0.0648118	0.111111	0.111111	0	-0.111111	0.037037	0	0.14814814814814814	0.07407407407407407	-0.037037037037037035	0.	0.	-0.037037037037037035	0	1	0	0	0	1	0	0	0	1	0	1
1	0	0.169232	0.0208066	0.148148	0	0.037037	0	0	0.111111	0.14814814814814814	0.	0.037037037037037035	0.	0.	0.037037037037037035	0	1	1	0	0	0	0	0	0	1	1	0
1	0	0.217314	0.072132	0.185185	0.111111	0	-0.111111	0.037037	0	0.18518518518518517	0.1111111111111111	0.	-0.037037037037037035	0.037037037037037035	0.	0	1	2	0	0	2	0	0	0	1	2	0
1	0	0.285007	0.0120305	0.222222	0	0.111111	0	0	0.037037	0.2222222222222222	0.	0.037037037037037035	0.	0.	0.037037037037037035	0	2	0	0	0	0	0	0	0	2	0	0
1	0	0.311159	0.0474168	0.333333	0.037037	0	0.037037	-0.111111	0	0.3333333333333333	0.037037037037037035	0.	0.037037037037037035	-0.037037037037037035	0.	0	2	2	0	0	1	0	0	0	2	1	0
1	0	0.239027	0.0910861	0.222222	0.0740741	0.111111	0	0	0.037037	0.2222222222222222	0.07407407407407407	0.037037037037037035	0.	0.	0.037037037037037035	0	2	0	0	0	2	0	0	0	2	2	0
1	0	0.299997	0.168449	0.333333	0.111111	0	0.111111	-0.037037	0	0.3333333333333333	0.1111111111111111	0.	0.037037037037037035	-0.037037037037037035	0.	0	2	2	0	1	0	0	0	1	0	0	0
1	0	0.324169	0.188899	0.333333	0.111111	0	0.111111	-0.037037	0	0.2962962962962963	0.14814814814814814	0.037037037037037035	0.	0.	0.037037037037037035	0	2	2	0	1	1	0	0	1	0	0	1
1	0	0.260465	0.181492	0.296296	0.222222	-0.037037	0	0	-0.111111	0.2962962962962963	0.2222222222222222	-0.037037037037037035	0.	0.	-0.037037037037037035	0	2	1	0	1	2	0	0	1	0	1	0
1	0	0.246663	0.124713	0.259259	0.111111	0	0.111111	-0.037037	0	0.25925925925925924	0.1111111111111111	0.	0.037037037037037035	-0.037037037037037035	0.	0	2	0	0	1	0	0	0	1	0	2	0
1	0	0.202695	0.2097	0.222222	0.222222	-0.111111	0	0	-0.037037	0.2222222222222222	0.2222222222222222	-0.037037037037037035	0.	0.	-0.037037037037037035	0	1	2	0	1	2	0	0	1	1	0	0
1	0	0.158974	0.153777	0.111111	0.185185	0	-0.037037	0.111111	0	0.1111111111111111	0.18518518518518517	0.	-0.037037037037037035	0.037037037037037035	0.	0	1	0	0	1	1	0	0	1	1	1	0
1	0	0.188715	0.144358	0.222222	0.148148	-0.111111	0	0	-0.037037	0.2222222222222222	0.14814814814814814	-0.037037037037037035	0.	0.	-0.037037037037037035	0	1	2	0	1	0	0	0	1	1	2	0
1	0	0.0960103	0.174447	0.111111	0.111111	0	0.111111	-0.037037	0	0.1111111111111111	0.1111111111111111	0.	0.037037037037037035	-0.037037037037037035	0.	0	0	2	0	1	0	0	0	1	2	0	0
1	0	0.0555506	0.202885	0.0740741	0.222222	-0.037037	0	0	-0.111111	0.07407407407407407	0.2222222222222222	-0.037037037037037035	0.	0.	-0.037037037037037035	0	0	1	0	1	2	0	0	1	2	1	0
1	0	0.0134251	0.133728	0.037037	0.111111	0	0.111111	-0.037037	0	0.037037037037037035	0.1111111111111111	0.	0.037037037037037035	-0.037037037037037035	0.	0	0	0	0	1	0	0	0	1	2	2	0
1	0	0.0431969	0.254806	0	0.222222	0.111111	0	0	0.037037	0.	0.2222222222222222	0.037037037037037035	0.	0.	0.037037037037037035	0	0	0	0	2	0	0	0	2	0	0	0
1	0	0.0633109	0.233274	0	0.222222	0.111111	0	0	0.037037	0.037037037037037035	0.25925925925925924	0.	-0.037037037037037035	0.037037037037037035	0.	0	0	1	0	2	0	0	0	2	0	0	1
1	0	0.107025	0.272041	0.111111	0.259259	0	0.037037	-0.111111	0	0.1111111111111111	0.25925925925925924	0.	0.037037037037037035	-0.037037037037037035	0.	0	0	2	0	2	1	0	0	2	0	1	0
1	0	0.0273702	0.308977	0	0.296296	0.111111	0	0	0.037037	0.	0.2962962962962963	0.037037037037037035	0.	0.	0.037037037037037035	0	0	0	0	2	2	0	0	2	0	2	0
1	0	0.122276	0.28667	0.111111	0.333333	0	-0.111111	0.037037	0	0.1111111111111111	0.3333333333333333	0.	-0.037037037037037035	0.037037037037037035	0.	0	1	0	0	2	2	0	0	2	1	0	0
1	0	0.17328	0.327589	0.148148	0.222222	0.037037	0	0	0.111111	0.14814814814814814	0.2222222222222222	0.037037037037037035	0.	0.	0.037037037037037035	0	1	1	0	2	0	0	0	2	1	1	0
1	0	0.195872	0.333316	0.185185	0.333333	0	-0.111111	0.037037	0	0.18518518518518517	0.3333333333333333	0.	-0.037037037037037035	0.037037037037037035	0.	0	1	2	0	2	2	0	0	2	1	2	0
1	0	0.270567	0.248554	0.222222	0.222222	0.111111	0	0	0.037037	0.2222222222222222	0.2222222222222222	0.037037037037037035	0.	0.	0.037037037037037035	0	2	0	0	2	0	0	0	2	2	0	0
1	0	0.316092	0.26326	0.333333	0.259259	0	0.037037	-0.111111	0	0.3333333333333333	0.25925925925925924	0.	0.037037037037037035	-0.037037037037037035	0.	0	2	2	0	2	1	0	0	2	2	1	0
1	0	0.230121	0.299673	0.222222	0.296296	0.111111	0	0	0.037037	0.2222222222222222	0.2962962962962963	0.037037037037037035	0.	0.	0.037037037037037035	0	2	0	0	2	2	0	0	2	2	2	0
1	0	0.366097	0.323216	0.333333	0.333333	0	-0.111111	0.037037	0	0.3333333333333333	0.3333333333333333	0.	-0.037037037037037035	0.037037037037037035	0.	1	0	0	0	2	2	0	1	0	0	0	0
1	0	0.344323	0.294187	0.333333	0.333333	0	-0.111111	0.037037	0	0.37037037037037035	0.2962962962962963	-0.037037037037037035	0.	0.	-0.037037037037037035	1	0	0	0	2	1	0	1	0	0	0	1
1	0	0.385027	0.240667	0.37037	0.222222	0.037037	0	0	0.111111	0.37037037037037035	0.2222222222222222	0.037037037037037035	0.	0.	0.037037037037037035	1	0	1	0	2	0	0	1	0	0	1	0
1	0	0.422035	0.279261	0.407407	0.333333	0	-0.111111	0.037037	0	0.4074074074074074	0.3333333333333333	0.	-0.037037037037037035	0.037037037037037035	0.	1	0	2	0	2	2	0	1	0	0	2	0
1	0	0.431936	0.22159	0.444444	0.222222	-0.111111	0	0	-0.037037	0.4444444444444444	0.2222222222222222	-0.037037037037037035	0.	0.	-0.037037037037037035	1	0	2	0	1	2	0	1	0	1	0	0
1	0	0.378235	0.216694	0.444444	0.222222	-0.111111	0	0	-0.037037	0.4074074074074074	0.18518518518518517	0.	0.037037037037037035	-0.037037037037037035	0.	1	0	1	0	1	2	0	1	0	1	0	1
1	0	0.336336	0.161225	0.333333	0.185185	0	-0.037037	0.111111	0	0.3333333333333333	0.18518518518518517	0.	-0.037037037037037035	0.037037037037037035	0.	1	0	0	0	1	1	0	1	0	1	1	0
1	0	0.410679	0.11958	0.444444	0.148148	-0.111111	0	0	-0.037037	0.4444444444444444	0.14814814814814814	-0.037037037037037035	0.	0.	-0.037037037037037035	1	0	2	0	1	0	0	1	0	1	2	0
1	0	0.36052	0.106208	0.333333	0.111111	0	-0.111111	0.037037	0	0.3333333333333333	0.1111111111111111	0.	-0.037037037037037035	0.037037037037037035	0.	1	0	0	0	0	2	0	1	0	2	0	0
1	0	0.39098	0.0424157	0.37037	0	0.037037	0	0	0.111111	0.37037037037037035	0.	0.037037037037037035	0.	0.	0.037037037037037035	1	0	1	0	0	0	0	1	0	2	1	0
1	0	0.440635	0.0763977	0.407407	0.111111	0	-0.111111	0.037037	0	0.4074074074074074	0.1111111111111111	0.	-0.037037037037037035	0.037037037037037035	0.	1	0	2	0	0	2	0	1	0	2	2	0
1	0	0.514618	0.0355137	0.444444	0	0.111111	0	0	0.037037	0.4444444444444444	0.	0.037037037037037035	0.	0.	0.037037037037037035	1	1	0	0	0	0	0	1	1	0	0	0
1	0	0.501233	0.024699	0.444444	0	0.111111	0	0	0.037037	0.48148148148148145	0.037037037037037035	0.	-0.037037037037037035	0.037037037037037035	0.	1	1	1	0	0	0	0	1	1	0	0	1
1	0	0.543094	0.0598734	0.555556	0.037037	0	0.037037	-0.111111	0	0.5555555555555556	0.037037037037037035	0.	0.037037037037037035	-0.037037037037037035	0.	1	1	2	0	0	1	0	1	1	0	1	0
1	0	0.473964	0.0984375	0.444444	0.0740741	0.111111	0	0	0.037037	0.4444444444444444	0.07407407407407407	0.037037037037037035	0.	0.	0.037037037037037035	1	1	0	0	0	2	0	1	1	0	2	0
1	0	0.526754	0.197241	0.555556	0.111111	0	0.111111	-0.037037	0	0.5555555555555556	0.1111111111111111	0.	0.037037037037037035	-0.037037037037037035	0.	1	1	2	0	1	0	0	1	1	1	0	0
1	0	0.489061	0.192653	0.518519	0.222222	-0.037037	0	0	-0.111111	0.5185185185185185	0.2222222222222222	-0.037037037037037035	0.	0.	-0.037037037037037035	1	1	1	0	1	2	0	1	1	1	1	0
1	0	0.459102	0.139288	0.481481	0.111111	0	0.111111	-0.037037	0	0.48148148148148145	0.1111111111111111	0.	0.037037037037037035	-0.037037037037037035	0.	1	1	0	0	1	0	0	1	1	1	2	0
1	0	0.450054	0.229439	0.444444	0.222222	0.111111	0	0	0.037037	0.4444444444444444	0.2222222222222222	0.037037037037037035	0.	0.	0.037037037037037035	1	1	0	0	2	0	0	1	1	2	0	0
1	0	0.534157	0.267686	0.555556	0.259259	0	0.037037	-0.111111	0	0.5555555555555556	0.25925925925925924	0.	0.037037037037037035	-0.037037037037037035	0.	1	1	2	0	2	1	0	1	1	2	1	0
1	0	0.482664	0.31476	0.444444	0.296296	0.111111	0	0	0.037037	0.4444444444444444	0.2962962962962963	0.037037037037037035	0.	0.	0.037037037037037035	1	1	0	0	2	2	0	1	1	2	2	0
1	0	0.559446	0.319319	0.555556	0.333333	0	-0.111111	0.037037	0	0.5555555555555556	0.3333333333333333	0.	-0.037037037037037035	0.037037037037037035	0.	1	2	0	0	2	2	0	1	2	0	0	0
1	0	0.569166	0.304202	0.555556	0.333333	0	-0.111111	0.037037	0	0.5925925925925926	0.2962962962962963	-0.037037037037037035	0.	0.	-0.037037037037037035	1	2	0	0	2	1	0	1	2	0	0	1
1	0	0.5952	0.244826	0.592593	0.222222	0.037037	0	0	0.111111	0.5925925925925926	0.2222222222222222	0.037037037037037035	0.	0.	0.037037037037037035	1	2	1	0	2	0	0	1	2	0	1	0
1	0	0.63184	0.283295	0.62963	0.333333	0	-0.111111	0.037037	0	0.6296296296296297	0.3333333333333333	0.	-0.037037037037037035	0.037037037037037035	0.	1	2	2	0	2	2	0	1	2	0	2	0
1	0	0.649361	0.212762	0.666667	0.222222	-0.111111	0	0	-0.037037	0.6666666666666666	0.2222222222222222	-0.037037037037037035	0.	0.	-0.037037037037037035	1	2	2	0	1	2	0	1	2	1	0	0
1	0	0.58792	0.157865	0.555556	0.185185	0	-0.037037	0.111111	0	0.5555555555555556	0.18518518518518517	0.	-0.037037037037037035	0.037037037037037035	0.	1	2	0	0	1	1	0	1	2	1	1	0
1	0	0.621072	0.148085	0.666667	0.148148	-0.111111	0	0	-0.037037	0.6666666666666666	0.14814814814814814	-0.037037037037037035	0.	0.	-0.037037037037037035	1	2	2	0	1	0	0	1	2	1	2	0
1	0	0.578251	0.103027	0.555556	0.111111	0	-0.111111	0.037037	0	0.5555555555555556	0.1111111111111111	0.	-0.037037037037037035	0.037037037037037035	0.	1	2	0	0	0	2	0	1	2	2	0	0
1	0	0.607467	0.0163087	0.592593	0	0.037037	0	0	0.111111	0.5925925925925926	0.	0.037037037037037035	0.	0.	0.037037037037037035	1	2	1	0	0	0	0	1	2	2	1	0
1	0	0.642235	0.0942998	0.62963	0.111111	0	-0.111111	0.037037	0	0.6296296296296297	0.1111111111111111	0.	-0.037037037037037035	0.037037037037037035	0.	1	2	2	0	0	2	0	1	2	2	2	0
1	0	0.691664	0.036909	0.666667	0	0.111111	0	0	0.037037	0.6666666666666666	0.	0.037037037037037035	0.	0.	0.037037037037037035	2	0	0	0	0	0	0	2	0	0	0	0
1	0	0.720735	0.00230648	0.666667	0	0.111111	0	0	0.037037	0.7037037037037037	0.037037037037037035	0.	-0.037037037037037035	0.037037037037037035	0.	2	0	1	0	0	0	0	2	0	0	0	1
1	0	0.744751	0.0687284	0.777778	0.037037	0	0.037037	-0.111111	0	0.7777777777777778	0.037037037037037035	0.	0.037037037037037035	-0.037037037037037035	0.	2	0	2	0	0	1	0	2	0	0	1	0
1	0	0.666704	0.0808461	0.666667	0.0740741	0.111111	0	0	0.037037	0.6666666666666666	0.07407407407407407	0.037037037037037035	0.	0.	0.037037037037037035	2	0	0	0	0	2	0	2	0	0	2	0
1	0	0.795378	0.111084	0.777778	0.111111	0	-0.111111	0.037037	0	0.7777777777777778	0.1111111111111111	0.	-0.037037037037037035	0.037037037037037035	0.	2	1	0	0	0	2	0	2	0	1	0	0
1	0	0.786477	0.0515113	0.777778	0.111111	0	-0.111111	0.037037	0	0.8148148148148148	0.07407407407407407	-0.037037037037037035	0.	0.	-0.037037037037037035	2	1	0	0	0	1	0	2	0	1	0	1
1	0	0.834779	0.00980216	0.814815	0	0.037037	0	0	0.111111	0.8148148148148148	0.	0.037037037037037035	0.	0.	0.037037037037037035	2	1	1	0	0	0	0	2	0	1	1	0
1	0	0.87262	0.108992	0.851852	0.111111	0	-0.111111	0.037037	0	0.8518518518518519	0.1111111111111111	0.	-0.037037037037037035	0.037037037037037035	0.	2	1	2	0	0	2	0	2	0	1	2	0
1	0	0.894819	0.028798	0.888889	0	0.111111	0	0	0.037037	0.8888888888888888	0.	0.037037037037037035	0.	0.	0.037037037037037035	2	2	0	0	0	0	0	2	0	2	0	0
1	0	0.955379	0.0573439	1	0.037037	0	0.037037	-0.111111	0	1.	0.037037037037037035	0.	0.037037037037037035	-0.037037037037037035	0.	2	2	2	0	0	1	0	2	0	2	1	0
1	0	0.918024	0.0828646	0.888889	0.0740741	0.111111	0	0	0.037037	0.8888888888888888	0.07407407407407407	0.037037037037037035	0.	0.	0.037037037037037035	2	2	0	0	0	2	0	2	0	2	2	0
1	0	0.976761	0.122269	1	0.111111	0	0.111111	-0.037037	0	1.	0.1111111111111111	0.	0.037037037037037035	-0.037037037037037035	0.	2	2	2	0	1	0	0	2	1	0	0	0
1	0	0.995281	0.172658	1	0.111111	0	0.111111	-0.037037	0	0.9629629629629629	0.14814814814814814	0.037037037037037035	0.	0.	0.037037037037037035	2	2	2	0	1	1	0	2	1	0	0	1
1	0	0.946588	0.151655	0.962963	0.222222	-0.037037	0	0	-0.111111	0.9629629629629629	0.2222222222222222	-0.037037037037037035	0.	0.	-0.037037037037037035	2	2	1	0	1	2	0	2	1	0	1	0
1	0	0.925908	0.206241	0.925926	0.111111	0	0.111111	-0.037037	0	0.9259259259259259	0.1111111111111111	0.	0.037037037037037035	-0.037037037037037035	0.	2	2	0	0	1	0	0	2	1	0	2	0
1	0	0.878808	0.199933	0.888889	0.222222	-0.111111	0	0	-0.037037	0.8888888888888888	0.2222222222222222	-0.037037037037037035	0.	0.	-0.037037037037037035	2	1	2	0	1	2	0	2	1	1	0	0
1	0	0.803693	0.16502	0.777778	0.185185	0	-0.037037	0.111111	0	0.7777777777777778	0.18518518518518517	0.	-0.037037037037037035	0.037037037037037035	0.	2	1	0	0	1	1	0	2	1	1	1	0
1	0	0.853013	0.136919	0.888889	0.148148	-0.111111	0	0	-0.037037	0.8888888888888888	0.14814814814814814	-0.037037037037037035	0.	0.	-0.037037037037037035	2	1	2	0	1	0	0	2	1	1	2	0
1	0	0.777737	0.177328	0.777778	0.111111	0	0.111111	-0.037037	0	0.7777777777777778	0.1111111111111111	0.	0.037037037037037035	-0.037037037037037035	0.	2	0	2	0	1	0	0	2	1	2	0	0
1	0	0.732064	0.184997	0.740741	0.222222	-0.037037	0	0	-0.111111	0.7407407407407407	0.2222222222222222	-0.037037037037037035	0.	0.	-0.037037037037037035	2	0	1	0	1	2	0	2	1	2	1	0
1	0	0.685153	0.129535	0.703704	0.111111	0	0.111111	-0.037037	0	0.7037037037037037	0.1111111111111111	0.	0.037037037037037035	-0.037037037037037035	0.	2	0	0	0	1	0	0	2	1	2	2	0
1	0	0.677252	0.259137	0.666667	0.222222	0.111111	0	0	0.037037	0.6666666666666666	0.2222222222222222	0.037037037037037035	0.	0.	0.037037037037037035	2	0	0	0	2	0	0	2	2	0	0	0
1	0	0.707721	0.225577	0.666667	0.222222	0.111111	0	0	0.037037	0.7037037037037037	0.25925925925925924	0.	-0.037037037037037035	0.037037037037037035	0.	2	0	1	0	2	0	0	2	2	0	0	1
1	0	0.769203	0.290901	0.777778	0.259259	0	0.037037	-0.111111	0	0.7777777777777778	0.25925925925925924	0.	0.037037037037037035	-0.037037037037037035	0.	2	0	2	0	2	1	0	2	2	0	1	0
1	0	0.749479	0.330693	0.666667	0.296296	0.111111	0	0	0.037037	0.6666666666666666	0.2962962962962963	0.037037037037037035	0.	0.	0.037037037037037035	2	0	0	0	2	2	0	2	2	0	2	0
1	0	0.812548	0.237187	0.777778	0.333333	0	-0.111111	0.037037	0	0.7777777777777778	0.3333333333333333	0.	-0.037037037037037035	0.037037037037037035	0.	2	1	0	0	2	2	0	2	2	1	0	0
1	0	0.826614	0.275278	0.814815	0.222222	0.037037	0	0	0.111111	0.8148148148148148	0.2222222222222222	0.037037037037037035	0.	0.	0.037037037037037035	2	1	1	0	2	0	0	2	2	1	1	0
1	0	0.885981	0.311848	0.851852	0.333333	0	-0.111111	0.037037	0	0.8518518518518519	0.3333333333333333	0.	-0.037037037037037035	0.037037037037037035	0.	2	1	2	0	2	2	0	2	2	1	2	0
1	0	0.900887	0.252076	0.888889	0.222222	0.111111	0	0	0.037037	0.8888888888888888	0.2222222222222222	0.037037037037037035	0.	0.	0.037037037037037035	2	2	0	0	2	0	0	2	2	2	0	0
1	0	0.984762	0.261325	1	0.259259	0	0.037037	-0.111111	0	1.	0.25925925925925924	0.	0.037037037037037035	-0.037037037037037035	0.	2	2	2	0	2	1	0	2	2	2	1	0
1	0	0.935218	0.297475	0.888889	0.296296	0.111111	0	0	0.037037	0.8888888888888888	0.2962962962962963	0.037037037037037035	0.	0.	0.037037037037037035	2	2	0	0	2	2	0	2	2	2	2	0
1	0	0.990483	0.4136	1	0.333333	0	0.111111	-0.037037	0	1.	0.3333333333333333	0.	0.037037037037037035	-0.037037037037037035	0.	2	2	2	1	0	0	1	0	0	0	0	0
1	0	0.970528	0.437297	1	0.333333	0	0.111111	-0.037037	0	0.9629629629629629	0.37037037037037035	0.037037037037037035	0.	0.	0.037037037037037035	2	2	2	1	0	1	1	0	0	0	0	1
1	0	0.960171	0.355567	0.962963	0.444444	-0.037037	0	0	-0.111111	0.9629629629629629	0.4444444444444444	-0.037037037037037035	0.	0.	-0.037037037037037035	2	2	1	1	0	2	1	0	0	0	1	0
1	0	0.923326	0.389058	0.925926	0.333333	0	0.111111	-0.037037	0	0.9259259259259259	0.3333333333333333	0.	0.037037037037037035	-0.037037037037037035	0.	2	2	0	1	0	0	1	0	0	0	2	0
1	0	0.90966	0.4813	0.888889	0.444444	0.111111	0	0	0.037037	0.8888888888888888	0.4444444444444444	0.037037037037037035	0.	0.	0.037037037037037035	2	2	0	1	1	0	1	0	0	1	0	0
1	0	0.904876	0.473375	0.888889	0.444444	0.111111	0	0	0.037037	0.9259259259259259	0.48148148148148145	0.	-0.037037037037037035	0.037037037037037035	0.	2	2	1	1	1	0	1	0	0	1	0	1
1	0	0.965866	0.517457	1	0.481481	0	0.037037	-0.111111	0	1.	0.48148148148148145	0.	0.037037037037037035	-0.037037037037037035	0.	2	2	2	1	1	1	1	0	0	1	1	0
1	0	0.938735	0.549883	0.888889	0.518519	0.111111	0	0	0.037037	0.8888888888888888	0.5185185185185185	0.037037037037037035	0.	0.	0.037037037037037035	2	2	0	1	1	2	1	0	0	1	2	0
1	0	0.998948	0.62617	1	0.555556	0	0.111111	-0.037037	0	1.	0.5555555555555556	0.	0.037037037037037035	-0.037037037037037035	0.	2	2	2	1	2	0	1	0	0	2	0	0
1	0	0.95082	0.664616	0.962963	0.666667	-0.037037	0	0	-0.111111	0.9629629629629629	0.6666666666666666	-0.037037037037037035	0.	0.	-0.037037037037037035	2	2	1	1	2	2	1	0	0	2	1	0
1	0	0.890482	0.598132	0.925926	0.555556	0	0.111111	-0.037037	0	0.9259259259259259	0.5555555555555556	0.	0.037037037037037035	-0.037037037037037035	0.	2	2	0	1	2	0	1	0	0	2	2	0
1	0	0.869924	0.636363	0.888889	0.666667	-0.111111	0	0	-0.037037	0.8888888888888888	0.6666666666666666	-0.037037037037037035	0.	0.	-0.037037037037037035	2	1	2	1	2	2	1	0	1	0	0	0
1	0	0.816191	0.651471	0.888889	0.666667	-0.111111	0	0	-0.037037	0.8518518518518519	0.6296296296296297	0.	0.037037037037037035	-0.037037037037037035	0.	2	1	1	1	2	2	1	0	1	0	0	1
1	0	0.790874	0.620968	0.777778	0.62963	0	-0.037037	0.111111	0	0.7777777777777778	0.6296296296296297	0.	-0.037037037037037035	0.037037037037037035	0.	2	1	0	1	2	1	1	0	1	0	1	0
1	0	0.843081	0.583408	0.888889	0.592593	-0.111111	0	0	-0.037037	0.8888888888888888	0.5925925925925926	-0.037037037037037035	0.	0.	-0.037037037037037035	2	1	2	1	2	0	1	0	1	0	2	0
1	0	0.80729	0.538336	0.777778	0.555556	0	-0.111111	0.037037	0	0.7777777777777778	0.5555555555555556	0.	-0.037037037037037035	0.037037037037037035	0.	2	1	0	1	1	2	1	0	1	1	0	0
1	0	0.838621	0.451347	0.814815	0.444444	0.037037	0	0	0.111111	0.8148148148148148	0.4444444444444444	0.037037037037037035	0.	0.	0.037037037037037035	2	1	1	1	1	0	1	0	1	1	1	0
1	0	0.857896	0.506599	0.851852	0.555556	0	-0.111111	0.037037	0	0.8518518518518519	0.5555555555555556	0.	-0.037037037037037035	0.037037037037037035	0.	2	1	2	1	1	2	1	0	1	1	2	0
1	0	0.847504	0.423246	0.888889	0.444444	-0.111111	0	0	-0.037037	0.8888888888888888	0.4444444444444444	-0.037037037037037035	0.	0.	-0.037037037037037035	2	1	2	1	0	2	1	0	1	2	0	0
1	0	0.820083	0.378247	0.777778	0.407407	0	-0.037037	0.111111	0	0.7777777777777778	0.4074074074074074	0.	-0.037037037037037035	0.037037037037037035	0.	2	1	0	1	0	1	1	0	1	2	1	0
1	0	0.864805	0.338126	0.888889	0.37037	-0.111111	0	0	-0.037037	0.8888888888888888	0.37037037037037035	-0.037037037037037035	0.	0.	-0.037037037037037035	2	1	2	1	0	0	1	0	1	2	2	0
1	0	0.764234	0.345316	0.777778	0.333333	0	0.111111	-0.037037	0	0.7777777777777778	0.3333333333333333	0.	0.037037037037037035	-0.037037037037037035	0.	2	0	2	1	0	0	1	0	2	0	0	0
1	0	0.756634	0.391262	0.777778	0.333333	0	0.111111	-0.037037	0	0.7407407407407407	0.37037037037037035	0.037037037037037035	0.	0.	0.037037037037037035	2	0	2	1	0	1	1	0	2	0	0	1
1	0	0.713191	0.420154	0.740741	0.444444	-0.037037	0	0	-0.111111	0.7407407407407407	0.4444444444444444	-0.037037037037037035	0.	0.	-0.037037037037037035	2	0	1	1	0	2	1	0	2	0	1	0
1	0	0.696231	0.366368	0.703704	0.333333	0	0.111111	-0.037037	0	0.7037037037037037	0.3333333333333333	0.	0.037037037037037035	-0.037037037037037035	0.	2	0	0	1	0	0	1	0	2	0	2	0
1	0	0.725756	0.458739	0.666667	0.444444	0.111111	0	0	0.037037	0.6666666666666666	0.4444444444444444	0.037037037037037035	0.	0.	0.037037037037037035	2	0	0	1	1	0	1	0	2	1	0	0
1	0	0.774823	0.490905	0.777778	0.481481	0	0.037037	-0.111111	0	0.7777777777777778	0.48148148148148145	0.	0.037037037037037035	-0.037037037037037035	0.	2	0	2	1	1	1	1	0	2	1	1	0
1	0	0.673163	0.518716	0.666667	0.518519	0.111111	0	0	0.037037	0.6666666666666666	0.5185185185185185	0.037037037037037035	0.	0.	0.037037037037037035	2	0	0	1	1	2	1	0	2	1	2	0
1	0	0.740857	0.559221	0.777778	0.555556	0	0.111111	-0.037037	0	0.7777777777777778	0.5555555555555556	0.	0.037037037037037035	-0.037037037037037035	0.	2	0	2	1	2	0	1	0	2	2	0	0
1	0	0.736203	0.605115	0.740741	0.666667	-0.037037	0	0	-0.111111	0.7407407407407407	0.6666666666666666	-0.037037037037037035	0.	0.	-0.037037037037037035	2	0	1	1	2	2	1	0	2	2	1	0
1	0	0.702952	0.555569	0.703704	0.555556	0	0.111111	-0.037037	0	0.7037037037037037	0.5555555555555556	0.	0.037037037037037035	-0.037037037037037035	0.	2	0	0	1	2	0	1	0	2	2	2	0
1	0	0.653342	0.659131	0.666667	0.666667	-0.111111	0	0	-0.037037	0.6666666666666666	0.6666666666666666	-0.037037037037037035	0.	0.	-0.037037037037037035	1	2	2	1	2	2	1	1	0	0	0	0
1	0	0.603953	0.648205	0.666667	0.666667	-0.111111	0	0	-0.037037	0.6296296296296297	0.6296296296296297	0.	0.037037037037037035	-0.037037037037037035	0.	1	2	1	1	2	2	1	1	0	0	0	1
1	0	0.556319	0.608352	0.555556	0.62963	0	-0.037037	0.111111	0	0.5555555555555556	0.6296296296296297	0.	-0.037037037037037035	0.037037037037037035	0.	1	2	0	1	2	1	1	1	0	0	1	0
1	0	0.635804	0.571275	0.666667	0.592593	-0.111111	0	0	-0.037037	0.6666666666666666	0.5925925925925926	-0.037037037037037035	0.	0.	-0.037037037037037035	1	2	2	1	2	0	1	1	0	0	2	0
1	0	0.551893	0.585995	0.555556	0.555556	0	0.111111	-0.037037	0	0.5555555555555556	0.5555555555555556	0.	0.037037037037037035	-0.037037037037037035	0.	1	1	2	1	2	0	1	1	0	1	0	0
1	0	0.538477	0.624264	0.555556	0.555556	0	0.111111	-0.037037	0	0.5185185185185185	0.5925925925925926	0.037037037037037035	0.	0.	0.037037037037037035	1	1	2	1	2	1	1	1	0	1	0	1
1	0	0.496913	0.639791	0.518519	0.666667	-0.037037	0	0	-0.111111	0.5185185185185185	0.6666666666666666	-0.037037037037037035	0.	0.	-0.037037037037037035	1	1	1	1	2	2	1	1	0	1	1	0
1	0	0.478373	0.595082	0.481481	0.555556	0	0.111111	-0.037037	0	0.48148148148148145	0.5555555555555556	0.	0.037037037037037035	-0.037037037037037035	0.	1	1	0	1	2	0	1	1	0	1	2	0
1	0	0.397868	0.662633	0.444444	0.666667	-0.111111	0	0	-0.037037	0.4444444444444444	0.6666666666666666	-0.037037037037037035	0.	0.	-0.037037037037037035	1	0	2	1	2	2	1	1	0	2	0	0
1	0	0.339315	0.612527	0.333333	0.62963	0	-0.037037	0.111111	0	0.3333333333333333	0.6296296296296297	0.	-0.037037037037037035	0.037037037037037035	0.	1	0	0	1	2	1	1	1	0	2	1	0
1	0	0.436087	0.575283	0.444444	0.592593	-0.111111	0	0	-0.037037	0.4444444444444444	0.5925925925925926	-0.037037037037037035	0.	0.	-0.037037037037037035	1	0	2	1	2	0	1	1	0	2	2	0
1	0	0.369393	0.552211	0.333333	0.555556	0	-0.111111	0.037037	0	0.3333333333333333	0.5555555555555556	0.	-0.037037037037037035	0.037037037037037035	0.	1	0	0	1	1	2	1	1	1	0	0	0
1	0	0.356114	0.482116	0.333333	0.555556	0	-0.111111	0.037037	0	0.37037037037037035	0.5185185185185185	-0.037037037037037035	0.	0.	-0.037037037037037035	1	0	0	1	1	1	1	1	1	0	0	1
1	0	0.394571	0.487023	0.37037	0.444444	0.037037	0	0	0.111111	0.37037037037037035	0.4444444444444444	0.037037037037037035	0.	0.	0.037037037037037035	1	0	1	1	1	0	1	1	1	0	1	0
1	0	0.414906	0.534741	0.407407	0.555556	0	-0.111111	0.037037	0	0.4074074074074074	0.5555555555555556	0.	-0.037037037037037035	0.037037037037037035	0.	1	0	2	1	1	2	1	1	1	0	2	0
1	0	0.492917	0.466818	0.444444	0.444444	0.111111	0	0	0.037037	0.4444444444444444	0.4444444444444444	0.037037037037037035	0.	0.	0.037037037037037035	1	1	0	1	1	0	1	1	1	1	0	0
1	0	0.520261	0.493614	0.555556	0.481481	0	0.037037	-0.111111	0	0.5555555555555556	0.48148148148148145	0.	0.037037037037037035	-0.037037037037037035	0.	1	1	2	1	1	1	1	1	1	1	1	0
1	0	0.454186	0.546396	0.444444	0.518519	0.111111	0	0	0.037037	0.4444444444444444	0.5185185185185185	0.037037037037037035	0.	0.	0.037037037037037035	1	1	0	1	1	2	1	1	1	1	2	0
1	0	0.56512	0.509272	0.555556	0.555556	0	-0.111111	0.037037	0	0.5555555555555556	0.5555555555555556	0.	-0.037037037037037035	0.037037037037037035	0.	1	2	0	1	1	2	1	1	1	2	0	0
1	0	0.613713	0.471328	0.592593	0.444444	0.037037	0	0	0.111111	0.5925925925925926	0.4444444444444444	0.037037037037037035	0.	0.	0.037037037037037035	1	2	1	1	1	0	1	1	1	2	1	0
1	0	0.66165	0.526442	0.62963	0.555556	0	-0.111111	0.037037	0	0.6296296296296297	0.5555555555555556	0.	-0.037037037037037035	0.037037037037037035	0.	1	2	2	1	1	2	1	1	1	2	2	0
1	0	0.65705	0.411557	0.666667	0.444444	-0.111111	0	0	-0.037037	0.6666666666666666	0.4444444444444444	-0.037037037037037035	0.	0.	-0.037037037037037035	1	2	2	1	0	2	1	1	2	0	0	0
1	0	0.59999	0.4439	0.666667	0.444444	-0.111111	0	0	-0.037037	0.6296296296296297	0.4074074074074074	0.	0.037037037037037035	-0.037037037037037035	0.	1	2	1	1	0	2	1	1	2	0	0	1
1	0	0.574161	0.407187	0.555556	0.407407	0	-0.037037	0.111111	0	0.5555555555555556	0.4074074074074074	0.	-0.037037037037037035	0.037037037037037035	0.	1	2	0	1	0	1	1	1	2	0	1	0
1	0	0.626372	0.358095	0.666667	0.37037	-0.111111	0	0	-0.037037	0.6666666666666666	0.37037037037037035	-0.037037037037037035	0.	0.	-0.037037037037037035	1	2	2	1	0	0	1	1	2	0	2	0
1	0	0.547422	0.375133	0.555556	0.333333	0	0.111111	-0.037037	0	0.5555555555555556	0.3333333333333333	0.	0.037037037037037035	-0.037037037037037035	0.	1	1	2	1	0	0	1	1	2	1	0	0
1	0	0.50921	0.429869	0.518519	0.444444	-0.037037	0	0	-0.111111	0.5185185185185185	0.4444444444444444	-0.037037037037037035	0.	0.	-0.037037037037037035	1	1	1	1	0	2	1	1	2	1	1	0
1	0	0.466154	0.342051	0.481481	0.333333	0	0.111111	-0.037037	0	0.48148148148148145	0.3333333333333333	0.	0.037037037037037035	-0.037037037037037035	0.	1	1	0	1	0	0	1	1	2	1	2	0
1	0	0.42745	0.444429	0.444444	0.444444	-0.111111	0	0	-0.037037	0.4444444444444444	0.4444444444444444	-0.037037037037037035	0.	0.	-0.037037037037037035	1	0	2	1	0	2	1	1	2	2	0	0
1	0	0.351636	0.404735	0.333333	0.407407	0	-0.037037	0.111111	0	0.3333333333333333	0.4074074074074074	0.	-0.037037037037037035	0.037037037037037035	0.	1	0	0	1	0	1	1	1	2	2	1	0
1	0	0.404518	0.348642	0.444444	0.37037	-0.111111	0	0	-0.037037	0.4444444444444444	0.37037037037037035	-0.037037037037037035	0.	0.	-0.037037037037037035	1	0	2	1	0	0	1	1	2	2	2	0
1	0	0.296317	0.435164	0.333333	0.333333	0	0.111111	-0.037037	0	0.3333333333333333	0.3333333333333333	0.	0.037037037037037035	-0.037037037037037035	0.	0	2	2	1	0	0	1	2	0	0	0	0
1	0	0.330014	0.386109	0.333333	0.333333	0	0.111111	-0.037037	0	0.2962962962962963	0.37037037037037035	0.037037037037037035	0.	0.	0.037037037037037035	0	2	2	1	0	1	1	2	0	0	0	1
1	0	0.265191	0.416532	0.296296	0.444444	-0.037037	0	0	-0.111111	0.2962962962962963	0.4444444444444444	-0.037037037037037035	0.	0.	-0.037037037037037035	0	2	1	1	0	2	1	2	0	0	1	0
1	0	0.253841	0.399637	0.259259	0.333333	0	0.111111	-0.037037	0	0.25925925925925924	0.3333333333333333	0.	0.037037037037037035	-0.037037037037037035	0.	0	2	0	1	0	0	1	2	0	0	2	0
1	0	0.224651	0.45519	0.222222	0.444444	0.111111	0	0	0.037037	0.2222222222222222	0.4444444444444444	0.037037037037037035	0.	0.	0.037037037037037035	0	2	0	1	1	0	1	2	0	1	0	0
1	0	0.278008	0.498104	0.333333	0.481481	0	0.037037	-0.111111	0	0.3333333333333333	0.48148148148148145	0.	0.037037037037037035	-0.037037037037037035	0.	0	2	2	1	1	1	1	2	0	1	1	0
1	0	0.289913	0.522287	0.222222	0.518519	0.111111	0	0	0.037037	0.2222222222222222	0.5185185185185185	0.037037037037037035	0.	0.	0.037037037037037035	0	2	0	1	1	2	1	2	0	1	2	0
1	0	0.305422	0.56727	0.333333	0.555556	0	0.111111	-0.037037	0	0.3333333333333333	0.5555555555555556	0.	0.037037037037037035	-0.037037037037037035	0.	0	2	2	1	2	0	1	2	0	2	0	0
1	0	0.273728	0.628508	0.296296	0.666667	-0.037037	0	0	-0.111111	0.2962962962962963	0.6666666666666666	-0.037037037037037035	0.	0.	-0.037037037037037035	0	2	1	1	2	2	1	2	0	2	1	0
1	0	0.234636	0.579945	0.259259	0.555556	0	0.111111	-0.037037	0	0.25925925925925924	0.5555555555555556	0.	0.037037037037037035	-0.037037037037037035	0.	0	2	0	1	2	0	1	2	0	2	2	0
1	0	0.220724	0.644628	0.222222	0.666667	-0.111111	0	0	-0.037037	0.2222222222222222	0.6666666666666666	-0.037037037037037035	0.	0.	-0.037037037037037035	0	1	2	1	2	2	1	2	1	0	0	0
1	0	0.154682	0.633804	0.222222	0.666667	-0.111111	0	0	-0.037037	0.18518518518518517	0.6296296296296297	0.	0.037037037037037035	-0.037037037037037035	0.	0	1	1	1	2	2	1	2	1	0	0	1
1	0	0.116672	0.600821	0.111111	0.62963	0	-0.037037	0.111111	0	0.1111111111111111	0.6296296296296297	0.	-0.037037037037037035	0.037037037037037035	0.	0	1	0	1	2	1	1	2	1	0	1	0
1	0	0.179287	0.590388	0.222222	0.592593	-0.111111	0	0	-0.037037	0.2222222222222222	0.5925925925925926	-0.037037037037037035	0.	0.	-0.037037037037037035	0	1	2	1	2	0	1	2	1	0	2	0
1	0	0.140737	0.530248	0.111111	0.555556	0	-0.111111	0.037037	0	0.1111111111111111	0.5555555555555556	0.	-0.037037037037037035	0.037037037037037035	0.	0	1	0	1	1	2	1	2	1	1	0	0
1	0	0.150449	0.463069	0.148148	0.444444	0.037037	0	0	0.111111	0.14814814814814814	0.4444444444444444	0.037037037037037035	0.	0.	0.037037037037037035	0	1	1	1	1	0	1	2	1	1	1	0
1	0	0.20637	0.513687	0.185185	0.555556	0	-0.111111	0.037037	0	0.18518518518518517	0.5555555555555556	0.	-0.037037037037037035	0.037037037037037035	0.	0	1	2	1	1	2	1	2	1	1	2	0
1	0	0.211418	0.440683	0.222222	0.444444	-0.111111	0	0	-0.037037	0.2222222222222222	0.4444444444444444	-0.037037037037037035	0.	0.	-0.037037037037037035	0	1	2	1	0	2	1	2	1	2	0	0
1	0	0.128797	0.394834	0.111111	0.407407	0	-0.037037	0.111111	0	0.1111111111111111	0.4074074074074074	0.	-0.037037037037037035	0.037037037037037035	0.	0	1	0	1	0	1	1	2	1	2	1	0
1	0	0.183368	0.361872	0.222222	0.37037	-0.111111	0	0	-0.037037	0.2222222222222222	0.37037037037037035	-0.037037037037037035	0.	0.	-0.037037037037037035	0	1	2	1	0	0	1	2	1	2	2	0
1	0	0.0908485	0.352655	0.111111	0.333333	0	0.111111	-0.037037	0	0.1111111111111111	0.3333333333333333	0.	0.037037037037037035	-0.037037037037037035	0.	0	0	2	1	0	0	1	2	2	0	0	0
1	0	0.0740741	0.37037	0.111111	0.333333	0	0.111111	-0.037037	0	0.07407407407407407	0.37037037037037035	0.037037037037037035	0.	0.	0.037037037037037035	0	0	2	1	0	1	1	2	2	0	0	1
1	0	0.0690844	0.426105	0.0740741	0.444444	-0.037037	0	0	-0.111111	0.07407407407407407	0.4444444444444444	-0.037037037037037035	0.	0.	-0.037037037037037035	0	0	1	1	0	2	1	2	2	0	1	0
1	0	0.0195454	0.381889	0.037037	0.333333	0	0.111111	-0.037037	0	0.037037037037037035	0.3333333333333333	0.	0.037037037037037035	-0.037037037037037035	0.	0	0	0	1	0	0	1	2	2	0	2	0
1	0	0.0473099	0.476594	0	0.444444	0.111111	0	0	0.037037	0.	0.4444444444444444	0.037037037037037035	0.	0.	0.037037037037037035	0	0	0	1	1	0	1	2	2	1	0	0
1	0	0.0854802	0.503541	0.111111	0.481481	0	0.037037	-0.111111	0	0.1111111111111111	0.48148148148148145	0.	0.037037037037037035	-0.037037037037037035	0.	0	0	2	1	1	1	1	2	2	1	1	0
1	0	0.0319966	0.541993	0	0.518519	0.111111	0	0	0.037037	0.	0.5185185185185185	0.037037037037037035	0.	0.	0.037037037037037035	0	0	0	1	1	2	1	2	2	1	2	0
1	0	0.102472	0.617272	0.111111	0.555556	0	0.111111	-0.037037	0	0.1111111111111111	0.5555555555555556	0.	0.037037037037037035	-0.037037037037037035	0.	0	0	2	1	2	0	1	2	2	2	0	0
1	0	0.0513893	0.65444	0.0740741	0.666667	-0.037037	0	0	-0.111111	0.07407407407407407	0.6666666666666666	-0.037037037037037035	0.	0.	-0.037037037037037035	0	0	1	1	2	2	1	2	2	2	1	0
1	0	0.00797491	0.562119	0.037037	0.555556	0	0.111111	-0.037037	0	0.037037037037037035	0.5555555555555556	0.	0.037037037037037035	-0.037037037037037035	0.	0	0	0	1	2	0	1	2	2	2	2	0
1	0	0.0236359	0.688913	0	0.666667	0.111111	0	0	0.037037	0.	0.6666666666666666	0.037037037037037035	0.	0.	0.037037037037037035	0	0	0	2	0	0	2	0	0	0	0	0
1	0	0.0988177	0.703101	0	0.666667	0.111111	0	0	0.037037	0.037037037037037035	0.7037037037037037	0.	-0.037037037037037035	0.037037037037037035	0.	0	0	1	2	0	0	2	0	0	0	0	1
1	0	0.0592297	0.735602	0.111111	0.703704	0	0.037037	-0.111111	0	0.1111111111111111	0.7037037037037037	0.	0.037037037037037035	-0.037037037037037035	0.	0	0	2	2	0	1	2	0	0	0	1	0
1	0	0.0155262	0.777726	0	0.740741	0.111111	0	0	0.037037	0.	0.7407407407407407	0.037037037037037035	0.	0.	0.037037037037037035	0	0	0	2	0	2	2	0	0	0	2	0
1	0	0.125284	0.769719	0.111111	0.777778	0	-0.111111	0.037037	0	0.1111111111111111	0.7777777777777778	0.	-0.037037037037037035	0.037037037037037035	0.	0	1	0	2	0	2	2	0	0	1	0	0
1	0	0.137421	0.713658	0.111111	0.777778	0	-0.111111	0.037037	0	0.14814814814814814	0.7407407407407407	-0.037037037037037035	0.	0.	-0.037037037037037035	0	1	0	2	0	1	2	0	0	1	0	1
1	0	0.164875	0.681512	0.148148	0.666667	0.037037	0	0	0.111111	0.14814814814814814	0.6666666666666666	0.037037037037037035	0.	0.	0.037037037037037035	0	1	1	2	0	0	2	0	0	1	1	0
1	0	0.192201	0.754561	0.185185	0.777778	0	-0.111111	0.037037	0	0.18518518518518517	0.7777777777777778	0.	-0.037037037037037035	0.037037037037037035	0.	0	1	2	2	0	2	2	0	0	1	2	0
1	0	0.249995	0.675734	0.222222	0.666667	0.111111	0	0	0.037037	0.2222222222222222	0.6666666666666666	0.037037037037037035	0.	0.	0.037037037037037035	0	2	0	2	0	0	2	0	0	2	0	0
1	0	0.319886	0.729149	0.333333	0.703704	0	0.037037	-0.111111	0	0.3333333333333333	0.7037037037037037	0.	0.037037037037037035	-0.037037037037037035	0.	0	2	2	2	0	1	2	0	0	2	1	0
1	0	0.281551	0.761957	0.222222	0.740741	0.111111	0	0	0.037037	0.2222222222222222	0.7407407407407407	0.037037037037037035	0.	0.	0.037037037037037035	0	2	0	2	0	2	2	0	0	2	2	0
1	0	0.308085	0.830275	0.333333	0.777778	0	0.111111	-0.037037	0	0.3333333333333333	0.7777777777777778	0.	0.037037037037037035	-0.037037037037037035	0.	0	2	2	2	1	0	2	0	1	0	0	0
1	0	0.296606	0.818932	0.333333	0.777778	0	0.111111	-0.037037	0	0.2962962962962963	0.8148148148148148	0.037037037037037035	0.	0.	0.037037037037037035	0	2	2	2	1	1	2	0	1	0	0	1
1	0	0.259307	0.865815	0.296296	0.888889	-0.037037	0	0	-0.111111	0.2962962962962963	0.8888888888888888	-0.037037037037037035	0.	0.	-0.037037037037037035	0	2	1	2	1	2	2	0	1	0	1	0
1	0	0.241716	0.805566	0.259259	0.777778	0	0.111111	-0.037037	0	0.25925925925925924	0.7777777777777778	0.	0.037037037037037035	-0.037037037037037035	0.	0	2	0	2	1	0	2	0	1	0	2	0
1	0	0.161531	0.886002	0.222222	0.888889	-0.111111	0	0	-0.037037	0.2222222222222222	0.8888888888888888	-0.037037037037037035	0.	0.	-0.037037037037037035	0	1	2	2	1	2	2	0	1	1	0	0
1	0	0.176053	0.835561	0.111111	0.851852	0	-0.037037	0.111111	0	0.1111111111111111	0.8518518518518519	0.	-0.037037037037037035	0.037037037037037035	0.	0	1	0	2	1	1	2	0	1	1	1	0
1	0	0.199903	0.799984	0.222222	0.814815	-0.111111	0	0	-0.037037	0.2222222222222222	0.8148148148148148	-0.037037037037037035	0.	0.	-0.037037037037037035	0	1	2	2	1	0	2	0	1	1	2	0
1	0	0.077877	0.791889	0.111111	0.777778	0	0.111111	-0.037037	0	0.1111111111111111	0.7777777777777778	0.	0.037037037037037035	-0.037037037037037035	0.	0	0	2	2	1	0	2	0	1	2	0	0
1	0	0.0664325	0.87561	0.0740741	0.888889	-0.037037	0	0	-0.111111	0.07407407407407407	0.8888888888888888	-0.037037037037037035	0.	0.	-0.037037037037037035	0	0	1	2	1	2	2	0	1	2	1	0
1	0	0.0357715	0.851217	0.037037	0.777778	0	0.111111	-0.037037	0	0.037037037037037035	0.7777777777777778	0.	0.037037037037037035	-0.037037037037037035	0.	0	0	0	2	1	0	2	0	1	2	2	0
1	0	0.00194387	0.900679	0	0.888889	0.111111	0	0	0.037037	0.	0.8888888888888888	0.037037037037037035	0.	0.	0.037037037037037035	0	0	0	2	2	0	2	0	2	0	0	0
1	0	0.110342	0.911218	0	0.888889	0.111111	0	0	0.037037	0.037037037037037035	0.9259259259259259	0.	-0.037037037037037035	0.037037037037037035	0.	0	0	1	2	2	0	2	0	2	0	0	1
1	0	0.0872356	0.941256	0.111111	0.925926	0	0.037037	-0.111111	0	0.1111111111111111	0.9259259259259259	0.	0.037037037037037035	-0.037037037037037035	0.	0	0	2	2	2	1	2	0	2	0	1	0
1	0	0.0603529	0.999999	0	0.962963	0.111111	0	0	0.037037	0.	0.9629629629629629	0.037037037037037035	0.	0.	0.037037037037037035	0	0	0	2	2	2	2	0	2	0	2	0
1	0	0.114554	0.986252	0.111111	1	0	-0.111111	0.037037	0	0.1111111111111111	1.	0.	-0.037037037037037035	0.037037037037037035	0.	0	1	0	2	2	2	2	0	2	1	0	0
1	0	0.148305	0.950333	0.148148	0.888889	0.037037	0	0	0.111111	0.14814814814814814	0.8888888888888888	0.037037037037037035	0.	0.	0.037037037037037035	0	1	1	2	2	0	2	0	2	1	1	0
1	0	0.209455	0.964012	0.185185	1	0	-0.111111	0.037037	0	0.18518518518518517	1.	0.	-0.037037037037037035	0.037037037037037035	0.	0	1	2	2	2	2	2	0	2	1	2	0
1	0	0.326771	0.892949	0.222222	0.888889	0.111111	0	0	0.037037	0.2222222222222222	0.8888888888888888	0.037037037037037035	0.	0.	0.037037037037037035	0	2	0	2	2	0	2	0	2	2	0	0
1	0	0.227237	0.92852	0.333333	0.925926	0	0.037037	-0.111111	0	0.3333333333333333	0.9259259259259259	0.	0.037037037037037035	-0.037037037037037035	0.	0	2	2	2	2	1	2	0	2	2	1	0
1	0	0.255969	0.975785	0.222222	0.962963	0.111111	0	0	0.037037	0.2222222222222222	0.9629629629629629	0.037037037037037035	0.	0.	0.037037037037037035	0	2	0	2	2	2	2	0	2	2	2	0
1	0	0.341812	0.995357	0.333333	1	0	-0.111111	0.037037	0	0.3333333333333333	1.	0.	-0.037037037037037035	0.037037037037037035	0.	1	0	0	2	2	2	2	1	0	0	0	0
1	0	0.33372	0.934241	0.333333	1	0	-0.111111	0.037037	0	0.37037037037037035	0.9629629629629629	-0.037037037037037035	0.	0.	-0.037037037037037035	1	0	0	2	2	1	2	1	0	0	0	1
1	0	0.37078	0.915893	0.37037	0.888889	0.037037	0	0	0.111111	0.37037037037037035	0.8888888888888888	0.037037037037037035	0.	0.	0.037037037037037035	1	0	1	2	2	0	2	1	0	0	1	0
1	0	0.424792	0.981875	0.407407	1	0	-0.111111	0.037037	0	0.4074074074074074	1.	0.	-0.037037037037037035	0.037037037037037035	0.	1	0	2	2	2	2	2	1	0	0	2	0
1	0	0.443413	0.86007	0.444444	0.888889	-0.111111	0	0	-0.037037	0.4444444444444444	0.8888888888888888	-0.037037037037037035	0.	0.	-0.037037037037037035	1	0	2	2	1	2	2	1	0	1	0	0
1	0	0.408442	0.87156	0.444444	0.888889	-0.111111	0	0	-0.037037	0.4074074074074074	0.8518518518518519	0.	0.037037037037037035	-0.037037037037037035	0.	1	0	1	2	1	2	2	1	0	1	0	1
1	0	0.381297	0.840958	0.333333	0.851852	0	-0.037037	0.111111	0	0.3333333333333333	0.8518518518518519	0.	-0.037037037037037035	0.037037037037037035	0.	1	0	0	2	1	1	2	1	0	1	1	0
1	0	0.400688	0.813459	0.444444	0.814815	-0.111111	0	0	-0.037037	0.4444444444444444	0.8148148148148148	-0.037037037037037035	0.	0.	-0.037037037037037035	1	0	2	2	1	0	2	1	0	1	2	0
1	0	0.347617	0.744616	0.333333	0.777778	0	-0.111111	0.037037	0	0.3333333333333333	0.7777777777777778	0.	-0.037037037037037035	0.037037037037037035	0.	1	0	0	2	0	2	2	1	0	2	0	0
1	0	0.373892	0.66818	0.37037	0.666667	0.037037	0	0	0.111111	0.37037037037037035	0.6666666666666666	0.037037037037037035	0.	0.	0.037037037037037035	1	0	1	2	0	0	2	1	0	2	1	0
1	0	0.418464	0.724764	0.407407	0.777778	0	-0.111111	0.037037	0	0.4074074074074074	0.7777777777777778	0.	-0.037037037037037035	0.037037037037037035	0.	1	0	2	2	0	2	2	1	0	2	2	0
1	0	0.469945	0.69366	0.444444	0.666667	0.111111	0	0	0.037037	0.4444444444444444	0.6666666666666666	0.037037037037037035	0.	0.	0.037037037037037035	1	1	0	2	0	0	2	1	1	0	0	0
1	0	0.505772	0.698288	0.444444	0.666667	0.111111	0	0	0.037037	0.48148148148148145	0.7037037037037037	0.	-0.037037037037037035	0.037037037037037035	0.	1	1	1	2	0	0	2	1	1	0	0	1
1	0	0.531028	0.720965	0.555556	0.703704	0	0.037037	-0.111111	0	0.5555555555555556	0.7037037037037037	0.	0.037037037037037035	-0.037037037037037035	0.	1	1	2	2	0	1	2	1	1	0	1	0
1	0	0.446232	0.750672	0.444444	0.740741	0.111111	0	0	0.037037	0.4444444444444444	0.7407407407407407	0.037037037037037035	0.	0.	0.037037037037037035	1	1	0	2	0	2	2	1	1	0	2	0
1	0	0.524085	0.825835	0.555556	0.777778	0	0.111111	-0.037037	0	0.5555555555555556	0.7777777777777778	0.	0.037037037037037035	-0.037037037037037035	0.	1	1	2	2	1	0	2	1	1	1	0	0
1	0	0.517211	0.881698	0.518519	0.888889	-0.037037	0	0	-0.111111	0.5185185185185185	0.8888888888888888	-0.037037037037037035	0.	0.	-0.037037037037037035	1	1	1	2	1	2	2	1	1	1	1	0
1	0	0.462746	0.784536	0.481481	0.777778	0	0.111111	-0.037037	0	0.48148148148148145	0.7777777777777778	0.	0.037037037037037035	-0.037037037037037035	0.	1	1	0	2	1	0	2	1	1	1	2	0
1	0	0.485416	0.923387	0.444444	0.888889	0.111111	0	0	0.037037	0.4444444444444444	0.8888888888888888	0.037037037037037035	0.	0.	0.037037037037037035	1	1	0	2	2	0	2	1	1	2	0	0
1	0	0.503455	0.958529	0.555556	0.925926	0	0.037037	-0.111111	0	0.5555555555555556	0.9259259259259259	0.	0.037037037037037035	-0.037037037037037035	0.	1	1	2	2	2	1	2	1	1	2	1	0
1	0	0.456525	0.969149	0.444444	0.962963	0.111111	0	0	0.037037	0.4444444444444444	0.9629629629629629	0.037037037037037035	0.	0.	0.037037037037037035	1	1	0	2	2	2	2	1	1	2	2	0
1	0	0.592539	0.990887	0.555556	1	0	-0.111111	0.037037	0	0.5555555555555556	1.	0.	-0.037037037037037035	0.037037037037037035	0.	1	2	0	2	2	2	2	1	2	0	0	0
1	0	0.562014	0.953996	0.555556	1	0	-0.111111	0.037037	0	0.5925925925925926	0.9629629629629629	-0.037037037037037035	0.	0.	-0.037037037037037035	1	2	0	2	2	1	2	1	2	0	0	1
1	0	0.610412	0.904431	0.592593	0.888889	0.037037	0	0	0.111111	0.5925925925925926	0.8888888888888888	0.037037037037037035	0.	0.	0.037037037037037035	1	2	1	2	2	0	2	1	2	0	1	0
1	0	0.629726	0.945427	0.62963	1	0	-0.111111	0.037037	0	0.6296296296296297	1.	0.	-0.037037037037037035	0.037037037037037035	0.	1	2	2	2	2	2	2	1	2	0	2	0
1	0	0.647059	0.856423	0.666667	0.888889	-0.111111	0	0	-0.037037	0.6666666666666666	0.8888888888888888	-0.037037037037037035	0.	0.	-0.037037037037037035	1	2	2	2	1	2	2	1	2	1	0	0
1	0	0.591976	0.847568	0.555556	0.851852	0	-0.037037	0.111111	0	0.5555555555555556	0.8518518518518519	0.	-0.037037037037037035	0.037037037037037035	0.	1	2	0	2	1	1	2	1	2	1	1	0
1	0	0.584667	0.809238	0.666667	0.814815	-0.111111	0	0	-0.037037	0.6666666666666666	0.8148148148148148	-0.037037037037037035	0.	0.	-0.037037037037037035	1	2	2	2	1	0	2	1	2	1	2	0
1	0	0.581838	0.740571	0.555556	0.777778	0	-0.111111	0.037037	0	0.5555555555555556	0.7777777777777778	0.	-0.037037037037037035	0.037037037037037035	0.	1	2	0	2	0	2	2	1	2	2	0	0
1	0	0.61784	0.706951	0.592593	0.666667	0.037037	0	0	0.111111	0.5925925925925926	0.6666666666666666	0.037037037037037035	0.	0.	0.037037037037037035	1	2	1	2	0	0	2	1	2	2	1	0
1	0	0.638938	0.774399	0.62963	0.777778	0	-0.111111	0.037037	0	0.6296296296296297	0.7777777777777778	0.	-0.037037037037037035	0.037037037037037035	0.	1	2	2	2	0	2	2	1	2	2	2	0
1	0	0.682067	0.672372	0.666667	0.666667	0.111111	0	0	0.037037	0.6666666666666666	0.6666666666666666	0.037037037037037035	0.	0.	0.037037037037037035	2	0	0	2	0	0	2	2	0	0	0	0
1	0	0.761158	0.685566	0.666667	0.666667	0.111111	0	0	0.037037	0.7037037037037037	0.7037037037037037	0.	-0.037037037037037035	0.037037037037037035	0.	2	0	1	2	0	0	2	2	0	0	0	1
1	0	0.717479	0.7174	0.777778	0.703704	0	0.037037	-0.111111	0	0.7777777777777778	0.7037037037037037	0.	0.037037037037037035	-0.037037037037037035	0.	2	0	2	2	0	1	2	2	0	0	1	0
1	0	0.699475	0.76591	0.666667	0.740741	0.111111	0	0	0.037037	0.6666666666666666	0.7407407407407407	0.037037037037037035	0.	0.	0.037037037037037035	2	0	0	2	0	2	2	2	0	0	2	0
1	0	0.782793	0.757999	0.777778	0.777778	0	-0.111111	0.037037	0	0.7777777777777778	0.7777777777777778	0.	-0.037037037037037035	0.037037037037037035	0.	2	1	0	2	0	2	2	2	0	1	0	0
1	0	0.830549	0.709794	0.814815	0.666667	0.037037	0	0	0.111111	0.8148148148148148	0.6666666666666666	0.037037037037037035	0.	0.	0.037037037037037035	2	1	1	2	0	0	2	2	0	1	1	0
1	0	0.861517	0.733083	0.851852	0.777778	0	-0.111111	0.037037	0	0.8518518518518519	0.7777777777777778	0.	-0.037037037037037035	0.037037037037037035	0.	2	1	2	2	0	2	2	2	0	1	2	0
1	0	0.942213	0.679743	0.888889	0.666667	0.111111	0	0	0.037037	0.8888888888888888	0.6666666666666666	0.037037037037037035	0.	0.	0.037037037037037035	2	2	0	2	0	0	2	2	0	2	0	0
1	0	0.981145	0.70389	1	0.703704	0	0.037037	-0.111111	0	1.	0.7037037037037037	0.	0.037037037037037035	-0.037037037037037035	0.	2	2	2	2	0	1	2	2	0	2	1	0
1	0	0.912126	0.747558	0.888889	0.740741	0.111111	0	0	0.037037	0.8888888888888888	0.7407407407407407	0.037037037037037035	0.	0.	0.037037037037037035	2	2	0	2	0	2	2	2	0	2	2	0
1	0	0.973659	0.802255	1	0.777778	0	0.111111	-0.037037	0	1.	0.7777777777777778	0.	0.037037037037037035	-0.037037037037037035	0.	2	2	2	2	1	0	2	2	1	0	0	0
1	0	0.962989	0.838968	1	0.777778	0	0.111111	-0.037037	0	0.9629629629629629	0.8148148148148148	0.037037037037037035	0.	0.	0.037037037037037035	2	2	2	2	1	1	2	2	1	0	0	1
1	0	0.931149	0.877686	0.962963	0.888889	-0.037037	0	0	-0.111111	0.9629629629629629	0.8888888888888888	-0.037037037037037035	0.	0.	-0.037037037037037035	2	2	1	2	1	2	2	2	1	0	1	0
1	0	0.915408	0.816349	0.925926	0.777778	0	0.111111	-0.037037	0	0.9259259259259259	0.7777777777777778	0.	0.037037037037037035	-0.037037037037037035	0.	2	2	0	2	1	0	2	2	1	0	2	0
1	0	0.823669	0.863373	0.888889	0.888889	-0.111111	0	0	-0.037037	0.8888888888888888	0.8888888888888888	-0.037037037037037035	0.	0.	-0.037037037037037035	2	1	2	2	1	2	2	2	1	1	0	0
1	0	0.79861	0.822922	0.777778	0.851852	0	-0.037037	0.111111	0	0.7777777777777778	0.8518518518518519	0.	-0.037037037037037035	0.037037037037037035	0.	2	1	0	2	1	1	2	2	1	1	1	0
1	0	0.882306	0.78162	0.888889	0.814815	-0.111111	0	0	-0.037037	0.8888888888888888	0.8148148148148148	-0.037037037037037035	0.	0.	-0.037037037037037035	2	1	2	2	1	0	2	2	1	1	2	0
1	0	0.753452	0.788639	0.777778	0.777778	0	0.111111	-0.037037	0	0.7777777777777778	0.7777777777777778	0.	0.037037037037037035	-0.037037037037037035	0.	2	0	2	2	1	0	2	2	1	2	0	0
1	0	0.7295	0.843877	0.740741	0.888889	-0.037037	0	0	-0.111111	0.7407407407407407	0.8888888888888888	-0.037037037037037035	0.	0.	-0.037037037037037035	2	0	1	2	1	2	2	2	1	2	1	0
1	0	0.669848	0.796439	0.703704	0.777778	0	0.111111	-0.037037	0	0.7037037037037037	0.7777777777777778	0.	0.037037037037037035	-0.037037037037037035	0.	2	0	0	2	1	0	2	2	1	2	2	0
1	0	0.688204	0.91985	0.666667	0.888889	0.111111	0	0	0.037037	0.6666666666666666	0.8888888888888888	0.037037037037037035	0.	0.	0.037037037037037035	2	0	0	2	2	0	2	2	2	0	0	0
1	0	0.710607	0.895835	0.666667	0.888889	0.111111	0	0	0.037037	0.7037037037037037	0.9259259259259259	0.	-0.037037037037037035	0.037037037037037035	0.	2	0	1	2	2	0	2	2	2	0	0	1
1	0	0.771913	0.937934	0.777778	0.925926	0	0.037037	-0.111111	0	0.7777777777777778	0.9259259259259259	0.	0.037037037037037035	-0.037037037037037035	0.	2	0	2	2	2	1	2	2	2	0	1	0
1	0	0.746706	0.9727	0.666667	0.962963	0.111111	0	0	0.037037	0.6666666666666666	0.9629629629629629	0.037037037037037035	0.	0.	0.037037037037037035	2	0	0	2	2	2	2	2	2	0	2	0
1	0	0.801316	0.907806	0.777778	1	0	-0.111111	0.037037	0	0.7777777777777778	1.	0.	-0.037037037037037035	0.037037037037037035	0.	2	1	0	2	2	2	2	2	2	1	0	0
1	0	0.850353	0.888994	0.814815	0.888889	0.037037	0	0	0.111111	0.8148148148148148	0.8888888888888888	0.037037037037037035	0.	0.	0.037037037037037035	2	1	1	2	2	0	2	2	2	1	1	0
1	0	0.875344	0.961031	0.851852	1	0	-0.111111	0.037037	0	0.8518518518518519	1.	0.	-0.037037037037037035	0.037037037037037035	0.	2	1	2	2	2	2	2	2	2	1	2	0
1	0	0.897472	0.925838	0.888889	0.888889	0.111111	0	0	0.037037	0.8888888888888888	0.8888888888888888	0.037037037037037035	0.	0.	0.037037037037037035	2	2	0	2	2	0	2	2	2	2	0	0
1	0	0.987707	0.943555	1	0.925926	0	0.037037	-0.111111	0	1.	0.9259259259259259	0.	0.037037037037037035	-0.037037037037037035	0.	2	2	2	2	2	1	2	2	2	2	1	0
1	0	0.929246	0.979368	0.888889	0.962963	0.111111	0	0	0.037037	0.8888888888888888	0.9629629629629629	0.037037037037037035	0.	0.	0.037037037037037035	2	2	0	2	2	2	2	2	2	2	2	0
