2	0	0.00749222	0.00491799	0	0	0.111111	0	0	0.111111	0.	0.	0.1111111111111111	0.	0.	0.037037037037037035	0	0	0	0	0	0	0	0	0	0
3	0	0.0596113	0.091308	0	0	0.111111	0	0	0.111111	0.1111111111111111	0.037037037037037035	0.	0.037037037037037035	-0.1111111111111111	0.	0	0	0	0	1	0	0	0	0	1
2	0	0.092632	0.0620903	0	0	0.111111	0	0	0.111111	0.	0.07407407407407407	0.1111111111111111	0.	0.	0.037037037037037035	0	0	0	0	2	0	0	0	0	2
2	0	0.201165	0.101848	0.111111	0.111111	0	-0.111111	0.111111	0	0.1111111111111111	0.1111111111111111	0.	-0.1111111111111111	0.037037037037037035	0.	0	1	0	0	0	0	0	0	1	0
3	0	0.164656	0.111072	0.111111	0.111111	0	-0.111111	0.111111	0	0.14814814814814814	0.	0.037037037037037035	0.	0.	0.1111111111111111	0	1	1	0	0	0	0	0	1	1
2	0	0.22003	0.0302185	0.111111	0.111111	0	-0.111111	0.111111	0	0.18518518518518517	0.1111111111111111	0.	-0.1111111111111111	0.037037037037037035	0.	0	1	2	0	0	0	0	0	1	2
2	0	0.270854	0.0155392	0.222222	0	0.111111	0	0	0.111111	0.2222222222222222	0.	0.1111111111111111	0.	0.	0.037037037037037035	0	2	0	0	0	0	0	0	2	0
3	0	0.301664	0.0517974	0.222222	0	0.111111	0	0	0.111111	0.3333333333333333	0.037037037037037035	0.	0.037037037037037035	-0.1111111111111111	0.	0	2	0	0	1	0	0	0	2	1
2	0	0.312888	0.128125	0.333333	0.111111	0	0.111111	-0.111111	0	0.3333333333333333	0.1111111111111111	0.	0.1111111111111111	-0.037037037037037035	0.	0	2	2	0	1	0	0	1	0	0
3	0	0.252629	0.181473	0.333333	0.111111	0	0.111111	-0.111111	0	0.2962962962962963	0.2222222222222222	-0.037037037037037035	0.	0.	-0.1111111111111111	0	2	1	0	1	0	0	1	0	1
2	0	0.288949	0.22005	0.333333	0.111111	0	0.111111	-0.111111	0	0.25925925925925924	0.1111111111111111	0.	0.1111111111111111	-0.037037037037037035	0.	0	2	0	0	1	0	0	1	0	2
2	0	0.155744	0.204703	0.222222	0.222222	-0.111111	0	0	-0.111111	0.2222222222222222	0.2222222222222222	-0.1111111111111111	0.	0.	-0.037037037037037035	0	1	0	1	2	0	0	1	1	0
3	0	0.18094	0.159544	0.222222	0.222222	-0.111111	0	0	-0.111111	0.1111111111111111	0.18518518518518517	0.	-0.037037037037037035	0.1111111111111111	0.	0	1	0	1	1	0	0	1	1	1
2	0	0.111038	0.195089	0.111111	0.111111	0	0.111111	-0.111111	0	0.1111111111111111	0.1111111111111111	0.	0.1111111111111111	-0.037037037037037035	0.	0	0	2	0	1	0	0	1	2	0
3	0	0.0457173	0.145614	0.111111	0.111111	0	0.111111	-0.111111	0	0.07407407407407407	0.2222222222222222	-0.037037037037037035	0.	0.	-0.1111111111111111	0	0	1	0	1	0	0	1	2	1
2	0	0.105162	0.264604	0	0.222222	0.111111	0	0	0.111111	0.	0.2222222222222222	0.1111111111111111	0.	0.	0.037037037037037035	0	0	0	2	0	0	0	2	0	0
3	0	0.0212072	0.288674	0	0.222222	0.111111	0	0	0.111111	0.1111111111111111	0.25925925925925924	0.	0.037037037037037035	-0.1111111111111111	0.	0	0	0	2	1	0	0	2	0	1
2	0	0.067346	0.300473	0	0.222222	0.111111	0	0	0.111111	0.	0.2962962962962963	0.1111111111111111	0.	0.	0.037037037037037035	0	0	0	2	2	0	0	2	0	2
2	0	0.128585	0.32208	0.111111	0.333333	0	-0.111111	0.111111	0	0.1111111111111111	0.3333333333333333	0.	-0.1111111111111111	0.037037037037037035	0.	0	1	0	0	2	0	0	2	1	0
3	0	0.145758	0.23717	0.111111	0.333333	0	-0.111111	0.111111	0	0.14814814814814814	0.2222222222222222	0.037037037037037035	0.	0.	0.1111111111111111	0	1	1	0	2	0	0	2	1	1
2	0	0.244834	0.2476	0.222222	0.222222	0.111111	0	0	0.111111	0.2222222222222222	0.2222222222222222	0.1111111111111111	0.	0.	0.037037037037037035	0	2	0	2	0	0	0	2	2	0
3	0	0.331469	0.333245	0.222222	0.222222	0.111111	0	0	0.111111	0.3333333333333333	0.25925925925925924	0.	0.037037037037037035	-0.1111111111111111	0.	0	2	0	2	1	0	0	2	2	1
2	0	0.437312	0.314898	0.333333	0.333333	0	-0.111111	0.111111	0	0.3333333333333333	0.3333333333333333	0.	-0.1111111111111111	0.037037037037037035	0.	1	0	0	0	2	0	1	0	0	0
3	0	0.389438	0.253736	0.333333	0.333333	0	-0.111111	0.111111	0	0.37037037037037035	0.2222222222222222	0.037037037037037035	0.	0.	0.1111111111111111	1	0	1	0	2	0	1	0	0	1
2	0	0.424206	0.278159	0.333333	0.333333	0	-0.111111	0.111111	0	0.4074074074074074	0.3333333333333333	0.	-0.1111111111111111	0.037037037037037035	0.	1	0	2	0	2	0	1	0	0	2
2	0	0.4442	0.210867	0.444444	0.222222	-0.111111	0	0	-0.111111	0.4444444444444444	0.2222222222222222	-0.1111111111111111	0.	0.	-0.037037037037037035	1	0	0	1	2	0	1	0	1	0
3	0	0.414621	0.169652	0.444444	0.222222	-0.111111	0	0	-0.111111	0.3333333333333333	0.18518518518518517	0.	-0.037037037037037035	0.1111111111111111	0.	1	0	0	1	1	0	1	0	1	1
2	0	0.361876	0.136236	0.444444	0.222222	-0.111111	0	0	-0.111111	0.4444444444444444	0.14814814814814814	-0.1111111111111111	0.	0.	-0.037037037037037035	1	0	0	1	0	0	1	0	1	2
2	0	0.345351	0.0430694	0.333333	0.111111	0	-0.111111	0.111111	0	0.3333333333333333	0.1111111111111111	0.	-0.1111111111111111	0.037037037037037035	0.	1	0	0	0	0	0	1	0	2	0
3	0	0.374616	0.0735861	0.333333	0.111111	0	-0.111111	0.111111	0	0.37037037037037035	0.	0.037037037037037035	0.	0.	0.1111111111111111	1	0	1	0	0	0	1	0	2	1
2	0	0.525612	0.0364238	0.444444	0	0.111111	0	0	0.111111	0.4444444444444444	0.	0.1111111111111111	0.	0.	0.037037037037037035	1	1	0	0	0	0	1	1	0	0
3	0	0.555268	0.080518	0.444444	0	0.111111	0	0	0.111111	0.5555555555555556	0.037037037037037035	0.	0.037037037037037035	-0.1111111111111111	0.	1	1	0	0	1	0	1	1	0	1
2	0	0.473719	0.085965	0.444444	0	0.111111	0	0	0.111111	0.4444444444444444	0.07407407407407407	0.1111111111111111	0.	0.	0.037037037037037035	1	1	0	0	2	0	1	1	0	2
2	0	0.544163	0.122005	0.555556	0.111111	0	0.111111	-0.111111	0	0.5555555555555556	0.1111111111111111	0.	0.1111111111111111	-0.037037037037037035	0.	1	1	2	0	1	0	1	1	1	0
3	0	0.495014	0.152916	0.555556	0.111111	0	0.111111	-0.111111	0	0.5185185185185185	0.2222222222222222	-0.037037037037037035	0.	0.	-0.1111111111111111	1	1	1	0	1	0	1	1	1	1
2	0	0.466245	0.23055	0.444444	0.222222	0.111111	0	0	0.111111	0.4444444444444444	0.2222222222222222	0.1111111111111111	0.	0.	0.037037037037037035	1	1	0	2	0	0	1	1	2	0
3	0	0.517477	0.271269	0.444444	0.222222	0.111111	0	0	0.111111	0.5555555555555556	0.25925925925925924	0.	0.037037037037037035	-0.1111111111111111	0.	1	1	0	2	1	0	1	1	2	1
2	0	0.622517	0.282756	0.555556	0.333333	0	-0.111111	0.111111	0	0.5555555555555556	0.3333333333333333	0.	-0.1111111111111111	0.037037037037037035	0.	1	2	0	0	2	0	1	2	0	0
3	0	0.614646	0.305142	0.555556	0.333333	0	-0.111111	0.111111	0	0.5925925925925926	0.2222222222222222	0.037037037037037035	0.	0.	0.1111111111111111	1	2	1	0	2	0	1	2	0	1
2	0	0.657422	0.328287	0.555556	0.333333	0	-0.111111	0.111111	0	0.6296296296296297	0.3333333333333333	0.	-0.1111111111111111	0.037037037037037035	0.	1	2	2	0	2	0	1	2	0	2
2	0	0.564607	0.190602	0.666667	0.222222	-0.111111	0	0	-0.111111	0.6666666666666666	0.2222222222222222	-0.1111111111111111	0.	0.	-0.037037037037037035	1	2	0	1	2	0	1	2	1	0
3	0	0.6373	0.175564	0.666667	0.222222	-0.111111	0	0	-0.111111	0.5555555555555556	0.18518518518518517	0.	-0.037037037037037035	0.1111111111111111	0.	1	2	0	1	1	0	1	2	1	1
2	0	0.586584	0.0208381	0.555556	0.111111	0	-0.111111	0.111111	0	0.5555555555555556	0.1111111111111111	0.	-0.1111111111111111	0.037037037037037035	0.	1	2	0	0	0	0	1	2	2	0
3	0	0.663945	0.107929	0.555556	0.111111	0	-0.111111	0.111111	0	0.5925925925925926	0.	0.037037037037037035	0.	0.	0.1111111111111111	1	2	1	0	0	0	1	2	2	1
2	0	0.710251	0.00953113	0.666667	0	0.111111	0	0	0.111111	0.6666666666666666	0.	0.1111111111111111	0.	0.	0.037037037037037035	2	0	0	0	0	0	2	0	0	0
3	0	0.753853	0.0569496	0.666667	0	0.111111	0	0	0.111111	0.7777777777777778	0.037037037037037035	0.	0.037037037037037035	-0.1111111111111111	0.	2	0	0	0	1	0	2	0	0	1
2	0	0.673638	0.0683498	0.666667	0	0.111111	0	0	0.111111	0.6666666666666666	0.07407407407407407	0.1111111111111111	0.	0.	0.037037037037037035	2	0	0	0	2	0	2	0	0	2
2	0	0.804536	0.0256381	0.777778	0.111111	0	-0.111111	0.111111	0	0.7777777777777778	0.1111111111111111	0.	-0.1111111111111111	0.037037037037037035	0.	2	1	0	0	0	0	2	0	1	0
3	0	0.84893	0.0957582	0.777778	0.111111	0	-0.111111	0.111111	0	0.8148148148148148	0.	0.037037037037037035	0.	0.	0.1111111111111111	2	1	1	0	0	0	2	0	1	1
2	0	0.97872	0.0385184	0.888889	0	0.111111	0	0	0.111111	0.8888888888888888	0.	0.1111111111111111	0.	0.	0.037037037037037035	2	2	0	0	0	0	2	0	2	0
3	0	0.906594	0.0470332	0.888889	0	0.111111	0	0	0.111111	1.	0.037037037037037035	0.	0.037037037037037035	-0.1111111111111111	0.	2	2	0	0	1	0	2	0	2	1
2	0	0.966799	0.19982	1	0.111111	0	0.111111	-0.111111	0	1.	0.1111111111111111	0.	0.1111111111111111	-0.037037037037037035	0.	2	2	2	0	1	0	2	1	0	0
3	0	0.935283	0.132406	1	0.111111	0	0.111111	-0.111111	0	0.9629629629629629	0.2222222222222222	-0.037037037037037035	0.	0.	-0.1111111111111111	2	2	1	0	1	0	2	1	0	1
2	0	0.890407	0.117393	1	0.111111	0	0.111111	-0.111111	0	0.9259259259259259	0.1111111111111111	0.	0.1111111111111111	-0.037037037037037035	0.	2	2	0	0	1	0	2	1	0	2
2	0	0.871245	0.214907	0.888889	0.222222	-0.111111	0	0	-0.111111	0.8888888888888888	0.2222222222222222	-0.1111111111111111	0.	0.	-0.037037037037037035	2	1	0	1	2	0	2	1	1	0
3	0	0.861492	0.185924	0.888889	0.222222	-0.111111	0	0	-0.111111	0.7777777777777778	0.18518518518518517	0.	-0.037037037037037035	0.1111111111111111	0.	2	1	0	1	1	0	2	1	1	1
2	0	0.777773	0.14063	0.777778	0.111111	0	0.111111	-0.111111	0	0.7777777777777778	0.1111111111111111	0.	0.1111111111111111	-0.037037037037037035	0.	2	0	2	0	1	0	2	1	2	0
3	0	0.741351	0.164621	0.777778	0.111111	0	0.111111	-0.111111	0	0.7407407407407407	0.2222222222222222	-0.037037037037037035	0.	0.	-0.1111111111111111	2	0	1	0	1	0	2	1	2	1
2	0	0.685414	0.224271	0.666667	0.222222	0.111111	0	0	0.111111	0.6666666666666666	0.2222222222222222	0.1111111111111111	0.	0.	0.037037037037037035	2	0	0	2	0	0	2	2	0	0
3	0	0.718796	0.257908	0.666667	0.222222	0.111111	0	0	0.111111	0.7777777777777778	0.25925925925925924	0.	0.037037037037037035	-0.1111111111111111	0.	2	0	0	2	1	0	2	2	0	1
2	0	0.763814	0.309957	0.666667	0.222222	0.111111	0	0	0.111111	0.6666666666666666	0.2962962962962963	0.1111111111111111	0.	0.	0.037037037037037035	2	0	0	2	2	0	2	2	0	2
2	0	0.832624	0.241498	0.777778	0.333333	0	-0.111111	0.111111	0	0.7777777777777778	0.3333333333333333	0.	-0.1111111111111111	0.037037037037037035	0.	2	1	0	0	2	0	2	2	1	0
3	0	0.82083	0.293465	0.777778	0.333333	0	-0.111111	0.111111	0	0.8148148148148148	0.2222222222222222	0.037037037037037035	0.	0.	0.1111111111111111	2	1	1	0	2	0	2	2	1	1
2	0	0.956663	0.267119	0.888889	0.222222	0.111111	0	0	0.111111	0.8888888888888888	0.2222222222222222	0.1111111111111111	0.	0.	0.037037037037037035	2	2	0	2	0	0	2	2	2	0
3	0	0.991449	0.318314	0.888889	0.222222	0.111111	0	0	0.111111	1.	0.25925925925925924	0.	0.037037037037037035	-0.1111111111111111	0.	2	2	0	2	1	0	2	2	2	1
2	0	0.998521	0.440264	1	0.333333	0	0.111111	-0.111111	0	1.	0.3333333333333333	0.	0.1111111111111111	-0.037037037037037035	0.	2	2	2	1	0	1	0	0	0	0
3	0	0.944131	0.394797	1	0.333333	0	0.111111	-0.111111	0	0.9629629629629629	0.4444444444444444	-0.037037037037037035	0.	0.	-0.1111111111111111	2	2	1	1	0	1	0	0	0	1
2	0	0.913559	0.346991	1	0.333333	0	0.111111	-0.111111	0	0.9259259259259259	0.3333333333333333	0.	0.1111111111111111	-0.037037037037037035	0.	2	2	0	1	0	1	0	0	0	2
2	0	0.924637	0.46875	0.888889	0.444444	0.111111	0	0	0.111111	0.8888888888888888	0.4444444444444444	0.1111111111111111	0.	0.	0.037037037037037035	2	2	1	1	0	1	0	0	1	0
3	0	0.950731	0.516122	0.888889	0.444444	0.111111	0	0	0.111111	1.	0.48148148148148145	0.	0.037037037037037035	-0.1111111111111111	0.	2	2	1	1	1	1	0	0	1	1
2	0	0.898466	0.536052	0.888889	0.444444	0.111111	0	0	0.111111	0.8888888888888888	0.5185185185185185	0.1111111111111111	0.	0.	0.037037037037037035	2	2	1	1	2	1	0	0	1	2
2	0	0.985209	0.577084	1	0.555556	0	0.111111	-0.111111	0	1.	0.5555555555555556	0.	0.1111111111111111	-0.037037037037037035	0.	2	2	2	1	2	1	0	0	2	0
3	0	0.918067	0.628692	1	0.555556	0	0.111111	-0.111111	0	0.9629629629629629	0.6666666666666666	-0.037037037037037035	0.	0.	-0.1111111111111111	2	2	1	1	2	1	0	0	2	1
2	0	0.855639	0.638646	0.888889	0.666667	-0.111111	0	0	-0.111111	0.8888888888888888	0.6666666666666666	-0.1111111111111111	0.	0.	-0.037037037037037035	2	1	1	2	2	1	0	1	0	0
3	0	0.826695	0.591722	0.888889	0.666667	-0.111111	0	0	-0.111111	0.7777777777777778	0.6296296296296297	0.	-0.037037037037037035	0.1111111111111111	0.	2	1	1	2	1	1	0	1	0	1
2	0	0.790633	0.569145	0.888889	0.666667	-0.111111	0	0	-0.111111	0.8888888888888888	0.5925925925925926	-0.1111111111111111	0.	0.	-0.037037037037037035	2	1	1	2	0	1	0	1	0	2
2	0	0.797036	0.460424	0.777778	0.555556	0	-0.111111	0.111111	0	0.7777777777777778	0.5555555555555556	0.	-0.1111111111111111	0.037037037037037035	0.	2	1	0	1	1	1	0	1	1	0
3	0	0.843315	0.501692	0.777778	0.555556	0	-0.111111	0.111111	0	0.8148148148148148	0.4444444444444444	0.037037037037037035	0.	0.	0.1111111111111111	2	1	1	1	1	1	0	1	1	1
2	0	0.814074	0.409267	0.888889	0.444444	-0.111111	0	0	-0.111111	0.8888888888888888	0.4444444444444444	-0.1111111111111111	0.	0.	-0.037037037037037035	2	1	1	0	2	1	0	1	2	0
3	0	0.881833	0.337656	0.888889	0.444444	-0.111111	0	0	-0.111111	0.7777777777777778	0.4074074074074074	0.	-0.037037037037037035	0.1111111111111111	0.	2	1	1	0	1	1	0	1	2	1
2	0	0.775788	0.379223	0.777778	0.333333	0	0.111111	-0.111111	0	0.7777777777777778	0.3333333333333333	0.	0.1111111111111111	-0.037037037037037035	0.	2	0	2	1	0	1	0	2	0	0
3	0	0.702284	0.437886	0.777778	0.333333	0	0.111111	-0.111111	0	0.7407407407407407	0.4444444444444444	-0.037037037037037035	0.	0.	-0.1111111111111111	2	0	1	1	0	1	0	2	0	1
2	0	0.725973	0.362316	0.777778	0.333333	0	0.111111	-0.111111	0	0.7037037037037037	0.3333333333333333	0.	0.1111111111111111	-0.037037037037037035	0.	2	0	0	1	0	1	0	2	0	2
2	0	0.691364	0.485909	0.666667	0.444444	0.111111	0	0	0.111111	0.6666666666666666	0.4444444444444444	0.1111111111111111	0.	0.	0.037037037037037035	2	0	1	1	0	1	0	2	1	0
3	0	0.735252	0.546046	0.666667	0.444444	0.111111	0	0	0.111111	0.7777777777777778	0.48148148148148145	0.	0.037037037037037035	-0.1111111111111111	0.	2	0	1	1	1	1	0	2	1	1
2	0	0.769691	0.608538	0.777778	0.555556	0	0.111111	-0.111111	0	0.7777777777777778	0.5555555555555556	0.	0.1111111111111111	-0.037037037037037035	0.	2	0	2	1	2	1	0	2	2	0
3	0	0.747561	0.666075	0.777778	0.555556	0	0.111111	-0.111111	0	0.7407407407407407	0.6666666666666666	-0.037037037037037035	0.	0.	-0.1111111111111111	2	0	1	1	2	1	0	2	2	1
2	0	0.652885	0.648471	0.666667	0.666667	-0.111111	0	0	-0.111111	0.6666666666666666	0.6666666666666666	-0.1111111111111111	0.	0.	-0.037037037037037035	1	2	1	2	2	1	1	0	0	0
3	0	0.631882	0.625718	0.666667	0.666667	-0.111111	0	0	-0.111111	0.5555555555555556	0.6296296296296297	0.	-0.037037037037037035	0.1111111111111111	0.	1	2	1	2	1	1	1	0	0	1
2	0	0.569304	0.581548	0.666667	0.666667	-0.111111	0	0	-0.111111	0.6666666666666666	0.5925925925925926	-0.1111111111111111	0.	0.	-0.037037037037037035	1	2	1	2	0	1	1	0	0	2
2	0	0.483555	0.603706	0.555556	0.555556	0	0.111111	-0.111111	0	0.5555555555555556	0.5555555555555556	0.	0.1111111111111111	-0.037037037037037035	0.	1	1	2	1	2	1	1	0	1	0
3	0	0.489603	0.558024	0.555556	0.555556	0	0.111111	-0.111111	0	0.5185185185185185	0.6666666666666666	-0.037037037037037035	0.	0.	-0.1111111111111111	1	1	1	1	2	1	1	0	1	1
2	0	0.457197	0.642707	0.555556	0.555556	0	0.111111	-0.111111	0	0.48148148148148145	0.5555555555555556	0.	0.1111111111111111	-0.037037037037037035	0.	1	1	0	1	2	1	1	0	1	2
2	0	0.401613	0.661329	0.444444	0.666667	-0.111111	0	0	-0.111111	0.4444444444444444	0.6666666666666666	-0.1111111111111111	0.	0.	-0.037037037037037035	1	0	1	2	2	1	1	0	2	0
3	0	0.338582	0.613751	0.444444	0.666667	-0.111111	0	0	-0.111111	0.3333333333333333	0.6296296296296297	0.	-0.037037037037037035	0.1111111111111111	0.	1	0	1	2	1	1	1	0	2	1
2	0	0.351416	0.519789	0.333333	0.555556	0	-0.111111	0.111111	0	0.3333333333333333	0.5555555555555556	0.	-0.1111111111111111	0.037037037037037035	0.	1	0	0	1	1	1	1	1	0	0
3	0	0.394653	0.489046	0.333333	0.555556	0	-0.111111	0.111111	0	0.37037037037037035	0.4444444444444444	0.037037037037037035	0.	0.	0.1111111111111111	1	0	1	1	1	1	1	1	0	1
2	0	0.430381	0.540614	0.333333	0.555556	0	-0.111111	0.111111	0	0.4074074074074074	0.5555555555555556	0.	-0.1111111111111111	0.037037037037037035	0.	1	0	2	1	1	1	1	1	0	2
2	0	0.452006	0.455222	0.444444	0.444444	0.111111	0	0	0.111111	0.4444444444444444	0.4444444444444444	0.1111111111111111	0.	0.	0.037037037037037035	1	1	1	1	0	1	1	1	1	0
3	0	0.505123	0.50563	0.444444	0.444444	0.111111	0	0	0.111111	0.5555555555555556	0.48148148148148145	0.	0.037037037037037035	-0.1111111111111111	0.	1	1	1	1	1	1	1	1	1	1
2	0	0.59175	0.479945	0.555556	0.555556	0	-0.111111	0.111111	0	0.5555555555555556	0.5555555555555556	0.	-0.1111111111111111	0.037037037037037035	0.	1	2	0	1	1	1	1	1	2	0
3	0	0.599037	0.526654	0.555556	0.555556	0	-0.111111	0.111111	0	0.5925925925925926	0.4444444444444444	0.037037037037037035	0.	0.	0.1111111111111111	1	2	1	1	1	1	1	1	2	1
2	0	0.575941	0.403727	0.666667	0.444444	-0.111111	0	0	-0.111111	0.6666666666666666	0.4444444444444444	-0.1111111111111111	0.	0.	-0.037037037037037035	1	2	1	0	2	1	1	2	0	0
3	0	0.646886	0.443409	0.666667	0.444444	-0.111111	0	0	-0.111111	0.5555555555555556	0.4074074074074074	0.	-0.037037037037037035	0.1111111111111111	0.	1	2	1	0	1	1	1	2	0	1
2	0	0.60479	0.356425	0.666667	0.444444	-0.111111	0	0	-0.111111	0.6666666666666666	0.37037037037037035	-0.1111111111111111	0.	0.	-0.037037037037037035	1	2	1	0	0	1	1	2	0	2
2	0	0.533796	0.432997	0.555556	0.333333	0	0.111111	-0.111111	0	0.5555555555555556	0.3333333333333333	0.	0.1111111111111111	-0.037037037037037035	0.	1	1	2	1	0	1	1	2	1	0
3	0	0.510514	0.419773	0.555556	0.333333	0	0.111111	-0.111111	0	0.5185185185185185	0.4444444444444444	-0.037037037037037035	0.	0.	-0.1111111111111111	1	1	1	1	0	1	1	2	1	1
2	0	0.406979	0.390987	0.444444	0.444444	-0.111111	0	0	-0.111111	0.4444444444444444	0.4444444444444444	-0.1111111111111111	0.	0.	-0.037037037037037035	1	0	1	0	2	1	1	2	2	0
3	0	0.381638	0.373703	0.444444	0.444444	-0.111111	0	0	-0.111111	0.3333333333333333	0.4074074074074074	0.	-0.037037037037037035	0.1111111111111111	0.	1	0	1	0	1	1	1	2	2	1
2	0	0.319084	0.351081	0.333333	0.333333	0	0.111111	-0.111111	0	0.3333333333333333	0.3333333333333333	0.	0.1111111111111111	-0.037037037037037035	0.	0	2	2	1	0	1	2	0	0	0
3	0	0.261809	0.427402	0.333333	0.333333	0	0.111111	-0.111111	0	0.2962962962962963	0.4444444444444444	-0.037037037037037035	0.	0.	-0.1111111111111111	0	2	1	1	0	1	2	0	0	1
2	0	0.227735	0.383793	0.333333	0.333333	0	0.111111	-0.111111	0	0.25925925925925924	0.3333333333333333	0.	0.1111111111111111	-0.037037037037037035	0.	0	2	0	1	0	1	2	0	0	2
2	0	0.238601	0.464531	0.222222	0.444444	0.111111	0	0	0.111111	0.2222222222222222	0.4444444444444444	0.1111111111111111	0.	0.	0.037037037037037035	0	2	1	1	0	1	2	0	1	0
3	0	0.278303	0.473707	0.222222	0.444444	0.111111	0	0	0.111111	0.3333333333333333	0.48148148148148145	0.	0.037037037037037035	-0.1111111111111111	0.	0	2	1	1	1	1	2	0	1	1
2	0	0.32451	0.564561	0.333333	0.555556	0	0.111111	-0.111111	0	0.3333333333333333	0.5555555555555556	0.	0.1111111111111111	-0.037037037037037035	0.	0	2	2	1	2	1	2	0	2	0
3	0	0.295004	0.586966	0.333333	0.555556	0	0.111111	-0.111111	0	0.2962962962962963	0.6666666666666666	-0.037037037037037035	0.	0.	-0.1111111111111111	0	2	1	1	2	1	2	0	2	1
2	0	0.171069	0.6339	0.222222	0.666667	-0.111111	0	0	-0.111111	0.2222222222222222	0.6666666666666666	-0.1111111111111111	0.	0.	-0.037037037037037035	0	1	1	2	2	1	2	1	0	0
3	0	0.117957	0.596231	0.222222	0.666667	-0.111111	0	0	-0.111111	0.1111111111111111	0.6296296296296297	0.	-0.037037037037037035	0.1111111111111111	0.	0	1	1	2	1	1	2	1	0	1
2	0	0.134304	0.573632	0.222222	0.666667	-0.111111	0	0	-0.111111	0.2222222222222222	0.5925925925925926	-0.1111111111111111	0.	0.	-0.037037037037037035	0	1	1	2	0	1	2	1	0	2
2	0	0.140657	0.531875	0.111111	0.555556	0	-0.111111	0.111111	0	0.1111111111111111	0.5555555555555556	0.	-0.1111111111111111	0.037037037037037035	0.	0	1	0	1	1	1	2	1	1	0
3	0	0.194535	0.550476	0.111111	0.555556	0	-0.111111	0.111111	0	0.14814814814814814	0.4444444444444444	0.037037037037037035	0.	0.	0.1111111111111111	0	1	1	1	1	1	2	1	1	1
2	0	0.208017	0.444412	0.222222	0.444444	-0.111111	0	0	-0.111111	0.2222222222222222	0.4444444444444444	-0.1111111111111111	0.	0.	-0.037037037037037035	0	1	1	0	2	1	2	1	2	0
3	0	0.187546	0.399614	0.222222	0.444444	-0.111111	0	0	-0.111111	0.1111111111111111	0.4074074074074074	0.	-0.037037037037037035	0.1111111111111111	0.	0	1	1	0	1	1	2	1	2	1
2	0	0.0797486	0.367488	0.111111	0.333333	0	0.111111	-0.111111	0	0.1111111111111111	0.3333333333333333	0.	0.1111111111111111	-0.037037037037037035	0.	0	0	2	1	0	1	2	2	0	0
3	0	0.0355603	0.343202	0.111111	0.333333	0	0.111111	-0.111111	0	0.07407407407407407	0.4444444444444444	-0.037037037037037035	0.	0.	-0.1111111111111111	0	0	1	1	0	1	2	2	0	1
2	0	0.0139894	0.415739	0.111111	0.333333	0	0.111111	-0.111111	0	0.037037037037037035	0.3333333333333333	0.	0.1111111111111111	-0.037037037037037035	0.	0	0	0	1	0	1	2	2	0	2
2	0	0.0861905	0.495155	0	0.444444	0.111111	0	0	0.111111	0.	0.4444444444444444	0.1111111111111111	0.	0.	0.037037037037037035	0	0	1	1	0	1	2	2	1	0
3	0	0.0286612	0.511356	0	0.444444	0.111111	0	0	0.111111	0.1111111111111111	0.48148148148148145	0.	0.037037037037037035	-0.1111111111111111	0.	0	0	1	1	1	1	2	2	1	1
2	0	0.0520449	0.619943	0.111111	0.555556	0	0.111111	-0.111111	0	0.1111111111111111	0.5555555555555556	0.	0.1111111111111111	-0.037037037037037035	0.	0	0	2	1	2	1	2	2	2	0
3	0	0.0986097	0.653673	0.111111	0.555556	0	0.111111	-0.111111	0	0.07407407407407407	0.6666666666666666	-0.037037037037037035	0.	0.	-0.1111111111111111	0	0	1	1	2	1	2	2	2	1
2	0	0.0711557	0.672061	0	0.666667	0.111111	0	0	0.111111	0.	0.6666666666666666	0.1111111111111111	0.	0.	0.037037037037037035	0	0	2	0	0	2	0	0	0	0
3	0	0.00340603	0.763658	0	0.666667	0.111111	0	0	0.111111	0.1111111111111111	0.7037037037037037	0.	0.037037037037037035	-0.1111111111111111	0.	0	0	2	0	1	2	0	0	0	1
2	0	0.0407037	0.74164	0	0.666667	0.111111	0	0	0.111111	0.	0.7407407407407407	0.1111111111111111	0.	0.	0.037037037037037035	0	0	2	0	2	2	0	0	0	2
2	0	0.124181	0.77773	0.111111	0.777778	0	-0.111111	0.111111	0	0.1111111111111111	0.7777777777777778	0.	-0.1111111111111111	0.037037037037037035	0.	0	1	0	2	0	2	0	0	1	0
3	0	0.176121	0.699375	0.111111	0.777778	0	-0.111111	0.111111	0	0.14814814814814814	0.6666666666666666	0.037037037037037035	0.	0.	0.1111111111111111	0	1	1	2	0	2	0	0	1	1
2	0	0.216549	0.730927	0.111111	0.777778	0	-0.111111	0.111111	0	0.18518518518518517	0.7777777777777778	0.	-0.1111111111111111	0.037037037037037035	0.	0	1	2	2	0	2	0	0	1	2
2	0	0.234576	0.679901	0.222222	0.666667	0.111111	0	0	0.111111	0.2222222222222222	0.6666666666666666	0.1111111111111111	0.	0.	0.037037037037037035	0	2	2	0	0	2	0	0	2	0
3	0	0.284207	0.721496	0.222222	0.666667	0.111111	0	0	0.111111	0.3333333333333333	0.7037037037037037	0.	0.037037037037037035	-0.1111111111111111	0.	0	2	2	0	1	2	0	0	2	1
2	0	0.307716	0.81293	0.333333	0.777778	0	0.111111	-0.111111	0	0.3333333333333333	0.7777777777777778	0.	0.1111111111111111	-0.037037037037037035	0.	0	2	2	2	1	2	0	1	0	0
3	0	0.266801	0.78909	0.333333	0.777778	0	0.111111	-0.111111	0	0.2962962962962963	0.8888888888888888	-0.037037037037037035	0.	0.	-0.1111111111111111	0	2	1	2	1	2	0	1	0	1
2	0	0.256405	0.853141	0.333333	0.777778	0	0.111111	-0.111111	0	0.25925925925925924	0.7777777777777778	0.	0.1111111111111111	-0.037037037037037035	0.	0	2	0	2	1	2	0	1	0	2
2	0	0.212808	0.87324	0.222222	0.888889	-0.111111	0	0	-0.111111	0.2222222222222222	0.8888888888888888	-0.1111111111111111	0.	0.	-0.037037037037037035	0	1	2	1	2	2	0	1	1	0
3	0	0.150686	0.825123	0.222222	0.888889	-0.111111	0	0	-0.111111	0.1111111111111111	0.8518518518518519	0.	-0.037037037037037035	0.1111111111111111	0.	0	1	2	1	1	2	0	1	1	1
2	0	0.0247013	0.882363	0.111111	0.777778	0	0.111111	-0.111111	0	0.1111111111111111	0.7777777777777778	0.	0.1111111111111111	-0.037037037037037035	0.	0	0	2	2	1	2	0	1	2	0
3	0	0.0763708	0.841677	0.111111	0.777778	0	0.111111	-0.111111	0	0.07407407407407407	0.8888888888888888	-0.037037037037037035	0.	0.	-0.1111111111111111	0	0	1	2	1	2	0	1	2	1
2	0	0.110302	0.968252	0	0.888889	0.111111	0	0	0.111111	0.	0.8888888888888888	0.1111111111111111	0.	0.	0.037037037037037035	0	0	2	2	0	2	0	2	0	0
3	0	0.0558562	0.938971	0	0.888889	0.111111	0	0	0.111111	0.1111111111111111	0.9259259259259259	0.	0.037037037037037035	-0.1111111111111111	0.	0	0	2	2	1	2	0	2	0	1
2	0	0.102239	0.98035	0	0.888889	0.111111	0	0	0.111111	0.	0.9629629629629629	0.1111111111111111	0.	0.	0.037037037037037035	0	0	2	2	2	2	0	2	0	2
2	0	0.160791	0.898615	0.111111	1	0	-0.111111	0.111111	0	0.1111111111111111	1.	0.	-0.1111111111111111	0.037037037037037035	0.	0	1	0	2	2	2	0	2	1	0
3	0	0.198288	0.927036	0.111111	1	0	-0.111111	0.111111	0	0.14814814814814814	0.8888888888888888	0.037037037037037035	0.	0.	0.1111111111111111	0	1	1	2	2	2	0	2	1	1
2	0	0.333033	0.917581	0.222222	0.888889	0.111111	0	0	0.111111	0.2222222222222222	0.8888888888888888	0.1111111111111111	0.	0.	0.037037037037037035	0	2	2	2	0	2	0	2	2	0
3	0	0.298621	0.959477	0.222222	0.888889	0.111111	0	0	0.111111	0.3333333333333333	0.9259259259259259	0.	0.037037037037037035	-0.1111111111111111	0.	0	2	2	2	1	2	0	2	2	1
2	0	0.440428	0.904891	0.333333	1	0	-0.111111	0.111111	0	0.3333333333333333	1.	0.	-0.1111111111111111	0.037037037037037035	0.	1	0	0	2	2	2	1	0	0	0
3	0	0.398331	0.947496	0.333333	1	0	-0.111111	0.111111	0	0.37037037037037035	0.8888888888888888	0.037037037037037035	0.	0.	0.1111111111111111	1	0	1	2	2	2	1	0	0	1
2	0	0.432371	0.986315	0.333333	1	0	-0.111111	0.111111	0	0.4074074074074074	1.	0.	-0.1111111111111111	0.037037037037037035	0.	1	0	2	2	2	2	1	0	0	2
2	0	0.377841	0.866374	0.444444	0.888889	-0.111111	0	0	-0.111111	0.4444444444444444	0.8888888888888888	-0.1111111111111111	0.	0.	-0.037037037037037035	1	0	2	1	2	2	1	0	1	0
3	0	0.418354	0.8048	0.444444	0.888889	-0.111111	0	0	-0.111111	0.3333333333333333	0.8518518518518519	0.	-0.037037037037037035	0.1111111111111111	0.	1	0	2	1	1	2	1	0	1	1
2	0	0.356014	0.74947	0.333333	0.777778	0	-0.111111	0.111111	0	0.3333333333333333	0.7777777777777778	0.	-0.1111111111111111	0.037037037037037035	0.	1	0	0	2	0	2	1	0	2	0
3	0	0.367559	0.690714	0.333333	0.777778	0	-0.111111	0.111111	0	0.37037037037037035	0.6666666666666666	0.037037037037037035	0.	0.	0.1111111111111111	1	0	1	2	0	2	1	0	2	1
2	0	0.538247	0.704242	0.444444	0.666667	0.111111	0	0	0.111111	0.4444444444444444	0.6666666666666666	0.1111111111111111	0.	0.	0.037037037037037035	1	1	2	0	0	2	1	1	0	0
3	0	0.477867	0.715373	0.444444	0.666667	0.111111	0	0	0.111111	0.5555555555555556	0.7037037037037037	0.	0.037037037037037035	-0.1111111111111111	0.	1	1	2	0	1	2	1	1	0	1
2	0	0.549294	0.774409	0.444444	0.666667	0.111111	0	0	0.111111	0.4444444444444444	0.7407407407407407	0.1111111111111111	0.	0.	0.037037037037037035	1	1	2	0	2	2	1	1	0	2
2	0	0.460728	0.835389	0.555556	0.777778	0	0.111111	-0.111111	0	0.5555555555555556	0.7777777777777778	0.	0.1111111111111111	-0.037037037037037035	0.	1	1	2	2	1	2	1	1	1	0
3	0	0.500431	0.798499	0.555556	0.777778	0	0.111111	-0.111111	0	0.5185185185185185	0.8888888888888888	-0.037037037037037035	0.	0.	-0.1111111111111111	1	1	1	2	1	2	1	1	1	1
2	0	0.522106	0.891407	0.444444	0.888889	0.111111	0	0	0.111111	0.4444444444444444	0.8888888888888888	0.1111111111111111	0.	0.	0.037037037037037035	1	1	2	2	0	2	1	1	2	0
3	0	0.555479	0.91113	0.444444	0.888889	0.111111	0	0	0.111111	0.5555555555555556	0.9259259259259259	0.	0.037037037037037035	-0.1111111111111111	0.	1	1	2	2	1	2	1	1	2	1
2	0	0.559999	0.995737	0.555556	1	0	-0.111111	0.111111	0	0.5555555555555556	1.	0.	-0.1111111111111111	0.037037037037037035	0.	1	2	0	2	2	2	1	2	0	0
3	0	0.629506	1	0.555556	1	0	-0.111111	0.111111	0	0.5925925925925926	0.8888888888888888	0.037037037037037035	0.	0.	0.1111111111111111	1	2	1	2	2	2	1	2	0	1
2	0	0.595878	0.953378	0.555556	1	0	-0.111111	0.111111	0	0.6296296296296297	1.	0.	-0.1111111111111111	0.037037037037037035	0.	1	2	2	2	2	2	1	2	0	2
2	0	0.643274	0.862102	0.666667	0.888889	-0.111111	0	0	-0.111111	0.6666666666666666	0.8888888888888888	-0.1111111111111111	0.	0.	-0.037037037037037035	1	2	2	1	2	2	1	2	1	0
3	0	0.580471	0.820081	0.666667	0.888889	-0.111111	0	0	-0.111111	0.5555555555555556	0.8518518518518519	0.	-0.037037037037037035	0.1111111111111111	0.	1	2	2	1	1	2	1	2	1	1
2	0	0.609853	0.768655	0.555556	0.777778	0	-0.111111	0.111111	0	0.5555555555555556	0.7777777777777778	0.	-0.1111111111111111	0.037037037037037035	0.	1	2	0	2	0	2	1	2	2	0
3	0	0.626756	0.753617	0.555556	0.777778	0	-0.111111	0.111111	0	0.5925925925925926	0.6666666666666666	0.037037037037037035	0.	0.	0.1111111111111111	1	2	1	2	0	2	1	2	2	1
2	0	0.678528	0.684066	0.666667	0.666667	0.111111	0	0	0.111111	0.6666666666666666	0.6666666666666666	0.1111111111111111	0.	0.	0.037037037037037035	2	0	2	0	0	2	2	0	0	0
3	0	0.696826	0.709994	0.666667	0.666667	0.111111	0	0	0.111111	0.7777777777777778	0.7037037037037037	0.	0.037037037037037035	-0.1111111111111111	0.	2	0	2	0	1	2	2	0	0	1
2	0	0.730517	0.736625	0.666667	0.666667	0.111111	0	0	0.111111	0.6666666666666666	0.7407407407407407	0.1111111111111111	0.	0.	0.037037037037037035	2	0	2	0	2	2	2	0	0	2
2	0	0.876365	0.725404	0.777778	0.777778	0	-0.111111	0.111111	0	0.7777777777777778	0.7777777777777778	0.	-0.1111111111111111	0.037037037037037035	0.	2	1	0	2	0	2	2	0	1	0
3	0	0.837975	0.758497	0.777778	0.777778	0	-0.111111	0.111111	0	0.8148148148148148	0.6666666666666666	0.037037037037037035	0.	0.	0.1111111111111111	2	1	1	2	0	2	2	0	1	1
2	0	0.929933	0.694813	0.888889	0.666667	0.111111	0	0	0.111111	0.8888888888888888	0.6666666666666666	0.1111111111111111	0.	0.	0.037037037037037035	2	2	2	0	0	2	2	0	2	0
3	0	0.97329	0.674791	0.888889	0.666667	0.111111	0	0	0.111111	1.	0.7037037037037037	0.	0.037037037037037035	-0.1111111111111111	0.	2	2	2	0	1	2	2	0	2	1
2	0	0.962278	0.784514	1	0.777778	0	0.111111	-0.111111	0	1.	0.7777777777777778	0.	0.1111111111111111	-0.037037037037037035	0.	2	2	2	2	1	2	2	1	0	0
3	0	0.940395	0.878683	1	0.777778	0	0.111111	-0.111111	0	0.9629629629629629	0.8888888888888888	-0.037037037037037035	0.	0.	-0.1111111111111111	2	2	1	2	1	2	2	1	0	1
2	0	0.895082	0.809111	1	0.777778	0	0.111111	-0.111111	0	0.9259259259259259	0.7777777777777778	0.	0.1111111111111111	-0.037037037037037035	0.	2	2	0	2	1	2	2	1	0	2
2	0	0.865434	0.858335	0.888889	0.888889	-0.111111	0	0	-0.111111	0.8888888888888888	0.8888888888888888	-0.1111111111111111	0.	0.	-0.037037037037037035	2	1	2	1	2	2	2	1	1	0
3	0	0.809956	0.830536	0.888889	0.888889	-0.111111	0	0	-0.111111	0.7777777777777778	0.8518518518518519	0.	-0.037037037037037035	0.1111111111111111	0.	2	1	2	1	1	2	2	1	1	1
2	0	0.706741	0.848096	0.777778	0.777778	0	0.111111	-0.111111	0	0.7777777777777778	0.7777777777777778	0.	0.1111111111111111	-0.037037037037037035	0.	2	0	2	2	1	2	2	1	2	0
3	0	0.758845	0.793674	0.777778	0.777778	0	0.111111	-0.111111	0	0.7407407407407407	0.8888888888888888	-0.037037037037037035	0.	0.	-0.1111111111111111	2	0	1	2	1	2	2	1	2	1
2	0	0.750886	0.990565	0.666667	0.888889	0.111111	0	0	0.111111	0.6666666666666666	0.8888888888888888	0.1111111111111111	0.	0.	0.037037037037037035	2	0	2	2	0	2	2	2	0	0
3	0	0.669819	0.932683	0.666667	0.888889	0.111111	0	0	0.111111	0.7777777777777778	0.9259259259259259	0.	0.037037037037037035	-0.1111111111111111	0.	2	0	2	2	1	2	2	2	0	1
2	0	0.714943	0.973007	0.666667	0.888889	0.111111	0	0	0.111111	0.6666666666666666	0.9629629629629629	0.1111111111111111	0.	0.	0.037037037037037035	2	0	2	2	2	2	2	2	0	2
2	0	0.8001	0.921726	0.777778	1	0	-0.111111	0.111111	0	0.7777777777777778	1.	0.	-0.1111111111111111	0.037037037037037035	0.	2	1	0	2	2	2	2	2	1	0
3	0	0.784643	0.888913	0.777778	1	0	-0.111111	0.111111	0	0.8148148148148148	0.8888888888888888	0.037037037037037035	0.	0.	0.1111111111111111	2	1	1	2	2	2	2	2	1	1
2	0	0.88891	0.94287	0.888889	0.888889	0.111111	0	0	0.111111	0.8888888888888888	0.8888888888888888	0.1111111111111111	0.	0.	0.037037037037037035	2	2	2	2	0	2	2	2	2	0
3	0	0.910646	0.96402	0.888889	0.888889	0.111111	0	0	0.111111	1.	0.9259259259259259	0.	0.037037037037037035	-0.1111111111111111	0.	2	2	2	2	1	2	2	2	2	1
