2	0	0.0143302	0.016076	0	0	0.111111	0	0	0.111111	0.	0.	0.1111111111111111	0.	0.	0.037037037037037035	0	0	0	0	0	0	0	0	0	0
3	0	0.0595957	0.0747335	0	0	0.111111	0	0	0.111111	0.1111111111111111	0.037037037037037035	0.	0.037037037037037035	-0.1111111111111111	0.	0	0	0	0	1	0	0	0	0	1
2	0	0.165151	0.0501517	0.111111	0.111111	0	-0.111111	0.111111	0	0.1111111111111111	0.1111111111111111	0.	-0.1111111111111111	0.037037037037037035	0.	0	1	0	0	0	0	0	0	1	0
3	0	0.211583	0.111102	0.111111	0.111111	0	-0.111111	0.111111	0	0.14814814814814814	0.	0.037037037037037035	0.	0.	0.1111111111111111	0	1	1	0	0	0	0	0	1	1
2	0	0.321817	0.100406	0.222222	0	0.111111	0	0	0.111111	0.2222222222222222	0.	0.1111111111111111	0.	0.	0.037037037037037035	0	2	0	0	0	0	0	0	2	0
2	0	0.298137	0.129771	0.333333	0.111111	0	0.111111	-0.111111	0	0.3333333333333333	0.1111111111111111	0.	0.1111111111111111	-0.037037037037037035	0.	0	2	2	0	1	0	0	1	0	0
3	0	0.280941	0.190222	0.333333	0.111111	0	0.111111	-0.111111	0	0.2962962962962963	0.2222222222222222	-0.037037037037037035	0.	0.	-0.1111111111111111	0	2	1	0	1	0	0	1	0	1
2	0	0.189089	0.213849	0.222222	0.222222	-0.111111	0	0	-0.111111	0.2222222222222222	0.2222222222222222	-0.1111111111111111	0.	0.	-0.037037037037037035	0	1	0	1	2	0	0	1	1	0
2	0	0.111024	0.157207	0.111111	0.111111	0	0.111111	-0.111111	0	0.1111111111111111	0.1111111111111111	0.	0.1111111111111111	-0.037037037037037035	0.	0	0	2	0	1	0	0	1	2	0
2	0	0.0847764	0.235169	0	0.222222	0.111111	0	0	0.111111	0.	0.2222222222222222	0.1111111111111111	0.	0.	0.037037037037037035	0	0	0	2	0	0	0	2	0	0
3	0	0.0266156	0.279925	0	0.222222	0.111111	0	0	0.111111	0.1111111111111111	0.25925925925925924	0.	0.037037037037037035	-0.1111111111111111	0.	0	0	0	2	1	0	0	2	0	1
2	0	0.140775	0.326719	0.111111	0.333333	0	-0.111111	0.111111	0	0.1111111111111111	0.3333333333333333	0.	-0.1111111111111111	0.037037037037037035	0.	0	1	0	0	2	0	0	2	1	0
2	0	0.244243	0.249972	0.222222	0.222222	0.111111	0	0	0.111111	0.2222222222222222	0.2222222222222222	0.1111111111111111	0.	0.	0.037037037037037035	0	2	0	2	0	0	0	2	2	0
2	0	0.419304	0.309366	0.333333	0.333333	0	-0.111111	0.111111	0	0.3333333333333333	0.3333333333333333	0.	-0.1111111111111111	0.037037037037037035	0.	1	0	0	0	2	0	1	0	0	0
3	0	0.374373	0.26468	0.333333	0.333333	0	-0.111111	0.111111	0	0.37037037037037035	0.2222222222222222	0.037037037037037035	0.	0.	0.1111111111111111	1	0	1	0	2	0	1	0	0	1
2	0	0.444388	0.141043	0.444444	0.222222	-0.111111	0	0	-0.111111	0.4444444444444444	0.2222222222222222	-0.1111111111111111	0.	0.	-0.037037037037037035	1	0	0	1	2	0	1	0	1	0
3	0	0.403728	0.202541	0.444444	0.222222	-0.111111	0	0	-0.111111	0.3333333333333333	0.18518518518518517	0.	-0.037037037037037035	0.1111111111111111	0.	1	0	0	1	1	0	1	0	1	1
2	0	0.353198	0.0314728	0.333333	0.111111	0	-0.111111	0.111111	0	0.3333333333333333	0.1111111111111111	0.	-0.1111111111111111	0.037037037037037035	0.	1	0	0	0	0	0	1	0	2	0
2	0	0.495488	0.0907212	0.444444	0	0.111111	0	0	0.111111	0.4444444444444444	0.	0.1111111111111111	0.	0.	0.037037037037037035	1	1	0	0	0	0	1	1	0	0
3	0	0.515974	0.0619012	0.444444	0	0.111111	0	0	0.111111	0.5555555555555556	0.037037037037037035	0.	0.037037037037037035	-0.1111111111111111	0.	1	1	0	0	1	0	1	1	0	1
2	0	0.53761	0.168219	0.555556	0.111111	0	0.111111	-0.111111	0	0.5555555555555556	0.1111111111111111	0.	0.1111111111111111	-0.037037037037037035	0.	1	1	2	0	1	0	1	1	1	0
2	0	0.466318	0.289049	0.444444	0.222222	0.111111	0	0	0.111111	0.4444444444444444	0.2222222222222222	0.1111111111111111	0.	0.	0.037037037037037035	1	1	0	2	0	0	1	1	2	0
2	0	0.659275	0.317142	0.555556	0.333333	0	-0.111111	0.111111	0	0.5555555555555556	0.3333333333333333	0.	-0.1111111111111111	0.037037037037037035	0.	1	2	0	0	2	0	1	2	0	0
3	0	0.62073	0.296794	0.555556	0.333333	0	-0.111111	0.111111	0	0.5925925925925926	0.2222222222222222	0.037037037037037035	0.	0.	0.1111111111111111	1	2	1	0	2	0	1	2	0	1
2	0	0.60854	0.177415	0.666667	0.222222	-0.111111	0	0	-0.111111	0.6666666666666666	0.2222222222222222	-0.1111111111111111	0.	0.	-0.037037037037037035	1	2	0	1	2	0	1	2	1	0
2	0	0.568049	0.005457	0.555556	0.111111	0	-0.111111	0.111111	0	0.5555555555555556	0.1111111111111111	0.	-0.1111111111111111	0.037037037037037035	0.	1	2	0	0	0	0	1	2	2	0
2	0	0.700472	0.0426162	0.666667	0	0.111111	0	0	0.111111	0.6666666666666666	0.	0.1111111111111111	0.	0.	0.037037037037037035	2	0	0	0	0	0	2	0	0	0
3	0	0.737161	0.0819687	0.666667	0	0.111111	0	0	0.111111	0.7777777777777778	0.037037037037037035	0.	0.037037037037037035	-0.1111111111111111	0.	2	0	0	0	1	0	2	0	0	1
2	0	0.798929	0.0238542	0.777778	0.111111	0	-0.111111	0.111111	0	0.7777777777777778	0.1111111111111111	0.	-0.1111111111111111	0.037037037037037035	0.	2	1	0	0	0	0	2	0	1	0
3	0	0.878952	0.106399	0.777778	0.111111	0	-0.111111	0.111111	0	0.8148148148148148	0.	0.037037037037037035	0.	0.	0.1111111111111111	2	1	1	0	0	0	2	0	1	1
2	0	0.988358	0.0559684	0.888889	0	0.111111	0	0	0.111111	0.8888888888888888	0.	0.1111111111111111	0.	0.	0.037037037037037035	2	2	0	0	0	0	2	0	2	0
2	0	0.892818	0.220566	1	0.111111	0	0.111111	-0.111111	0	1.	0.1111111111111111	0.	0.1111111111111111	-0.037037037037037035	0.	2	2	2	0	1	0	2	1	0	0
3	0	0.936159	0.121771	1	0.111111	0	0.111111	-0.111111	0	0.9629629629629629	0.2222222222222222	-0.037037037037037035	0.	0.	-0.1111111111111111	2	2	1	0	1	0	2	1	0	1
2	0	0.840648	0.184514	0.888889	0.222222	-0.111111	0	0	-0.111111	0.8888888888888888	0.2222222222222222	-0.1111111111111111	0.	0.	-0.037037037037037035	2	1	0	1	2	0	2	1	1	0
2	0	0.767513	0.148364	0.777778	0.111111	0	0.111111	-0.111111	0	0.7777777777777778	0.1111111111111111	0.	0.1111111111111111	-0.037037037037037035	0.	2	0	2	0	1	0	2	1	2	0
2	0	0.67766	0.226266	0.666667	0.222222	0.111111	0	0	0.111111	0.6666666666666666	0.2222222222222222	0.1111111111111111	0.	0.	0.037037037037037035	2	0	0	2	0	0	2	2	0	0
3	0	0.724763	0.333149	0.666667	0.222222	0.111111	0	0	0.111111	0.7777777777777778	0.25925925925925924	0.	0.037037037037037035	-0.1111111111111111	0.	2	0	0	2	1	0	2	2	0	1
2	0	0.822133	0.25673	0.777778	0.333333	0	-0.111111	0.111111	0	0.7777777777777778	0.3333333333333333	0.	-0.1111111111111111	0.037037037037037035	0.	2	1	0	0	2	0	2	2	1	0
2	0	0.91949	0.272696	0.888889	0.222222	0.111111	0	0	0.111111	0.8888888888888888	0.2222222222222222	0.1111111111111111	0.	0.	0.037037037037037035	2	2	0	2	0	0	2	2	2	0
2	0	0.976812	0.340623	1	0.333333	0	0.111111	-0.111111	0	1.	0.3333333333333333	0.	0.1111111111111111	-0.037037037037037035	0.	2	2	2	1	0	1	0	0	0	0
3	0	0.948885	0.373424	1	0.333333	0	0.111111	-0.111111	0	0.9629629629629629	0.4444444444444444	-0.037037037037037035	0.	0.	-0.1111111111111111	2	2	1	1	0	1	0	0	0	1
2	0	0.908473	0.48752	0.888889	0.444444	0.111111	0	0	0.111111	0.8888888888888888	0.4444444444444444	0.1111111111111111	0.	0.	0.037037037037037035	2	2	1	1	0	1	0	0	1	0
3	0	0.966719	0.531647	0.888889	0.444444	0.111111	0	0	0.111111	1.	0.48148148148148145	0.	0.037037037037037035	-0.1111111111111111	0.	2	2	1	1	1	1	0	0	1	1
2	0	0.997993	0.666004	1	0.555556	0	0.111111	-0.111111	0	1.	0.5555555555555556	0.	0.1111111111111111	-0.037037037037037035	0.	2	2	2	1	2	1	0	0	2	0
2	0	0.860785	0.644683	0.888889	0.666667	-0.111111	0	0	-0.111111	0.8888888888888888	0.6666666666666666	-0.1111111111111111	0.	0.	-0.037037037037037035	2	1	1	2	2	1	0	1	0	0
3	0	0.870676	0.571821	0.888889	0.666667	-0.111111	0	0	-0.111111	0.7777777777777778	0.6296296296296297	0.	-0.037037037037037035	0.1111111111111111	0.	2	1	1	2	1	1	0	1	0	1
2	0	0.848481	0.543638	0.777778	0.555556	0	-0.111111	0.111111	0	0.7777777777777778	0.5555555555555556	0.	-0.1111111111111111	0.037037037037037035	0.	2	1	0	1	1	1	0	1	1	0
2	0	0.8112	0.444332	0.888889	0.444444	-0.111111	0	0	-0.111111	0.8888888888888888	0.4444444444444444	-0.1111111111111111	0.	0.	-0.037037037037037035	2	1	1	0	2	1	0	1	2	0
2	0	0.777675	0.435931	0.777778	0.333333	0	0.111111	-0.111111	0	0.7777777777777778	0.3333333333333333	0.	0.1111111111111111	-0.037037037037037035	0.	2	0	2	1	0	1	0	2	0	0
3	0	0.75546	0.398398	0.777778	0.333333	0	0.111111	-0.111111	0	0.7407407407407407	0.4444444444444444	-0.037037037037037035	0.	0.	-0.1111111111111111	2	0	1	1	0	1	0	2	0	1
2	0	0.691048	0.50595	0.666667	0.444444	0.111111	0	0	0.111111	0.6666666666666666	0.4444444444444444	0.1111111111111111	0.	0.	0.037037037037037035	2	0	1	1	0	1	0	2	1	0
2	0	0.716274	0.587536	0.777778	0.555556	0	0.111111	-0.111111	0	0.7777777777777778	0.5555555555555556	0.	0.1111111111111111	-0.037037037037037035	0.	2	0	2	1	2	1	0	2	2	0
2	0	0.649461	0.662705	0.666667	0.666667	-0.111111	0	0	-0.111111	0.6666666666666666	0.6666666666666666	-0.1111111111111111	0.	0.	-0.037037037037037035	1	2	1	2	2	1	1	0	0	0
3	0	0.628966	0.627447	0.666667	0.666667	-0.111111	0	0	-0.111111	0.5555555555555556	0.6296296296296297	0.	-0.037037037037037035	0.1111111111111111	0.	1	2	1	2	1	1	1	0	0	1
2	0	0.527113	0.59591	0.555556	0.555556	0	0.111111	-0.111111	0	0.5555555555555556	0.5555555555555556	0.	0.1111111111111111	-0.037037037037037035	0.	1	1	2	1	2	1	1	0	1	0
3	0	0.487922	0.563679	0.555556	0.555556	0	0.111111	-0.111111	0	0.5185185185185185	0.6666666666666666	-0.037037037037037035	0.	0.	-0.1111111111111111	1	1	1	1	2	1	1	0	1	1
2	0	0.384117	0.638094	0.444444	0.666667	-0.111111	0	0	-0.111111	0.4444444444444444	0.6666666666666666	-0.1111111111111111	0.	0.	-0.037037037037037035	1	0	1	2	2	1	1	0	2	0
2	0	0.362805	0.552014	0.333333	0.555556	0	-0.111111	0.111111	0	0.3333333333333333	0.5555555555555556	0.	-0.1111111111111111	0.037037037037037035	0.	1	0	0	1	1	1	1	1	0	0
3	0	0.39358	0.513663	0.333333	0.555556	0	-0.111111	0.111111	0	0.37037037037037035	0.4444444444444444	0.037037037037037035	0.	0.	0.1111111111111111	1	0	1	1	1	1	1	1	0	1
2	0	0.477	0.524682	0.444444	0.444444	0.111111	0	0	0.111111	0.4444444444444444	0.4444444444444444	0.1111111111111111	0.	0.	0.037037037037037035	1	1	1	1	0	1	1	1	1	0
2	0	0.591462	0.471798	0.555556	0.555556	0	-0.111111	0.111111	0	0.5555555555555556	0.5555555555555556	0.	-0.1111111111111111	0.037037037037037035	0.	1	2	0	1	1	1	1	1	2	0
2	0	0.576008	0.428615	0.666667	0.444444	-0.111111	0	0	-0.111111	0.6666666666666666	0.4444444444444444	-0.1111111111111111	0.	0.	-0.037037037037037035	1	2	1	0	2	1	1	2	0	0
3	0	0.640038	0.379559	0.666667	0.444444	-0.111111	0	0	-0.111111	0.5555555555555556	0.4074074074074074	0.	-0.037037037037037035	0.1111111111111111	0.	1	2	1	0	1	1	1	2	0	1
2	0	0.548189	0.357253	0.555556	0.333333	0	0.111111	-0.111111	0	0.5555555555555556	0.3333333333333333	0.	0.1111111111111111	-0.037037037037037035	0.	1	1	2	1	0	1	1	2	1	0
2	0	0.432779	0.406748	0.444444	0.444444	-0.111111	0	0	-0.111111	0.4444444444444444	0.4444444444444444	-0.1111111111111111	0.	0.	-0.037037037037037035	1	0	1	0	2	1	1	2	2	0
2	0	0.333209	0.347138	0.333333	0.333333	0	0.111111	-0.111111	0	0.3333333333333333	0.3333333333333333	0.	0.1111111111111111	-0.037037037037037035	0.	0	2	2	1	0	1	2	0	0	0
3	0	0.271764	0.417182	0.333333	0.333333	0	0.111111	-0.111111	0	0.2962962962962963	0.4444444444444444	-0.037037037037037035	0.	0.	-0.1111111111111111	0	2	1	1	0	1	2	0	0	1
2	0	0.228922	0.459696	0.222222	0.444444	0.111111	0	0	0.111111	0.2222222222222222	0.4444444444444444	0.1111111111111111	0.	0.	0.037037037037037035	0	2	1	1	0	1	2	0	1	0
3	0	0.257178	0.496658	0.222222	0.444444	0.111111	0	0	0.111111	0.3333333333333333	0.48148148148148145	0.	0.037037037037037035	-0.1111111111111111	0.	0	2	1	1	1	1	2	0	1	1
2	0	0.310195	0.618158	0.333333	0.555556	0	0.111111	-0.111111	0	0.3333333333333333	0.5555555555555556	0.	0.1111111111111111	-0.037037037037037035	0.	0	2	2	1	2	1	2	0	2	0
2	0	0.150303	0.604741	0.222222	0.666667	-0.111111	0	0	-0.111111	0.2222222222222222	0.6666666666666666	-0.1111111111111111	0.	0.	-0.037037037037037035	0	1	1	2	2	1	2	1	0	0
3	0	0.199375	0.576966	0.222222	0.666667	-0.111111	0	0	-0.111111	0.1111111111111111	0.6296296296296297	0.	-0.037037037037037035	0.1111111111111111	0.	0	1	1	2	1	1	2	1	0	1
2	0	0.125106	0.537245	0.111111	0.555556	0	-0.111111	0.111111	0	0.1111111111111111	0.5555555555555556	0.	-0.1111111111111111	0.037037037037037035	0.	0	1	0	1	1	1	2	1	1	0
2	0	0.177555	0.442353	0.222222	0.444444	-0.111111	0	0	-0.111111	0.2222222222222222	0.4444444444444444	-0.1111111111111111	0.	0.	-0.037037037037037035	0	1	1	0	2	1	2	1	2	0
2	0	0.0719346	0.367308	0.111111	0.333333	0	0.111111	-0.111111	0	0.1111111111111111	0.3333333333333333	0.	0.1111111111111111	-0.037037037037037035	0.	0	0	2	1	0	1	2	2	0	0
3	0	0.0402754	0.390795	0.111111	0.333333	0	0.111111	-0.111111	0	0.07407407407407407	0.4444444444444444	-0.037037037037037035	0.	0.	-0.1111111111111111	0	0	1	1	0	1	2	2	0	1
2	0	0.100966	0.481801	0	0.444444	0.111111	0	0	0.111111	0.	0.4444444444444444	0.1111111111111111	0.	0.	0.037037037037037035	0	0	1	1	0	1	2	2	1	0
2	0	0.0907776	0.650925	0.111111	0.555556	0	0.111111	-0.111111	0	0.1111111111111111	0.5555555555555556	0.	0.1111111111111111	-0.037037037037037035	0.	0	0	2	1	2	1	2	2	2	0
2	0	0.00531205	0.672558	0	0.666667	0.111111	0	0	0.111111	0.	0.6666666666666666	0.1111111111111111	0.	0.	0.037037037037037035	0	0	2	0	0	2	0	0	0	0
3	0	0.049378	0.722966	0	0.666667	0.111111	0	0	0.111111	0.1111111111111111	0.7037037037037037	0.	0.037037037037037035	-0.1111111111111111	0.	0	0	2	0	1	2	0	0	0	1
2	0	0.158791	0.760372	0.111111	0.777778	0	-0.111111	0.111111	0	0.1111111111111111	0.7777777777777778	0.	-0.1111111111111111	0.037037037037037035	0.	0	1	0	2	0	2	0	0	1	0
3	0	0.218895	0.693587	0.111111	0.777778	0	-0.111111	0.111111	0	0.14814814814814814	0.6666666666666666	0.037037037037037035	0.	0.	0.1111111111111111	0	1	1	2	0	2	0	0	1	1
2	0	0.236718	0.777644	0.222222	0.666667	0.111111	0	0	0.111111	0.2222222222222222	0.6666666666666666	0.1111111111111111	0.	0.	0.037037037037037035	0	2	2	0	0	2	0	0	2	0
2	0	0.29188	0.8132	0.333333	0.777778	0	0.111111	-0.111111	0	0.3333333333333333	0.7777777777777778	0.	0.1111111111111111	-0.037037037037037035	0.	0	2	2	2	1	2	0	1	0	0
3	0	0.263926	0.800239	0.333333	0.777778	0	0.111111	-0.111111	0	0.2962962962962963	0.8888888888888888	-0.037037037037037035	0.	0.	-0.1111111111111111	0	2	1	2	1	2	0	1	0	1
2	0	0.133543	0.85387	0.222222	0.888889	-0.111111	0	0	-0.111111	0.2222222222222222	0.8888888888888888	-0.1111111111111111	0.	0.	-0.037037037037037035	0	1	2	1	2	2	0	1	1	0
2	0	0.0322583	0.88181	0.111111	0.777778	0	0.111111	-0.111111	0	0.1111111111111111	0.7777777777777778	0.	0.1111111111111111	-0.037037037037037035	0.	0	0	2	2	1	2	0	1	2	0
2	0	0.109131	0.902839	0	0.888889	0.111111	0	0	0.111111	0.	0.8888888888888888	0.1111111111111111	0.	0.	0.037037037037037035	0	0	2	2	0	2	0	2	0	0
3	0	0.0664315	0.949146	0	0.888889	0.111111	0	0	0.111111	0.1111111111111111	0.9259259259259259	0.	0.037037037037037035	-0.1111111111111111	0.	0	0	2	2	1	2	0	2	0	1
2	0	0.193325	0.998249	0.111111	1	0	-0.111111	0.111111	0	0.1111111111111111	1.	0.	-0.1111111111111111	0.037037037037037035	0.	0	1	0	2	2	2	0	2	1	0
2	0	0.315871	0.917587	0.222222	0.888889	0.111111	0	0	0.111111	0.2222222222222222	0.8888888888888888	0.1111111111111111	0.	0.	0.037037037037037035	0	2	2	2	0	2	0	2	2	0
2	0	0.339566	0.961218	0.333333	1	0	-0.111111	0.111111	0	0.3333333333333333	1.	0.	-0.1111111111111111	0.037037037037037035	0.	1	0	0	2	2	2	1	0	0	0
3	0	0.427729	0.92894	0.333333	1	0	-0.111111	0.111111	0	0.37037037037037035	0.8888888888888888	0.037037037037037035	0.	0.	0.1111111111111111	1	0	1	2	2	2	1	0	0	1
2	0	0.443049	0.871501	0.444444	0.888889	-0.111111	0	0	-0.111111	0.4444444444444444	0.8888888888888888	-0.1111111111111111	0.	0.	-0.037037037037037035	1	0	2	1	2	2	1	0	1	0
3	0	0.410968	0.843154	0.444444	0.888889	-0.111111	0	0	-0.111111	0.3333333333333333	0.8518518518518519	0.	-0.037037037037037035	0.1111111111111111	0.	1	0	2	1	1	2	1	0	1	1
2	0	0.34515	0.747309	0.333333	0.777778	0	-0.111111	0.111111	0	0.3333333333333333	0.7777777777777778	0.	-0.1111111111111111	0.037037037037037035	0.	1	0	0	2	0	2	1	0	2	0
2	0	0.457142	0.704502	0.444444	0.666667	0.111111	0	0	0.111111	0.4444444444444444	0.6666666666666666	0.1111111111111111	0.	0.	0.037037037037037035	1	1	2	0	0	2	1	1	0	0
3	0	0.507493	0.732948	0.444444	0.666667	0.111111	0	0	0.111111	0.5555555555555556	0.7037037037037037	0.	0.037037037037037035	-0.1111111111111111	0.	1	1	2	0	1	2	1	1	0	1
2	0	0.554298	0.821441	0.555556	0.777778	0	0.111111	-0.111111	0	0.5555555555555556	0.7777777777777778	0.	0.1111111111111111	-0.037037037037037035	0.	1	1	2	2	1	2	1	1	1	0
2	0	0.482218	0.98898	0.444444	0.888889	0.111111	0	0	0.111111	0.4444444444444444	0.8888888888888888	0.1111111111111111	0.	0.	0.037037037037037035	1	1	2	2	0	2	1	1	2	0
2	0	0.65517	0.979601	0.555556	1	0	-0.111111	0.111111	0	0.5555555555555556	1.	0.	-0.1111111111111111	0.037037037037037035	0.	1	2	0	2	2	2	1	2	0	0
3	0	0.559438	0.969738	0.555556	1	0	-0.111111	0.111111	0	0.5925925925925926	0.8888888888888888	0.037037037037037035	0.	0.	0.1111111111111111	1	2	1	2	2	2	1	2	0	1
2	0	0.583967	0.834326	0.666667	0.888889	-0.111111	0	0	-0.111111	0.6666666666666666	0.8888888888888888	-0.1111111111111111	0.	0.	-0.037037037037037035	1	2	2	1	2	2	1	2	1	0
2	0	0.600741	0.769699	0.555556	0.777778	0	-0.111111	0.111111	0	0.5555555555555556	0.7777777777777778	0.	-0.1111111111111111	0.037037037037037035	0.	1	2	0	2	0	2	1	2	2	0
2	0	0.670061	0.682818	0.666667	0.666667	0.111111	0	0	0.111111	0.6666666666666666	0.6666666666666666	0.1111111111111111	0.	0.	0.037037037037037035	2	0	2	0	0	2	2	0	0	0
3	0	0.746376	0.713239	0.666667	0.666667	0.111111	0	0	0.111111	0.7777777777777778	0.7037037037037037	0.	0.037037037037037035	-0.1111111111111111	0.	2	0	2	0	1	2	2	0	0	1
2	0	0.828436	0.7406	0.777778	0.777778	0	-0.111111	0.111111	0	0.7777777777777778	0.7777777777777778	0.	-0.1111111111111111	0.037037037037037035	0.	2	1	0	2	0	2	2	0	1	0
2	0	0.957229	0.688182	0.888889	0.666667	0.111111	0	0	0.111111	0.8888888888888888	0.6666666666666666	0.1111111111111111	0.	0.	0.037037037037037035	2	2	2	0	0	2	2	0	2	0
2	0	0.927545	0.828454	1	0.777778	0	0.111111	-0.111111	0	1.	0.7777777777777778	0.	0.1111111111111111	-0.037037037037037035	0.	2	2	2	2	1	2	2	1	0	0
3	0	0.900082	0.784658	1	0.777778	0	0.111111	-0.111111	0	0.9629629629629629	0.8888888888888888	-0.037037037037037035	0.	0.	-0.1111111111111111	2	2	1	2	1	2	2	1	0	1
2	0	0.791282	0.862973	0.888889	0.888889	-0.111111	0	0	-0.111111	0.8888888888888888	0.8888888888888888	-0.1111111111111111	0.	0.	-0.037037037037037035	2	1	2	1	2	2	2	1	1	0
2	0	0.773874	0.792663	0.777778	0.777778	0	0.111111	-0.111111	0	0.7777777777777778	0.7777777777777778	0.	0.1111111111111111	-0.037037037037037035	0.	2	0	2	2	1	2	2	1	2	0
2	0	0.708868	0.891595	0.666667	0.888889	0.111111	0	0	0.111111	0.6666666666666666	0.8888888888888888	0.1111111111111111	0.	0.	0.037037037037037035	2	0	2	2	0	2	2	2	0	0
3	0	0.684603	0.936931	0.666667	0.888889	0.111111	0	0	0.111111	0.7777777777777778	0.9259259259259259	0.	0.037037037037037035	-0.1111111111111111	0.	2	0	2	2	1	2	2	2	0	1
2	0	0.854029	0.90966	0.777778	1	0	-0.111111	0.111111	0	0.7777777777777778	1.	0.	-0.1111111111111111	0.037037037037037035	0.	2	1	0	2	2	2	2	2	1	0
2	0	0.942044	0.943802	0.888889	0.888889	0.111111	0	0	0.111111	0.8888888888888888	0.8888888888888888	0.1111111111111111	0.	0.	0.037037037037037035	2	2	2	2	0	2	2	2	2	0
