1	0	0.00685823	0.00240751	0	0	0.111111	0	0	0.037037	0.	0.	0.037037037037037035	0.	0.	0.037037037037037035	0	0	0	0	0	0	0	0	0	0	0	0
1	0	0.0800854	0.0158235	0	0	0.111111	0	0	0.037037	0.037037037037037035	0.037037037037037035	0.	-0.037037037037037035	0.037037037037037035	0.	0	0	1	0	0	0	0	0	0	0	0	1
1	0	0.104078	0.0526658	0.111111	0.037037	0	0.037037	-0.111111	0	0.1111111111111111	0.037037037037037035	0.	0.037037037037037035	-0.037037037037037035	0.	0	0	2	0	0	1	0	0	0	0	1	0
1	0	0.0746786	0.042002	0.111111	0.037037	0	0.037037	-0.111111	0	0.07407407407407407	0.07407407407407407	-0.037037037037037035	0.	0.	-0.037037037037037035	0	0	1	0	0	1	0	0	0	0	1	1
1	0	0.0251933	0.0991972	0	0.0740741	0.111111	0	0	0.037037	0.	0.07407407407407407	0.037037037037037035	0.	0.	0.037037037037037035	0	0	0	0	0	2	0	0	0	0	2	0
1	0	0.0595952	0.111072	0	0.0740741	0.111111	0	0	0.037037	0.037037037037037035	0.1111111111111111	0.	-0.037037037037037035	0.037037037037037035	0.	0	0	1	0	0	2	0	0	0	0	2	1
1	0	0.127607	0.0945679	0.111111	0.111111	0	-0.111111	0.037037	0	0.1111111111111111	0.1111111111111111	0.	-0.037037037037037035	0.037037037037037035	0.	0	1	0	0	0	2	0	0	0	1	0	0
1	0	0.139792	0.0698509	0.111111	0.111111	0	-0.111111	0.037037	0	0.14814814814814814	0.07407407407407407	-0.037037037037037035	0.	0.	-0.037037037037037035	0	1	0	0	0	1	0	0	0	1	0	1
1	0	0.148966	0.0199634	0.148148	0	0.037037	0	0	0.111111	0.14814814814814814	0.	0.037037037037037035	0.	0.	0.037037037037037035	0	1	1	0	0	0	0	0	0	1	1	0
1	0	0.160374	0.058497	0.148148	0	0.037037	0	0	0.111111	0.18518518518518517	0.037037037037037035	0.	0.037037037037037035	-0.037037037037037035	0.	0	1	1	0	0	1	0	0	0	1	1	1
1	0	0.212384	0.0790067	0.185185	0.111111	0	-0.111111	0.037037	0	0.18518518518518517	0.1111111111111111	0.	-0.037037037037037035	0.037037037037037035	0.	0	1	2	0	0	2	0	0	0	1	2	0
1	0	0.199932	0.0620757	0.185185	0.111111	0	-0.111111	0.037037	0	0.2222222222222222	0.07407407407407407	-0.037037037037037035	0.	0.	-0.037037037037037035	0	1	2	0	0	1	0	0	0	1	2	1
1	0	0.255253	0.00864161	0.222222	0	0.111111	0	0	0.037037	0.2222222222222222	0.	0.037037037037037035	0.	0.	0.037037037037037035	0	2	0	0	0	0	0	0	0	2	0	0
1	0	0.279213	0.029321	0.222222	0	0.111111	0	0	0.037037	0.25925925925925924	0.037037037037037035	0.	-0.037037037037037035	0.037037037037037035	0.	0	2	1	0	0	0	0	0	0	2	0	1
1	0	0.331714	0.0724432	0.333333	0.037037	0	0.037037	-0.111111	0	0.3333333333333333	0.037037037037037035	0.	0.037037037037037035	-0.037037037037037035	0.	0	2	2	0	0	1	0	0	0	2	1	0
1	0	0.29175	0.0370664	0.333333	0.037037	0	0.037037	-0.111111	0	0.2962962962962963	0.07407407407407407	-0.037037037037037035	0.	0.	-0.037037037037037035	0	2	1	0	0	1	0	0	0	2	1	1
1	0	0.243114	0.0895344	0.222222	0.0740741	0.111111	0	0	0.037037	0.2222222222222222	0.07407407407407407	0.037037037037037035	0.	0.	0.037037037037037035	0	2	0	0	0	2	0	0	0	2	2	0
1	0	0.302084	0.116157	0.333333	0.111111	0	0.111111	-0.037037	0	0.3333333333333333	0.1111111111111111	0.	0.037037037037037035	-0.037037037037037035	0.	0	2	2	0	1	0	0	0	1	0	0	0
1	0	0.307516	0.199041	0.333333	0.111111	0	0.111111	-0.037037	0	0.2962962962962963	0.14814814814814814	0.037037037037037035	0.	0.	0.037037037037037035	0	2	2	0	1	1	0	0	1	0	0	1
1	0	0.265747	0.187229	0.296296	0.222222	-0.037037	0	0	-0.111111	0.2962962962962963	0.2222222222222222	-0.037037037037037035	0.	0.	-0.037037037037037035	0	2	1	0	1	2	0	0	1	0	1	0
1	0	0.284255	0.176112	0.296296	0.222222	-0.037037	0	0	-0.111111	0.25925925925925924	0.18518518518518517	0.	-0.037037037037037035	0.037037037037037035	0.	0	2	1	0	1	1	0	0	1	0	1	1
1	0	0.259149	0.135605	0.259259	0.111111	0	0.111111	-0.037037	0	0.25925925925925924	0.1111111111111111	0.	0.037037037037037035	-0.037037037037037035	0.	0	2	0	0	1	0	0	0	1	0	2	0
1	0	0.225205	0.151646	0.259259	0.111111	0	0.111111	-0.037037	0	0.2222222222222222	0.14814814814814814	0.037037037037037035	0.	0.	0.037037037037037035	0	2	0	0	1	1	0	0	1	0	2	1
1	0	0.204762	0.221981	0.222222	0.222222	-0.111111	0	0	-0.037037	0.2222222222222222	0.2222222222222222	-0.037037037037037035	0.	0.	-0.037037037037037035	0	1	2	0	1	2	0	0	1	1	0	0
1	0	0.178059	0.204969	0.222222	0.222222	-0.111111	0	0	-0.037037	0.18518518518518517	0.18518518518518517	0.	0.037037037037037035	-0.037037037037037035	0.	0	1	1	0	1	2	0	0	1	1	0	1
1	0	0.217451	0.180385	0.111111	0.185185	0	-0.037037	0.111111	0	0.1111111111111111	0.18518518518518517	0.	-0.037037037037037035	0.037037037037037035	0.	0	1	0	0	1	1	0	0	1	1	1	0
1	0	0.166933	0.164249	0.111111	0.185185	0	-0.037037	0.111111	0	0.14814814814814814	0.14814814814814814	0.037037037037037035	0.	0.	0.037037037037037035	0	1	1	0	1	1	0	0	1	1	1	1
1	0	0.185152	0.121698	0.222222	0.148148	-0.111111	0	0	-0.037037	0.2222222222222222	0.14814814814814814	-0.037037037037037035	0.	0.	-0.037037037037037035	0	1	2	0	1	0	0	0	1	1	2	0
1	0	0.087927	0.146601	0.111111	0.111111	0	0.111111	-0.037037	0	0.1111111111111111	0.1111111111111111	0.	0.037037037037037035	-0.037037037037037035	0.	0	0	2	0	1	0	0	0	1	2	0	0
1	0	0.107927	0.212823	0.111111	0.111111	0	0.111111	-0.037037	0	0.07407407407407407	0.14814814814814814	0.037037037037037035	0.	0.	0.037037037037037035	0	0	2	0	1	1	0	0	1	2	0	1
1	0	0.0539299	0.191099	0.0740741	0.222222	-0.037037	0	0	-0.111111	0.07407407407407407	0.2222222222222222	-0.037037037037037035	0.	0.	-0.037037037037037035	0	0	1	0	1	2	0	0	1	2	1	0
1	0	0.0374809	0.160485	0.0740741	0.222222	-0.037037	0	0	-0.111111	0.037037037037037035	0.18518518518518517	0.	-0.037037037037037035	0.037037037037037035	0.	0	0	1	0	1	1	0	0	1	2	1	1
1	0	0.0146802	0.139103	0.037037	0.111111	0	0.111111	-0.037037	0	0.037037037037037035	0.1111111111111111	0.	0.037037037037037035	-0.037037037037037035	0.	0	0	0	0	1	0	0	0	1	2	2	0
1	0	0.0029461	0.253418	0	0.222222	0.111111	0	0	0.037037	0.	0.2222222222222222	0.037037037037037035	0.	0.	0.037037037037037035	0	0	0	0	2	0	0	0	2	0	0	0
1	0	0.0642208	0.228588	0	0.222222	0.111111	0	0	0.037037	0.037037037037037035	0.25925925925925924	0.	-0.037037037037037035	0.037037037037037035	0.	0	0	1	0	2	0	0	0	2	0	0	1
1	0	0.111105	0.26382	0.111111	0.259259	0	0.037037	-0.111111	0	0.1111111111111111	0.25925925925925924	0.	0.037037037037037035	-0.037037037037037035	0.	0	0	2	0	2	1	0	0	2	0	1	0
1	0	0.0430801	0.293413	0.111111	0.259259	0	0.037037	-0.111111	0	0.07407407407407407	0.2962962962962963	-0.037037037037037035	0.	0.	-0.037037037037037035	0	0	1	0	2	1	0	0	2	0	1	1
1	0	0.0334636	0.303162	0	0.296296	0.111111	0	0	0.037037	0.	0.2962962962962963	0.037037037037037035	0.	0.	0.037037037037037035	0	0	0	0	2	2	0	0	2	0	2	0
1	0	0.0480366	0.318199	0	0.296296	0.111111	0	0	0.037037	0.037037037037037035	0.3333333333333333	0.	-0.037037037037037035	0.037037037037037035	0.	0	0	1	0	2	2	0	0	2	0	2	1
1	0	0.124727	0.333251	0.111111	0.333333	0	-0.111111	0.037037	0	0.1111111111111111	0.3333333333333333	0.	-0.037037037037037035	0.037037037037037035	0.	0	1	0	0	2	2	0	0	2	1	0	0
1	0	0.131717	0.272583	0.111111	0.333333	0	-0.111111	0.037037	0	0.14814814814814814	0.2962962962962963	-0.037037037037037035	0.	0.	-0.037037037037037035	0	1	0	0	2	1	0	0	2	1	0	1
1	0	0.152667	0.238539	0.148148	0.222222	0.037037	0	0	0.111111	0.14814814814814814	0.2222222222222222	0.037037037037037035	0.	0.	0.037037037037037035	0	1	1	0	2	0	0	0	2	1	1	0
1	0	0.174669	0.288415	0.148148	0.222222	0.037037	0	0	0.111111	0.18518518518518517	0.25925925925925924	0.	0.037037037037037035	-0.037037037037037035	0.	0	1	1	0	2	1	0	0	2	1	1	1
1	0	0.196123	0.324496	0.185185	0.333333	0	-0.111111	0.037037	0	0.18518518518518517	0.3333333333333333	0.	-0.037037037037037035	0.037037037037037035	0.	0	1	2	0	2	2	0	0	2	1	2	0
1	0	0.249348	0.247492	0.222222	0.222222	0.111111	0	0	0.037037	0.2222222222222222	0.2222222222222222	0.037037037037037035	0.	0.	0.037037037037037035	0	2	0	0	2	0	0	0	2	2	0	0
1	0	0.311985	0.233686	0.222222	0.222222	0.111111	0	0	0.037037	0.25925925925925924	0.25925925925925924	0.	-0.037037037037037035	0.037037037037037035	0.	0	2	1	0	2	0	0	0	2	2	0	1
1	0	0.321876	0.26915	0.333333	0.259259	0	0.037037	-0.111111	0	0.3333333333333333	0.25925925925925924	0.	0.037037037037037035	-0.037037037037037035	0.	0	2	2	0	2	1	0	0	2	2	1	0
1	0	0.270837	0.28116	0.333333	0.259259	0	0.037037	-0.111111	0	0.2962962962962963	0.2962962962962963	-0.037037037037037035	0.	0.	-0.037037037037037035	0	2	1	0	2	1	0	0	2	2	1	1
1	0	0.23696	0.313818	0.222222	0.296296	0.111111	0	0	0.037037	0.2222222222222222	0.2962962962962963	0.037037037037037035	0.	0.	0.037037037037037035	0	2	0	0	2	2	0	0	2	2	2	0
1	0	0.342	0.306997	0.333333	0.333333	0	-0.111111	0.037037	0	0.3333333333333333	0.3333333333333333	0.	-0.037037037037037035	0.037037037037037035	0.	1	0	0	0	2	2	0	1	0	0	0	0
1	0	0.349881	0.284704	0.333333	0.333333	0	-0.111111	0.037037	0	0.37037037037037035	0.2962962962962963	-0.037037037037037035	0.	0.	-0.037037037037037035	1	0	0	0	2	1	0	1	0	0	0	1
1	0	0.385924	0.241499	0.37037	0.222222	0.037037	0	0	0.111111	0.37037037037037035	0.2222222222222222	0.037037037037037035	0.	0.	0.037037037037037035	1	0	1	0	2	0	0	1	0	0	1	0
1	0	0.400286	0.257661	0.37037	0.222222	0.037037	0	0	0.111111	0.4074074074074074	0.25925925925925924	0.	0.037037037037037035	-0.037037037037037035	0.	1	0	1	0	2	1	0	1	0	0	1	1
1	0	0.437972	0.29905	0.407407	0.333333	0	-0.111111	0.037037	0	0.4074074074074074	0.3333333333333333	0.	-0.037037037037037035	0.037037037037037035	0.	1	0	2	0	2	2	0	1	0	0	2	0
1	0	0.433867	0.331315	0.407407	0.333333	0	-0.111111	0.037037	0	0.4444444444444444	0.2962962962962963	-0.037037037037037035	0.	0.	-0.037037037037037035	1	0	2	0	2	1	0	1	0	0	2	1
1	0	0.430683	0.218527	0.444444	0.222222	-0.111111	0	0	-0.037037	0.4444444444444444	0.2222222222222222	-0.037037037037037035	0.	0.	-0.037037037037037035	1	0	2	0	1	2	0	1	0	1	0	0
1	0	0.375063	0.209598	0.444444	0.222222	-0.111111	0	0	-0.037037	0.4074074074074074	0.18518518518518517	0.	0.037037037037037035	-0.037037037037037035	0.	1	0	1	0	1	2	0	1	0	1	0	1
1	0	0.336921	0.167026	0.333333	0.185185	0	-0.037037	0.111111	0	0.3333333333333333	0.18518518518518517	0.	-0.037037037037037035	0.037037037037037035	0.	1	0	0	0	1	1	0	1	0	1	1	0
1	0	0.419633	0.182901	0.333333	0.185185	0	-0.037037	0.111111	0	0.37037037037037035	0.14814814814814814	0.037037037037037035	0.	0.	0.037037037037037035	1	0	1	0	1	1	0	1	0	1	1	1
1	0	0.415592	0.124475	0.444444	0.148148	-0.111111	0	0	-0.037037	0.4444444444444444	0.14814814814814814	-0.037037037037037035	0.	0.	-0.037037037037037035	1	0	2	0	1	0	0	1	0	1	2	0
1	0	0.362269	0.127863	0.444444	0.148148	-0.111111	0	0	-0.037037	0.4074074074074074	0.1111111111111111	0.	0.037037037037037035	-0.037037037037037035	0.	1	0	1	0	1	0	0	1	0	1	2	1
1	0	0.356664	0.102007	0.333333	0.111111	0	-0.111111	0.037037	0	0.3333333333333333	0.1111111111111111	0.	-0.037037037037037035	0.037037037037037035	0.	1	0	0	0	0	2	0	1	0	2	0	0
1	0	0.368362	0.0454362	0.333333	0.111111	0	-0.111111	0.037037	0	0.37037037037037035	0.07407407407407407	-0.037037037037037035	0.	0.	-0.037037037037037035	1	0	0	0	0	1	0	1	0	2	0	1
1	0	0.389762	0.0261107	0.37037	0	0.037037	0	0	0.111111	0.37037037037037035	0.	0.037037037037037035	0.	0.	0.037037037037037035	1	0	1	0	0	0	0	1	0	2	1	0
1	0	0.405652	0.0494484	0.37037	0	0.037037	0	0	0.111111	0.4074074074074074	0.037037037037037035	0.	0.037037037037037035	-0.037037037037037035	0.	1	0	1	0	0	1	0	1	0	2	1	1
1	0	0.443501	0.0844388	0.407407	0.111111	0	-0.111111	0.037037	0	0.4074074074074074	0.1111111111111111	0.	-0.037037037037037035	0.037037037037037035	0.	1	0	2	0	0	2	0	1	0	2	2	0
1	0	0.466431	0.0222255	0.444444	0	0.111111	0	0	0.037037	0.4444444444444444	0.	0.037037037037037035	0.	0.	0.037037037037037035	1	1	0	0	0	0	0	1	1	0	0	0
1	0	0.534526	0.00444855	0.444444	0	0.111111	0	0	0.037037	0.48148148148148145	0.037037037037037035	0.	-0.037037037037037035	0.037037037037037035	0.	1	1	1	0	0	0	0	1	1	0	0	1
1	0	0.549688	0.066177	0.555556	0.037037	0	0.037037	-0.111111	0	0.5555555555555556	0.037037037037037035	0.	0.037037037037037035	-0.037037037037037035	0.	1	1	2	0	0	1	0	1	1	0	1	0
1	0	0.518019	0.0393833	0.555556	0.037037	0	0.037037	-0.111111	0	0.5185185185185185	0.07407407407407407	-0.037037037037037035	0.	0.	-0.037037037037037035	1	1	1	0	0	1	0	1	1	0	1	1
1	0	0.476623	0.104573	0.444444	0.0740741	0.111111	0	0	0.037037	0.4444444444444444	0.07407407407407407	0.037037037037037035	0.	0.	0.037037037037037035	1	1	0	0	0	2	0	1	1	0	2	0
1	0	0.509827	0.0815512	0.444444	0.0740741	0.111111	0	0	0.037037	0.48148148148148145	0.1111111111111111	0.	-0.037037037037037035	0.037037037037037035	0.	1	1	1	0	0	2	0	1	1	0	2	1
1	0	0.528973	0.130777	0.555556	0.111111	0	0.111111	-0.037037	0	0.5555555555555556	0.1111111111111111	0.	0.037037037037037035	-0.037037037037037035	0.	1	1	2	0	1	0	0	1	1	1	0	0
1	0	0.554192	0.202248	0.555556	0.111111	0	0.111111	-0.037037	0	0.5185185185185185	0.14814814814814814	0.037037037037037035	0.	0.	0.037037037037037035	1	1	2	0	1	1	0	1	1	1	0	1
1	0	0.499189	0.193358	0.518519	0.222222	-0.037037	0	0	-0.111111	0.5185185185185185	0.2222222222222222	-0.037037037037037035	0.	0.	-0.037037037037037035	1	1	1	0	1	2	0	1	1	1	1	0
1	0	0.486158	0.173127	0.518519	0.222222	-0.037037	0	0	-0.111111	0.48148148148148145	0.18518518518518517	0.	-0.037037037037037035	0.037037037037037035	0.	1	1	1	0	1	1	0	1	1	1	1	1
1	0	0.450514	0.142453	0.481481	0.111111	0	0.111111	-0.037037	0	0.48148148148148145	0.1111111111111111	0.	0.037037037037037035	-0.037037037037037035	0.	1	1	0	0	1	0	0	1	1	1	2	0
1	0	0.455594	0.250299	0.444444	0.222222	0.111111	0	0	0.037037	0.4444444444444444	0.2222222222222222	0.037037037037037035	0.	0.	0.037037037037037035	1	1	0	0	2	0	0	1	1	2	0	0
1	0	0.505815	0.226151	0.444444	0.222222	0.111111	0	0	0.037037	0.48148148148148145	0.25925925925925924	0.	-0.037037037037037035	0.037037037037037035	0.	1	1	1	0	2	0	0	1	1	2	0	1
1	0	0.544307	0.260934	0.555556	0.259259	0	0.037037	-0.111111	0	0.5555555555555556	0.25925925925925924	0.	0.037037037037037035	-0.037037037037037035	0.	1	1	2	0	2	1	0	1	1	2	1	0
1	0	0.482851	0.277063	0.555556	0.259259	0	0.037037	-0.111111	0	0.5185185185185185	0.2962962962962963	-0.037037037037037035	0.	0.	-0.037037037037037035	1	1	1	0	2	1	0	1	1	2	1	1
1	0	0.472216	0.32076	0.444444	0.296296	0.111111	0	0	0.037037	0.4444444444444444	0.2962962962962963	0.037037037037037035	0.	0.	0.037037037037037035	1	1	0	0	2	2	0	1	1	2	2	0
1	0	0.561701	0.310859	0.555556	0.333333	0	-0.111111	0.037037	0	0.5555555555555556	0.3333333333333333	0.	-0.037037037037037035	0.037037037037037035	0.	1	2	0	0	2	2	0	1	2	0	0	0
1	0	0.569125	0.296026	0.555556	0.333333	0	-0.111111	0.037037	0	0.5925925925925926	0.2962962962962963	-0.037037037037037035	0.	0.	-0.037037037037037035	1	2	0	0	2	1	0	1	2	0	0	1
1	0	0.597855	0.328727	0.592593	0.222222	0.037037	0	0	0.111111	0.5925925925925926	0.2222222222222222	0.037037037037037035	0.	0.	0.037037037037037035	1	2	1	0	2	0	0	1	2	0	1	0
1	0	0.611516	0.266317	0.592593	0.222222	0.037037	0	0	0.111111	0.6296296296296297	0.25925925925925924	0.	0.037037037037037035	-0.037037037037037035	0.	1	2	1	0	2	1	0	1	2	0	1	1
1	0	0.653638	0.290354	0.62963	0.333333	0	-0.111111	0.037037	0	0.6296296296296297	0.3333333333333333	0.	-0.037037037037037035	0.037037037037037035	0.	1	2	2	0	2	2	0	1	2	0	2	0
1	0	0.637688	0.244879	0.62963	0.333333	0	-0.111111	0.037037	0	0.6666666666666666	0.2962962962962963	-0.037037037037037035	0.	0.	-0.037037037037037035	1	2	2	0	2	1	0	1	2	0	2	1
1	0	0.642386	0.215319	0.666667	0.222222	-0.111111	0	0	-0.037037	0.6666666666666666	0.2222222222222222	-0.037037037037037035	0.	0.	-0.037037037037037035	1	2	2	0	1	2	0	1	2	1	0	0
1	0	0.628981	0.195983	0.666667	0.222222	-0.111111	0	0	-0.037037	0.6296296296296297	0.18518518518518517	0.	0.037037037037037035	-0.037037037037037035	0.	1	2	1	0	1	2	0	1	2	1	0	1
1	0	0.577668	0.15392	0.555556	0.185185	0	-0.037037	0.111111	0	0.5555555555555556	0.18518518518518517	0.	-0.037037037037037035	0.037037037037037035	0.	1	2	0	0	1	1	0	1	2	1	1	0
1	0	0.584795	0.15666	0.555556	0.185185	0	-0.037037	0.111111	0	0.5925925925925926	0.14814814814814814	0.037037037037037035	0.	0.	0.037037037037037035	1	2	1	0	1	1	0	1	2	1	1	1
1	0	0.663449	0.133253	0.666667	0.148148	-0.111111	0	0	-0.037037	0.6666666666666666	0.14814814814814814	-0.037037037037037035	0.	0.	-0.037037037037037035	1	2	2	0	1	0	0	1	2	1	2	0
1	0	0.572694	0.110153	0.555556	0.111111	0	-0.111111	0.037037	0	0.5555555555555556	0.1111111111111111	0.	-0.037037037037037035	0.037037037037037035	0.	1	2	0	0	0	2	0	1	2	2	0	0
1	0	0.589857	0.107149	0.555556	0.111111	0	-0.111111	0.037037	0	0.5925925925925926	0.07407407407407407	-0.037037037037037035	0.	0.	-0.037037037037037035	1	2	0	0	0	1	0	1	2	2	0	1
1	0	0.607706	0.0112395	0.592593	0	0.037037	0	0	0.111111	0.5925925925925926	0.	0.037037037037037035	0.	0.	0.037037037037037035	1	2	1	0	0	0	0	1	2	2	1	0
1	0	0.61816	0.055265	0.592593	0	0.037037	0	0	0.111111	0.6296296296296297	0.037037037037037035	0.	0.037037037037037035	-0.037037037037037035	0.	1	2	1	0	0	1	0	1	2	2	1	1
1	0	0.648713	0.0926288	0.62963	0.111111	0	-0.111111	0.037037	0	0.6296296296296297	0.1111111111111111	0.	-0.037037037037037035	0.037037037037037035	0.	1	2	2	0	0	2	0	1	2	2	2	0
1	0	0.687903	0.0316922	0.666667	0	0.111111	0	0	0.037037	0.6666666666666666	0.	0.037037037037037035	0.	0.	0.037037037037037035	2	0	0	0	0	0	0	2	0	0	0	0
1	0	0.695017	0.0137032	0.666667	0	0.111111	0	0	0.037037	0.7037037037037037	0.037037037037037035	0.	-0.037037037037037035	0.037037037037037035	0.	2	0	1	0	0	0	0	2	0	0	0	1
1	0	0.747375	0.0377794	0.777778	0.037037	0	0.037037	-0.111111	0	0.7777777777777778	0.037037037037037035	0.	0.037037037037037035	-0.037037037037037035	0.	2	0	2	0	0	1	0	2	0	0	1	0
1	0	0.721461	0.0636959	0.777778	0.037037	0	0.037037	-0.111111	0	0.7407407407407407	0.07407407407407407	-0.037037037037037035	0.	0.	-0.037037037037037035	2	0	1	0	0	1	0	2	0	0	1	1
1	0	0.671729	0.0744886	0.666667	0.0740741	0.111111	0	0	0.037037	0.6666666666666666	0.07407407407407407	0.037037037037037035	0.	0.	0.037037037037037035	2	0	0	0	0	2	0	2	0	0	2	0
1	0	0.733937	0.0878608	0.666667	0.0740741	0.111111	0	0	0.037037	0.7037037037037037	0.1111111111111111	0.	-0.037037037037037035	0.037037037037037035	0.	2	0	1	0	0	2	0	2	0	0	2	1
1	0	0.796211	0.0768696	0.777778	0.111111	0	-0.111111	0.037037	0	0.7777777777777778	0.1111111111111111	0.	-0.037037037037037035	0.037037037037037035	0.	2	1	0	0	0	2	0	2	0	1	0	0
1	0	0.810508	0.0480808	0.777778	0.111111	0	-0.111111	0.037037	0	0.8148148148148148	0.07407407407407407	-0.037037037037037035	0.	0.	-0.037037037037037035	2	1	0	0	0	1	0	2	0	1	0	1
1	0	0.831703	0.00629296	0.814815	0	0.037037	0	0	0.111111	0.8148148148148148	0.	0.037037037037037035	0.	0.	0.037037037037037035	2	1	1	0	0	0	0	2	0	1	1	0
1	0	0.848536	0.0244172	0.814815	0	0.037037	0	0	0.111111	0.8518518518518519	0.037037037037037035	0.	0.037037037037037035	-0.037037037037037035	0.	2	1	1	0	0	1	0	2	0	1	1	1
1	0	0.871244	0.0974375	0.851852	0.111111	0	-0.111111	0.037037	0	0.8518518518518519	0.1111111111111111	0.	-0.037037037037037035	0.037037037037037035	0.	2	1	2	0	0	2	0	2	0	1	2	0
1	0	0.894757	0.0338668	0.888889	0	0.111111	0	0	0.037037	0.8888888888888888	0.	0.037037037037037035	0.	0.	0.037037037037037035	2	2	0	0	0	0	0	2	0	2	0	0
1	0	0.950818	0.0173598	0.888889	0	0.111111	0	0	0.037037	0.9259259259259259	0.037037037037037035	0.	-0.037037037037037035	0.037037037037037035	0.	2	2	1	0	0	0	0	2	0	2	0	1
1	0	0.995968	0.0536012	1	0.037037	0	0.037037	-0.111111	0	1.	0.037037037037037035	0.	0.037037037037037035	-0.037037037037037035	0.	2	2	2	0	0	1	0	2	0	2	1	0
1	0	0.931913	0.0599544	1	0.037037	0	0.037037	-0.111111	0	0.9629629629629629	0.07407407407407407	-0.037037037037037035	0.	0.	-0.037037037037037035	2	2	1	0	0	1	0	2	0	2	1	1
1	0	0.920884	0.0857239	0.888889	0.0740741	0.111111	0	0	0.037037	0.8888888888888888	0.07407407407407407	0.037037037037037035	0.	0.	0.037037037037037035	2	2	0	0	0	2	0	2	0	2	2	0
1	0	0.974647	0.129247	1	0.111111	0	0.111111	-0.037037	0	1.	0.1111111111111111	0.	0.037037037037037035	-0.037037037037037035	0.	2	2	2	0	1	0	0	2	1	0	0	0
1	0	0.96812	0.184697	1	0.111111	0	0.111111	-0.037037	0	0.9629629629629629	0.14814814814814814	0.037037037037037035	0.	0.	0.037037037037037035	2	2	2	0	1	1	0	2	1	0	0	1
1	0	0.960453	0.113489	0.962963	0.222222	-0.037037	0	0	-0.111111	0.9629629629629629	0.2222222222222222	-0.037037037037037035	0.	0.	-0.037037037037037035	2	2	1	0	1	2	0	2	1	0	1	0
1	0	0.939211	0.200431	0.962963	0.222222	-0.037037	0	0	-0.111111	0.9259259259259259	0.18518518518518517	0.	-0.037037037037037035	0.037037037037037035	0.	2	2	1	0	1	1	0	2	1	0	1	1
1	0	0.888919	0.144375	0.925926	0.111111	0	0.111111	-0.037037	0	0.9259259259259259	0.1111111111111111	0.	0.037037037037037035	-0.037037037037037035	0.	2	2	0	0	1	0	0	2	1	0	2	0
1	0	0.9013	0.137549	0.925926	0.111111	0	0.111111	-0.037037	0	0.8888888888888888	0.14814814814814814	0.037037037037037035	0.	0.	0.037037037037037035	2	2	0	0	1	1	0	2	1	0	2	1
1	0	0.879532	0.217119	0.888889	0.222222	-0.111111	0	0	-0.037037	0.8888888888888888	0.2222222222222222	-0.037037037037037035	0.	0.	-0.037037037037037035	2	1	2	0	1	2	0	2	1	1	0	0
1	0	0.821415	0.188462	0.888889	0.222222	-0.111111	0	0	-0.037037	0.8518518518518519	0.18518518518518517	0.	0.037037037037037035	-0.037037037037037035	0.	2	1	1	0	1	2	0	2	1	1	0	1
1	0	0.787648	0.158314	0.777778	0.185185	0	-0.037037	0.111111	0	0.7777777777777778	0.18518518518518517	0.	-0.037037037037037035	0.037037037037037035	0.	2	1	0	0	1	1	0	2	1	1	1	0
1	0	0.840689	0.178311	0.777778	0.185185	0	-0.037037	0.111111	0	0.8148148148148148	0.14814814814814814	0.037037037037037035	0.	0.	0.037037037037037035	2	1	1	0	1	1	0	2	1	1	1	1
1	0	0.860425	0.12026	0.888889	0.148148	-0.111111	0	0	-0.037037	0.8888888888888888	0.14814814814814814	-0.037037037037037035	0.	0.	-0.037037037037037035	2	1	2	0	1	0	0	2	1	1	2	0
1	0	0.766283	0.117961	0.777778	0.111111	0	0.111111	-0.037037	0	0.7777777777777778	0.1111111111111111	0.	0.037037037037037035	-0.037037037037037035	0.	2	0	2	0	1	0	0	2	1	2	0	0
1	0	0.751048	0.171338	0.777778	0.111111	0	0.111111	-0.037037	0	0.7407407407407407	0.14814814814814814	0.037037037037037035	0.	0.	0.037037037037037035	2	0	2	0	1	1	0	2	1	2	0	1
1	0	0.726053	0.207346	0.740741	0.222222	-0.037037	0	0	-0.111111	0.7407407407407407	0.2222222222222222	-0.037037037037037035	0.	0.	-0.037037037037037035	2	0	1	0	1	2	0	2	1	2	1	0
1	0	0.711486	0.169071	0.740741	0.222222	-0.037037	0	0	-0.111111	0.7037037037037037	0.18518518518518517	0.	-0.037037037037037035	0.037037037037037035	0.	2	0	1	0	1	1	0	2	1	2	1	1
1	0	0.680071	0.148403	0.703704	0.111111	0	0.111111	-0.037037	0	0.7037037037037037	0.1111111111111111	0.	0.037037037037037035	-0.037037037037037035	0.	2	0	0	0	1	0	0	2	1	2	2	0
1	0	0.77461	0.231547	0.666667	0.222222	0.111111	0	0	0.037037	0.6666666666666666	0.2222222222222222	0.037037037037037035	0.	0.	0.037037037037037035	2	0	0	0	2	0	0	2	2	0	0	0
1	0	0.707326	0.236641	0.666667	0.222222	0.111111	0	0	0.037037	0.7037037037037037	0.25925925925925924	0.	-0.037037037037037035	0.037037037037037035	0.	2	0	1	0	2	0	0	2	2	0	0	1
1	0	0.777741	0.279525	0.777778	0.259259	0	0.037037	-0.111111	0	0.7777777777777778	0.25925925925925924	0.	0.037037037037037035	-0.037037037037037035	0.	2	0	2	0	2	1	0	2	2	0	1	0
1	0	0.758456	0.274455	0.777778	0.259259	0	0.037037	-0.111111	0	0.7407407407407407	0.2962962962962963	-0.037037037037037035	0.	0.	-0.037037037037037035	2	0	1	0	2	1	0	2	2	0	1	1
1	0	0.676997	0.32578	0.666667	0.296296	0.111111	0	0	0.037037	0.6666666666666666	0.2962962962962963	0.037037037037037035	0.	0.	0.037037037037037035	2	0	0	0	2	2	0	2	2	0	2	0
1	0	0.738594	0.308846	0.666667	0.296296	0.111111	0	0	0.037037	0.7037037037037037	0.3333333333333333	0.	-0.037037037037037035	0.037037037037037035	0.	2	0	1	0	2	2	0	2	2	0	2	1
1	0	0.807241	0.301304	0.777778	0.333333	0	-0.111111	0.037037	0	0.7777777777777778	0.3333333333333333	0.	-0.037037037037037035	0.037037037037037035	0.	2	1	0	0	2	2	0	2	2	1	0	0
1	0	0.78308	0.224011	0.777778	0.333333	0	-0.111111	0.037037	0	0.8148148148148148	0.2962962962962963	-0.037037037037037035	0.	0.	-0.037037037037037035	2	1	0	0	2	1	0	2	2	1	0	1
1	0	0.828204	0.255516	0.814815	0.222222	0.037037	0	0	0.111111	0.8148148148148148	0.2222222222222222	0.037037037037037035	0.	0.	0.037037037037037035	2	1	1	0	2	0	0	2	2	1	1	0
1	0	0.851797	0.31629	0.814815	0.222222	0.037037	0	0	0.111111	0.8518518518518519	0.25925925925925924	0.	0.037037037037037035	-0.037037037037037035	0.	2	1	1	0	2	1	0	2	2	1	1	1
1	0	0.884348	0.286477	0.851852	0.333333	0	-0.111111	0.037037	0	0.8518518518518519	0.3333333333333333	0.	-0.037037037037037035	0.037037037037037035	0.	2	1	2	0	2	2	0	2	2	1	2	0
1	0	0.911859	0.242868	0.888889	0.222222	0.111111	0	0	0.037037	0.8888888888888888	0.2222222222222222	0.037037037037037035	0.	0.	0.037037037037037035	2	2	0	0	2	0	0	2	2	2	0	0
1	0	0.924775	0.25916	0.888889	0.222222	0.111111	0	0	0.037037	0.9259259259259259	0.25925925925925924	0.	-0.037037037037037035	0.037037037037037035	0.	2	2	1	0	2	0	0	2	2	2	0	1
1	0	0.988534	0.282798	1	0.259259	0	0.037037	-0.111111	0	1.	0.25925925925925924	0.	0.037037037037037035	-0.037037037037037035	0.	2	2	2	0	2	1	0	2	2	2	1	0
1	0	0.984933	0.262508	1	0.259259	0	0.037037	-0.111111	0	0.9629629629629629	0.2962962962962963	-0.037037037037037035	0.	0.	-0.037037037037037035	2	2	1	0	2	1	0	2	2	2	1	1
1	0	0.978198	0.305298	0.888889	0.296296	0.111111	0	0	0.037037	0.8888888888888888	0.2962962962962963	0.037037037037037035	0.	0.	0.037037037037037035	2	2	0	0	2	2	0	2	2	2	2	0
1	0	0.993216	0.44299	1	0.333333	0	0.111111	-0.037037	0	1.	0.3333333333333333	0.	0.037037037037037035	-0.037037037037037035	0.	2	2	2	1	0	0	1	0	0	0	0	0
1	0	0.965095	0.423003	1	0.333333	0	0.111111	-0.037037	0	0.9629629629629629	0.37037037037037035	0.037037037037037035	0.	0.	0.037037037037037035	2	2	2	1	0	1	1	0	0	0	0	1
1	0	0.957103	0.392587	0.962963	0.444444	-0.037037	0	0	-0.111111	0.9629629629629629	0.4444444444444444	-0.037037037037037035	0.	0.	-0.037037037037037035	2	2	1	1	0	2	1	0	0	0	1	0
1	0	0.946869	0.334397	0.962963	0.444444	-0.037037	0	0	-0.111111	0.9259259259259259	0.4074074074074074	0.	-0.037037037037037035	0.037037037037037035	0.	2	2	1	1	0	1	1	0	0	0	1	1
1	0	0.90553	0.336607	0.925926	0.333333	0	0.111111	-0.037037	0	0.9259259259259259	0.3333333333333333	0.	0.037037037037037035	-0.037037037037037035	0.	2	2	0	1	0	0	1	0	0	0	2	0
1	0	0.916098	0.377054	0.925926	0.333333	0	0.111111	-0.037037	0	0.8888888888888888	0.37037037037037035	0.037037037037037035	0.	0.	0.037037037037037035	2	2	0	1	0	1	1	0	0	0	2	1
1	0	0.908774	0.481477	0.888889	0.444444	0.111111	0	0	0.037037	0.8888888888888888	0.4444444444444444	0.037037037037037035	0.	0.	0.037037037037037035	2	2	0	1	1	0	1	0	0	1	0	0
1	0	0.927621	0.44862	0.888889	0.444444	0.111111	0	0	0.037037	0.9259259259259259	0.48148148148148145	0.	-0.037037037037037035	0.037037037037037035	0.	2	2	1	1	1	0	1	0	0	1	0	1
1	0	0.982233	0.518432	1	0.481481	0	0.037037	-0.111111	0	1.	0.48148148148148145	0.	0.037037037037037035	-0.037037037037037035	0.	2	2	2	1	1	1	1	0	0	1	1	0
1	0	0.941742	0.493579	1	0.481481	0	0.037037	-0.111111	0	0.9629629629629629	0.5185185185185185	-0.037037037037037035	0.	0.	-0.037037037037037035	2	2	1	1	1	1	1	0	0	1	1	1
1	0	0.898189	0.529316	0.888889	0.518519	0.111111	0	0	0.037037	0.8888888888888888	0.5185185185185185	0.037037037037037035	0.	0.	0.037037037037037035	2	2	0	1	1	2	1	0	0	1	2	0
1	0	0.953634	0.5505	0.888889	0.518519	0.111111	0	0	0.037037	0.9259259259259259	0.5555555555555556	0.	-0.037037037037037035	0.037037037037037035	0.	2	2	1	1	1	2	1	0	0	1	2	1
1	0	0.998601	0.665549	1	0.555556	0	0.111111	-0.037037	0	1.	0.5555555555555556	0.	0.037037037037037035	-0.037037037037037035	0.	2	2	2	1	2	0	1	0	0	2	0	0
1	0	0.972424	0.645411	1	0.555556	0	0.111111	-0.037037	0	0.9629629629629629	0.5925925925925926	0.037037037037037035	0.	0.	0.037037037037037035	2	2	2	1	2	1	1	0	0	2	0	1
1	0	0.933897	0.596955	0.962963	0.666667	-0.037037	0	0	-0.111111	0.9629629629629629	0.6666666666666666	-0.037037037037037035	0.	0.	-0.037037037037037035	2	2	1	1	2	2	1	0	0	2	1	0
1	0	0.944548	0.615935	0.962963	0.666667	-0.037037	0	0	-0.111111	0.9259259259259259	0.6296296296296297	0.	-0.037037037037037035	0.037037037037037035	0.	2	2	1	1	2	1	1	0	0	2	1	1
1	0	0.89169	0.556787	0.925926	0.555556	0	0.111111	-0.037037	0	0.9259259259259259	0.5555555555555556	0.	0.037037037037037035	-0.037037037037037035	0.	2	2	0	1	2	0	1	0	0	2	2	0
1	0	0.854809	0.636579	0.888889	0.666667	-0.111111	0	0	-0.037037	0.8888888888888888	0.6666666666666666	-0.037037037037037035	0.	0.	-0.037037037037037035	2	1	2	1	2	2	1	0	1	0	0	0
1	0	0.834306	0.651741	0.888889	0.666667	-0.111111	0	0	-0.037037	0.8518518518518519	0.6296296296296297	0.	0.037037037037037035	-0.037037037037037035	0.	2	1	1	1	2	2	1	0	1	0	0	1
1	0	0.789575	0.626875	0.777778	0.62963	0	-0.037037	0.111111	0	0.7777777777777778	0.6296296296296297	0.	-0.037037037037037035	0.037037037037037035	0.	2	1	0	1	2	1	1	0	1	0	1	0
1	0	0.87746	0.619787	0.777778	0.62963	0	-0.037037	0.111111	0	0.8148148148148148	0.5925925925925926	0.037037037037037035	0.	0.	0.037037037037037035	2	1	1	1	2	1	1	0	1	0	1	1
1	0	0.864028	0.590635	0.888889	0.592593	-0.111111	0	0	-0.037037	0.8888888888888888	0.5925925925925926	-0.037037037037037035	0.	0.	-0.037037037037037035	2	1	2	1	2	0	1	0	1	0	2	0
1	0	0.813144	0.563523	0.888889	0.592593	-0.111111	0	0	-0.037037	0.8518518518518519	0.5555555555555556	0.	0.037037037037037035	-0.037037037037037035	0.	2	1	1	1	2	0	1	0	1	0	2	1
1	0	0.799102	0.483574	0.777778	0.555556	0	-0.111111	0.037037	0	0.7777777777777778	0.5555555555555556	0.	-0.037037037037037035	0.037037037037037035	0.	2	1	0	1	1	2	1	0	1	1	0	0
1	0	0.792146	0.507036	0.777778	0.555556	0	-0.111111	0.037037	0	0.8148148148148148	0.5185185185185185	-0.037037037037037035	0.	0.	-0.037037037037037035	2	1	0	1	1	1	1	0	1	1	0	1
1	0	0.843787	0.450746	0.814815	0.444444	0.037037	0	0	0.111111	0.8148148148148148	0.4444444444444444	0.037037037037037035	0.	0.	0.037037037037037035	2	1	1	1	1	0	1	0	1	1	1	0
1	0	0.824731	0.541576	0.814815	0.444444	0.037037	0	0	0.111111	0.8518518518518519	0.48148148148148145	0.	0.037037037037037035	-0.037037037037037035	0.	2	1	1	1	1	1	1	0	1	1	1	1
1	0	0.874719	0.465194	0.851852	0.555556	0	-0.111111	0.037037	0	0.8518518518518519	0.5555555555555556	0.	-0.037037037037037035	0.037037037037037035	0.	2	1	2	1	1	2	1	0	1	1	2	0
1	0	0.857562	0.411693	0.888889	0.444444	-0.111111	0	0	-0.037037	0.8888888888888888	0.4444444444444444	-0.037037037037037035	0.	0.	-0.037037037037037035	2	1	2	1	0	2	1	0	1	2	0	0
1	0	0.837657	0.419019	0.888889	0.444444	-0.111111	0	0	-0.037037	0.8518518518518519	0.4074074074074074	0.	0.037037037037037035	-0.037037037037037035	0.	2	1	1	1	0	2	1	0	1	2	0	1
1	0	0.802068	0.370602	0.777778	0.407407	0	-0.037037	0.111111	0	0.7777777777777778	0.4074074074074074	0.	-0.037037037037037035	0.037037037037037035	0.	2	1	0	1	0	1	1	0	1	2	1	0
1	0	0.81786	0.383948	0.777778	0.407407	0	-0.037037	0.111111	0	0.8148148148148148	0.37037037037037035	0.037037037037037035	0.	0.	0.037037037037037035	2	1	1	1	0	1	1	0	1	2	1	1
1	0	0.866833	0.340689	0.888889	0.37037	-0.111111	0	0	-0.037037	0.8888888888888888	0.37037037037037035	-0.037037037037037035	0.	0.	-0.037037037037037035	2	1	2	1	0	0	1	0	1	2	2	0
1	0	0.74213	0.357983	0.777778	0.333333	0	0.111111	-0.037037	0	0.7777777777777778	0.3333333333333333	0.	0.037037037037037035	-0.037037037037037035	0.	2	0	2	1	0	0	1	0	2	0	0	0
1	0	0.761718	0.429429	0.777778	0.333333	0	0.111111	-0.037037	0	0.7407407407407407	0.37037037037037035	0.037037037037037035	0.	0.	0.037037037037037035	2	0	2	1	0	1	1	0	2	0	0	1
1	0	0.7043	0.399824	0.740741	0.444444	-0.037037	0	0	-0.111111	0.7407407407407407	0.4444444444444444	-0.037037037037037035	0.	0.	-0.037037037037037035	2	0	1	1	0	2	1	0	2	0	1	0
1	0	0.73034	0.434503	0.740741	0.444444	-0.037037	0	0	-0.111111	0.7037037037037037	0.4074074074074074	0.	-0.037037037037037035	0.037037037037037035	0.	2	0	1	1	0	1	1	0	2	0	1	1
1	0	0.697986	0.350007	0.703704	0.333333	0	0.111111	-0.037037	0	0.7037037037037037	0.3333333333333333	0.	0.037037037037037035	-0.037037037037037035	0.	2	0	0	1	0	0	1	0	2	0	2	0
1	0	0.66735	0.385985	0.703704	0.333333	0	0.111111	-0.037037	0	0.6666666666666666	0.37037037037037035	0.037037037037037035	0.	0.	0.037037037037037035	2	0	0	1	0	1	1	0	2	0	2	1
1	0	0.69137	0.458074	0.666667	0.444444	0.111111	0	0	0.037037	0.6666666666666666	0.4444444444444444	0.037037037037037035	0.	0.	0.037037037037037035	2	0	0	1	1	0	1	0	2	1	0	0
1	0	0.716755	0.477804	0.666667	0.444444	0.111111	0	0	0.037037	0.7037037037037037	0.48148148148148145	0.	-0.037037037037037035	0.037037037037037035	0.	2	0	1	1	1	0	1	0	2	1	0	1
1	0	0.771873	0.51734	0.777778	0.481481	0	0.037037	-0.111111	0	0.7777777777777778	0.48148148148148145	0.	0.037037037037037035	-0.037037037037037035	0.	2	0	2	1	1	1	1	0	2	1	1	0
1	0	0.769045	0.499273	0.777778	0.481481	0	0.037037	-0.111111	0	0.7407407407407407	0.5185185185185185	-0.037037037037037035	0.	0.	-0.037037037037037035	2	0	1	1	1	1	1	0	2	1	1	1
1	0	0.683413	0.519246	0.666667	0.518519	0.111111	0	0	0.037037	0.6666666666666666	0.5185185185185185	0.037037037037037035	0.	0.	0.037037037037037035	2	0	0	1	1	2	1	0	2	1	2	0
1	0	0.755438	0.570847	0.777778	0.555556	0	0.111111	-0.037037	0	0.7777777777777778	0.5555555555555556	0.	0.037037037037037035	-0.037037037037037035	0.	2	0	2	1	2	0	1	0	2	2	0	0
1	0	0.752861	0.606698	0.777778	0.555556	0	0.111111	-0.037037	0	0.7407407407407407	0.5925925925925926	0.037037037037037035	0.	0.	0.037037037037037035	2	0	2	1	2	1	1	0	2	2	0	1
1	0	0.719263	0.65607	0.740741	0.666667	-0.037037	0	0	-0.111111	0.7407407407407407	0.6666666666666666	-0.037037037037037035	0.	0.	-0.037037037037037035	2	0	1	1	2	2	1	0	2	2	1	0
1	0	0.714021	0.575541	0.740741	0.666667	-0.037037	0	0	-0.111111	0.7037037037037037	0.6296296296296297	0.	-0.037037037037037035	0.037037037037037035	0.	2	0	1	1	2	1	1	0	2	2	1	1
1	0	0.700022	0.661379	0.703704	0.555556	0	0.111111	-0.037037	0	0.7037037037037037	0.5555555555555556	0.	0.037037037037037035	-0.037037037037037035	0.	2	0	0	1	2	0	1	0	2	2	2	0
1	0	0.658549	0.643949	0.666667	0.666667	-0.111111	0	0	-0.037037	0.6666666666666666	0.6666666666666666	-0.037037037037037035	0.	0.	-0.037037037037037035	1	2	2	1	2	2	1	1	0	0	0	0
1	0	0.605529	0.631862	0.666667	0.666667	-0.111111	0	0	-0.037037	0.6296296296296297	0.6296296296296297	0.	0.037037037037037035	-0.037037037037037035	0.	1	2	1	1	2	2	1	1	0	0	0	1
1	0	0.556927	0.611797	0.555556	0.62963	0	-0.037037	0.111111	0	0.5555555555555556	0.6296296296296297	0.	-0.037037037037037035	0.037037037037037035	0.	1	2	0	1	2	1	1	1	0	0	1	0
1	0	0.661571	0.601628	0.555556	0.62963	0	-0.037037	0.111111	0	0.5925925925925926	0.5925925925925926	0.037037037037037035	0.	0.	0.037037037037037035	1	2	1	1	2	1	1	1	0	0	1	1
1	0	0.634959	0.586485	0.666667	0.592593	-0.111111	0	0	-0.037037	0.6666666666666666	0.5925925925925926	-0.037037037037037035	0.	0.	-0.037037037037037035	1	2	2	1	2	0	1	1	0	0	2	0
1	0	0.614837	0.561159	0.666667	0.592593	-0.111111	0	0	-0.037037	0.6296296296296297	0.5555555555555556	0.	0.037037037037037035	-0.037037037037037035	0.	1	2	1	1	2	0	1	1	0	0	2	1
1	0	0.541494	0.580649	0.555556	0.555556	0	0.111111	-0.037037	0	0.5555555555555556	0.5555555555555556	0.	0.037037037037037035	-0.037037037037037035	0.	1	1	2	1	2	0	1	1	0	1	0	0
1	0	0.532037	0.666538	0.555556	0.555556	0	0.111111	-0.037037	0	0.5185185185185185	0.5925925925925926	0.037037037037037035	0.	0.	0.037037037037037035	1	1	2	1	2	1	1	1	0	1	0	1
1	0	0.51282	0.649949	0.518519	0.666667	-0.037037	0	0	-0.111111	0.5185185185185185	0.6666666666666666	-0.037037037037037035	0.	0.	-0.037037037037037035	1	1	1	1	2	2	1	1	0	1	1	0
1	0	0.491639	0.595604	0.518519	0.666667	-0.037037	0	0	-0.111111	0.48148148148148145	0.6296296296296297	0.	-0.037037037037037035	0.037037037037037035	0.	1	1	1	1	2	1	1	1	0	1	1	1
1	0	0.469226	0.588714	0.481481	0.555556	0	0.111111	-0.037037	0	0.48148148148148145	0.5555555555555556	0.	0.037037037037037035	-0.037037037037037035	0.	1	1	0	1	2	0	1	1	0	1	2	0
1	0	0.480103	0.621884	0.481481	0.555556	0	0.111111	-0.037037	0	0.4444444444444444	0.5925925925925926	0.037037037037037035	0.	0.	0.037037037037037035	1	1	0	1	2	1	1	1	0	1	2	1
1	0	0.359569	0.653953	0.444444	0.666667	-0.111111	0	0	-0.037037	0.4444444444444444	0.6666666666666666	-0.037037037037037035	0.	0.	-0.037037037037037035	1	0	2	1	2	2	1	1	0	2	0	0
1	0	0.404026	0.642085	0.444444	0.666667	-0.111111	0	0	-0.037037	0.4074074074074074	0.6296296296296297	0.	0.037037037037037035	-0.037037037037037035	0.	1	0	1	1	2	2	1	1	0	2	0	1
1	0	0.338705	0.592602	0.333333	0.62963	0	-0.037037	0.111111	0	0.3333333333333333	0.6296296296296297	0.	-0.037037037037037035	0.037037037037037035	0.	1	0	0	1	2	1	1	1	0	2	1	0
1	0	0.384151	0.62469	0.333333	0.62963	0	-0.037037	0.111111	0	0.37037037037037035	0.5925925925925926	0.037037037037037035	0.	0.	0.037037037037037035	1	0	1	1	2	1	1	1	0	2	1	1
1	0	0.440695	0.568737	0.444444	0.592593	-0.111111	0	0	-0.037037	0.4444444444444444	0.5925925925925926	-0.037037037037037035	0.	0.	-0.037037037037037035	1	0	2	1	2	0	1	1	0	2	2	0
1	0	0.364766	0.548677	0.333333	0.555556	0	-0.111111	0.037037	0	0.3333333333333333	0.5555555555555556	0.	-0.037037037037037035	0.037037037037037035	0.	1	0	0	1	1	2	1	1	1	0	0	0
1	0	0.353991	0.555014	0.333333	0.555556	0	-0.111111	0.037037	0	0.37037037037037035	0.5185185185185185	-0.037037037037037035	0.	0.	-0.037037037037037035	1	0	0	1	1	1	1	1	1	0	0	1
1	0	0.397715	0.475361	0.37037	0.444444	0.037037	0	0	0.111111	0.37037037037037035	0.4444444444444444	0.037037037037037035	0.	0.	0.037037037037037035	1	0	1	1	1	0	1	1	1	0	1	0
1	0	0.37119	0.50901	0.37037	0.444444	0.037037	0	0	0.111111	0.4074074074074074	0.48148148148148145	0.	0.037037037037037035	-0.037037037037037035	0.	1	0	1	1	1	1	1	1	1	0	1	1
1	0	0.409185	0.535506	0.407407	0.555556	0	-0.111111	0.037037	0	0.4074074074074074	0.5555555555555556	0.	-0.037037037037037035	0.037037037037037035	0.	1	0	2	1	1	2	1	1	1	0	2	0
1	0	0.42689	0.504662	0.407407	0.555556	0	-0.111111	0.037037	0	0.4444444444444444	0.5185185185185185	-0.037037037037037035	0.	0.	-0.037037037037037035	1	0	2	1	1	1	1	1	1	0	2	1
1	0	0.458858	0.455362	0.444444	0.444444	0.111111	0	0	0.037037	0.4444444444444444	0.4444444444444444	0.037037037037037035	0.	0.	0.037037037037037035	1	1	0	1	1	0	1	1	1	1	0	0
1	0	0.489025	0.467035	0.444444	0.444444	0.111111	0	0	0.037037	0.48148148148148145	0.48148148148148145	0.	-0.037037037037037035	0.037037037037037035	0.	1	1	1	1	1	0	1	1	1	1	0	1
1	0	0.52194	0.511974	0.555556	0.481481	0	0.037037	-0.111111	0	0.5555555555555556	0.48148148148148145	0.	0.037037037037037035	-0.037037037037037035	0.	1	1	2	1	1	1	1	1	1	1	1	0
1	0	0.503114	0.497305	0.555556	0.481481	0	0.037037	-0.111111	0	0.5185185185185185	0.5185185185185185	-0.037037037037037035	0.	0.	-0.037037037037037035	1	1	1	1	1	1	1	1	1	1	1	1
1	0	0.447743	0.552025	0.444444	0.518519	0.111111	0	0	0.037037	0.4444444444444444	0.5185185185185185	0.037037037037037035	0.	0.	0.037037037037037035	1	1	0	1	1	2	1	1	1	1	2	0
1	0	0.58016	0.545947	0.555556	0.555556	0	-0.111111	0.037037	0	0.5555555555555556	0.5555555555555556	0.	-0.037037037037037035	0.037037037037037035	0.	1	2	0	1	1	2	1	1	1	2	0	0
1	0	0.559266	0.491129	0.555556	0.555556	0	-0.111111	0.037037	0	0.5925925925925926	0.5185185185185185	-0.037037037037037035	0.	0.	-0.037037037037037035	1	2	0	1	1	1	1	1	1	2	0	1
1	0	0.625649	0.472709	0.592593	0.444444	0.037037	0	0	0.111111	0.5925925925925926	0.4444444444444444	0.037037037037037035	0.	0.	0.037037037037037035	1	2	1	1	1	0	1	1	1	2	1	0
1	0	0.592646	0.527419	0.592593	0.444444	0.037037	0	0	0.111111	0.6296296296296297	0.48148148148148145	0.	0.037037037037037035	-0.037037037037037035	0.	1	2	1	1	1	1	1	1	1	2	1	1
1	0	0.646166	0.533712	0.62963	0.555556	0	-0.111111	0.037037	0	0.6296296296296297	0.5555555555555556	0.	-0.037037037037037035	0.037037037037037035	0.	1	2	2	1	1	2	1	1	1	2	2	0
1	0	0.656544	0.424466	0.666667	0.444444	-0.111111	0	0	-0.037037	0.6666666666666666	0.4444444444444444	-0.037037037037037035	0.	0.	-0.037037037037037035	1	2	2	1	0	2	1	1	2	0	0	0
1	0	0.594594	0.439467	0.666667	0.444444	-0.111111	0	0	-0.037037	0.6296296296296297	0.4074074074074074	0.	0.037037037037037035	-0.037037037037037035	0.	1	2	1	1	0	2	1	1	2	0	0	1
1	0	0.565849	0.397526	0.555556	0.407407	0	-0.037037	0.111111	0	0.5555555555555556	0.4074074074074074	0.	-0.037037037037037035	0.037037037037037035	0.	1	2	0	1	0	1	1	1	2	0	1	0
1	0	0.621191	0.407363	0.555556	0.407407	0	-0.037037	0.111111	0	0.5925925925925926	0.37037037037037035	0.037037037037037035	0.	0.	0.037037037037037035	1	2	1	1	0	1	1	1	2	0	1	1
1	0	0.632621	0.368627	0.666667	0.37037	-0.111111	0	0	-0.037037	0.6666666666666666	0.37037037037037035	-0.037037037037037035	0.	0.	-0.037037037037037035	1	2	2	1	0	0	1	1	2	0	2	0
1	0	0.602815	0.355702	0.666667	0.37037	-0.111111	0	0	-0.037037	0.6296296296296297	0.3333333333333333	0.	0.037037037037037035	-0.037037037037037035	0.	1	2	1	1	0	0	1	1	2	0	2	1
1	0	0.538693	0.36019	0.555556	0.333333	0	0.111111	-0.037037	0	0.5555555555555556	0.3333333333333333	0.	0.037037037037037035	-0.037037037037037035	0.	1	1	2	1	0	0	1	1	2	1	0	0
1	0	0.526022	0.405304	0.555556	0.333333	0	0.111111	-0.037037	0	0.5185185185185185	0.37037037037037035	0.037037037037037035	0.	0.	0.037037037037037035	1	1	2	1	0	1	1	1	2	1	0	1
1	0	0.515184	0.441721	0.518519	0.444444	-0.037037	0	0	-0.111111	0.5185185185185185	0.4444444444444444	-0.037037037037037035	0.	0.	-0.037037037037037035	1	1	1	1	0	2	1	1	2	1	1	0
1	0	0.496144	0.379361	0.518519	0.444444	-0.037037	0	0	-0.111111	0.48148148148148145	0.4074074074074074	0.	-0.037037037037037035	0.037037037037037035	0.	1	1	1	1	0	1	1	1	2	1	1	1
1	0	0.462096	0.345536	0.481481	0.333333	0	0.111111	-0.037037	0	0.48148148148148145	0.3333333333333333	0.	0.037037037037037035	-0.037037037037037035	0.	1	1	0	1	0	0	1	1	2	1	2	0
1	0	0.411826	0.414229	0.444444	0.444444	-0.111111	0	0	-0.037037	0.4444444444444444	0.4444444444444444	-0.037037037037037035	0.	0.	-0.037037037037037035	1	0	2	1	0	2	1	1	2	2	0	0
1	0	0.391722	0.444435	0.444444	0.444444	-0.111111	0	0	-0.037037	0.4074074074074074	0.4074074074074074	0.	0.037037037037037035	-0.037037037037037035	0.	1	0	1	1	0	2	1	1	2	2	0	1
1	0	0.346473	0.38822	0.333333	0.407407	0	-0.037037	0.111111	0	0.3333333333333333	0.4074074074074074	0.	-0.037037037037037035	0.037037037037037035	0.	1	0	0	1	0	1	1	1	2	2	1	0
1	0	0.37883	0.372093	0.333333	0.407407	0	-0.037037	0.111111	0	0.37037037037037035	0.37037037037037035	0.037037037037037035	0.	0.	0.037037037037037035	1	0	1	1	0	1	1	1	2	2	1	1
1	0	0.423747	0.338376	0.444444	0.37037	-0.111111	0	0	-0.037037	0.4444444444444444	0.37037037037037035	-0.037037037037037035	0.	0.	-0.037037037037037035	1	0	2	1	0	0	1	1	2	2	2	0
1	0	0.318379	0.34205	0.333333	0.333333	0	0.111111	-0.037037	0	0.3333333333333333	0.3333333333333333	0.	0.037037037037037035	-0.037037037037037035	0.	0	2	2	1	0	0	1	2	0	0	0	0
1	0	0.32828	0.375689	0.333333	0.333333	0	0.111111	-0.037037	0	0.2962962962962963	0.37037037037037035	0.037037037037037035	0.	0.	0.037037037037037035	0	2	2	1	0	1	1	2	0	0	0	1
1	0	0.294381	0.417151	0.296296	0.444444	-0.037037	0	0	-0.111111	0.2962962962962963	0.4444444444444444	-0.037037037037037035	0.	0.	-0.037037037037037035	0	2	1	1	0	2	1	2	0	0	1	0
1	0	0.296284	0.421211	0.296296	0.444444	-0.037037	0	0	-0.111111	0.25925925925925924	0.4074074074074074	0.	-0.037037037037037035	0.037037037037037035	0.	0	2	1	1	0	1	1	2	0	0	1	1
1	0	0.233348	0.362391	0.259259	0.333333	0	0.111111	-0.037037	0	0.25925925925925924	0.3333333333333333	0.	0.037037037037037035	-0.037037037037037035	0.	0	2	0	1	0	0	1	2	0	0	2	0
1	0	0.240492	0.391107	0.259259	0.333333	0	0.111111	-0.037037	0	0.2222222222222222	0.37037037037037035	0.037037037037037035	0.	0.	0.037037037037037035	0	2	0	1	0	1	1	2	0	0	2	1
1	0	0.228703	0.452331	0.222222	0.444444	0.111111	0	0	0.037037	0.2222222222222222	0.4444444444444444	0.037037037037037035	0.	0.	0.037037037037037035	0	2	0	1	1	0	1	2	0	1	0	0
1	0	0.287086	0.460055	0.222222	0.444444	0.111111	0	0	0.037037	0.25925925925925924	0.48148148148148145	0.	-0.037037037037037035	0.037037037037037035	0.	0	2	1	1	1	0	1	2	0	1	0	1
1	0	0.325264	0.501832	0.333333	0.481481	0	0.037037	-0.111111	0	0.3333333333333333	0.48148148148148145	0.	0.037037037037037035	-0.037037037037037035	0.	0	2	2	1	1	1	1	2	0	1	1	0
1	0	0.27388	0.48866	0.333333	0.481481	0	0.037037	-0.111111	0	0.2962962962962963	0.5185185185185185	-0.037037037037037035	0.	0.	-0.037037037037037035	0	2	1	1	1	1	1	2	0	1	1	1
1	0	0.252605	0.543491	0.222222	0.518519	0.111111	0	0	0.037037	0.2222222222222222	0.5185185185185185	0.037037037037037035	0.	0.	0.037037037037037035	0	2	0	1	1	2	1	2	0	1	2	0
1	0	0.303897	0.577981	0.333333	0.555556	0	0.111111	-0.037037	0	0.3333333333333333	0.5555555555555556	0.	0.037037037037037035	-0.037037037037037035	0.	0	2	2	1	2	0	1	2	0	2	0	0
1	0	0.316081	0.617934	0.333333	0.555556	0	0.111111	-0.037037	0	0.2962962962962963	0.5925925925925926	0.037037037037037035	0.	0.	0.037037037037037035	0	2	2	1	2	1	1	2	0	2	0	1
1	0	0.276674	0.634511	0.296296	0.666667	-0.037037	0	0	-0.111111	0.2962962962962963	0.6666666666666666	-0.037037037037037035	0.	0.	-0.037037037037037035	0	2	1	1	2	2	1	2	0	2	1	0
1	0	0.268022	0.603877	0.296296	0.666667	-0.037037	0	0	-0.111111	0.25925925925925924	0.6296296296296297	0.	-0.037037037037037035	0.037037037037037035	0.	0	2	1	1	2	1	1	2	0	2	1	1
1	0	0.246996	0.663544	0.259259	0.555556	0	0.111111	-0.037037	0	0.25925925925925924	0.5555555555555556	0.	0.037037037037037035	-0.037037037037037035	0.	0	2	0	1	2	0	1	2	0	2	2	0
1	0	0.214842	0.647199	0.222222	0.666667	-0.111111	0	0	-0.037037	0.2222222222222222	0.6666666666666666	-0.037037037037037035	0.	0.	-0.037037037037037035	0	1	2	1	2	2	1	2	1	0	0	0
1	0	0.146522	0.629641	0.222222	0.666667	-0.111111	0	0	-0.037037	0.18518518518518517	0.6296296296296297	0.	0.037037037037037035	-0.037037037037037035	0.	0	1	1	1	2	2	1	2	1	0	0	1
1	0	0.118452	0.598529	0.111111	0.62963	0	-0.037037	0.111111	0	0.1111111111111111	0.6296296296296297	0.	-0.037037037037037035	0.037037037037037035	0.	0	1	0	1	2	1	1	2	1	0	1	0
1	0	0.187824	0.614525	0.111111	0.62963	0	-0.037037	0.111111	0	0.14814814814814814	0.5925925925925926	0.037037037037037035	0.	0.	0.037037037037037035	0	1	1	1	2	1	1	2	1	0	1	1
1	0	0.193792	0.559013	0.222222	0.592593	-0.111111	0	0	-0.037037	0.2222222222222222	0.5925925925925926	-0.037037037037037035	0.	0.	-0.037037037037037035	0	1	2	1	2	0	1	2	1	0	2	0
1	0	0.162981	0.584212	0.222222	0.592593	-0.111111	0	0	-0.037037	0.18518518518518517	0.5555555555555556	0.	0.037037037037037035	-0.037037037037037035	0.	0	1	1	1	2	0	1	2	1	0	2	1
1	0	0.136077	0.531157	0.111111	0.555556	0	-0.111111	0.037037	0	0.1111111111111111	0.5555555555555556	0.	-0.037037037037037035	0.037037037037037035	0.	0	1	0	1	1	2	1	2	1	1	0	0
1	0	0.121465	0.521226	0.111111	0.555556	0	-0.111111	0.037037	0	0.14814814814814814	0.5185185185185185	-0.037037037037037035	0.	0.	-0.037037037037037035	0	1	0	1	1	1	1	2	1	1	0	1
1	0	0.170544	0.463552	0.148148	0.444444	0.037037	0	0	0.111111	0.14814814814814814	0.4444444444444444	0.037037037037037035	0.	0.	0.037037037037037035	0	1	1	1	1	0	1	2	1	1	1	0
1	0	0.18236	0.485557	0.148148	0.444444	0.037037	0	0	0.111111	0.18518518518518517	0.48148148148148145	0.	0.037037037037037035	-0.037037037037037035	0.	0	1	1	1	1	1	1	2	1	1	1	1
1	0	0.209745	0.524938	0.185185	0.555556	0	-0.111111	0.037037	0	0.18518518518518517	0.5555555555555556	0.	-0.037037037037037035	0.037037037037037035	0.	0	1	2	1	1	2	1	2	1	1	2	0
1	0	0.221959	0.431373	0.222222	0.444444	-0.111111	0	0	-0.037037	0.2222222222222222	0.4444444444444444	-0.037037037037037035	0.	0.	-0.037037037037037035	0	1	2	1	0	2	1	2	1	2	0	0
1	0	0.157491	0.426507	0.222222	0.444444	-0.111111	0	0	-0.037037	0.18518518518518517	0.4074074074074074	0.	0.037037037037037035	-0.037037037037037035	0.	0	1	1	1	0	2	1	2	1	2	0	1
1	0	0.116307	0.381294	0.111111	0.407407	0	-0.037037	0.111111	0	0.1111111111111111	0.4074074074074074	0.	-0.037037037037037035	0.037037037037037035	0.	0	1	0	1	0	1	1	2	1	2	1	0
1	0	0.143887	0.402089	0.111111	0.407407	0	-0.037037	0.111111	0	0.14814814814814814	0.37037037037037035	0.037037037037037035	0.	0.	0.037037037037037035	0	1	1	1	0	1	1	2	1	2	1	1
1	0	0.190372	0.348021	0.222222	0.37037	-0.111111	0	0	-0.037037	0.2222222222222222	0.37037037037037035	-0.037037037037037035	0.	0.	-0.037037037037037035	0	1	2	1	0	0	1	2	1	2	2	0
1	0	0.0999828	0.353036	0.111111	0.333333	0	0.111111	-0.037037	0	0.1111111111111111	0.3333333333333333	0.	0.037037037037037035	-0.037037037037037035	0.	0	0	2	1	0	0	1	2	2	0	0	0
1	0	0.0831213	0.365711	0.111111	0.333333	0	0.111111	-0.037037	0	0.07407407407407407	0.37037037037037035	0.037037037037037035	0.	0.	0.037037037037037035	0	0	2	1	0	1	1	2	2	0	0	1
1	0	0.0672094	0.409989	0.0740741	0.444444	-0.037037	0	0	-0.111111	0.07407407407407407	0.4444444444444444	-0.037037037037037035	0.	0.	-0.037037037037037035	0	0	1	1	0	2	1	2	2	0	1	0
1	0	0.0708547	0.436518	0.0740741	0.444444	-0.037037	0	0	-0.111111	0.037037037037037035	0.4074074074074074	0.	-0.037037037037037035	0.037037037037037035	0.	0	0	1	1	0	1	1	2	2	0	1	1
1	0	0.0205685	0.394312	0.037037	0.333333	0	0.111111	-0.037037	0	0.037037037037037035	0.3333333333333333	0.	0.037037037037037035	-0.037037037037037035	0.	0	0	0	1	0	0	1	2	2	0	2	0
1	0	0.0281213	0.444331	0.037037	0.333333	0	0.111111	-0.037037	0	0.	0.37037037037037035	0.037037037037037035	0.	0.	0.037037037037037035	0	0	0	1	0	1	1	2	2	0	2	1
1	0	0.0951026	0.480419	0	0.444444	0.111111	0	0	0.037037	0.	0.4444444444444444	0.037037037037037035	0.	0.	0.037037037037037035	0	0	0	1	1	0	1	2	2	1	0	0
1	0	0.0175775	0.470299	0	0.444444	0.111111	0	0	0.037037	0.037037037037037035	0.48148148148148145	0.	-0.037037037037037035	0.037037037037037035	0.	0	0	1	1	1	0	1	2	2	1	0	1
1	0	0.0920974	0.514574	0.111111	0.481481	0	0.037037	-0.111111	0	0.1111111111111111	0.48148148148148145	0.	0.037037037037037035	-0.037037037037037035	0.	0	0	2	1	1	1	1	2	2	1	1	0
1	0	0.0508633	0.495394	0.111111	0.481481	0	0.037037	-0.111111	0	0.07407407407407407	0.5185185185185185	-0.037037037037037035	0.	0.	-0.037037037037037035	0	0	1	1	1	1	1	2	2	1	1	1
1	0	0.00901109	0.53984	0	0.518519	0.111111	0	0	0.037037	0.	0.5185185185185185	0.037037037037037035	0.	0.	0.037037037037037035	0	0	0	1	1	2	1	2	2	1	2	0
1	0	0.097673	0.573534	0.111111	0.555556	0	0.111111	-0.037037	0	0.1111111111111111	0.5555555555555556	0.	0.037037037037037035	-0.037037037037037035	0.	0	0	2	1	2	0	1	2	2	2	0	0
1	0	0.089443	0.65838	0.111111	0.555556	0	0.111111	-0.037037	0	0.07407407407407407	0.5925925925925926	0.037037037037037035	0.	0.	0.037037037037037035	0	0	2	1	2	1	1	2	2	2	0	1
1	0	0.0403482	0.638918	0.0740741	0.666667	-0.037037	0	0	-0.111111	0.07407407407407407	0.6666666666666666	-0.037037037037037035	0.	0.	-0.037037037037037035	0	0	1	1	2	2	1	2	2	2	1	0
1	0	0.057334	0.608685	0.0740741	0.666667	-0.037037	0	0	-0.111111	0.037037037037037035	0.6296296296296297	0.	-0.037037037037037035	0.037037037037037035	0.	0	0	1	1	2	1	1	2	2	2	1	1
1	0	0.0310128	0.565974	0.037037	0.555556	0	0.111111	-0.037037	0	0.037037037037037035	0.5555555555555556	0.	0.037037037037037035	-0.037037037037037035	0.	0	0	0	1	2	0	1	2	2	2	2	0
1	0	0.0125747	0.669588	0	0.666667	0.111111	0	0	0.037037	0.	0.6666666666666666	0.037037037037037035	0.	0.	0.037037037037037035	0	0	0	2	0	0	2	0	0	0	0	0
1	0	0.0457611	0.689067	0	0.666667	0.111111	0	0	0.037037	0.037037037037037035	0.7037037037037037	0.	-0.037037037037037035	0.037037037037037035	0.	0	0	1	2	0	0	2	0	0	0	0	1
1	0	0.11008	0.737688	0.111111	0.703704	0	0.037037	-0.111111	0	0.1111111111111111	0.7037037037037037	0.	0.037037037037037035	-0.037037037037037035	0.	0	0	2	2	0	1	2	0	0	0	1	0
1	0	0.0723146	0.714135	0.111111	0.703704	0	0.037037	-0.111111	0	0.07407407407407407	0.7407407407407407	-0.037037037037037035	0.	0.	-0.037037037037037035	0	0	1	2	0	1	2	0	0	0	1	1
1	0	0.102463	0.777721	0	0.740741	0.111111	0	0	0.037037	0.	0.7407407407407407	0.037037037037037035	0.	0.	0.037037037037037035	0	0	0	2	0	2	2	0	0	0	2	0
1	0	0.00129506	0.747173	0	0.740741	0.111111	0	0	0.037037	0.037037037037037035	0.7777777777777778	0.	-0.037037037037037035	0.037037037037037035	0.	0	0	1	2	0	2	2	0	0	0	2	1
1	0	0.133243	0.768201	0.111111	0.777778	0	-0.111111	0.037037	0	0.1111111111111111	0.7777777777777778	0.	-0.037037037037037035	0.037037037037037035	0.	0	1	0	2	0	2	2	0	0	1	0	0
1	0	0.138385	0.70196	0.111111	0.777778	0	-0.111111	0.037037	0	0.14814814814814814	0.7407407407407407	-0.037037037037037035	0.	0.	-0.037037037037037035	0	1	0	2	0	1	2	0	0	1	0	1
1	0	0.17277	0.696249	0.148148	0.666667	0.037037	0	0	0.111111	0.14814814814814814	0.6666666666666666	0.037037037037037035	0.	0.	0.037037037037037035	0	1	1	2	0	0	2	0	0	1	1	0
1	0	0.165256	0.756722	0.148148	0.666667	0.037037	0	0	0.111111	0.18518518518518517	0.7037037037037037	0.	0.037037037037037035	-0.037037037037037035	0.	0	1	1	2	0	1	2	0	0	1	1	1
1	0	0.202235	0.762002	0.185185	0.777778	0	-0.111111	0.037037	0	0.18518518518518517	0.7777777777777778	0.	-0.037037037037037035	0.037037037037037035	0.	0	1	2	2	0	2	2	0	0	1	2	0
1	0	0.207123	0.72758	0.185185	0.777778	0	-0.111111	0.037037	0	0.2222222222222222	0.7407407407407407	-0.037037037037037035	0.	0.	-0.037037037037037035	0	1	2	2	0	1	2	0	0	1	2	1
1	0	0.230884	0.678131	0.222222	0.666667	0.111111	0	0	0.037037	0.2222222222222222	0.6666666666666666	0.037037037037037035	0.	0.	0.037037037037037035	0	2	0	2	0	0	2	0	0	2	0	0
1	0	0.261456	0.685594	0.222222	0.666667	0.111111	0	0	0.037037	0.25925925925925924	0.7037037037037037	0.	-0.037037037037037035	0.037037037037037035	0.	0	2	1	2	0	0	2	0	0	2	0	1
1	0	0.313987	0.708796	0.333333	0.703704	0	0.037037	-0.111111	0	0.3333333333333333	0.7037037037037037	0.	0.037037037037037035	-0.037037037037037035	0.	0	2	2	2	0	1	2	0	0	2	1	0
1	0	0.281735	0.721442	0.333333	0.703704	0	0.037037	-0.111111	0	0.2962962962962963	0.7407407407407407	-0.037037037037037035	0.	0.	-0.037037037037037035	0	2	1	2	0	1	2	0	0	2	1	1
1	0	0.309113	0.777588	0.222222	0.740741	0.111111	0	0	0.037037	0.2222222222222222	0.7407407407407407	0.037037037037037035	0.	0.	0.037037037037037035	0	2	0	2	0	2	2	0	0	2	2	0
1	0	0.333265	0.798134	0.333333	0.777778	0	0.111111	-0.037037	0	0.3333333333333333	0.7777777777777778	0.	0.037037037037037035	-0.037037037037037035	0.	0	2	2	2	1	0	2	0	1	0	0	0
1	0	0.299192	0.81717	0.333333	0.777778	0	0.111111	-0.037037	0	0.2962962962962963	0.8148148148148148	0.037037037037037035	0.	0.	0.037037037037037035	0	2	2	2	1	1	2	0	1	0	0	1
1	0	0.290078	0.870171	0.296296	0.888889	-0.037037	0	0	-0.111111	0.2962962962962963	0.8888888888888888	-0.037037037037037035	0.	0.	-0.037037037037037035	0	2	1	2	1	2	2	0	1	0	1	0
1	0	0.264044	0.838013	0.296296	0.888889	-0.037037	0	0	-0.111111	0.25925925925925924	0.8518518518518519	0.	-0.037037037037037035	0.037037037037037035	0.	0	2	1	2	1	1	2	0	1	0	1	1
1	0	0.24479	0.812663	0.259259	0.777778	0	0.111111	-0.037037	0	0.25925925925925924	0.7777777777777778	0.	0.037037037037037035	-0.037037037037037035	0.	0	2	0	2	1	0	2	0	1	0	2	0
1	0	0.25699	0.885057	0.259259	0.777778	0	0.111111	-0.037037	0	0.2222222222222222	0.8148148148148148	0.037037037037037035	0.	0.	0.037037037037037035	0	2	0	2	1	1	2	0	1	0	2	1
1	0	0.197302	0.879021	0.222222	0.888889	-0.111111	0	0	-0.037037	0.2222222222222222	0.8888888888888888	-0.037037037037037035	0.	0.	-0.037037037037037035	0	1	2	2	1	2	2	0	1	1	0	0
1	0	0.180001	0.862674	0.222222	0.888889	-0.111111	0	0	-0.037037	0.18518518518518517	0.8518518518518519	0.	0.037037037037037035	-0.037037037037037035	0.	0	1	1	2	1	2	2	0	1	1	0	1
1	0	0.12319	0.833016	0.111111	0.851852	0	-0.037037	0.111111	0	0.1111111111111111	0.8518518518518519	0.	-0.037037037037037035	0.037037037037037035	0.	0	1	0	2	1	1	2	0	1	1	1	0
1	0	0.155492	0.848659	0.111111	0.851852	0	-0.037037	0.111111	0	0.14814814814814814	0.8148148148148148	0.037037037037037035	0.	0.	0.037037037037037035	0	1	1	2	1	1	2	0	1	1	1	1
1	0	0.220076	0.789234	0.222222	0.814815	-0.111111	0	0	-0.037037	0.2222222222222222	0.8148148148148148	-0.037037037037037035	0.	0.	-0.037037037037037035	0	1	2	2	1	0	2	0	1	1	2	0
1	0	0.0774196	0.792996	0.111111	0.777778	0	0.111111	-0.037037	0	0.1111111111111111	0.7777777777777778	0.	0.037037037037037035	-0.037037037037037035	0.	0	0	2	2	1	0	2	0	1	2	0	0
1	0	0.0852112	0.82165	0.111111	0.777778	0	0.111111	-0.037037	0	0.07407407407407407	0.8148148148148148	0.037037037037037035	0.	0.	0.037037037037037035	0	0	2	2	1	1	2	0	1	2	0	1
1	0	0.0371555	0.866954	0.0740741	0.888889	-0.037037	0	0	-0.111111	0.07407407407407407	0.8888888888888888	-0.037037037037037035	0.	0.	-0.037037037037037035	0	0	1	2	1	2	2	0	1	2	1	0
1	0	0.06148	0.844016	0.0740741	0.888889	-0.037037	0	0	-0.111111	0.037037037037037035	0.8518518518518519	0.	-0.037037037037037035	0.037037037037037035	0.	0	0	1	2	1	1	2	0	1	2	1	1
1	0	0.0228804	0.80231	0.037037	0.777778	0	0.111111	-0.037037	0	0.037037037037037035	0.7777777777777778	0.	0.037037037037037035	-0.037037037037037035	0.	0	0	0	2	1	0	2	0	1	2	2	0
1	0	0.0109937	0.896023	0	0.888889	0.111111	0	0	0.037037	0.	0.8888888888888888	0.037037037037037035	0.	0.	0.037037037037037035	0	0	0	2	2	0	2	0	2	0	0	0
1	0	0.0688977	0.907726	0	0.888889	0.111111	0	0	0.037037	0.037037037037037035	0.9259259259259259	0.	-0.037037037037037035	0.037037037037037035	0.	0	0	1	2	2	0	2	0	2	0	0	1
1	0	0.0272006	0.954939	0.111111	0.925926	0	0.037037	-0.111111	0	0.1111111111111111	0.9259259259259259	0.	0.037037037037037035	-0.037037037037037035	0.	0	0	2	2	2	1	2	0	2	0	1	0
1	0	0.0527158	0.939155	0.111111	0.925926	0	0.037037	-0.111111	0	0.07407407407407407	0.9629629629629629	-0.037037037037037035	0.	0.	-0.037037037037037035	0	0	1	2	2	1	2	0	2	0	1	1
1	0	0.0994243	1	0	0.962963	0.111111	0	0	0.037037	0.	0.9629629629629629	0.037037037037037035	0.	0.	0.037037037037037035	0	0	0	2	2	2	2	0	2	0	2	0
1	0	0.0813238	0.990607	0	0.962963	0.111111	0	0	0.037037	0.037037037037037035	1.	0.	-0.037037037037037035	0.037037037037037035	0.	0	0	1	2	2	2	2	0	2	0	2	1
1	0	0.128735	0.981528	0.111111	1	0	-0.111111	0.037037	0	0.1111111111111111	1.	0.	-0.037037037037037035	0.037037037037037035	0.	0	1	0	2	2	2	2	0	2	1	0	0
1	0	0.113312	0.965529	0.111111	1	0	-0.111111	0.037037	0	0.14814814814814814	0.9629629629629629	-0.037037037037037035	0.	0.	-0.037037037037037035	0	1	0	2	2	1	2	0	2	1	0	1
1	0	0.148257	0.916501	0.148148	0.888889	0.037037	0	0	0.111111	0.14814814814814814	0.8888888888888888	0.037037037037037035	0.	0.	0.037037037037037035	0	1	1	2	2	0	2	0	2	1	1	0
1	0	0.153808	0.923676	0.148148	0.888889	0.037037	0	0	0.111111	0.18518518518518517	0.9259259259259259	0.	0.037037037037037035	-0.037037037037037035	0.	0	1	1	2	2	1	2	0	2	1	1	1
1	0	0.188952	0.970596	0.185185	1	0	-0.111111	0.037037	0	0.18518518518518517	1.	0.	-0.037037037037037035	0.037037037037037035	0.	0	1	2	2	2	2	2	0	2	1	2	0
1	0	0.235149	0.89212	0.222222	0.888889	0.111111	0	0	0.037037	0.2222222222222222	0.8888888888888888	0.037037037037037035	0.	0.	0.037037037037037035	0	2	0	2	2	0	2	0	2	2	0	0
1	0	0.323471	0.900858	0.222222	0.888889	0.111111	0	0	0.037037	0.25925925925925924	0.9259259259259259	0.	-0.037037037037037035	0.037037037037037035	0.	0	2	1	2	2	0	2	0	2	2	0	1
1	0	0.285189	0.951465	0.333333	0.925926	0	0.037037	-0.111111	0	0.3333333333333333	0.9259259259259259	0.	0.037037037037037035	-0.037037037037037035	0.	0	2	2	2	2	1	2	0	2	2	1	0
1	0	0.22373	0.935557	0.333333	0.925926	0	0.037037	-0.111111	0	0.2962962962962963	0.9629629629629629	-0.037037037037037035	0.	0.	-0.037037037037037035	0	2	1	2	2	1	2	0	2	2	1	1
1	0	0.272343	0.976934	0.222222	0.962963	0.111111	0	0	0.037037	0.2222222222222222	0.9629629629629629	0.037037037037037035	0.	0.	0.037037037037037035	0	2	0	2	2	2	2	0	2	2	2	0
1	0	0.339862	0.996269	0.333333	1	0	-0.111111	0.037037	0	0.3333333333333333	1.	0.	-0.037037037037037035	0.037037037037037035	0.	1	0	0	2	2	2	2	1	0	0	0	0
1	0	0.335137	0.930901	0.333333	1	0	-0.111111	0.037037	0	0.37037037037037035	0.9629629629629629	-0.037037037037037035	0.	0.	-0.037037037037037035	1	0	0	2	2	1	2	1	0	0	0	1
1	0	0.370441	0.910648	0.37037	0.888889	0.037037	0	0	0.111111	0.37037037037037035	0.8888888888888888	0.037037037037037035	0.	0.	0.037037037037037035	1	0	1	2	2	0	2	1	0	0	1	0
1	0	0.372522	0.943264	0.37037	0.888889	0.037037	0	0	0.111111	0.4074074074074074	0.9259259259259259	0.	0.037037037037037035	-0.037037037037037035	0.	1	0	1	2	2	1	2	1	0	0	1	1
1	0	0.40751	0.984647	0.407407	1	0	-0.111111	0.037037	0	0.4074074074074074	1.	0.	-0.037037037037037035	0.037037037037037035	0.	1	0	2	2	2	2	2	1	0	0	2	0
1	0	0.417672	0.958316	0.407407	1	0	-0.111111	0.037037	0	0.4444444444444444	0.9629629629629629	-0.037037037037037035	0.	0.	-0.037037037037037035	1	0	2	2	2	1	2	1	0	0	2	1
1	0	0.428802	0.854469	0.444444	0.888889	-0.111111	0	0	-0.037037	0.4444444444444444	0.8888888888888888	-0.037037037037037035	0.	0.	-0.037037037037037035	1	0	2	2	1	2	2	1	0	1	0	0
1	0	0.393957	0.874925	0.444444	0.888889	-0.111111	0	0	-0.037037	0.4074074074074074	0.8518518518518519	0.	0.037037037037037035	-0.037037037037037035	0.	1	0	1	2	1	2	2	1	0	1	0	1
1	0	0.436477	0.851572	0.333333	0.851852	0	-0.037037	0.111111	0	0.3333333333333333	0.8518518518518519	0.	-0.037037037037037035	0.037037037037037035	0.	1	0	0	2	1	1	2	1	0	1	1	0
1	0	0.376607	0.825188	0.333333	0.851852	0	-0.037037	0.111111	0	0.37037037037037035	0.8148148148148148	0.037037037037037035	0.	0.	0.037037037037037035	1	0	1	2	1	1	2	1	0	1	1	1
1	0	0.413788	0.804924	0.444444	0.814815	-0.111111	0	0	-0.037037	0.4444444444444444	0.8148148148148148	-0.037037037037037035	0.	0.	-0.037037037037037035	1	0	2	2	1	0	2	1	0	1	2	0
1	0	0.344063	0.743806	0.333333	0.777778	0	-0.111111	0.037037	0	0.3333333333333333	0.7777777777777778	0.	-0.037037037037037035	0.037037037037037035	0.	1	0	0	2	0	2	2	1	0	2	0	0
1	0	0.351877	0.71795	0.333333	0.777778	0	-0.111111	0.037037	0	0.37037037037037035	0.7407407407407407	-0.037037037037037035	0.	0.	-0.037037037037037035	1	0	0	2	0	1	2	1	0	2	0	1
1	0	0.381616	0.675182	0.37037	0.666667	0.037037	0	0	0.111111	0.37037037037037035	0.6666666666666666	0.037037037037037035	0.	0.	0.037037037037037035	1	0	1	2	0	0	2	1	0	2	1	0
1	0	0.395823	0.730866	0.37037	0.666667	0.037037	0	0	0.111111	0.4074074074074074	0.7037037037037037	0.	0.037037037037037035	-0.037037037037037035	0.	1	0	1	2	0	1	2	1	0	2	1	1
1	0	0.421974	0.773294	0.407407	0.777778	0	-0.111111	0.037037	0	0.4074074074074074	0.7777777777777778	0.	-0.037037037037037035	0.037037037037037035	0.	1	0	2	2	0	2	2	1	0	2	2	0
1	0	0.547268	0.693062	0.444444	0.666667	0.111111	0	0	0.037037	0.4444444444444444	0.6666666666666666	0.037037037037037035	0.	0.	0.037037037037037035	1	1	0	2	0	0	2	1	1	0	0	0
1	0	0.494114	0.683014	0.444444	0.666667	0.111111	0	0	0.037037	0.48148148148148145	0.7037037037037037	0.	-0.037037037037037035	0.037037037037037035	0.	1	1	1	2	0	0	2	1	1	0	0	1
1	0	0.453265	0.705675	0.555556	0.703704	0	0.037037	-0.111111	0	0.5555555555555556	0.7037037037037037	0.	0.037037037037037035	-0.037037037037037035	0.	1	1	2	2	0	1	2	1	1	0	1	0
1	0	0.52399	0.735165	0.555556	0.703704	0	0.037037	-0.111111	0	0.5185185185185185	0.7407407407407407	-0.037037037037037035	0.	0.	-0.037037037037037035	1	1	1	2	0	1	2	1	1	0	1	1
1	0	0.464244	0.750565	0.444444	0.740741	0.111111	0	0	0.037037	0.4444444444444444	0.7407407407407407	0.037037037037037035	0.	0.	0.037037037037037035	1	1	0	2	0	2	2	1	1	0	2	0
1	0	0.474728	0.765104	0.444444	0.740741	0.111111	0	0	0.037037	0.48148148148148145	0.7777777777777778	0.	-0.037037037037037035	0.037037037037037035	0.	1	1	1	2	0	2	2	1	1	0	2	1
1	0	0.536337	0.809673	0.555556	0.777778	0	0.111111	-0.037037	0	0.5555555555555556	0.7777777777777778	0.	0.037037037037037035	-0.037037037037037035	0.	1	1	2	2	1	0	2	1	1	1	0	0
1	0	0.551677	0.827608	0.555556	0.777778	0	0.111111	-0.037037	0	0.5185185185185185	0.8148148148148148	0.037037037037037035	0.	0.	0.037037037037037035	1	1	2	2	1	1	2	1	1	1	0	1
1	0	0.500934	0.881873	0.518519	0.888889	-0.037037	0	0	-0.111111	0.5185185185185185	0.8888888888888888	-0.037037037037037035	0.	0.	-0.037037037037037035	1	1	1	2	1	2	2	1	1	1	1	0
1	0	0.508004	0.857203	0.518519	0.888889	-0.037037	0	0	-0.111111	0.48148148148148145	0.8518518518518519	0.	-0.037037037037037035	0.037037037037037035	0.	1	1	1	2	1	1	2	1	1	1	1	1
1	0	0.446012	0.786601	0.481481	0.777778	0	0.111111	-0.037037	0	0.48148148148148145	0.7777777777777778	0.	0.037037037037037035	-0.037037037037037035	0.	1	1	0	2	1	0	2	1	1	1	2	0
1	0	0.478151	0.903521	0.444444	0.888889	0.111111	0	0	0.037037	0.4444444444444444	0.8888888888888888	0.037037037037037035	0.	0.	0.037037037037037035	1	1	0	2	2	0	2	1	1	2	0	0
1	0	0.519824	0.92027	0.444444	0.888889	0.111111	0	0	0.037037	0.48148148148148145	0.9259259259259259	0.	-0.037037037037037035	0.037037037037037035	0.	1	1	1	2	2	0	2	1	1	2	0	1
1	0	0.487832	0.962951	0.555556	0.925926	0	0.037037	-0.111111	0	0.5555555555555556	0.9259259259259259	0.	0.037037037037037035	-0.037037037037037035	0.	1	1	2	2	2	1	2	1	1	2	1	0
1	0	0.457335	0.946164	0.555556	0.925926	0	0.037037	-0.111111	0	0.5185185185185185	0.9629629629629629	-0.037037037037037035	0.	0.	-0.037037037037037035	1	1	1	2	2	1	2	1	1	2	1	1
1	0	0.542873	0.974133	0.444444	0.962963	0.111111	0	0	0.037037	0.4444444444444444	0.9629629629629629	0.037037037037037035	0.	0.	0.037037037037037035	1	1	0	2	2	2	2	1	1	2	2	0
1	0	0.556319	0.993576	0.555556	1	0	-0.111111	0.037037	0	0.5555555555555556	1.	0.	-0.037037037037037035	0.037037037037037035	0.	1	2	0	2	2	2	2	1	2	0	0	0
1	0	0.571037	0.928756	0.555556	1	0	-0.111111	0.037037	0	0.5925925925925926	0.9629629629629629	-0.037037037037037035	0.	0.	-0.037037037037037035	1	2	0	2	2	1	2	1	2	0	0	1
1	0	0.627252	0.913291	0.592593	0.888889	0.037037	0	0	0.111111	0.5925925925925926	0.8888888888888888	0.037037037037037035	0.	0.	0.037037037037037035	1	2	1	2	2	0	2	1	2	0	1	0
1	0	0.599315	0.926121	0.592593	0.888889	0.037037	0	0	0.111111	0.6296296296296297	0.9259259259259259	0.	0.037037037037037035	-0.037037037037037035	0.	1	2	1	2	2	1	2	1	2	0	1	1
1	0	0.631078	0.988092	0.62963	1	0	-0.111111	0.037037	0	0.6296296296296297	1.	0.	-0.037037037037037035	0.037037037037037035	0.	1	2	2	2	2	2	2	1	2	0	2	0
1	0	0.665076	0.949468	0.62963	1	0	-0.111111	0.037037	0	0.6666666666666666	0.9629629629629629	-0.037037037037037035	0.	0.	-0.037037037037037035	1	2	2	2	2	1	2	1	2	0	2	1
1	0	0.644299	0.860837	0.666667	0.888889	-0.111111	0	0	-0.037037	0.6666666666666666	0.8888888888888888	-0.037037037037037035	0.	0.	-0.037037037037037035	1	2	2	2	1	2	2	1	2	1	0	0
1	0	0.613037	0.887207	0.666667	0.888889	-0.111111	0	0	-0.037037	0.6296296296296297	0.8518518518518519	0.	0.037037037037037035	-0.037037037037037035	0.	1	2	1	2	1	2	2	1	2	1	0	1
1	0	0.564096	0.840837	0.555556	0.851852	0	-0.037037	0.111111	0	0.5555555555555556	0.8518518518518519	0.	-0.037037037037037035	0.037037037037037035	0.	1	2	0	2	1	1	2	1	2	1	1	0
1	0	0.582684	0.830367	0.555556	0.851852	0	-0.037037	0.111111	0	0.5925925925925926	0.8148148148148148	0.037037037037037035	0.	0.	0.037037037037037035	1	2	1	2	1	1	2	1	2	1	1	1
1	0	0.651307	0.807168	0.666667	0.814815	-0.111111	0	0	-0.037037	0.6666666666666666	0.8148148148148148	-0.037037037037037035	0.	0.	-0.037037037037037035	1	2	2	2	1	0	2	1	2	1	2	0
1	0	0.587063	0.754522	0.555556	0.777778	0	-0.111111	0.037037	0	0.5555555555555556	0.7777777777777778	0.	-0.037037037037037035	0.037037037037037035	0.	1	2	0	2	0	2	2	1	2	2	0	0
1	0	0.57503	0.723561	0.555556	0.777778	0	-0.111111	0.037037	0	0.5925925925925926	0.7407407407407407	-0.037037037037037035	0.	0.	-0.037037037037037035	1	2	0	2	0	1	2	1	2	2	0	1
1	0	0.623109	0.698902	0.592593	0.666667	0.037037	0	0	0.111111	0.5925925925925926	0.6666666666666666	0.037037037037037035	0.	0.	0.037037037037037035	1	2	1	2	0	0	2	1	2	2	1	0
1	0	0.601013	0.741024	0.592593	0.666667	0.037037	0	0	0.111111	0.6296296296296297	0.7037037037037037	0.	0.037037037037037035	-0.037037037037037035	0.	1	2	1	2	0	1	2	1	2	2	1	1
1	0	0.639643	0.770924	0.62963	0.777778	0	-0.111111	0.037037	0	0.6296296296296297	0.7777777777777778	0.	-0.037037037037037035	0.037037037037037035	0.	1	2	2	2	0	2	2	1	2	2	2	0
1	0	0.66974	0.672763	0.666667	0.666667	0.111111	0	0	0.037037	0.6666666666666666	0.6666666666666666	0.037037037037037035	0.	0.	0.037037037037037035	2	0	0	2	0	0	2	2	0	0	0	0
1	0	0.73629	0.680408	0.666667	0.666667	0.111111	0	0	0.037037	0.7037037037037037	0.7037037037037037	0.	-0.037037037037037035	0.037037037037037035	0.	2	0	1	2	0	0	2	2	0	0	0	1
1	0	0.74444	0.732816	0.777778	0.703704	0	0.037037	-0.111111	0	0.7777777777777778	0.7037037037037037	0.	0.037037037037037035	-0.037037037037037035	0.	2	0	2	2	0	1	2	2	0	0	1	0
1	0	0.685973	0.711546	0.777778	0.703704	0	0.037037	-0.111111	0	0.7407407407407407	0.7407407407407407	-0.037037037037037035	0.	0.	-0.037037037037037035	2	0	1	2	0	1	2	2	0	0	1	1
1	0	0.702062	0.759907	0.666667	0.740741	0.111111	0	0	0.037037	0.6666666666666666	0.7407407407407407	0.037037037037037035	0.	0.	0.037037037037037035	2	0	0	2	0	2	2	2	0	0	2	0
1	0	0.728677	0.775728	0.666667	0.740741	0.111111	0	0	0.037037	0.7037037037037037	0.7777777777777778	0.	-0.037037037037037035	0.037037037037037035	0.	2	0	1	2	0	2	2	2	0	0	2	1
1	0	0.784496	0.752366	0.777778	0.777778	0	-0.111111	0.037037	0	0.7777777777777778	0.7777777777777778	0.	-0.037037037037037035	0.037037037037037035	0.	2	1	0	2	0	2	2	2	0	1	0	0
1	0	0.805009	0.703724	0.777778	0.777778	0	-0.111111	0.037037	0	0.8148148148148148	0.7407407407407407	-0.037037037037037035	0.	0.	-0.037037037037037035	2	1	0	2	0	1	2	2	0	1	0	1
1	0	0.815519	0.690643	0.814815	0.666667	0.037037	0	0	0.111111	0.8148148148148148	0.6666666666666666	0.037037037037037035	0.	0.	0.037037037037037035	2	1	1	2	0	0	2	2	0	1	1	0
1	0	0.846106	0.716657	0.814815	0.666667	0.037037	0	0	0.111111	0.8518518518518519	0.7037037037037037	0.	0.037037037037037035	-0.037037037037037035	0.	2	1	1	2	0	1	2	2	0	1	1	1
1	0	0.869308	0.725875	0.851852	0.777778	0	-0.111111	0.037037	0	0.8518518518518519	0.7777777777777778	0.	-0.037037037037037035	0.037037037037037035	0.	2	1	2	2	0	2	2	2	0	1	2	0
1	0	0.918603	0.671147	0.888889	0.666667	0.111111	0	0	0.037037	0.8888888888888888	0.6666666666666666	0.037037037037037035	0.	0.	0.037037037037037035	2	2	0	2	0	0	2	2	0	2	0	0
1	0	0.93635	0.694548	0.888889	0.666667	0.111111	0	0	0.037037	0.9259259259259259	0.7037037037037037	0.	-0.037037037037037035	0.037037037037037035	0.	2	2	1	2	0	0	2	2	0	2	0	1
1	0	0.990643	0.710002	1	0.703704	0	0.037037	-0.111111	0	1.	0.7037037037037037	0.	0.037037037037037035	-0.037037037037037035	0.	2	2	2	2	0	1	2	2	0	2	1	0
1	0	0.962495	0.739446	1	0.703704	0	0.037037	-0.111111	0	0.9629629629629629	0.7407407407407407	-0.037037037037037035	0.	0.	-0.037037037037037035	2	2	1	2	0	1	2	2	0	2	1	1
1	0	0.90369	0.745785	0.888889	0.740741	0.111111	0	0	0.037037	0.8888888888888888	0.7407407407407407	0.037037037037037035	0.	0.	0.037037037037037035	2	2	0	2	0	2	2	2	0	2	2	0
1	0	0.97004	0.788207	1	0.777778	0	0.111111	-0.037037	0	1.	0.7777777777777778	0.	0.037037037037037035	-0.037037037037037035	0.	2	2	2	2	1	0	2	2	1	0	0	0
1	0	0.980779	0.810589	1	0.777778	0	0.111111	-0.037037	0	0.9629629629629629	0.8148148148148148	0.037037037037037035	0.	0.	0.037037037037037035	2	2	2	2	1	1	2	2	1	0	0	1
1	0	0.929321	0.865471	0.962963	0.888889	-0.037037	0	0	-0.111111	0.9629629629629629	0.8888888888888888	-0.037037037037037035	0.	0.	-0.037037037037037035	2	2	1	2	1	2	2	2	1	0	1	0
1	0	0.955352	0.842419	0.962963	0.888889	-0.037037	0	0	-0.111111	0.9259259259259259	0.8518518518518519	0.	-0.037037037037037035	0.037037037037037035	0.	2	2	1	2	1	1	2	2	1	0	1	1
1	0	0.913868	0.823675	0.925926	0.777778	0	0.111111	-0.037037	0	0.9259259259259259	0.7777777777777778	0.	0.037037037037037035	-0.037037037037037035	0.	2	2	0	2	1	0	2	2	1	0	2	0
1	0	0.889295	0.799533	0.925926	0.777778	0	0.111111	-0.037037	0	0.8888888888888888	0.8148148148148148	0.037037037037037035	0.	0.	0.037037037037037035	2	2	0	2	1	1	2	2	1	0	2	1
1	0	0.862062	0.877036	0.888889	0.888889	-0.111111	0	0	-0.037037	0.8888888888888888	0.8888888888888888	-0.037037037037037035	0.	0.	-0.037037037037037035	2	1	2	2	1	2	2	2	1	1	0	0
1	0	0.836295	0.858595	0.888889	0.888889	-0.111111	0	0	-0.037037	0.8518518518518519	0.8518518518518519	0.	0.037037037037037035	-0.037037037037037035	0.	2	1	1	2	1	2	2	2	1	1	0	1
1	0	0.794417	0.846381	0.777778	0.851852	0	-0.037037	0.111111	0	0.7777777777777778	0.8518518518518519	0.	-0.037037037037037035	0.037037037037037035	0.	2	1	0	2	1	1	2	2	1	1	1	0
1	0	0.826515	0.819355	0.777778	0.851852	0	-0.037037	0.111111	0	0.8148148148148148	0.8148148148148148	0.037037037037037035	0.	0.	0.037037037037037035	2	1	1	2	1	1	2	2	1	1	1	1
1	0	0.881759	0.781833	0.888889	0.814815	-0.111111	0	0	-0.037037	0.8888888888888888	0.8148148148148148	-0.037037037037037035	0.	0.	-0.037037037037037035	2	1	2	2	1	0	2	2	1	1	2	0
1	0	0.764076	0.784573	0.777778	0.777778	0	0.111111	-0.037037	0	0.7777777777777778	0.7777777777777778	0.	0.037037037037037035	-0.037037037037037035	0.	2	0	2	2	1	0	2	2	1	2	0	0
1	0	0.776841	0.814732	0.777778	0.777778	0	0.111111	-0.037037	0	0.7407407407407407	0.8148148148148148	0.037037037037037035	0.	0.	0.037037037037037035	2	0	2	2	1	1	2	2	1	2	0	1
1	0	0.709243	0.872367	0.740741	0.888889	-0.037037	0	0	-0.111111	0.7407407407407407	0.8888888888888888	-0.037037037037037035	0.	0.	-0.037037037037037035	2	0	1	2	1	2	2	2	1	2	1	0
1	0	0.723802	0.83578	0.740741	0.888889	-0.037037	0	0	-0.111111	0.7037037037037037	0.8518518518518519	0.	-0.037037037037037035	0.037037037037037035	0.	2	0	1	2	1	1	2	2	1	2	1	1
1	0	0.674555	0.795399	0.703704	0.777778	0	0.111111	-0.037037	0	0.7037037037037037	0.7777777777777778	0.	0.037037037037037035	-0.037037037037037035	0.	2	0	0	2	1	0	2	2	1	2	2	0
1	0	0.681707	0.88976	0.666667	0.888889	0.111111	0	0	0.037037	0.6666666666666666	0.8888888888888888	0.037037037037037035	0.	0.	0.037037037037037035	2	0	0	2	2	0	2	2	2	0	0	0
1	0	0.745752	0.898327	0.666667	0.888889	0.111111	0	0	0.037037	0.7037037037037037	0.9259259259259259	0.	-0.037037037037037035	0.037037037037037035	0.	2	0	1	2	2	0	2	2	2	0	0	1
1	0	0.760537	0.933651	0.777778	0.925926	0	0.037037	-0.111111	0	0.7777777777777778	0.9259259259259259	0.	0.037037037037037035	-0.037037037037037035	0.	2	0	2	2	2	1	2	2	2	0	1	0
1	0	0.693365	0.960359	0.777778	0.925926	0	0.037037	-0.111111	0	0.7407407407407407	0.9629629629629629	-0.037037037037037035	0.	0.	-0.037037037037037035	2	0	1	2	2	1	2	2	2	0	1	1
1	0	0.732357	0.968109	0.666667	0.962963	0.111111	0	0	0.037037	0.6666666666666666	0.9629629629629629	0.037037037037037035	0.	0.	0.037037037037037035	2	0	0	2	2	2	2	2	2	0	2	0
1	0	0.777615	0.979302	0.666667	0.962963	0.111111	0	0	0.037037	0.7037037037037037	1.	0.	-0.037037037037037035	0.037037037037037035	0.	2	0	1	2	2	2	2	2	2	0	2	1
1	0	0.811582	0.99864	0.777778	1	0	-0.111111	0.037037	0	0.7777777777777778	1.	0.	-0.037037037037037035	0.037037037037037035	0.	2	1	0	2	2	2	2	2	2	1	0	0
1	0	0.803302	0.941153	0.777778	1	0	-0.111111	0.037037	0	0.8148148148148148	0.9629629629629629	-0.037037037037037035	0.	0.	-0.037037037037037035	2	1	0	2	2	1	2	2	2	1	0	1
1	0	0.819454	0.905795	0.814815	0.888889	0.037037	0	0	0.111111	0.8148148148148148	0.8888888888888888	0.037037037037037035	0.	0.	0.037037037037037035	2	1	1	2	2	0	2	2	2	1	1	0
1	0	0.850757	0.919038	0.814815	0.888889	0.037037	0	0	0.111111	0.8518518518518519	0.9259259259259259	0.	0.037037037037037035	-0.037037037037037035	0.	2	1	1	2	2	1	2	2	2	1	1	1
1	0	0.872919	0.986301	0.851852	1	0	-0.111111	0.037037	0	0.8518518518518519	1.	0.	-0.037037037037037035	0.037037037037037035	0.	2	1	2	2	2	2	2	2	2	1	2	0
1	0	0.89647	0.893966	0.888889	0.888889	0.111111	0	0	0.037037	0.8888888888888888	0.8888888888888888	0.037037037037037035	0.	0.	0.037037037037037035	2	2	0	2	2	0	2	2	2	2	0	0
1	0	0.948662	0.915045	0.888889	0.888889	0.111111	0	0	0.037037	0.9259259259259259	0.9259259259259259	0.	-0.037037037037037035	0.037037037037037035	0.	2	2	1	2	2	0	2	2	2	2	0	1
1	0	0.976832	0.956659	1	0.925926	0	0.037037	-0.111111	0	1.	0.9259259259259259	0.	0.037037037037037035	-0.037037037037037035	0.	2	2	2	2	2	1	2	2	2	2	1	0
1	0	0.922969	0.947908	1	0.925926	0	0.037037	-0.111111	0	0.9629629629629629	0.9629629629629629	-0.037037037037037035	0.	0.	-0.037037037037037035	2	2	1	2	2	1	2	2	2	2	1	1
1	0	0.907209	0.972145	0.888889	0.962963	0.111111	0	0	0.037037	0.8888888888888888	0.9629629629629629	0.037037037037037035	0.	0.	0.037037037037037035	2	2	0	2	2	2	2	2	2	2	2	0
