2	0	0.00424929	0.00700668	0	0	0.111111	0	0	0.111111	0.	0.	0.1111111111111111	0.	0.	0.037037037037037035	0	0	0	0	0	0	0	0	0	0
3	0	0.0452562	0.038891	0	0	0.111111	0	0	0.111111	0.1111111111111111	0.037037037037037035	0.	0.037037037037037035	-0.1111111111111111	0.	0	0	0	0	1	0	0	0	0	1
2	0	0.0815385	0.0799168	0	0	0.111111	0	0	0.111111	0.	0.07407407407407407	0.1111111111111111	0.	0.	0.037037037037037035	0	0	0	0	2	0	0	0	0	2
2	0	0.145173	0.0626932	0.111111	0.111111	0	-0.111111	0.111111	0	0.1111111111111111	0.1111111111111111	0.	-0.1111111111111111	0.037037037037037035	0.	0	1	0	0	0	0	0	0	1	0
3	0	0.185543	0.106329	0.111111	0.111111	0	-0.111111	0.111111	0	0.14814814814814814	0.	0.037037037037037035	0.	0.	0.1111111111111111	0	1	1	0	0	0	0	0	1	1
2	0	0.219372	0.027442	0.111111	0.111111	0	-0.111111	0.111111	0	0.18518518518518517	0.1111111111111111	0.	-0.1111111111111111	0.037037037037037035	0.	0	1	2	0	0	0	0	0	1	2
2	0	0.272702	0.0138005	0.222222	0	0.111111	0	0	0.111111	0.2222222222222222	0.	0.1111111111111111	0.	0.	0.037037037037037035	0	2	0	0	0	0	0	0	2	0
3	0	0.319742	0.0505576	0.222222	0	0.111111	0	0	0.111111	0.3333333333333333	0.037037037037037035	0.	0.037037037037037035	-0.1111111111111111	0.	0	2	0	0	1	0	0	0	2	1
2	0	0.242949	0.0871404	0.222222	0	0.111111	0	0	0.111111	0.2222222222222222	0.07407407407407407	0.1111111111111111	0.	0.	0.037037037037037035	0	2	0	0	2	0	0	0	2	2
2	0	0.307058	0.116263	0.333333	0.111111	0	0.111111	-0.111111	0	0.3333333333333333	0.1111111111111111	0.	0.1111111111111111	-0.037037037037037035	0.	0	2	2	0	1	0	0	1	0	0
3	0	0.282203	0.167513	0.333333	0.111111	0	0.111111	-0.111111	0	0.2962962962962963	0.2222222222222222	-0.037037037037037035	0.	0.	-0.1111111111111111	0	2	1	0	1	0	0	1	0	1
2	0	0.231056	0.154689	0.333333	0.111111	0	0.111111	-0.111111	0	0.25925925925925924	0.1111111111111111	0.	0.1111111111111111	-0.037037037037037035	0.	0	2	0	0	1	0	0	1	0	2
2	0	0.207245	0.207078	0.222222	0.222222	-0.111111	0	0	-0.111111	0.2222222222222222	0.2222222222222222	-0.1111111111111111	0.	0.	-0.037037037037037035	0	1	0	1	2	0	0	1	1	0
3	0	0.16619	0.194677	0.222222	0.222222	-0.111111	0	0	-0.111111	0.1111111111111111	0.18518518518518517	0.	-0.037037037037037035	0.1111111111111111	0.	0	1	0	1	1	0	0	1	1	1
2	0	0.12313	0.125753	0.222222	0.222222	-0.111111	0	0	-0.111111	0.2222222222222222	0.14814814814814814	-0.1111111111111111	0.	0.	-0.037037037037037035	0	1	0	1	0	0	0	1	1	2
2	0	0.106278	0.176914	0.111111	0.111111	0	0.111111	-0.111111	0	0.1111111111111111	0.1111111111111111	0.	0.1111111111111111	-0.037037037037037035	0.	0	0	2	0	1	0	0	1	2	0
3	0	0.0667131	0.144459	0.111111	0.111111	0	0.111111	-0.111111	0	0.07407407407407407	0.2222222222222222	-0.037037037037037035	0.	0.	-0.1111111111111111	0	0	1	0	1	0	0	1	2	1
2	0	0.0234934	0.21571	0.111111	0.111111	0	0.111111	-0.111111	0	0.037037037037037035	0.1111111111111111	0.	0.1111111111111111	-0.037037037037037035	0.	0	0	0	0	1	0	0	1	2	2
2	0	0.093989	0.239356	0	0.222222	0.111111	0	0	0.111111	0.	0.2222222222222222	0.1111111111111111	0.	0.	0.037037037037037035	0	0	0	2	0	0	0	2	0	0
3	0	0.0305325	0.283028	0	0.222222	0.111111	0	0	0.111111	0.1111111111111111	0.25925925925925924	0.	0.037037037037037035	-0.1111111111111111	0.	0	0	0	2	1	0	0	2	0	1
2	0	0.0558538	0.315955	0	0.222222	0.111111	0	0	0.111111	0.	0.2962962962962963	0.1111111111111111	0.	0.	0.037037037037037035	0	0	0	2	2	0	0	2	0	2
2	0	0.113363	0.301707	0.111111	0.333333	0	-0.111111	0.111111	0	0.1111111111111111	0.3333333333333333	0.	-0.1111111111111111	0.037037037037037035	0.	0	1	0	0	2	0	0	2	1	0
3	0	0.154447	0.228821	0.111111	0.333333	0	-0.111111	0.111111	0	0.14814814814814814	0.2222222222222222	0.037037037037037035	0.	0.	0.1111111111111111	0	1	1	0	2	0	0	2	1	1
2	0	0.198367	0.269464	0.111111	0.333333	0	-0.111111	0.111111	0	0.18518518518518517	0.3333333333333333	0.	-0.1111111111111111	0.037037037037037035	0.	0	1	2	0	2	0	0	2	1	2
2	0	0.263995	0.258109	0.222222	0.222222	0.111111	0	0	0.111111	0.2222222222222222	0.2222222222222222	0.1111111111111111	0.	0.	0.037037037037037035	0	2	0	2	0	0	0	2	2	0
3	0	0.292753	0.294766	0.222222	0.222222	0.111111	0	0	0.111111	0.3333333333333333	0.25925925925925924	0.	0.037037037037037035	-0.1111111111111111	0.	0	2	0	2	1	0	0	2	2	1
2	0	0.33304	0.320598	0.222222	0.222222	0.111111	0	0	0.111111	0.2222222222222222	0.2962962962962963	0.1111111111111111	0.	0.	0.037037037037037035	0	2	0	2	2	0	0	2	2	2
2	0	0.348584	0.333307	0.333333	0.333333	0	-0.111111	0.111111	0	0.3333333333333333	0.3333333333333333	0.	-0.1111111111111111	0.037037037037037035	0.	1	0	0	0	2	0	1	0	0	0
3	0	0.389157	0.243993	0.333333	0.333333	0	-0.111111	0.111111	0	0.37037037037037035	0.2222222222222222	0.037037037037037035	0.	0.	0.1111111111111111	1	0	1	0	2	0	1	0	0	1
2	0	0.420372	0.274987	0.333333	0.333333	0	-0.111111	0.111111	0	0.4074074074074074	0.3333333333333333	0.	-0.1111111111111111	0.037037037037037035	0.	1	0	2	0	2	0	1	0	0	2
2	0	0.434518	0.221852	0.444444	0.222222	-0.111111	0	0	-0.111111	0.4444444444444444	0.2222222222222222	-0.1111111111111111	0.	0.	-0.037037037037037035	1	0	0	1	2	0	1	0	1	0
3	0	0.404973	0.184723	0.444444	0.222222	-0.111111	0	0	-0.111111	0.3333333333333333	0.18518518518518517	0.	-0.037037037037037035	0.1111111111111111	0.	1	0	0	1	1	0	1	0	1	1
2	0	0.365167	0.136481	0.444444	0.222222	-0.111111	0	0	-0.111111	0.4444444444444444	0.14814814814814814	-0.1111111111111111	0.	0.	-0.037037037037037035	1	0	0	1	0	0	1	0	1	2
2	0	0.34419	0.0441048	0.333333	0.111111	0	-0.111111	0.111111	0	0.3333333333333333	0.1111111111111111	0.	-0.1111111111111111	0.037037037037037035	0.	1	0	0	0	0	0	1	0	2	0
3	0	0.380071	0.0724312	0.333333	0.111111	0	-0.111111	0.111111	0	0.37037037037037035	0.	0.037037037037037035	0.	0.	0.1111111111111111	1	0	1	0	0	0	1	0	2	1
2	0	0.442622	0.0952192	0.333333	0.111111	0	-0.111111	0.111111	0	0.4074074074074074	0.1111111111111111	0.	-0.1111111111111111	0.037037037037037035	0.	1	0	2	0	0	0	1	0	2	2
2	0	0.511024	0.0184963	0.444444	0	0.111111	0	0	0.111111	0.4444444444444444	0.	0.1111111111111111	0.	0.	0.037037037037037035	1	1	0	0	0	0	1	1	0	0
3	0	0.530481	0.0572181	0.444444	0	0.111111	0	0	0.111111	0.5555555555555556	0.037037037037037035	0.	0.037037037037037035	-0.1111111111111111	0.	1	1	0	0	1	0	1	1	0	1
2	0	0.476886	0.100849	0.444444	0	0.111111	0	0	0.111111	0.4444444444444444	0.07407407407407407	0.1111111111111111	0.	0.	0.037037037037037035	1	1	0	0	2	0	1	1	0	2
2	0	0.555521	0.130574	0.555556	0.111111	0	0.111111	-0.111111	0	0.5555555555555556	0.1111111111111111	0.	0.1111111111111111	-0.037037037037037035	0.	1	1	2	0	1	0	1	1	1	0
3	0	0.496063	0.200818	0.555556	0.111111	0	0.111111	-0.111111	0	0.5185185185185185	0.2222222222222222	-0.037037037037037035	0.	0.	-0.1111111111111111	1	1	1	0	1	0	1	1	1	1
2	0	0.458726	0.161215	0.555556	0.111111	0	0.111111	-0.111111	0	0.48148148148148145	0.1111111111111111	0.	0.1111111111111111	-0.037037037037037035	0.	1	1	0	0	1	0	1	1	1	2
2	0	0.539156	0.330438	0.444444	0.222222	0.111111	0	0	0.111111	0.4444444444444444	0.2222222222222222	0.1111111111111111	0.	0.	0.037037037037037035	1	1	0	2	0	0	1	1	2	0
3	0	0.489712	0.263374	0.444444	0.222222	0.111111	0	0	0.111111	0.5555555555555556	0.25925925925925924	0.	0.037037037037037035	-0.1111111111111111	0.	1	1	0	2	1	0	1	1	2	1
2	0	0.520334	0.305566	0.444444	0.222222	0.111111	0	0	0.111111	0.4444444444444444	0.2962962962962963	0.1111111111111111	0.	0.	0.037037037037037035	1	1	0	2	2	0	1	1	2	2
2	0	0.577674	0.287615	0.555556	0.333333	0	-0.111111	0.111111	0	0.5555555555555556	0.3333333333333333	0.	-0.1111111111111111	0.037037037037037035	0.	1	2	0	0	2	0	1	2	0	0
3	0	0.613354	0.324488	0.555556	0.333333	0	-0.111111	0.111111	0	0.5925925925925926	0.2222222222222222	0.037037037037037035	0.	0.	0.1111111111111111	1	2	1	0	2	0	1	2	0	1
2	0	0.660588	0.251973	0.555556	0.333333	0	-0.111111	0.111111	0	0.6296296296296297	0.3333333333333333	0.	-0.1111111111111111	0.037037037037037035	0.	1	2	2	0	2	0	1	2	0	2
2	0	0.569054	0.189904	0.666667	0.222222	-0.111111	0	0	-0.111111	0.6666666666666666	0.2222222222222222	-0.1111111111111111	0.	0.	-0.037037037037037035	1	2	0	1	2	0	1	2	1	0
3	0	0.621949	0.149902	0.666667	0.222222	-0.111111	0	0	-0.111111	0.5555555555555556	0.18518518518518517	0.	-0.037037037037037035	0.1111111111111111	0.	1	2	0	1	1	0	1	2	1	1
2	0	0.588347	0.120828	0.666667	0.222222	-0.111111	0	0	-0.111111	0.6666666666666666	0.14814814814814814	-0.1111111111111111	0.	0.	-0.037037037037037035	1	2	0	1	0	0	1	2	1	2
2	0	0.638953	0.00265842	0.555556	0.111111	0	-0.111111	0.111111	0	0.5555555555555556	0.1111111111111111	0.	-0.1111111111111111	0.037037037037037035	0.	1	2	0	0	0	0	1	2	2	0
3	0	0.605939	0.0674331	0.555556	0.111111	0	-0.111111	0.111111	0	0.5925925925925926	0.	0.037037037037037035	0.	0.	0.1111111111111111	1	2	1	0	0	0	1	2	2	1
2	0	0.704224	0.0230363	0.666667	0	0.111111	0	0	0.111111	0.6666666666666666	0.	0.1111111111111111	0.	0.	0.037037037037037035	2	0	0	0	0	0	2	0	0	0
3	0	0.74287	0.032758	0.666667	0	0.111111	0	0	0.111111	0.7777777777777778	0.037037037037037035	0.	0.037037037037037035	-0.1111111111111111	0.	2	0	0	0	1	0	2	0	0	1
2	0	0.668198	0.0908333	0.666667	0	0.111111	0	0	0.111111	0.6666666666666666	0.07407407407407407	0.1111111111111111	0.	0.	0.037037037037037035	2	0	0	0	2	0	2	0	0	2
2	0	0.804945	0.0362009	0.777778	0.111111	0	-0.111111	0.111111	0	0.7777777777777778	0.1111111111111111	0.	-0.1111111111111111	0.037037037037037035	0.	2	1	0	0	0	0	2	0	1	0
3	0	0.849453	0.0534851	0.777778	0.111111	0	-0.111111	0.111111	0	0.8148148148148148	0.	0.037037037037037035	0.	0.	0.1111111111111111	2	1	1	0	0	0	2	0	1	1
2	0	0.888173	0.0756345	0.777778	0.111111	0	-0.111111	0.111111	0	0.8518518518518519	0.1111111111111111	0.	-0.1111111111111111	0.037037037037037035	0.	2	1	2	0	0	0	2	0	1	2
2	0	0.960032	0.010594	0.888889	0	0.111111	0	0	0.111111	0.8888888888888888	0.	0.1111111111111111	0.	0.	0.037037037037037035	2	2	0	0	0	0	2	0	2	0
3	0	0.90885	0.11015	0.888889	0	0.111111	0	0	0.111111	1.	0.037037037037037035	0.	0.037037037037037035	-0.1111111111111111	0.	2	2	0	0	1	0	2	0	2	1
2	0	0.933113	0.0836953	0.888889	0	0.111111	0	0	0.111111	0.8888888888888888	0.07407407407407407	0.1111111111111111	0.	0.	0.037037037037037035	2	2	0	0	2	0	2	0	2	2
2	0	0.973558	0.174328	1	0.111111	0	0.111111	-0.111111	0	1.	0.1111111111111111	0.	0.1111111111111111	-0.037037037037037035	0.	2	2	2	0	1	0	2	1	0	0
3	0	0.942698	0.203577	1	0.111111	0	0.111111	-0.111111	0	0.9629629629629629	0.2222222222222222	-0.037037037037037035	0.	0.	-0.1111111111111111	2	2	1	0	1	0	2	1	0	1
2	0	0.899392	0.219306	1	0.111111	0	0.111111	-0.111111	0	0.9259259259259259	0.1111111111111111	0.	0.1111111111111111	-0.037037037037037035	0.	2	2	0	0	1	0	2	1	0	2
2	0	0.797035	0.181304	0.888889	0.222222	-0.111111	0	0	-0.111111	0.8888888888888888	0.2222222222222222	-0.1111111111111111	0.	0.	-0.037037037037037035	2	1	0	1	2	0	2	1	1	0
3	0	0.861075	0.158213	0.888889	0.222222	-0.111111	0	0	-0.111111	0.7777777777777778	0.18518518518518517	0.	-0.037037037037037035	0.1111111111111111	0.	2	1	0	1	1	0	2	1	1	1
2	0	0.819475	0.140086	0.888889	0.222222	-0.111111	0	0	-0.111111	0.8888888888888888	0.14814814814814814	-0.1111111111111111	0.	0.	-0.037037037037037035	2	1	0	1	0	0	2	1	1	2
2	0	0.76936	0.112216	0.777778	0.111111	0	0.111111	-0.111111	0	0.7777777777777778	0.1111111111111111	0.	0.1111111111111111	-0.037037037037037035	0.	2	0	2	0	1	0	2	1	2	0
3	0	0.728152	0.210402	0.777778	0.111111	0	0.111111	-0.111111	0	0.7407407407407407	0.2222222222222222	-0.037037037037037035	0.	0.	-0.1111111111111111	2	0	1	0	1	0	2	1	2	1
2	0	0.693823	0.171603	0.777778	0.111111	0	0.111111	-0.111111	0	0.7037037037037037	0.1111111111111111	0.	0.1111111111111111	-0.037037037037037035	0.	2	0	0	0	1	0	2	1	2	2
2	0	0.677794	0.232157	0.666667	0.222222	0.111111	0	0	0.111111	0.6666666666666666	0.2222222222222222	0.1111111111111111	0.	0.	0.037037037037037035	2	0	0	2	0	0	2	2	0	0
3	0	0.712592	0.246993	0.666667	0.222222	0.111111	0	0	0.111111	0.7777777777777778	0.25925925925925924	0.	0.037037037037037035	-0.1111111111111111	0.	2	0	0	2	1	0	2	2	0	1
2	0	0.75901	0.309067	0.666667	0.222222	0.111111	0	0	0.111111	0.6666666666666666	0.2962962962962963	0.1111111111111111	0.	0.	0.037037037037037035	2	0	0	2	2	0	2	2	0	2
2	0	0.836352	0.255155	0.777778	0.333333	0	-0.111111	0.111111	0	0.7777777777777778	0.3333333333333333	0.	-0.1111111111111111	0.037037037037037035	0.	2	1	0	0	2	0	2	2	1	0
3	0	0.78667	0.278413	0.777778	0.333333	0	-0.111111	0.111111	0	0.8148148148148148	0.2222222222222222	0.037037037037037035	0.	0.	0.1111111111111111	2	1	1	0	2	0	2	2	1	1
2	0	0.879219	0.29155	0.777778	0.333333	0	-0.111111	0.111111	0	0.8518518518518519	0.3333333333333333	0.	-0.1111111111111111	0.037037037037037035	0.	2	1	2	0	2	0	2	2	1	2
2	0	0.952509	0.313174	0.888889	0.222222	0.111111	0	0	0.111111	0.8888888888888888	0.2222222222222222	0.1111111111111111	0.	0.	0.037037037037037035	2	2	0	2	0	0	2	2	2	0
3	0	0.990868	0.236624	0.888889	0.222222	0.111111	0	0	0.111111	1.	0.25925925925925924	0.	0.037037037037037035	-0.1111111111111111	0.	2	2	0	2	1	0	2	2	2	1
2	0	0.983322	0.371894	1	0.333333	0	0.111111	-0.111111	0	1.	0.3333333333333333	0.	0.1111111111111111	-0.037037037037037035	0.	2	2	2	1	0	1	0	0	0	0
3	0	0.999999	0.418374	1	0.333333	0	0.111111	-0.111111	0	0.9629629629629629	0.4444444444444444	-0.037037037037037035	0.	0.	-0.1111111111111111	2	2	1	1	0	1	0	0	0	1
2	0	0.920121	0.347198	1	0.333333	0	0.111111	-0.111111	0	0.9259259259259259	0.3333333333333333	0.	0.1111111111111111	-0.037037037037037035	0.	2	2	0	1	0	1	0	0	0	2
2	0	0.92781	0.444572	0.888889	0.444444	0.111111	0	0	0.111111	0.8888888888888888	0.4444444444444444	0.1111111111111111	0.	0.	0.037037037037037035	2	2	1	1	0	1	0	0	1	0
3	0	0.965063	0.466011	0.888889	0.444444	0.111111	0	0	0.111111	1.	0.48148148148148145	0.	0.037037037037037035	-0.1111111111111111	0.	2	2	1	1	1	1	0	0	1	1
2	0	0.894656	0.543967	0.888889	0.444444	0.111111	0	0	0.111111	0.8888888888888888	0.5185185185185185	0.1111111111111111	0.	0.	0.037037037037037035	2	2	1	1	2	1	0	0	1	2
2	0	0.978372	0.589727	1	0.555556	0	0.111111	-0.111111	0	1.	0.5555555555555556	0.	0.1111111111111111	-0.037037037037037035	0.	2	2	2	1	2	1	0	0	2	0
3	0	0.9482	0.622846	1	0.555556	0	0.111111	-0.111111	0	0.9629629629629629	0.6666666666666666	-0.037037037037037035	0.	0.	-0.1111111111111111	2	2	1	1	2	1	0	0	2	1
2	0	0.913988	0.570009	1	0.555556	0	0.111111	-0.111111	0	0.9259259259259259	0.5555555555555556	0.	0.1111111111111111	-0.037037037037037035	0.	2	2	0	1	2	1	0	0	2	2
2	0	0.853824	0.663039	0.888889	0.666667	-0.111111	0	0	-0.111111	0.8888888888888888	0.6666666666666666	-0.1111111111111111	0.	0.	-0.037037037037037035	2	1	1	2	2	1	0	1	0	0
3	0	0.823562	0.597487	0.888889	0.666667	-0.111111	0	0	-0.111111	0.7777777777777778	0.6296296296296297	0.	-0.037037037037037035	0.1111111111111111	0.	2	1	1	2	1	1	0	1	0	1
2	0	0.782667	0.606536	0.888889	0.666667	-0.111111	0	0	-0.111111	0.8888888888888888	0.5925925925925926	-0.1111111111111111	0.	0.	-0.037037037037037035	2	1	1	2	0	1	0	1	0	2
2	0	0.792908	0.513282	0.777778	0.555556	0	-0.111111	0.111111	0	0.7777777777777778	0.5555555555555556	0.	-0.1111111111111111	0.037037037037037035	0.	2	1	0	1	1	1	0	1	1	0
3	0	0.82913	0.526596	0.777778	0.555556	0	-0.111111	0.111111	0	0.8148148148148148	0.4444444444444444	0.037037037037037035	0.	0.	0.1111111111111111	2	1	1	1	1	1	0	1	1	1
2	0	0.87372	0.49053	0.777778	0.555556	0	-0.111111	0.111111	0	0.8518518518518519	0.5555555555555556	0.	-0.1111111111111111	0.037037037037037035	0.	2	1	2	1	1	1	0	1	1	2
2	0	0.813468	0.423492	0.888889	0.444444	-0.111111	0	0	-0.111111	0.8888888888888888	0.4444444444444444	-0.1111111111111111	0.	0.	-0.037037037037037035	2	1	1	0	2	1	0	1	2	0
3	0	0.867085	0.396345	0.888889	0.444444	-0.111111	0	0	-0.111111	0.7777777777777778	0.4074074074074074	0.	-0.037037037037037035	0.1111111111111111	0.	2	1	1	0	1	1	0	1	2	1
2	0	0.84364	0.338557	0.888889	0.444444	-0.111111	0	0	-0.111111	0.8888888888888888	0.37037037037037035	-0.1111111111111111	0.	0.	-0.037037037037037035	2	1	1	0	0	1	0	1	2	2
2	0	0.751393	0.353043	0.777778	0.333333	0	0.111111	-0.111111	0	0.7777777777777778	0.3333333333333333	0.	0.1111111111111111	-0.037037037037037035	0.	2	0	2	1	0	1	0	2	0	0
3	0	0.721001	0.392702	0.777778	0.333333	0	0.111111	-0.111111	0	0.7407407407407407	0.4444444444444444	-0.037037037037037035	0.	0.	-0.1111111111111111	2	0	1	1	0	1	0	2	0	1
2	0	0.775485	0.442119	0.777778	0.333333	0	0.111111	-0.111111	0	0.7037037037037037	0.3333333333333333	0.	0.1111111111111111	-0.037037037037037035	0.	2	0	0	1	0	1	0	2	0	2
2	0	0.684268	0.462939	0.666667	0.444444	0.111111	0	0	0.111111	0.6666666666666666	0.4444444444444444	0.1111111111111111	0.	0.	0.037037037037037035	2	0	1	1	0	1	0	2	1	0
3	0	0.732984	0.473116	0.666667	0.444444	0.111111	0	0	0.111111	0.7777777777777778	0.48148148148148145	0.	0.037037037037037035	-0.1111111111111111	0.	2	0	1	1	1	1	0	2	1	1
2	0	0.763811	0.552265	0.666667	0.444444	0.111111	0	0	0.111111	0.6666666666666666	0.5185185185185185	0.1111111111111111	0.	0.	0.037037037037037035	2	0	1	1	2	1	0	2	1	2
2	0	0.737714	0.630733	0.777778	0.555556	0	0.111111	-0.111111	0	0.7777777777777778	0.5555555555555556	0.	0.1111111111111111	-0.037037037037037035	0.	2	0	2	1	2	1	0	2	2	0
3	0	0.689083	0.572817	0.777778	0.555556	0	0.111111	-0.111111	0	0.7407407407407407	0.6666666666666666	-0.037037037037037035	0.	0.	-0.1111111111111111	2	0	1	1	2	1	0	2	2	1
2	0	0.698932	0.654621	0.777778	0.555556	0	0.111111	-0.111111	0	0.7037037037037037	0.5555555555555556	0.	0.1111111111111111	-0.037037037037037035	0.	2	0	0	1	2	1	0	2	2	2
2	0	0.656828	0.666638	0.666667	0.666667	-0.111111	0	0	-0.111111	0.6666666666666666	0.6666666666666666	-0.1111111111111111	0.	0.	-0.037037037037037035	1	2	1	2	2	1	1	0	0	0
3	0	0.62624	0.614942	0.666667	0.666667	-0.111111	0	0	-0.111111	0.5555555555555556	0.6296296296296297	0.	-0.037037037037037035	0.1111111111111111	0.	1	2	1	2	1	1	1	0	0	1
2	0	0.582595	0.583159	0.666667	0.666667	-0.111111	0	0	-0.111111	0.6666666666666666	0.5925925925925926	-0.1111111111111111	0.	0.	-0.037037037037037035	1	2	1	2	0	1	1	0	0	2
2	0	0.525945	0.609736	0.555556	0.555556	0	0.111111	-0.111111	0	0.5555555555555556	0.5555555555555556	0.	0.1111111111111111	-0.037037037037037035	0.	1	1	2	1	2	1	1	0	1	0
3	0	0.485441	0.56213	0.555556	0.555556	0	0.111111	-0.111111	0	0.5185185185185185	0.6666666666666666	-0.037037037037037035	0.	0.	-0.1111111111111111	1	1	1	1	2	1	1	0	1	1
2	0	0.455008	0.634068	0.555556	0.555556	0	0.111111	-0.111111	0	0.48148148148148145	0.5555555555555556	0.	0.1111111111111111	-0.037037037037037035	0.	1	1	0	1	2	1	1	0	1	2
2	0	0.383231	0.639392	0.444444	0.666667	-0.111111	0	0	-0.111111	0.4444444444444444	0.6666666666666666	-0.1111111111111111	0.	0.	-0.037037037037037035	1	0	1	2	2	1	1	0	2	0
3	0	0.425683	0.6517	0.444444	0.666667	-0.111111	0	0	-0.111111	0.3333333333333333	0.6296296296296297	0.	-0.037037037037037035	0.1111111111111111	0.	1	0	1	2	1	1	1	0	2	1
2	0	0.352846	0.567366	0.444444	0.666667	-0.111111	0	0	-0.111111	0.4444444444444444	0.5925925925925926	-0.1111111111111111	0.	0.	-0.037037037037037035	1	0	1	2	0	1	1	0	2	2
2	0	0.398944	0.54808	0.333333	0.555556	0	-0.111111	0.111111	0	0.3333333333333333	0.5555555555555556	0.	-0.1111111111111111	0.037037037037037035	0.	1	0	0	1	1	1	1	1	0	0
3	0	0.393073	0.453639	0.333333	0.555556	0	-0.111111	0.111111	0	0.37037037037037035	0.4444444444444444	0.037037037037037035	0.	0.	0.1111111111111111	1	0	1	1	1	1	1	1	0	1
2	0	0.429206	0.504465	0.333333	0.555556	0	-0.111111	0.111111	0	0.4074074074074074	0.5555555555555556	0.	-0.1111111111111111	0.037037037037037035	0.	1	0	2	1	1	1	1	1	0	2
2	0	0.464686	0.459148	0.444444	0.444444	0.111111	0	0	0.111111	0.4444444444444444	0.4444444444444444	0.1111111111111111	0.	0.	0.037037037037037035	1	1	1	1	0	1	1	1	1	0
3	0	0.448483	0.477073	0.444444	0.444444	0.111111	0	0	0.111111	0.5555555555555556	0.48148148148148145	0.	0.037037037037037035	-0.1111111111111111	0.	1	1	1	1	1	1	1	1	1	1
2	0	0.5449	0.535927	0.444444	0.444444	0.111111	0	0	0.111111	0.4444444444444444	0.5185185185185185	0.1111111111111111	0.	0.	0.037037037037037035	1	1	1	1	2	1	1	1	1	2
2	0	0.5631	0.494188	0.555556	0.555556	0	-0.111111	0.111111	0	0.5555555555555556	0.5555555555555556	0.	-0.1111111111111111	0.037037037037037035	0.	1	2	0	1	1	1	1	1	2	0
3	0	0.596426	0.518216	0.555556	0.555556	0	-0.111111	0.111111	0	0.5925925925925926	0.4444444444444444	0.037037037037037035	0.	0.	0.1111111111111111	1	2	1	1	1	1	1	1	2	1
2	0	0.633912	0.482112	0.555556	0.555556	0	-0.111111	0.111111	0	0.6296296296296297	0.5555555555555556	0.	-0.1111111111111111	0.037037037037037035	0.	1	2	2	1	1	1	1	1	2	2
2	0	0.601328	0.420377	0.666667	0.444444	-0.111111	0	0	-0.111111	0.6666666666666666	0.4444444444444444	-0.1111111111111111	0.	0.	-0.037037037037037035	1	2	1	0	2	1	1	2	0	0
3	0	0.645026	0.368017	0.666667	0.444444	-0.111111	0	0	-0.111111	0.5555555555555556	0.4074074074074074	0.	-0.037037037037037035	0.1111111111111111	0.	1	2	1	0	1	1	1	2	0	1
2	0	0.652222	0.378383	0.666667	0.444444	-0.111111	0	0	-0.111111	0.6666666666666666	0.37037037037037035	-0.1111111111111111	0.	0.	-0.037037037037037035	1	2	1	0	0	1	1	2	0	2
2	0	0.550021	0.363297	0.555556	0.333333	0	0.111111	-0.111111	0	0.5555555555555556	0.3333333333333333	0.	0.1111111111111111	-0.037037037037037035	0.	1	1	2	1	0	1	1	2	1	0
3	0	0.505181	0.427221	0.555556	0.333333	0	0.111111	-0.111111	0	0.5185185185185185	0.4444444444444444	-0.037037037037037035	0.	0.	-0.1111111111111111	1	1	1	1	0	1	1	2	1	1
2	0	0.469984	0.403761	0.555556	0.333333	0	0.111111	-0.111111	0	0.48148148148148145	0.3333333333333333	0.	0.1111111111111111	-0.037037037037037035	0.	1	1	0	1	0	1	1	2	1	2
2	0	0.41135	0.415328	0.444444	0.444444	-0.111111	0	0	-0.111111	0.4444444444444444	0.4444444444444444	-0.1111111111111111	0.	0.	-0.037037037037037035	1	0	1	0	2	1	1	2	2	0
3	0	0.370927	0.388259	0.444444	0.444444	-0.111111	0	0	-0.111111	0.3333333333333333	0.4074074074074074	0.	-0.037037037037037035	0.1111111111111111	0.	1	0	1	0	1	1	1	2	2	1
2	0	0.325324	0.350223	0.333333	0.333333	0	0.111111	-0.111111	0	0.3333333333333333	0.3333333333333333	0.	0.1111111111111111	-0.037037037037037035	0.	0	2	2	1	0	1	2	0	0	0
3	0	0.254396	0.41031	0.333333	0.333333	0	0.111111	-0.111111	0	0.2962962962962963	0.4444444444444444	-0.037037037037037035	0.	0.	-0.1111111111111111	0	2	1	1	0	1	2	0	0	1
2	0	0.298273	0.382942	0.333333	0.333333	0	0.111111	-0.111111	0	0.25925925925925924	0.3333333333333333	0.	0.1111111111111111	-0.037037037037037035	0.	0	2	0	1	0	1	2	0	0	2
2	0	0.23585	0.448305	0.222222	0.444444	0.111111	0	0	0.111111	0.2222222222222222	0.4444444444444444	0.1111111111111111	0.	0.	0.037037037037037035	0	2	1	1	0	1	2	0	1	0
3	0	0.247572	0.485949	0.222222	0.444444	0.111111	0	0	0.111111	0.3333333333333333	0.48148148148148145	0.	0.037037037037037035	-0.1111111111111111	0.	0	2	1	1	1	1	2	0	1	1
2	0	0.286895	0.530269	0.222222	0.444444	0.111111	0	0	0.111111	0.2222222222222222	0.5185185185185185	0.1111111111111111	0.	0.	0.037037037037037035	0	2	1	1	2	1	2	0	1	2
2	0	0.310444	0.618556	0.333333	0.555556	0	0.111111	-0.111111	0	0.3333333333333333	0.5555555555555556	0.	0.1111111111111111	-0.037037037037037035	0.	0	2	2	1	2	1	2	0	2	0
3	0	0.329391	0.58741	0.333333	0.555556	0	0.111111	-0.111111	0	0.2962962962962963	0.6666666666666666	-0.037037037037037035	0.	0.	-0.1111111111111111	0	2	1	1	2	1	2	0	2	1
2	0	0.258935	0.64516	0.333333	0.555556	0	0.111111	-0.111111	0	0.25925925925925924	0.5555555555555556	0.	0.1111111111111111	-0.037037037037037035	0.	0	2	0	1	2	1	2	0	2	2
2	0	0.140108	0.626166	0.222222	0.666667	-0.111111	0	0	-0.111111	0.2222222222222222	0.6666666666666666	-0.1111111111111111	0.	0.	-0.037037037037037035	0	1	1	2	2	1	2	1	0	0
3	0	0.117164	0.603096	0.222222	0.666667	-0.111111	0	0	-0.111111	0.1111111111111111	0.6296296296296297	0.	-0.037037037037037035	0.1111111111111111	0.	0	1	1	2	1	1	2	1	0	1
2	0	0.193925	0.577073	0.222222	0.666667	-0.111111	0	0	-0.111111	0.2222222222222222	0.5925925925925926	-0.1111111111111111	0.	0.	-0.037037037037037035	0	1	1	2	0	1	2	1	0	2
2	0	0.129754	0.521903	0.111111	0.555556	0	-0.111111	0.111111	0	0.1111111111111111	0.5555555555555556	0.	-0.1111111111111111	0.037037037037037035	0.	0	1	0	1	1	1	2	1	1	0
3	0	0.158971	0.509389	0.111111	0.555556	0	-0.111111	0.111111	0	0.14814814814814814	0.4444444444444444	0.037037037037037035	0.	0.	0.1111111111111111	0	1	1	1	1	1	2	1	1	1
2	0	0.171427	0.497612	0.111111	0.555556	0	-0.111111	0.111111	0	0.18518518518518517	0.5555555555555556	0.	-0.1111111111111111	0.037037037037037035	0.	0	1	2	1	1	1	2	1	1	2
2	0	0.212578	0.43873	0.222222	0.444444	-0.111111	0	0	-0.111111	0.2222222222222222	0.4444444444444444	-0.1111111111111111	0.	0.	-0.037037037037037035	0	1	1	0	2	1	2	1	2	0
3	0	0.179728	0.399038	0.222222	0.444444	-0.111111	0	0	-0.111111	0.1111111111111111	0.4074074074074074	0.	-0.037037037037037035	0.1111111111111111	0.	0	1	1	0	1	1	2	1	2	1
2	0	0.135655	0.359699	0.222222	0.444444	-0.111111	0	0	-0.111111	0.2222222222222222	0.37037037037037035	-0.1111111111111111	0.	0.	-0.037037037037037035	0	1	1	0	0	1	2	1	2	2
2	0	0.0747208	0.374453	0.111111	0.333333	0	0.111111	-0.111111	0	0.1111111111111111	0.3333333333333333	0.	0.1111111111111111	-0.037037037037037035	0.	0	0	2	1	0	1	2	2	0	0
3	0	0.0388158	0.343793	0.111111	0.333333	0	0.111111	-0.111111	0	0.07407407407407407	0.4444444444444444	-0.037037037037037035	0.	0.	-0.1111111111111111	0	0	1	1	0	1	2	2	0	1
2	0	0.0120881	0.43223	0.111111	0.333333	0	0.111111	-0.111111	0	0.037037037037037035	0.3333333333333333	0.	0.1111111111111111	-0.037037037037037035	0.	0	0	0	1	0	1	2	2	0	2
2	0	0.0994361	0.468308	0	0.444444	0.111111	0	0	0.111111	0.	0.4444444444444444	0.1111111111111111	0.	0.	0.037037037037037035	0	0	1	1	0	1	2	2	1	0
3	0	0.0187998	0.555397	0	0.444444	0.111111	0	0	0.111111	0.1111111111111111	0.48148148148148145	0.	0.037037037037037035	-0.1111111111111111	0.	0	0	1	1	1	1	2	2	1	1
2	0	0.0615222	0.540765	0	0.444444	0.111111	0	0	0.111111	0.	0.5185185185185185	0.1111111111111111	0.	0.	0.037037037037037035	0	0	1	1	2	1	2	2	1	2
2	0	0.0850663	0.65955	0.111111	0.555556	0	0.111111	-0.111111	0	0.1111111111111111	0.5555555555555556	0.	0.1111111111111111	-0.037037037037037035	0.	0	0	2	1	2	1	2	2	2	0
3	0	0.0493534	0.593864	0.111111	0.555556	0	0.111111	-0.111111	0	0.07407407407407407	0.6666666666666666	-0.037037037037037035	0.	0.	-0.1111111111111111	0	0	1	1	2	1	2	2	2	1
2	0	0.0898761	0.684622	0	0.666667	0.111111	0	0	0.111111	0.	0.6666666666666666	0.1111111111111111	0.	0.	0.037037037037037035	0	0	2	0	0	2	0	0	0	0
3	0	0.00728681	0.714254	0	0.666667	0.111111	0	0	0.111111	0.1111111111111111	0.7037037037037037	0.	0.037037037037037035	-0.1111111111111111	0.	0	0	2	0	1	2	0	0	0	1
2	0	0.0351763	0.74643	0	0.666667	0.111111	0	0	0.111111	0.	0.7407407407407407	0.1111111111111111	0.	0.	0.037037037037037035	0	0	2	0	2	2	0	0	0	2
2	0	0.148652	0.773312	0.111111	0.777778	0	-0.111111	0.111111	0	0.1111111111111111	0.7777777777777778	0.	-0.1111111111111111	0.037037037037037035	0.	0	1	0	2	0	2	0	0	1	0
3	0	0.17513	0.698865	0.111111	0.777778	0	-0.111111	0.111111	0	0.14814814814814814	0.6666666666666666	0.037037037037037035	0.	0.	0.1111111111111111	0	1	1	2	0	2	0	0	1	1
2	0	0.203439	0.737286	0.111111	0.777778	0	-0.111111	0.111111	0	0.18518518518518517	0.7777777777777778	0.	-0.1111111111111111	0.037037037037037035	0.	0	1	2	2	0	2	0	0	1	2
2	0	0.226447	0.670986	0.222222	0.666667	0.111111	0	0	0.111111	0.2222222222222222	0.6666666666666666	0.1111111111111111	0.	0.	0.037037037037037035	0	2	2	0	0	2	0	0	2	0
3	0	0.277208	0.720679	0.222222	0.666667	0.111111	0	0	0.111111	0.3333333333333333	0.7037037037037037	0.	0.037037037037037035	-0.1111111111111111	0.	0	2	2	0	1	2	0	0	2	1
2	0	0.315713	0.763091	0.222222	0.666667	0.111111	0	0	0.111111	0.2222222222222222	0.7407407407407407	0.1111111111111111	0.	0.	0.037037037037037035	0	2	2	0	2	2	0	0	2	2
2	0	0.301928	0.818634	0.333333	0.777778	0	0.111111	-0.111111	0	0.3333333333333333	0.7777777777777778	0.	0.1111111111111111	-0.037037037037037035	0.	0	2	2	2	1	2	0	1	0	0
3	0	0.267934	0.782203	0.333333	0.777778	0	0.111111	-0.111111	0	0.2962962962962963	0.8888888888888888	-0.037037037037037035	0.	0.	-0.1111111111111111	0	2	1	2	1	2	0	1	0	1
2	0	0.250734	0.857883	0.333333	0.777778	0	0.111111	-0.111111	0	0.25925925925925924	0.7777777777777778	0.	0.1111111111111111	-0.037037037037037035	0.	0	2	0	2	1	2	0	1	0	2
2	0	0.216911	0.870303	0.222222	0.888889	-0.111111	0	0	-0.111111	0.2222222222222222	0.8888888888888888	-0.1111111111111111	0.	0.	-0.037037037037037035	0	1	2	1	2	2	0	1	1	0
3	0	0.125467	0.835619	0.222222	0.888889	-0.111111	0	0	-0.111111	0.1111111111111111	0.8518518518518519	0.	-0.037037037037037035	0.1111111111111111	0.	0	1	2	1	1	2	0	1	1	1
2	0	0.189514	0.792228	0.222222	0.888889	-0.111111	0	0	-0.111111	0.2222222222222222	0.8148148148148148	-0.1111111111111111	0.	0.	-0.037037037037037035	0	1	2	1	0	2	0	1	1	2
2	0	0.103031	0.885028	0.111111	0.777778	0	0.111111	-0.111111	0	0.1111111111111111	0.7777777777777778	0.	0.1111111111111111	-0.037037037037037035	0.	0	0	2	2	1	2	0	1	2	0
3	0	0.0703867	0.81158	0.111111	0.777778	0	0.111111	-0.111111	0	0.07407407407407407	0.8888888888888888	-0.037037037037037035	0.	0.	-0.1111111111111111	0	0	1	2	1	2	0	1	2	1
2	0	0.0158147	0.82845	0.111111	0.777778	0	0.111111	-0.111111	0	0.037037037037037035	0.7777777777777778	0.	0.1111111111111111	-0.037037037037037035	0.	0	0	0	2	1	2	0	1	2	2
2	0	0.0522909	0.910802	0	0.888889	0.111111	0	0	0.111111	0.	0.8888888888888888	0.1111111111111111	0.	0.	0.037037037037037035	0	0	2	2	0	2	0	2	0	0
3	0	0.0780687	0.939465	0	0.888889	0.111111	0	0	0.111111	0.1111111111111111	0.9259259259259259	0.	0.037037037037037035	-0.1111111111111111	0.	0	0	2	2	1	2	0	2	0	1
2	0	0.027629	0.978186	0	0.888889	0.111111	0	0	0.111111	0.	0.9629629629629629	0.1111111111111111	0.	0.	0.037037037037037035	0	0	2	2	2	2	0	2	0	2
2	0	0.162661	0.89625	0.111111	1	0	-0.111111	0.111111	0	0.1111111111111111	1.	0.	-0.1111111111111111	0.037037037037037035	0.	0	1	0	2	2	2	0	2	1	0
3	0	0.222137	0.926263	0.111111	1	0	-0.111111	0.111111	0	0.14814814814814814	0.8888888888888888	0.037037037037037035	0.	0.	0.1111111111111111	0	1	1	2	2	2	0	2	1	1
2	0	0.151961	0.96889	0.111111	1	0	-0.111111	0.111111	0	0.18518518518518517	1.	0.	-0.1111111111111111	0.037037037037037035	0.	0	1	2	2	2	2	0	2	1	2
2	0	0.239194	0.993612	0.222222	0.888889	0.111111	0	0	0.111111	0.2222222222222222	0.8888888888888888	0.1111111111111111	0.	0.	0.037037037037037035	0	2	2	2	0	2	0	2	2	0
3	0	0.289682	0.957357	0.222222	0.888889	0.111111	0	0	0.111111	0.3333333333333333	0.9259259259259259	0.	0.037037037037037035	-0.1111111111111111	0.	0	2	2	2	1	2	0	2	2	1
2	0	0.337762	0.902427	0.333333	1	0	-0.111111	0.111111	0	0.3333333333333333	1.	0.	-0.1111111111111111	0.037037037037037035	0.	1	0	0	2	2	2	1	0	0	0
3	0	0.341685	0.948013	0.333333	1	0	-0.111111	0.111111	0	0.37037037037037035	0.8888888888888888	0.037037037037037035	0.	0.	0.1111111111111111	1	0	1	2	2	2	1	0	0	1
2	0	0.400709	0.983707	0.333333	1	0	-0.111111	0.111111	0	0.4074074074074074	1.	0.	-0.1111111111111111	0.037037037037037035	0.	1	0	2	2	2	2	1	0	0	2
2	0	0.407366	0.876679	0.444444	0.888889	-0.111111	0	0	-0.111111	0.4444444444444444	0.8888888888888888	-0.1111111111111111	0.	0.	-0.037037037037037035	1	0	2	1	2	2	1	0	1	0
3	0	0.374969	0.847061	0.444444	0.888889	-0.111111	0	0	-0.111111	0.3333333333333333	0.8518518518518519	0.	-0.037037037037037035	0.1111111111111111	0.	1	0	2	1	1	2	1	0	1	1
2	0	0.43936	0.806941	0.444444	0.888889	-0.111111	0	0	-0.111111	0.4444444444444444	0.8148148148148148	-0.1111111111111111	0.	0.	-0.037037037037037035	1	0	2	1	0	2	1	0	1	2
2	0	0.362075	0.753413	0.333333	0.777778	0	-0.111111	0.111111	0	0.3333333333333333	0.7777777777777778	0.	-0.1111111111111111	0.037037037037037035	0.	1	0	0	2	0	2	1	0	2	0
3	0	0.357381	0.67758	0.333333	0.777778	0	-0.111111	0.111111	0	0.37037037037037035	0.6666666666666666	0.037037037037037035	0.	0.	0.1111111111111111	1	0	1	2	0	2	1	0	2	1
2	0	0.41593	0.706252	0.333333	0.777778	0	-0.111111	0.111111	0	0.4074074074074074	0.7777777777777778	0.	-0.1111111111111111	0.037037037037037035	0.	1	0	2	2	0	2	1	0	2	2
2	0	0.500631	0.69337	0.444444	0.666667	0.111111	0	0	0.111111	0.4444444444444444	0.6666666666666666	0.1111111111111111	0.	0.	0.037037037037037035	1	1	2	0	0	2	1	1	0	0
3	0	0.516301	0.732157	0.444444	0.666667	0.111111	0	0	0.111111	0.5555555555555556	0.7037037037037037	0.	0.037037037037037035	-0.1111111111111111	0.	1	1	2	0	1	2	1	1	0	1
2	0	0.535241	0.768489	0.444444	0.666667	0.111111	0	0	0.111111	0.4444444444444444	0.7407407407407407	0.1111111111111111	0.	0.	0.037037037037037035	1	1	2	0	2	2	1	1	0	2
2	0	0.554235	0.852535	0.555556	0.777778	0	0.111111	-0.111111	0	0.5555555555555556	0.7777777777777778	0.	0.1111111111111111	-0.037037037037037035	0.	1	1	2	2	1	2	1	1	1	0
3	0	0.481485	0.798335	0.555556	0.777778	0	0.111111	-0.111111	0	0.5185185185185185	0.8888888888888888	-0.037037037037037035	0.	0.	-0.1111111111111111	1	1	1	2	1	2	1	1	1	1
2	0	0.473292	0.863638	0.555556	0.777778	0	0.111111	-0.111111	0	0.48148148148148145	0.7777777777777778	0.	0.1111111111111111	-0.037037037037037035	0.	1	1	0	2	1	2	1	1	1	2
2	0	0.50827	0.920282	0.444444	0.888889	0.111111	0	0	0.111111	0.4444444444444444	0.8888888888888888	0.1111111111111111	0.	0.	0.037037037037037035	1	1	2	2	0	2	1	1	2	0
3	0	0.451153	0.933607	0.444444	0.888889	0.111111	0	0	0.111111	0.5555555555555556	0.9259259259259259	0.	0.037037037037037035	-0.1111111111111111	0.	1	1	2	2	1	2	1	1	2	1
2	0	0.542162	0.962769	0.444444	0.888889	0.111111	0	0	0.111111	0.4444444444444444	0.9629629629629629	0.1111111111111111	0.	0.	0.037037037037037035	1	1	2	2	2	2	1	1	2	2
2	0	0.663268	0.998585	0.555556	1	0	-0.111111	0.111111	0	0.5555555555555556	1.	0.	-0.1111111111111111	0.037037037037037035	0.	1	2	0	2	2	2	1	2	0	0
3	0	0.585158	0.914994	0.555556	1	0	-0.111111	0.111111	0	0.5925925925925926	0.8888888888888888	0.037037037037037035	0.	0.	0.1111111111111111	1	2	1	2	2	2	1	2	0	1
2	0	0.610028	0.988411	0.555556	1	0	-0.111111	0.111111	0	0.6296296296296297	1.	0.	-0.1111111111111111	0.037037037037037035	0.	1	2	2	2	2	2	1	2	0	2
2	0	0.647874	0.880358	0.666667	0.888889	-0.111111	0	0	-0.111111	0.6666666666666666	0.8888888888888888	-0.1111111111111111	0.	0.	-0.037037037037037035	1	2	2	1	2	2	1	2	1	0
3	0	0.593264	0.842127	0.666667	0.888889	-0.111111	0	0	-0.111111	0.5555555555555556	0.8518518518518519	0.	-0.037037037037037035	0.1111111111111111	0.	1	2	2	1	1	2	1	2	1	1
2	0	0.630468	0.787282	0.666667	0.888889	-0.111111	0	0	-0.111111	0.6666666666666666	0.8148148148148148	-0.1111111111111111	0.	0.	-0.037037037037037035	1	2	2	1	0	2	1	2	1	2
2	0	0.573033	0.724477	0.555556	0.777778	0	-0.111111	0.111111	0	0.5555555555555556	0.7777777777777778	0.	-0.1111111111111111	0.037037037037037035	0.	1	2	0	2	0	2	1	2	2	0
3	0	0.616756	0.757905	0.555556	0.777778	0	-0.111111	0.111111	0	0.5925925925925926	0.6666666666666666	0.037037037037037035	0.	0.	0.1111111111111111	1	2	1	2	0	2	1	2	2	1
2	0	0.672324	0.689468	0.666667	0.666667	0.111111	0	0	0.111111	0.6666666666666666	0.6666666666666666	0.1111111111111111	0.	0.	0.037037037037037035	2	0	2	0	0	2	2	0	0	0
3	0	0.716676	0.710066	0.666667	0.666667	0.111111	0	0	0.111111	0.7777777777777778	0.7037037037037037	0.	0.037037037037037035	-0.1111111111111111	0.	2	0	2	0	1	2	2	0	0	1
2	0	0.747046	0.741861	0.666667	0.666667	0.111111	0	0	0.111111	0.6666666666666666	0.7407407407407407	0.1111111111111111	0.	0.	0.037037037037037035	2	0	2	0	2	2	2	0	0	2
2	0	0.833064	0.727873	0.777778	0.777778	0	-0.111111	0.111111	0	0.7777777777777778	0.7777777777777778	0.	-0.1111111111111111	0.037037037037037035	0.	2	1	0	2	0	2	2	0	1	0
3	0	0.808593	0.777015	0.777778	0.777778	0	-0.111111	0.111111	0	0.8148148148148148	0.6666666666666666	0.037037037037037035	0.	0.	0.1111111111111111	2	1	1	2	0	2	2	0	1	1
2	0	0.884029	0.680952	0.777778	0.777778	0	-0.111111	0.111111	0	0.8518518518518519	0.7777777777777778	0.	-0.1111111111111111	0.037037037037037035	0.	2	1	2	2	0	2	2	0	1	2
2	0	0.995684	0.669105	0.888889	0.666667	0.111111	0	0	0.111111	0.8888888888888888	0.6666666666666666	0.1111111111111111	0.	0.	0.037037037037037035	2	2	2	0	0	2	2	0	2	0
3	0	0.938491	0.701727	0.888889	0.666667	0.111111	0	0	0.111111	1.	0.7037037037037037	0.	0.037037037037037035	-0.1111111111111111	0.	2	2	2	0	1	2	2	0	2	1
2	0	0.90382	0.75012	0.888889	0.666667	0.111111	0	0	0.111111	0.8888888888888888	0.7407407407407407	0.1111111111111111	0.	0.	0.037037037037037035	2	2	2	0	2	2	2	0	2	2
2	0	0.96915	0.778881	1	0.777778	0	0.111111	-0.111111	0	1.	0.7777777777777778	0.	0.1111111111111111	-0.037037037037037035	0.	2	2	2	2	1	2	2	1	0	0
3	0	0.986887	0.855458	1	0.777778	0	0.111111	-0.111111	0	0.9629629629629629	0.8888888888888888	-0.037037037037037035	0.	0.	-0.1111111111111111	2	2	1	2	1	2	2	1	0	1
2	0	0.924644	0.795515	1	0.777778	0	0.111111	-0.111111	0	0.9259259259259259	0.7777777777777778	0.	0.1111111111111111	-0.037037037037037035	0.	2	2	0	2	1	2	2	1	0	2
2	0	0.87087	0.867002	0.888889	0.888889	-0.111111	0	0	-0.111111	0.8888888888888888	0.8888888888888888	-0.1111111111111111	0.	0.	-0.037037037037037035	2	1	2	1	2	2	2	1	1	0
3	0	0.857331	0.825353	0.888889	0.888889	-0.111111	0	0	-0.111111	0.7777777777777778	0.8518518518518519	0.	-0.037037037037037035	0.1111111111111111	0.	2	1	2	1	1	2	2	1	1	1
2	0	0.778972	0.821797	0.888889	0.888889	-0.111111	0	0	-0.111111	0.8888888888888888	0.8148148148148148	-0.1111111111111111	0.	0.	-0.037037037037037035	2	1	2	1	0	2	2	1	1	2
2	0	0.754952	0.839078	0.777778	0.777778	0	0.111111	-0.111111	0	0.7777777777777778	0.7777777777777778	0.	0.1111111111111111	-0.037037037037037035	0.	2	0	2	2	1	2	2	1	2	0
3	0	0.707371	0.803345	0.777778	0.777778	0	0.111111	-0.111111	0	0.7407407407407407	0.8888888888888888	-0.037037037037037035	0.	0.	-0.1111111111111111	2	0	1	2	1	2	2	1	2	1
2	0	0.679778	0.888794	0.777778	0.777778	0	0.111111	-0.111111	0	0.7037037037037037	0.7777777777777778	0.	0.1111111111111111	-0.037037037037037035	0.	2	0	0	2	1	2	2	1	2	2
2	0	0.724848	0.943055	0.666667	0.888889	0.111111	0	0	0.111111	0.6666666666666666	0.8888888888888888	0.1111111111111111	0.	0.	0.037037037037037035	2	0	2	2	0	2	2	2	0	0
3	0	0.666872	0.952605	0.666667	0.888889	0.111111	0	0	0.111111	0.7777777777777778	0.9259259259259259	0.	0.037037037037037035	-0.1111111111111111	0.	2	0	2	2	1	2	2	2	0	1
2	0	0.772165	0.974344	0.666667	0.888889	0.111111	0	0	0.111111	0.6666666666666666	0.9629629629629629	0.1111111111111111	0.	0.	0.037037037037037035	2	0	2	2	2	2	2	2	0	2
2	0	0.888838	0.966625	0.777778	1	0	-0.111111	0.111111	0	0.7777777777777778	1.	0.	-0.1111111111111111	0.037037037037037035	0.	2	1	0	2	2	2	2	2	1	0
3	0	0.80044	0.905663	0.777778	1	0	-0.111111	0.111111	0	0.8148148148148148	0.8888888888888888	0.037037037037037035	0.	0.	0.1111111111111111	2	1	1	2	2	2	2	2	1	1
2	0	0.839713	0.930385	0.777778	1	0	-0.111111	0.111111	0	0.8518518518518519	1.	0.	-0.1111111111111111	0.037037037037037035	0.	2	1	2	2	2	2	2	2	1	2
2	0	0.916478	0.893306	0.888889	0.888889	0.111111	0	0	0.111111	0.8888888888888888	0.8888888888888888	0.1111111111111111	0.	0.	0.037037037037037035	2	2	2	2	0	2	2	2	2	0
3	0	0.956328	0.922891	0.888889	0.888889	0.111111	0	0	0.111111	1.	0.9259259259259259	0.	0.037037037037037035	-0.1111111111111111	0.	2	2	2	2	1	2	2	2	2	1
