1	0	0.00182631	0.00258492	0	0	0.111111	0	0	0.037037	0.	0.	0.037037037037037035	0.	0.	0.037037037037037035	0	0	0	0	0	0	0	0	0	0	0	0
1	0	0.0720313	0.0223978	0	0	0.111111	0	0	0.037037	0.037037037037037035	0.037037037037037035	0.	-0.037037037037037035	0.037037037037037035	0.	0	0	1	0	0	0	0	0	0	0	0	1
1	0	0.0910622	0.0298155	0	0	0.111111	0	0	0.037037	0.07407407407407407	0.	0.037037037037037035	0.	0.	0.037037037037037035	0	0	2	0	0	0	0	0	0	0	0	2
1	0	0.108611	0.0646174	0.111111	0.037037	0	0.037037	-0.111111	0	0.1111111111111111	0.037037037037037035	0.	0.037037037037037035	-0.037037037037037035	0.	0	0	2	0	0	1	0	0	0	0	1	0
1	0	0.0452395	0.0471118	0.111111	0.037037	0	0.037037	-0.111111	0	0.07407407407407407	0.07407407407407407	-0.037037037037037035	0.	0.	-0.037037037037037035	0	0	1	0	0	1	0	0	0	0	1	1
1	0	0.0349242	0.096911	0	0.0740741	0.111111	0	0	0.037037	0.	0.07407407407407407	0.037037037037037035	0.	0.	0.037037037037037035	0	0	0	0	0	2	0	0	0	0	2	0
1	0	0.0605443	0.109815	0	0.0740741	0.111111	0	0	0.037037	0.037037037037037035	0.1111111111111111	0.	-0.037037037037037035	0.037037037037037035	0.	0	0	1	0	0	2	0	0	0	0	2	1
1	0	0.1237	0.0927808	0.111111	0.111111	0	-0.111111	0.037037	0	0.1111111111111111	0.1111111111111111	0.	-0.037037037037037035	0.037037037037037035	0.	0	1	0	0	0	2	0	0	0	1	0	0
1	0	0.140273	0.0694623	0.111111	0.111111	0	-0.111111	0.037037	0	0.14814814814814814	0.07407407407407407	-0.037037037037037035	0.	0.	-0.037037037037037035	0	1	0	0	0	1	0	0	0	1	0	1
1	0	0.133543	0.0071932	0.111111	0.111111	0	-0.111111	0.037037	0	0.1111111111111111	0.037037037037037035	0.	-0.037037037037037035	0.037037037037037035	0.	0	1	0	0	0	0	0	0	0	1	0	2
1	0	0.176201	0.0778974	0.148148	0	0.037037	0	0	0.111111	0.14814814814814814	0.	0.037037037037037035	0.	0.	0.037037037037037035	0	1	1	0	0	0	0	0	0	1	1	0
1	0	0.16717	0.0519547	0.148148	0	0.037037	0	0	0.111111	0.18518518518518517	0.037037037037037035	0.	0.037037037037037035	-0.037037037037037035	0.	0	1	1	0	0	1	0	0	0	1	1	1
1	0	0.220915	0.084128	0.185185	0.111111	0	-0.111111	0.037037	0	0.18518518518518517	0.1111111111111111	0.	-0.037037037037037035	0.037037037037037035	0.	0	1	2	0	0	2	0	0	0	1	2	0
1	0	0.192133	0.057476	0.185185	0.111111	0	-0.111111	0.037037	0	0.2222222222222222	0.07407407407407407	-0.037037037037037035	0.	0.	-0.037037037037037035	0	1	2	0	0	1	0	0	0	1	2	1
1	0	0.256786	0.0108598	0.222222	0	0.111111	0	0	0.037037	0.2222222222222222	0.	0.037037037037037035	0.	0.	0.037037037037037035	0	2	0	0	0	0	0	0	0	2	0	0
1	0	0.275953	0.0184621	0.222222	0	0.111111	0	0	0.037037	0.25925925925925924	0.037037037037037035	0.	-0.037037037037037035	0.037037037037037035	0.	0	2	1	0	0	0	0	0	0	2	0	1
1	0	0.29881	0.0364624	0.222222	0	0.111111	0	0	0.037037	0.2962962962962963	0.	0.037037037037037035	0.	0.	0.037037037037037035	0	2	2	0	0	0	0	0	0	2	0	2
1	0	0.31566	0.0724891	0.333333	0.037037	0	0.037037	-0.111111	0	0.3333333333333333	0.037037037037037035	0.	0.037037037037037035	-0.037037037037037035	0.	0	2	2	0	0	1	0	0	0	2	1	0
1	0	0.289626	0.0403687	0.333333	0.037037	0	0.037037	-0.111111	0	0.2962962962962963	0.07407407407407407	-0.037037037037037035	0.	0.	-0.037037037037037035	0	2	1	0	0	1	0	0	0	2	1	1
1	0	0.242236	0.089738	0.222222	0.0740741	0.111111	0	0	0.037037	0.2222222222222222	0.07407407407407407	0.037037037037037035	0.	0.	0.037037037037037035	0	2	0	0	0	2	0	0	0	2	2	0
1	0	0.247123	0.106981	0.222222	0.0740741	0.111111	0	0	0.037037	0.25925925925925924	0.1111111111111111	0.	-0.037037037037037035	0.037037037037037035	0.	0	2	1	0	0	2	0	0	0	2	2	1
1	0	0.306099	0.133281	0.333333	0.111111	0	0.111111	-0.037037	0	0.3333333333333333	0.1111111111111111	0.	0.037037037037037035	-0.037037037037037035	0.	0	2	2	0	1	0	0	0	1	0	0	0
1	0	0.321867	0.182753	0.333333	0.111111	0	0.111111	-0.037037	0	0.2962962962962963	0.14814814814814814	0.037037037037037035	0.	0.	0.037037037037037035	0	2	2	0	1	1	0	0	1	0	0	1
1	0	0.330517	0.201139	0.333333	0.111111	0	0.111111	-0.037037	0	0.3333333333333333	0.18518518518518517	0.	0.037037037037037035	-0.037037037037037035	0.	0	2	2	0	1	2	0	0	1	0	0	2
1	0	0.261851	0.185976	0.296296	0.222222	-0.037037	0	0	-0.111111	0.2962962962962963	0.2222222222222222	-0.037037037037037035	0.	0.	-0.037037037037037035	0	2	1	0	1	2	0	0	1	0	1	0
1	0	0.284665	0.171347	0.296296	0.222222	-0.037037	0	0	-0.111111	0.25925925925925924	0.18518518518518517	0.	-0.037037037037037035	0.037037037037037035	0.	0	2	1	0	1	1	0	0	1	0	1	1
1	0	0.253578	0.128889	0.259259	0.111111	0	0.111111	-0.037037	0	0.25925925925925924	0.1111111111111111	0.	0.037037037037037035	-0.037037037037037035	0.	0	2	0	0	1	0	0	0	1	0	2	0
1	0	0.228548	0.154144	0.259259	0.111111	0	0.111111	-0.037037	0	0.2222222222222222	0.14814814814814814	0.037037037037037035	0.	0.	0.037037037037037035	0	2	0	0	1	1	0	0	1	0	2	1
1	0	0.202068	0.210236	0.222222	0.222222	-0.111111	0	0	-0.037037	0.2222222222222222	0.2222222222222222	-0.037037037037037035	0.	0.	-0.037037037037037035	0	1	2	0	1	2	0	0	1	1	0	0
1	0	0.208416	0.196567	0.222222	0.222222	-0.111111	0	0	-0.037037	0.18518518518518517	0.18518518518518517	0.	0.037037037037037035	-0.037037037037037035	0.	0	1	1	0	1	2	0	0	1	1	0	1
1	0	0.114948	0.218183	0.222222	0.222222	-0.111111	0	0	-0.037037	0.14814814814814814	0.2222222222222222	-0.037037037037037035	0.	0.	-0.037037037037037035	0	1	0	0	1	2	0	0	1	1	0	2
1	0	0.143726	0.168264	0.111111	0.185185	0	-0.037037	0.111111	0	0.1111111111111111	0.18518518518518517	0.	-0.037037037037037035	0.037037037037037035	0.	0	1	0	0	1	1	0	0	1	1	1	0
1	0	0.181942	0.160364	0.111111	0.185185	0	-0.037037	0.111111	0	0.14814814814814814	0.14814814814814814	0.037037037037037035	0.	0.	0.037037037037037035	0	1	1	0	1	1	0	0	1	1	1	1
1	0	0.216141	0.119555	0.222222	0.148148	-0.111111	0	0	-0.037037	0.2222222222222222	0.14814814814814814	-0.037037037037037035	0.	0.	-0.037037037037037035	0	1	2	0	1	0	0	0	1	1	2	0
1	0	0.159054	0.137247	0.222222	0.148148	-0.111111	0	0	-0.037037	0.18518518518518517	0.1111111111111111	0.	0.037037037037037035	-0.037037037037037035	0.	0	1	1	0	1	0	0	0	1	1	2	1
1	0	0.082519	0.142864	0.111111	0.111111	0	0.111111	-0.037037	0	0.1111111111111111	0.1111111111111111	0.	0.037037037037037035	-0.037037037037037035	0.	0	0	2	0	1	0	0	0	1	2	0	0
1	0	0.0949108	0.175284	0.111111	0.111111	0	0.111111	-0.037037	0	0.07407407407407407	0.14814814814814814	0.037037037037037035	0.	0.	0.037037037037037035	0	0	2	0	1	1	0	0	1	2	0	1
1	0	0.0760833	0.206387	0.111111	0.111111	0	0.111111	-0.037037	0	0.1111111111111111	0.18518518518518517	0.	0.037037037037037035	-0.037037037037037035	0.	0	0	2	0	1	2	0	0	1	2	0	2
1	0	0.0559711	0.190108	0.0740741	0.222222	-0.037037	0	0	-0.111111	0.07407407407407407	0.2222222222222222	-0.037037037037037035	0.	0.	-0.037037037037037035	0	0	1	0	1	2	0	0	1	2	1	0
1	0	0.0494941	0.222217	0.0740741	0.222222	-0.037037	0	0	-0.111111	0.037037037037037035	0.18518518518518517	0.	-0.037037037037037035	0.037037037037037035	0.	0	0	1	0	1	1	0	0	1	2	1	1
1	0	0.0122672	0.124445	0.037037	0.111111	0	0.111111	-0.037037	0	0.037037037037037035	0.1111111111111111	0.	0.037037037037037035	-0.037037037037037035	0.	0	0	0	0	1	0	0	0	1	2	2	0
1	0	0.0239757	0.147069	0.037037	0.111111	0	0.111111	-0.037037	0	0.	0.14814814814814814	0.037037037037037035	0.	0.	0.037037037037037035	0	0	0	0	1	1	0	0	1	2	2	1
1	0	0.00490614	0.257642	0	0.222222	0.111111	0	0	0.037037	0.	0.2222222222222222	0.037037037037037035	0.	0.	0.037037037037037035	0	0	0	0	2	0	0	0	2	0	0	0
1	0	0.0653253	0.235145	0	0.222222	0.111111	0	0	0.037037	0.037037037037037035	0.25925925925925924	0.	-0.037037037037037035	0.037037037037037035	0.	0	0	1	0	2	0	0	0	2	0	0	1
1	0	0.0977265	0.244326	0	0.222222	0.111111	0	0	0.037037	0.07407407407407407	0.2222222222222222	0.037037037037037035	0.	0.	0.037037037037037035	0	0	2	0	2	0	0	0	2	0	0	2
1	0	0.10218	0.295097	0.111111	0.259259	0	0.037037	-0.111111	0	0.1111111111111111	0.25925925925925924	0.	0.037037037037037035	-0.037037037037037035	0.	0	0	2	0	2	1	0	0	2	0	1	0
1	0	0.0207654	0.290872	0.111111	0.259259	0	0.037037	-0.111111	0	0.07407407407407407	0.2962962962962963	-0.037037037037037035	0.	0.	-0.037037037037037035	0	0	1	0	2	1	0	0	2	0	1	1
1	0	0.0298027	0.33003	0	0.296296	0.111111	0	0	0.037037	0.	0.2962962962962963	0.037037037037037035	0.	0.	0.037037037037037035	0	0	0	0	2	2	0	0	2	0	2	0
1	0	0.0430176	0.31901	0	0.296296	0.111111	0	0	0.037037	0.037037037037037035	0.3333333333333333	0.	-0.037037037037037035	0.037037037037037035	0.	0	0	1	0	2	2	0	0	2	0	2	1
1	0	0.128149	0.300193	0.111111	0.333333	0	-0.111111	0.037037	0	0.1111111111111111	0.3333333333333333	0.	-0.037037037037037035	0.037037037037037035	0.	0	1	0	0	2	2	0	0	2	1	0	0
1	0	0.148115	0.273846	0.111111	0.333333	0	-0.111111	0.037037	0	0.14814814814814814	0.2962962962962963	-0.037037037037037035	0.	0.	-0.037037037037037035	0	1	0	0	2	1	0	0	2	1	0	1
1	0	0.136609	0.268198	0.111111	0.333333	0	-0.111111	0.037037	0	0.1111111111111111	0.25925925925925924	0.	-0.037037037037037035	0.037037037037037035	0.	0	1	0	0	2	0	0	0	2	1	0	2
1	0	0.153651	0.229706	0.148148	0.222222	0.037037	0	0	0.111111	0.14814814814814814	0.2222222222222222	0.037037037037037035	0.	0.	0.037037037037037035	0	1	1	0	2	0	0	0	2	1	1	0
1	0	0.170091	0.311355	0.148148	0.222222	0.037037	0	0	0.111111	0.18518518518518517	0.25925925925925924	0.	0.037037037037037035	-0.037037037037037035	0.	0	1	1	0	2	1	0	0	2	1	1	1
1	0	0.20478	0.326542	0.185185	0.333333	0	-0.111111	0.037037	0	0.18518518518518517	0.3333333333333333	0.	-0.037037037037037035	0.037037037037037035	0.	0	1	2	0	2	2	0	0	2	1	2	0
1	0	0.186937	0.263363	0.185185	0.333333	0	-0.111111	0.037037	0	0.2222222222222222	0.2962962962962963	-0.037037037037037035	0.	0.	-0.037037037037037035	0	1	2	0	2	1	0	0	2	1	2	1
1	0	0.272765	0.25504	0.222222	0.222222	0.111111	0	0	0.037037	0.2222222222222222	0.2222222222222222	0.037037037037037035	0.	0.	0.037037037037037035	0	2	0	0	2	0	0	0	2	2	0	0
1	0	0.281357	0.250545	0.222222	0.222222	0.111111	0	0	0.037037	0.25925925925925924	0.25925925925925924	0.	-0.037037037037037035	0.037037037037037035	0.	0	2	1	0	2	0	0	0	2	2	0	1
1	0	0.333318	0.282043	0.333333	0.259259	0	0.037037	-0.111111	0	0.3333333333333333	0.25925925925925924	0.	0.037037037037037035	-0.037037037037037035	0.	0	2	2	0	2	1	0	0	2	2	1	0
1	0	0.292163	0.278022	0.333333	0.259259	0	0.037037	-0.111111	0	0.2962962962962963	0.2962962962962963	-0.037037037037037035	0.	0.	-0.037037037037037035	0	2	1	0	2	1	0	0	2	2	1	1
1	0	0.237164	0.306684	0.222222	0.296296	0.111111	0	0	0.037037	0.2222222222222222	0.2962962962962963	0.037037037037037035	0.	0.	0.037037037037037035	0	2	0	0	2	2	0	0	2	2	2	0
1	0	0.317915	0.322591	0.222222	0.296296	0.111111	0	0	0.037037	0.25925925925925924	0.3333333333333333	0.	-0.037037037037037035	0.037037037037037035	0.	0	2	1	0	2	2	0	0	2	2	2	1
1	0	0.353779	0.314152	0.333333	0.333333	0	-0.111111	0.037037	0	0.3333333333333333	0.3333333333333333	0.	-0.037037037037037035	0.037037037037037035	0.	1	0	0	0	2	2	0	1	0	0	0	0
1	0	0.343601	0.285362	0.333333	0.333333	0	-0.111111	0.037037	0	0.37037037037037035	0.2962962962962963	-0.037037037037037035	0.	0.	-0.037037037037037035	1	0	0	0	2	1	0	1	0	0	0	1
1	0	0.370355	0.241354	0.333333	0.333333	0	-0.111111	0.037037	0	0.3333333333333333	0.25925925925925924	0.	-0.037037037037037035	0.037037037037037035	0.	1	0	0	0	2	0	0	1	0	0	0	2
1	0	0.383545	0.248216	0.37037	0.222222	0.037037	0	0	0.111111	0.37037037037037035	0.2222222222222222	0.037037037037037035	0.	0.	0.037037037037037035	1	0	1	0	2	0	0	1	0	0	1	0
1	0	0.393987	0.333286	0.37037	0.222222	0.037037	0	0	0.111111	0.4074074074074074	0.25925925925925924	0.	0.037037037037037035	-0.037037037037037035	0.	1	0	1	0	2	1	0	1	0	0	1	1
1	0	0.43532	0.302324	0.407407	0.333333	0	-0.111111	0.037037	0	0.4074074074074074	0.3333333333333333	0.	-0.037037037037037035	0.037037037037037035	0.	1	0	2	0	2	2	0	1	0	0	2	0
1	0	0.417505	0.270988	0.407407	0.333333	0	-0.111111	0.037037	0	0.4444444444444444	0.2962962962962963	-0.037037037037037035	0.	0.	-0.037037037037037035	1	0	2	0	2	1	0	1	0	0	2	1
1	0	0.438798	0.221827	0.444444	0.222222	-0.111111	0	0	-0.037037	0.4444444444444444	0.2222222222222222	-0.037037037037037035	0.	0.	-0.037037037037037035	1	0	2	0	1	2	0	1	0	1	0	0
1	0	0.431851	0.214501	0.444444	0.222222	-0.111111	0	0	-0.037037	0.4074074074074074	0.18518518518518517	0.	0.037037037037037035	-0.037037037037037035	0.	1	0	1	0	1	2	0	1	0	1	0	1
1	0	0.346268	0.193866	0.444444	0.222222	-0.111111	0	0	-0.037037	0.37037037037037035	0.2222222222222222	-0.037037037037037035	0.	0.	-0.037037037037037035	1	0	0	0	1	2	0	1	0	1	0	2
1	0	0.361684	0.164533	0.333333	0.185185	0	-0.037037	0.111111	0	0.3333333333333333	0.18518518518518517	0.	-0.037037037037037035	0.037037037037037035	0.	1	0	0	0	1	1	0	1	0	1	1	0
1	0	0.40545	0.178628	0.333333	0.185185	0	-0.037037	0.111111	0	0.37037037037037035	0.14814814814814814	0.037037037037037035	0.	0.	0.037037037037037035	1	0	1	0	1	1	0	1	0	1	1	1
1	0	0.413508	0.122325	0.444444	0.148148	-0.111111	0	0	-0.037037	0.4444444444444444	0.14814814814814814	-0.037037037037037035	0.	0.	-0.037037037037037035	1	0	2	0	1	0	0	1	0	1	2	0
1	0	0.396324	0.115371	0.444444	0.148148	-0.111111	0	0	-0.037037	0.4074074074074074	0.1111111111111111	0.	0.037037037037037035	-0.037037037037037035	0.	1	0	1	0	1	0	0	1	0	1	2	1
1	0	0.356428	0.101336	0.333333	0.111111	0	-0.111111	0.037037	0	0.3333333333333333	0.1111111111111111	0.	-0.037037037037037035	0.037037037037037035	0.	1	0	0	0	0	2	0	1	0	2	0	0
1	0	0.338366	0.0321579	0.333333	0.111111	0	-0.111111	0.037037	0	0.37037037037037035	0.07407407407407407	-0.037037037037037035	0.	0.	-0.037037037037037035	1	0	0	0	0	1	0	1	0	2	0	1
1	0	0.368514	0.013232	0.333333	0.111111	0	-0.111111	0.037037	0	0.3333333333333333	0.037037037037037035	0.	-0.037037037037037035	0.037037037037037035	0.	1	0	0	0	0	0	0	1	0	2	0	2
1	0	0.402137	0.0801239	0.37037	0	0.037037	0	0	0.111111	0.37037037037037035	0.	0.037037037037037035	0.	0.	0.037037037037037035	1	0	1	0	0	0	0	1	0	2	1	0
1	0	0.387047	0.0426058	0.37037	0	0.037037	0	0	0.111111	0.4074074074074074	0.037037037037037035	0.	0.037037037037037035	-0.037037037037037035	0.	1	0	1	0	0	1	0	1	0	2	1	1
1	0	0.444355	0.0872694	0.407407	0.111111	0	-0.111111	0.037037	0	0.4074074074074074	0.1111111111111111	0.	-0.037037037037037035	0.037037037037037035	0.	1	0	2	0	0	2	0	1	0	2	2	0
1	0	0.428826	0.0602945	0.407407	0.111111	0	-0.111111	0.037037	0	0.4444444444444444	0.07407407407407407	-0.037037037037037035	0.	0.	-0.037037037037037035	1	0	2	0	0	1	0	1	0	2	2	1
1	0	0.45429	0.0243907	0.444444	0	0.111111	0	0	0.037037	0.4444444444444444	0.	0.037037037037037035	0.	0.	0.037037037037037035	1	1	0	0	0	0	0	1	1	0	0	0
1	0	0.51044	0.0156944	0.444444	0	0.111111	0	0	0.037037	0.48148148148148145	0.037037037037037035	0.	-0.037037037037037035	0.037037037037037035	0.	1	1	1	0	0	0	0	1	1	0	0	1
1	0	0.527379	0.0044065	0.444444	0	0.111111	0	0	0.037037	0.5185185185185185	0.	0.037037037037037035	0.	0.	0.037037037037037035	1	1	2	0	0	0	0	1	1	0	0	2
1	0	0.543562	0.0670915	0.555556	0.037037	0	0.037037	-0.111111	0	0.5555555555555556	0.037037037037037035	0.	0.037037037037037035	-0.037037037037037035	0.	1	1	2	0	0	1	0	1	1	0	1	0
1	0	0.491061	0.0496359	0.555556	0.037037	0	0.037037	-0.111111	0	0.5185185185185185	0.07407407407407407	-0.037037037037037035	0.	0.	-0.037037037037037035	1	1	1	0	0	1	0	1	1	0	1	1
1	0	0.478434	0.0986751	0.444444	0.0740741	0.111111	0	0	0.037037	0.4444444444444444	0.07407407407407407	0.037037037037037035	0.	0.	0.037037037037037035	1	1	0	0	0	2	0	1	1	0	2	0
1	0	0.555153	0.103222	0.444444	0.0740741	0.111111	0	0	0.037037	0.48148148148148145	0.1111111111111111	0.	-0.037037037037037035	0.037037037037037035	0.	1	1	1	0	0	2	0	1	1	0	2	1
1	0	0.540171	0.130986	0.555556	0.111111	0	0.111111	-0.037037	0	0.5555555555555556	0.1111111111111111	0.	0.037037037037037035	-0.037037037037037035	0.	1	1	2	0	1	0	0	1	1	1	0	0
1	0	0.519689	0.148658	0.555556	0.111111	0	0.111111	-0.037037	0	0.5185185185185185	0.14814814814814814	0.037037037037037035	0.	0.	0.037037037037037035	1	1	2	0	1	1	0	1	1	1	0	1
1	0	0.530833	0.212193	0.555556	0.111111	0	0.111111	-0.037037	0	0.5555555555555556	0.18518518518518517	0.	0.037037037037037035	-0.037037037037037035	0.	1	1	2	0	1	2	0	1	1	1	0	2
1	0	0.497359	0.202907	0.518519	0.222222	-0.037037	0	0	-0.111111	0.5185185185185185	0.2222222222222222	-0.037037037037037035	0.	0.	-0.037037037037037035	1	1	1	0	1	2	0	1	1	1	1	0
1	0	0.482816	0.151694	0.518519	0.222222	-0.037037	0	0	-0.111111	0.48148148148148145	0.18518518518518517	0.	-0.037037037037037035	0.037037037037037035	0.	1	1	1	0	1	1	0	1	1	1	1	1
1	0	0.449952	0.140285	0.481481	0.111111	0	0.111111	-0.037037	0	0.48148148148148145	0.1111111111111111	0.	0.037037037037037035	-0.037037037037037035	0.	1	1	0	0	1	0	0	1	1	1	2	0
1	0	0.470749	0.15791	0.481481	0.111111	0	0.111111	-0.037037	0	0.4444444444444444	0.14814814814814814	0.037037037037037035	0.	0.	0.037037037037037035	1	1	0	0	1	1	0	1	1	1	2	1
1	0	0.460748	0.237676	0.444444	0.222222	0.111111	0	0	0.037037	0.4444444444444444	0.2222222222222222	0.037037037037037035	0.	0.	0.037037037037037035	1	1	0	0	2	0	0	1	1	2	0	0
1	0	0.513436	0.233138	0.444444	0.222222	0.111111	0	0	0.037037	0.48148148148148145	0.25925925925925924	0.	-0.037037037037037035	0.037037037037037035	0.	1	1	1	0	2	0	0	1	1	2	0	1
1	0	0.547034	0.261042	0.555556	0.259259	0	0.037037	-0.111111	0	0.5555555555555556	0.25925925925925924	0.	0.037037037037037035	-0.037037037037037035	0.	1	1	2	0	2	1	0	1	1	2	1	0
1	0	0.494284	0.289089	0.555556	0.259259	0	0.037037	-0.111111	0	0.5185185185185185	0.2962962962962963	-0.037037037037037035	0.	0.	-0.037037037037037035	1	1	1	0	2	1	0	1	1	2	1	1
1	0	0.468135	0.331887	0.444444	0.296296	0.111111	0	0	0.037037	0.4444444444444444	0.2962962962962963	0.037037037037037035	0.	0.	0.037037037037037035	1	1	0	0	2	2	0	1	1	2	2	0
1	0	0.503804	0.304819	0.444444	0.296296	0.111111	0	0	0.037037	0.48148148148148145	0.3333333333333333	0.	-0.037037037037037035	0.037037037037037035	0.	1	1	1	0	2	2	0	1	1	2	2	1
1	0	0.561037	0.31691	0.555556	0.333333	0	-0.111111	0.037037	0	0.5555555555555556	0.3333333333333333	0.	-0.037037037037037035	0.037037037037037035	0.	1	2	0	0	2	2	0	1	2	0	0	0
1	0	0.585597	0.297612	0.555556	0.333333	0	-0.111111	0.037037	0	0.5925925925925926	0.2962962962962963	-0.037037037037037035	0.	0.	-0.037037037037037035	1	2	0	0	2	1	0	1	2	0	0	1
1	0	0.574506	0.227569	0.555556	0.333333	0	-0.111111	0.037037	0	0.5555555555555556	0.25925925925925924	0.	-0.037037037037037035	0.037037037037037035	0.	1	2	0	0	2	0	0	1	2	0	0	2
1	0	0.592858	0.275908	0.592593	0.222222	0.037037	0	0	0.111111	0.5925925925925926	0.2222222222222222	0.037037037037037035	0.	0.	0.037037037037037035	1	2	1	0	2	0	0	1	2	0	1	0
1	0	0.614821	0.265924	0.592593	0.222222	0.037037	0	0	0.111111	0.6296296296296297	0.25925925925925924	0.	0.037037037037037035	-0.037037037037037035	0.	1	2	1	0	2	1	0	1	2	0	1	1
1	0	0.653018	0.253143	0.62963	0.333333	0	-0.111111	0.037037	0	0.6296296296296297	0.3333333333333333	0.	-0.037037037037037035	0.037037037037037035	0.	1	2	2	0	2	2	0	1	2	0	2	0
1	0	0.640247	0.280282	0.62963	0.333333	0	-0.111111	0.037037	0	0.6666666666666666	0.2962962962962963	-0.037037037037037035	0.	0.	-0.037037037037037035	1	2	2	0	2	1	0	1	2	0	2	1
1	0	0.665319	0.216241	0.666667	0.222222	-0.111111	0	0	-0.037037	0.6666666666666666	0.2222222222222222	-0.037037037037037035	0.	0.	-0.037037037037037035	1	2	2	0	1	2	0	1	2	1	0	0
1	0	0.621762	0.198092	0.666667	0.222222	-0.111111	0	0	-0.037037	0.6296296296296297	0.18518518518518517	0.	0.037037037037037035	-0.037037037037037035	0.	1	2	1	0	1	2	0	1	2	1	0	1
1	0	0.565216	0.18815	0.666667	0.222222	-0.111111	0	0	-0.037037	0.5925925925925926	0.2222222222222222	-0.037037037037037035	0.	0.	-0.037037037037037035	1	2	0	0	1	2	0	1	2	1	0	2
1	0	0.590036	0.162309	0.555556	0.185185	0	-0.037037	0.111111	0	0.5555555555555556	0.18518518518518517	0.	-0.037037037037037035	0.037037037037037035	0.	1	2	0	0	1	1	0	1	2	1	1	0
1	0	0.598994	0.180936	0.555556	0.185185	0	-0.037037	0.111111	0	0.5925925925925926	0.14814814814814814	0.037037037037037035	0.	0.	0.037037037037037035	1	2	1	0	1	1	0	1	2	1	1	1
1	0	0.659368	0.135225	0.666667	0.148148	-0.111111	0	0	-0.037037	0.6666666666666666	0.14814814814814814	-0.037037037037037035	0.	0.	-0.037037037037037035	1	2	2	0	1	0	0	1	2	1	2	0
1	0	0.626826	0.117972	0.666667	0.148148	-0.111111	0	0	-0.037037	0.6296296296296297	0.1111111111111111	0.	0.037037037037037035	-0.037037037037037035	0.	1	2	1	0	1	0	0	1	2	1	2	1
1	0	0.570468	0.111084	0.555556	0.111111	0	-0.111111	0.037037	0	0.5555555555555556	0.1111111111111111	0.	-0.037037037037037035	0.037037037037037035	0.	1	2	0	0	0	2	0	1	2	2	0	0
1	0	0.582683	0.0446211	0.555556	0.111111	0	-0.111111	0.037037	0	0.5925925925925926	0.07407407407407407	-0.037037037037037035	0.	0.	-0.037037037037037035	1	2	0	0	0	1	0	1	2	2	0	1
1	0	0.604208	0.0259822	0.592593	0	0.037037	0	0	0.111111	0.5925925925925926	0.	0.037037037037037035	0.	0.	0.037037037037037035	1	2	1	0	0	0	0	1	2	2	1	0
1	0	0.612242	0.0540028	0.592593	0	0.037037	0	0	0.111111	0.6296296296296297	0.037037037037037035	0.	0.037037037037037035	-0.037037037037037035	0.	1	2	1	0	0	1	0	1	2	2	1	1
1	0	0.647089	0.0830741	0.62963	0.111111	0	-0.111111	0.037037	0	0.6296296296296297	0.1111111111111111	0.	-0.037037037037037035	0.037037037037037035	0.	1	2	2	0	0	2	0	1	2	2	2	0
1	0	0.637141	0.0626088	0.62963	0.111111	0	-0.111111	0.037037	0	0.6666666666666666	0.07407407407407407	-0.037037037037037035	0.	0.	-0.037037037037037035	1	2	2	0	0	1	0	1	2	2	2	1
1	0	0.688913	0.0343904	0.666667	0	0.111111	0	0	0.037037	0.6666666666666666	0.	0.037037037037037035	0.	0.	0.037037037037037035	2	0	0	0	0	0	0	2	0	0	0	0
1	0	0.707802	0.00850566	0.666667	0	0.111111	0	0	0.037037	0.7037037037037037	0.037037037037037035	0.	-0.037037037037037035	0.037037037037037035	0.	2	0	1	0	0	0	0	2	0	0	0	1
1	0	0.758023	0.0279116	0.666667	0	0.111111	0	0	0.037037	0.7407407407407407	0.	0.037037037037037035	0.	0.	0.037037037037037035	2	0	2	0	0	0	0	2	0	0	0	2
1	0	0.742183	0.0384975	0.777778	0.037037	0	0.037037	-0.111111	0	0.7777777777777778	0.037037037037037035	0.	0.037037037037037035	-0.037037037037037035	0.	2	0	2	0	0	1	0	2	0	0	1	0
1	0	0.722097	0.0740329	0.777778	0.037037	0	0.037037	-0.111111	0	0.7407407407407407	0.07407407407407407	-0.037037037037037035	0.	0.	-0.037037037037037035	2	0	1	0	0	1	0	2	0	0	1	1
1	0	0.674725	0.0761873	0.666667	0.0740741	0.111111	0	0	0.037037	0.6666666666666666	0.07407407407407407	0.037037037037037035	0.	0.	0.037037037037037035	2	0	0	0	0	2	0	2	0	0	2	0
1	0	0.735328	0.0951031	0.666667	0.0740741	0.111111	0	0	0.037037	0.7037037037037037	0.1111111111111111	0.	-0.037037037037037035	0.037037037037037035	0.	2	0	1	0	0	2	0	2	0	0	2	1
1	0	0.813663	0.104796	0.777778	0.111111	0	-0.111111	0.037037	0	0.7777777777777778	0.1111111111111111	0.	-0.037037037037037035	0.037037037037037035	0.	2	1	0	0	0	2	0	2	0	1	0	0
1	0	0.77986	0.0556476	0.777778	0.111111	0	-0.111111	0.037037	0	0.8148148148148148	0.07407407407407407	-0.037037037037037035	0.	0.	-0.037037037037037035	2	1	0	0	0	1	0	2	0	1	0	1
1	0	0.801085	0.019998	0.777778	0.111111	0	-0.111111	0.037037	0	0.7777777777777778	0.037037037037037035	0.	-0.037037037037037035	0.037037037037037035	0.	2	1	0	0	0	0	0	2	0	1	0	2
1	0	0.83611	0.000979626	0.814815	0	0.037037	0	0	0.111111	0.8148148148148148	0.	0.037037037037037035	0.	0.	0.037037037037037035	2	1	1	0	0	0	0	2	0	1	1	0
1	0	0.850997	0.070757	0.814815	0	0.037037	0	0	0.111111	0.8518518518518519	0.037037037037037035	0.	0.037037037037037035	-0.037037037037037035	0.	2	1	1	0	0	1	0	2	0	1	1	1
1	0	0.871518	0.0593584	0.851852	0.111111	0	-0.111111	0.037037	0	0.8518518518518519	0.1111111111111111	0.	-0.037037037037037035	0.037037037037037035	0.	2	1	2	0	0	2	0	2	0	1	2	0
1	0	0.886645	0.0913363	0.851852	0.111111	0	-0.111111	0.037037	0	0.8888888888888888	0.07407407407407407	-0.037037037037037035	0.	0.	-0.037037037037037035	2	1	2	0	0	1	0	2	0	1	2	1
1	0	0.896691	0.0141263	0.888889	0	0.111111	0	0	0.037037	0.8888888888888888	0.	0.037037037037037035	0.	0.	0.037037037037037035	2	2	0	0	0	0	0	2	0	2	0	0
1	0	0.951434	0.0332423	0.888889	0	0.111111	0	0	0.037037	0.9259259259259259	0.037037037037037035	0.	-0.037037037037037035	0.037037037037037035	0.	2	2	1	0	0	0	0	2	0	2	0	1
1	0	0.982355	0.0209547	0.888889	0	0.111111	0	0	0.037037	0.9629629629629629	0.	0.037037037037037035	0.	0.	0.037037037037037035	2	2	2	0	0	0	0	2	0	2	0	2
1	0	0.997752	0.0730557	1	0.037037	0	0.037037	-0.111111	0	1.	0.037037037037037035	0.	0.037037037037037035	-0.037037037037037035	0.	2	2	2	0	0	1	0	2	0	2	1	0
1	0	0.924686	0.0459103	1	0.037037	0	0.037037	-0.111111	0	0.9629629629629629	0.07407407407407407	-0.037037037037037035	0.	0.	-0.037037037037037035	2	2	1	0	0	1	0	2	0	2	1	1
1	0	0.920576	0.0858794	0.888889	0.0740741	0.111111	0	0	0.037037	0.8888888888888888	0.07407407407407407	0.037037037037037035	0.	0.	0.037037037037037035	2	2	0	0	0	2	0	2	0	2	2	0
1	0	0.94194	0.106205	0.888889	0.0740741	0.111111	0	0	0.037037	0.9259259259259259	0.1111111111111111	0.	-0.037037037037037035	0.037037037037037035	0.	2	2	1	0	0	2	0	2	0	2	2	1
1	0	0.972362	0.116381	1	0.111111	0	0.111111	-0.037037	0	1.	0.1111111111111111	0.	0.037037037037037035	-0.037037037037037035	0.	2	2	2	0	1	0	0	2	1	0	0	0
1	0	0.990181	0.213355	1	0.111111	0	0.111111	-0.037037	0	0.9629629629629629	0.14814814814814814	0.037037037037037035	0.	0.	0.037037037037037035	2	2	2	0	1	1	0	2	1	0	0	1
1	0	0.966189	0.159219	1	0.111111	0	0.111111	-0.037037	0	1.	0.18518518518518517	0.	0.037037037037037035	-0.037037037037037035	0.	2	2	2	0	1	2	0	2	1	0	0	2
1	0	0.962016	0.199479	0.962963	0.222222	-0.037037	0	0	-0.111111	0.9629629629629629	0.2222222222222222	-0.037037037037037035	0.	0.	-0.037037037037037035	2	2	1	0	1	2	0	2	1	0	1	0
1	0	0.934795	0.169951	0.962963	0.222222	-0.037037	0	0	-0.111111	0.9259259259259259	0.18518518518518517	0.	-0.037037037037037035	0.037037037037037035	0.	2	2	1	0	1	1	0	2	1	0	1	1
1	0	0.892564	0.139043	0.925926	0.111111	0	0.111111	-0.037037	0	0.9259259259259259	0.1111111111111111	0.	0.037037037037037035	-0.037037037037037035	0.	2	2	0	0	1	0	0	2	1	0	2	0
1	0	0.907904	0.184725	0.925926	0.111111	0	0.111111	-0.037037	0	0.8888888888888888	0.14814814814814814	0.037037037037037035	0.	0.	0.037037037037037035	2	2	0	0	1	1	0	2	1	0	2	1
1	0	0.877815	0.20831	0.888889	0.222222	-0.111111	0	0	-0.037037	0.8888888888888888	0.2222222222222222	-0.037037037037037035	0.	0.	-0.037037037037037035	2	1	2	0	1	2	0	2	1	1	0	0
1	0	0.860091	0.21981	0.888889	0.222222	-0.111111	0	0	-0.037037	0.8518518518518519	0.18518518518518517	0.	0.037037037037037035	-0.037037037037037035	0.	2	1	1	0	1	2	0	2	1	1	0	1
1	0	0.805389	0.192151	0.888889	0.222222	-0.111111	0	0	-0.037037	0.8148148148148148	0.2222222222222222	-0.037037037037037035	0.	0.	-0.037037037037037035	2	1	0	0	1	2	0	2	1	1	0	2
1	0	0.78927	0.176979	0.777778	0.185185	0	-0.037037	0.111111	0	0.7777777777777778	0.18518518518518517	0.	-0.037037037037037035	0.037037037037037035	0.	2	1	0	0	1	1	0	2	1	1	1	0
1	0	0.845274	0.150473	0.777778	0.185185	0	-0.037037	0.111111	0	0.8148148148148148	0.14814814814814814	0.037037037037037035	0.	0.	0.037037037037037035	2	1	1	0	1	1	0	2	1	1	1	1
1	0	0.857117	0.127501	0.888889	0.148148	-0.111111	0	0	-0.037037	0.8888888888888888	0.14814814814814814	-0.037037037037037035	0.	0.	-0.037037037037037035	2	1	2	0	1	0	0	2	1	1	2	0
1	0	0.828556	0.125451	0.888889	0.148148	-0.111111	0	0	-0.037037	0.8518518518518519	0.1111111111111111	0.	0.037037037037037035	-0.037037037037037035	0.	2	1	1	0	1	0	0	2	1	1	2	1
1	0	0.775604	0.143935	0.777778	0.111111	0	0.111111	-0.037037	0	0.7777777777777778	0.1111111111111111	0.	0.037037037037037035	-0.037037037037037035	0.	2	0	2	0	1	0	0	2	1	2	0	0
1	0	0.750863	0.166519	0.777778	0.111111	0	0.111111	-0.037037	0	0.7407407407407407	0.14814814814814814	0.037037037037037035	0.	0.	0.037037037037037035	2	0	2	0	1	1	0	2	1	2	0	1
1	0	0.727149	0.204783	0.740741	0.222222	-0.037037	0	0	-0.111111	0.7407407407407407	0.2222222222222222	-0.037037037037037035	0.	0.	-0.037037037037037035	2	0	1	0	1	2	0	2	1	2	1	0
1	0	0.717068	0.155822	0.740741	0.222222	-0.037037	0	0	-0.111111	0.7037037037037037	0.18518518518518517	0.	-0.037037037037037035	0.037037037037037035	0.	2	0	1	0	1	1	0	2	1	2	1	1
1	0	0.684736	0.113385	0.703704	0.111111	0	0.111111	-0.037037	0	0.7037037037037037	0.1111111111111111	0.	0.037037037037037035	-0.037037037037037035	0.	2	0	0	0	1	0	0	2	1	2	2	0
1	0	0.697227	0.17309	0.703704	0.111111	0	0.111111	-0.037037	0	0.6666666666666666	0.14814814814814814	0.037037037037037035	0.	0.	0.037037037037037035	2	0	0	0	1	1	0	2	1	2	2	1
1	0	0.678595	0.239534	0.666667	0.222222	0.111111	0	0	0.037037	0.6666666666666666	0.2222222222222222	0.037037037037037035	0.	0.	0.037037037037037035	2	0	0	0	2	0	0	2	2	0	0	0
1	0	0.714499	0.246417	0.666667	0.222222	0.111111	0	0	0.037037	0.7037037037037037	0.25925925925925924	0.	-0.037037037037037035	0.037037037037037035	0.	2	0	1	0	2	0	0	2	2	0	0	1
1	0	0.769392	0.225429	0.666667	0.222222	0.111111	0	0	0.037037	0.7407407407407407	0.2222222222222222	0.037037037037037035	0.	0.	0.037037037037037035	2	0	2	0	2	0	0	2	2	0	0	2
1	0	0.773017	0.293389	0.777778	0.259259	0	0.037037	-0.111111	0	0.7777777777777778	0.25925925925925924	0.	0.037037037037037035	-0.037037037037037035	0.	2	0	2	0	2	1	0	2	2	0	1	0
1	0	0.702739	0.287482	0.777778	0.259259	0	0.037037	-0.111111	0	0.7407407407407407	0.2962962962962963	-0.037037037037037035	0.	0.	-0.037037037037037035	2	0	1	0	2	1	0	2	2	0	1	1
1	0	0.672354	0.324798	0.666667	0.296296	0.111111	0	0	0.037037	0.6666666666666666	0.2962962962962963	0.037037037037037035	0.	0.	0.037037037037037035	2	0	0	0	2	2	0	2	2	0	2	0
1	0	0.737726	0.308329	0.666667	0.296296	0.111111	0	0	0.037037	0.7037037037037037	0.3333333333333333	0.	-0.037037037037037035	0.037037037037037035	0.	2	0	1	0	2	2	0	2	2	0	2	1
1	0	0.795198	0.321269	0.777778	0.333333	0	-0.111111	0.037037	0	0.7777777777777778	0.3333333333333333	0.	-0.037037037037037035	0.037037037037037035	0.	2	1	0	0	2	2	0	2	2	1	0	0
1	0	0.786297	0.259105	0.777778	0.333333	0	-0.111111	0.037037	0	0.8148148148148148	0.2962962962962963	-0.037037037037037035	0.	0.	-0.037037037037037035	2	1	0	0	2	1	0	2	2	1	0	1
1	0	0.809127	0.231533	0.777778	0.333333	0	-0.111111	0.037037	0	0.7777777777777778	0.25925925925925924	0.	-0.037037037037037035	0.037037037037037035	0.	2	1	0	0	2	0	0	2	2	1	0	2
1	0	0.819812	0.310035	0.814815	0.222222	0.037037	0	0	0.111111	0.8148148148148148	0.2222222222222222	0.037037037037037035	0.	0.	0.037037037037037035	2	1	1	0	2	0	0	2	2	1	1	0
1	0	0.832866	0.269735	0.814815	0.222222	0.037037	0	0	0.111111	0.8518518518518519	0.25925925925925924	0.	0.037037037037037035	-0.037037037037037035	0.	2	1	1	0	2	1	0	2	2	1	1	1
1	0	0.884169	0.31542	0.851852	0.333333	0	-0.111111	0.037037	0	0.8518518518518519	0.3333333333333333	0.	-0.037037037037037035	0.037037037037037035	0.	2	1	2	0	2	2	0	2	2	1	2	0
1	0	0.868284	0.283803	0.851852	0.333333	0	-0.111111	0.037037	0	0.8888888888888888	0.2962962962962963	-0.037037037037037035	0.	0.	-0.037037037037037035	2	1	2	0	2	1	0	2	2	1	2	1
1	0	0.90407	0.242914	0.888889	0.222222	0.111111	0	0	0.037037	0.8888888888888888	0.2222222222222222	0.037037037037037035	0.	0.	0.037037037037037035	2	2	0	0	2	0	0	2	2	2	0	0
1	0	0.954651	0.251891	0.888889	0.222222	0.111111	0	0	0.037037	0.9259259259259259	0.25925925925925924	0.	-0.037037037037037035	0.037037037037037035	0.	2	2	1	0	2	0	0	2	2	2	0	1
1	0	0.986885	0.279279	1	0.259259	0	0.037037	-0.111111	0	1.	0.25925925925925924	0.	0.037037037037037035	-0.037037037037037035	0.	2	2	2	0	2	1	0	2	2	2	1	0
1	0	0.931556	0.264657	1	0.259259	0	0.037037	-0.111111	0	0.9629629629629629	0.2962962962962963	-0.037037037037037035	0.	0.	-0.037037037037037035	2	2	1	0	2	1	0	2	2	2	1	1
1	0	0.914152	0.328403	0.888889	0.296296	0.111111	0	0	0.037037	0.8888888888888888	0.2962962962962963	0.037037037037037035	0.	0.	0.037037037037037035	2	2	0	0	2	2	0	2	2	2	2	0
1	0	0.944696	0.299091	0.888889	0.296296	0.111111	0	0	0.037037	0.9259259259259259	0.3333333333333333	0.	-0.037037037037037035	0.037037037037037035	0.	2	2	1	0	2	2	0	2	2	2	2	1
1	0	0.993593	0.373399	1	0.333333	0	0.111111	-0.037037	0	1.	0.3333333333333333	0.	0.037037037037037035	-0.037037037037037035	0.	2	2	2	1	0	0	1	0	0	0	0	0
1	0	0.968981	0.406897	1	0.333333	0	0.111111	-0.037037	0	0.9629629629629629	0.37037037037037035	0.037037037037037035	0.	0.	0.037037037037037035	2	2	2	1	0	1	1	0	0	0	0	1
1	0	0.978583	0.335256	1	0.333333	0	0.111111	-0.037037	0	1.	0.4074074074074074	0.	0.037037037037037035	-0.037037037037037035	0.	2	2	2	1	0	2	1	0	0	0	0	2
1	0	0.959805	0.435239	0.962963	0.444444	-0.037037	0	0	-0.111111	0.9629629629629629	0.4444444444444444	-0.037037037037037035	0.	0.	-0.037037037037037035	2	2	1	1	0	2	1	0	0	0	1	0
1	0	0.947232	0.398641	0.962963	0.444444	-0.037037	0	0	-0.111111	0.9259259259259259	0.4074074074074074	0.	-0.037037037037037035	0.037037037037037035	0.	2	2	1	1	0	1	1	0	0	0	1	1
1	0	0.899545	0.357774	0.925926	0.333333	0	0.111111	-0.037037	0	0.9259259259259259	0.3333333333333333	0.	0.037037037037037035	-0.037037037037037035	0.	2	2	0	1	0	0	1	0	0	0	2	0
1	0	0.916645	0.391688	0.925926	0.333333	0	0.111111	-0.037037	0	0.8888888888888888	0.37037037037037035	0.037037037037037035	0.	0.	0.037037037037037035	2	2	0	1	0	1	1	0	0	0	2	1
1	0	0.910017	0.478002	0.888889	0.444444	0.111111	0	0	0.037037	0.8888888888888888	0.4444444444444444	0.037037037037037035	0.	0.	0.037037037037037035	2	2	0	1	1	0	1	0	0	1	0	0
1	0	0.929388	0.454983	0.888889	0.444444	0.111111	0	0	0.037037	0.9259259259259259	0.48148148148148145	0.	-0.037037037037037035	0.037037037037037035	0.	2	2	1	1	1	0	1	0	0	1	0	1
1	0	0.976317	0.481169	0.888889	0.444444	0.111111	0	0	0.037037	0.9629629629629629	0.4444444444444444	0.037037037037037035	0.	0.	0.037037037037037035	2	2	2	1	1	0	1	0	0	1	0	2
1	0	0.999998	0.514931	1	0.481481	0	0.037037	-0.111111	0	1.	0.48148148148148145	0.	0.037037037037037035	-0.037037037037037035	0.	2	2	2	1	1	1	1	0	0	1	1	0
1	0	0.937066	0.506661	1	0.481481	0	0.037037	-0.111111	0	0.9629629629629629	0.5185185185185185	-0.037037037037037035	0.	0.	-0.037037037037037035	2	2	1	1	1	1	1	0	0	1	1	1
1	0	0.890183	0.519404	0.888889	0.518519	0.111111	0	0	0.037037	0.8888888888888888	0.5185185185185185	0.037037037037037035	0.	0.	0.037037037037037035	2	2	0	1	1	2	1	0	0	1	2	0
1	0	0.956778	0.534466	0.888889	0.518519	0.111111	0	0	0.037037	0.9259259259259259	0.5555555555555556	0.	-0.037037037037037035	0.037037037037037035	0.	2	2	1	1	1	2	1	0	0	1	2	1
1	0	0.99573	0.615364	1	0.555556	0	0.111111	-0.037037	0	1.	0.5555555555555556	0.	0.037037037037037035	-0.037037037037037035	0.	2	2	2	1	2	0	1	0	0	2	0	0
1	0	0.97443	0.628272	1	0.555556	0	0.111111	-0.037037	0	0.9629629629629629	0.5925925925925926	0.037037037037037035	0.	0.	0.037037037037037035	2	2	2	1	2	1	1	0	0	2	0	1
1	0	0.984706	0.561383	1	0.555556	0	0.111111	-0.037037	0	1.	0.6296296296296297	0.	0.037037037037037035	-0.037037037037037035	0.	2	2	2	1	2	2	1	0	0	2	0	2
1	0	0.94944	0.651704	0.962963	0.666667	-0.037037	0	0	-0.111111	0.9629629629629629	0.6666666666666666	-0.037037037037037035	0.	0.	-0.037037037037037035	2	2	1	1	2	2	1	0	0	2	1	0
1	0	0.926896	0.590844	0.962963	0.666667	-0.037037	0	0	-0.111111	0.9259259259259259	0.6296296296296297	0.	-0.037037037037037035	0.037037037037037035	0.	2	2	1	1	2	1	1	0	0	2	1	1
1	0	0.901659	0.566466	0.925926	0.555556	0	0.111111	-0.037037	0	0.9259259259259259	0.5555555555555556	0.	0.037037037037037035	-0.037037037037037035	0.	2	2	0	1	2	0	1	0	0	2	2	0
1	0	0.918791	0.607845	0.925926	0.555556	0	0.111111	-0.037037	0	0.8888888888888888	0.5925925925925926	0.037037037037037035	0.	0.	0.037037037037037035	2	2	0	1	2	1	1	0	0	2	2	1
1	0	0.853106	0.645009	0.888889	0.666667	-0.111111	0	0	-0.037037	0.8888888888888888	0.6666666666666666	-0.037037037037037035	0.	0.	-0.037037037037037035	2	1	2	1	2	2	1	0	1	0	0	0
1	0	0.838252	0.661138	0.888889	0.666667	-0.111111	0	0	-0.037037	0.8518518518518519	0.6296296296296297	0.	0.037037037037037035	-0.037037037037037035	0.	2	1	1	1	2	2	1	0	1	0	0	1
1	0	0.799025	0.63493	0.888889	0.666667	-0.111111	0	0	-0.037037	0.8148148148148148	0.6666666666666666	-0.037037037037037035	0.	0.	-0.037037037037037035	2	1	0	1	2	2	1	0	1	0	0	2
1	0	0.855252	0.621115	0.777778	0.62963	0	-0.037037	0.111111	0	0.7777777777777778	0.6296296296296297	0.	-0.037037037037037035	0.037037037037037035	0.	2	1	0	1	2	1	1	0	1	0	1	0
1	0	0.82453	0.600179	0.777778	0.62963	0	-0.037037	0.111111	0	0.8148148148148148	0.5925925925925926	0.037037037037037035	0.	0.	0.037037037037037035	2	1	1	1	2	1	1	0	1	0	1	1
1	0	0.875524	0.580016	0.888889	0.592593	-0.111111	0	0	-0.037037	0.8888888888888888	0.5925925925925926	-0.037037037037037035	0.	0.	-0.037037037037037035	2	1	2	1	2	0	1	0	1	0	2	0
1	0	0.87341	0.558718	0.888889	0.592593	-0.111111	0	0	-0.037037	0.8518518518518519	0.5555555555555556	0.	0.037037037037037035	-0.037037037037037035	0.	2	1	1	1	2	0	1	0	1	0	2	1
1	0	0.810871	0.553503	0.777778	0.555556	0	-0.111111	0.037037	0	0.7777777777777778	0.5555555555555556	0.	-0.037037037037037035	0.037037037037037035	0.	2	1	0	1	1	2	1	0	1	1	0	0
1	0	0.797089	0.527393	0.777778	0.555556	0	-0.111111	0.037037	0	0.8148148148148148	0.5185185185185185	-0.037037037037037035	0.	0.	-0.037037037037037035	2	1	0	1	1	1	1	0	1	1	0	1
1	0	0.783505	0.481462	0.777778	0.555556	0	-0.111111	0.037037	0	0.7777777777777778	0.48148148148148145	0.	-0.037037037037037035	0.037037037037037035	0.	2	1	0	1	1	0	1	0	1	1	0	2
1	0	0.840267	0.466787	0.814815	0.444444	0.037037	0	0	0.111111	0.8148148148148148	0.4444444444444444	0.037037037037037035	0.	0.	0.037037037037037035	2	1	1	1	1	0	1	0	1	1	1	0
1	0	0.815992	0.503648	0.814815	0.444444	0.037037	0	0	0.111111	0.8518518518518519	0.48148148148148145	0.	0.037037037037037035	-0.037037037037037035	0.	2	1	1	1	1	1	1	0	1	1	1	1
1	0	0.862056	0.539333	0.851852	0.555556	0	-0.111111	0.037037	0	0.8518518518518519	0.5555555555555556	0.	-0.037037037037037035	0.037037037037037035	0.	2	1	2	1	1	2	1	0	1	1	2	0
1	0	0.88166	0.448112	0.851852	0.555556	0	-0.111111	0.037037	0	0.8888888888888888	0.5185185185185185	-0.037037037037037035	0.	0.	-0.037037037037037035	2	1	2	1	1	1	1	0	1	1	2	1
1	0	0.826561	0.42217	0.888889	0.444444	-0.111111	0	0	-0.037037	0.8888888888888888	0.4444444444444444	-0.037037037037037035	0.	0.	-0.037037037037037035	2	1	2	1	0	2	1	0	1	2	0	0
1	0	0.84883	0.430228	0.888889	0.444444	-0.111111	0	0	-0.037037	0.8518518518518519	0.4074074074074074	0.	0.037037037037037035	-0.037037037037037035	0.	2	1	1	1	0	2	1	0	1	2	0	1
1	0	0.792514	0.37053	0.777778	0.407407	0	-0.037037	0.111111	0	0.7777777777777778	0.4074074074074074	0.	-0.037037037037037035	0.037037037037037035	0.	2	1	0	1	0	1	1	0	1	2	1	0
1	0	0.822489	0.380555	0.777778	0.407407	0	-0.037037	0.111111	0	0.8148148148148148	0.37037037037037035	0.037037037037037035	0.	0.	0.037037037037037035	2	1	1	1	0	1	1	0	1	2	1	1
1	0	0.865758	0.344227	0.888889	0.37037	-0.111111	0	0	-0.037037	0.8888888888888888	0.37037037037037035	-0.037037037037037035	0.	0.	-0.037037037037037035	2	1	2	1	0	0	1	0	1	2	2	0
1	0	0.842573	0.360848	0.888889	0.37037	-0.111111	0	0	-0.037037	0.8518518518518519	0.3333333333333333	0.	0.037037037037037035	-0.037037037037037035	0.	2	1	1	1	0	0	1	0	1	2	2	1
1	0	0.754906	0.338512	0.777778	0.333333	0	0.111111	-0.037037	0	0.7777777777777778	0.3333333333333333	0.	0.037037037037037035	-0.037037037037037035	0.	2	0	2	1	0	0	1	0	2	0	0	0
1	0	0.763552	0.410343	0.777778	0.333333	0	0.111111	-0.037037	0	0.7407407407407407	0.37037037037037035	0.037037037037037035	0.	0.	0.037037037037037035	2	0	2	1	0	1	1	0	2	0	0	1
1	0	0.765961	0.442371	0.777778	0.333333	0	0.111111	-0.037037	0	0.7777777777777778	0.4074074074074074	0.	0.037037037037037035	-0.037037037037037035	0.	2	0	2	1	0	2	1	0	2	0	0	2
1	0	0.705315	0.404224	0.740741	0.444444	-0.037037	0	0	-0.111111	0.7407407407407407	0.4444444444444444	-0.037037037037037035	0.	0.	-0.037037037037037035	2	0	1	1	0	2	1	0	2	0	1	0
1	0	0.730283	0.395295	0.740741	0.444444	-0.037037	0	0	-0.111111	0.7037037037037037	0.4074074074074074	0.	-0.037037037037037035	0.037037037037037035	0.	2	0	1	1	0	1	1	0	2	0	1	1
1	0	0.694846	0.345334	0.703704	0.333333	0	0.111111	-0.037037	0	0.7037037037037037	0.3333333333333333	0.	0.037037037037037035	-0.037037037037037035	0.	2	0	0	1	0	0	1	0	2	0	2	0
1	0	0.668651	0.386706	0.703704	0.333333	0	0.111111	-0.037037	0	0.6666666666666666	0.37037037037037035	0.037037037037037035	0.	0.	0.037037037037037035	2	0	0	1	0	1	1	0	2	0	2	1
1	0	0.691323	0.467957	0.666667	0.444444	0.111111	0	0	0.037037	0.6666666666666666	0.4444444444444444	0.037037037037037035	0.	0.	0.037037037037037035	2	0	0	1	1	0	1	0	2	1	0	0
1	0	0.724022	0.451852	0.666667	0.444444	0.111111	0	0	0.037037	0.7037037037037037	0.48148148148148145	0.	-0.037037037037037035	0.037037037037037035	0.	2	0	1	1	1	0	1	0	2	1	0	1
1	0	0.745822	0.458589	0.666667	0.444444	0.111111	0	0	0.037037	0.7407407407407407	0.4444444444444444	0.037037037037037035	0.	0.	0.037037037037037035	2	0	2	1	1	0	1	0	2	1	0	2
1	0	0.760056	0.489662	0.777778	0.481481	0	0.037037	-0.111111	0	0.7777777777777778	0.48148148148148145	0.	0.037037037037037035	-0.037037037037037035	0.	2	0	2	1	1	1	1	0	2	1	1	0
1	0	0.748667	0.516507	0.777778	0.481481	0	0.037037	-0.111111	0	0.7407407407407407	0.5185185185185185	-0.037037037037037035	0.	0.	-0.037037037037037035	2	0	1	1	1	1	1	0	2	1	1	1
1	0	0.682591	0.531174	0.666667	0.518519	0.111111	0	0	0.037037	0.6666666666666666	0.5185185185185185	0.037037037037037035	0.	0.	0.037037037037037035	2	0	0	1	1	2	1	0	2	1	2	0
1	0	0.710802	0.54333	0.666667	0.518519	0.111111	0	0	0.037037	0.7037037037037037	0.5555555555555556	0.	-0.037037037037037035	0.037037037037037035	0.	2	0	1	1	1	2	1	0	2	1	2	1
1	0	0.743733	0.585562	0.777778	0.555556	0	0.111111	-0.037037	0	0.7777777777777778	0.5555555555555556	0.	0.037037037037037035	-0.037037037037037035	0.	2	0	2	1	2	0	1	0	2	2	0	0
1	0	0.768055	0.611032	0.777778	0.555556	0	0.111111	-0.037037	0	0.7407407407407407	0.5925925925925926	0.037037037037037035	0.	0.	0.037037037037037035	2	0	2	1	2	1	1	0	2	2	0	1
1	0	0.719884	0.638936	0.740741	0.666667	-0.037037	0	0	-0.111111	0.7407407407407407	0.6666666666666666	-0.037037037037037035	0.	0.	-0.037037037037037035	2	0	1	1	2	2	1	0	2	2	1	0
1	0	0.73209	0.596504	0.740741	0.666667	-0.037037	0	0	-0.111111	0.7037037037037037	0.6296296296296297	0.	-0.037037037037037035	0.037037037037037035	0.	2	0	1	1	2	1	1	0	2	2	1	1
1	0	0.699631	0.574098	0.703704	0.555556	0	0.111111	-0.037037	0	0.7037037037037037	0.5555555555555556	0.	0.037037037037037035	-0.037037037037037035	0.	2	0	0	1	2	0	1	0	2	2	2	0
1	0	0.680539	0.622281	0.703704	0.555556	0	0.111111	-0.037037	0	0.6666666666666666	0.5925925925925926	0.037037037037037035	0.	0.	0.037037037037037035	2	0	0	1	2	1	1	0	2	2	2	1
1	0	0.657301	0.662717	0.666667	0.666667	-0.111111	0	0	-0.037037	0.6666666666666666	0.6666666666666666	-0.037037037037037035	0.	0.	-0.037037037037037035	1	2	2	1	2	2	1	1	0	0	0	0
1	0	0.644144	0.648177	0.666667	0.666667	-0.111111	0	0	-0.037037	0.6296296296296297	0.6296296296296297	0.	0.037037037037037035	-0.037037037037037035	0.	1	2	1	1	2	2	1	1	0	0	0	1
1	0	0.581321	0.631187	0.666667	0.666667	-0.111111	0	0	-0.037037	0.5925925925925926	0.6666666666666666	-0.037037037037037035	0.	0.	-0.037037037037037035	1	2	0	1	2	2	1	1	0	0	0	2
1	0	0.563557	0.606202	0.555556	0.62963	0	-0.037037	0.111111	0	0.5555555555555556	0.6296296296296297	0.	-0.037037037037037035	0.037037037037037035	0.	1	2	0	1	2	1	1	1	0	0	1	0
1	0	0.602284	0.614863	0.555556	0.62963	0	-0.037037	0.111111	0	0.5925925925925926	0.5925925925925926	0.037037037037037035	0.	0.	0.037037037037037035	1	2	1	1	2	1	1	1	0	0	1	1
1	0	0.634764	0.569988	0.666667	0.592593	-0.111111	0	0	-0.037037	0.6666666666666666	0.5925925925925926	-0.037037037037037035	0.	0.	-0.037037037037037035	1	2	2	1	2	0	1	1	0	0	2	0
1	0	0.616571	0.557193	0.666667	0.592593	-0.111111	0	0	-0.037037	0.6296296296296297	0.5555555555555556	0.	0.037037037037037035	-0.037037037037037035	0.	1	2	1	1	2	0	1	1	0	0	2	1
1	0	0.551547	0.564861	0.555556	0.555556	0	0.111111	-0.037037	0	0.5555555555555556	0.5555555555555556	0.	0.037037037037037035	-0.037037037037037035	0.	1	1	2	1	2	0	1	1	0	1	0	0
1	0	0.525295	0.594776	0.555556	0.555556	0	0.111111	-0.037037	0	0.5185185185185185	0.5925925925925926	0.037037037037037035	0.	0.	0.037037037037037035	1	1	2	1	2	1	1	1	0	1	0	1
1	0	0.532865	0.657829	0.555556	0.555556	0	0.111111	-0.037037	0	0.5555555555555556	0.6296296296296297	0.	0.037037037037037035	-0.037037037037037035	0.	1	1	2	1	2	2	1	1	0	1	0	2
1	0	0.515264	0.646086	0.518519	0.666667	-0.037037	0	0	-0.111111	0.5185185185185185	0.6666666666666666	-0.037037037037037035	0.	0.	-0.037037037037037035	1	1	1	1	2	2	1	1	0	1	1	0
1	0	0.499267	0.619298	0.518519	0.666667	-0.037037	0	0	-0.111111	0.48148148148148145	0.6296296296296297	0.	-0.037037037037037035	0.037037037037037035	0.	1	1	1	1	2	1	1	1	0	1	1	1
1	0	0.466056	0.589711	0.481481	0.555556	0	0.111111	-0.037037	0	0.48148148148148145	0.5555555555555556	0.	0.037037037037037035	-0.037037037037037035	0.	1	1	0	1	2	0	1	1	0	1	2	0
1	0	0.475448	0.583528	0.481481	0.555556	0	0.111111	-0.037037	0	0.4444444444444444	0.5925925925925926	0.037037037037037035	0.	0.	0.037037037037037035	1	1	0	1	2	1	1	1	0	1	2	1
1	0	0.419597	0.655484	0.444444	0.666667	-0.111111	0	0	-0.037037	0.4444444444444444	0.6666666666666666	-0.037037037037037035	0.	0.	-0.037037037037037035	1	0	2	1	2	2	1	1	0	2	0	0
1	0	0.389531	0.640688	0.444444	0.666667	-0.111111	0	0	-0.037037	0.4074074074074074	0.6296296296296297	0.	0.037037037037037035	-0.037037037037037035	0.	1	0	1	1	2	2	1	1	0	2	0	1
1	0	0.372986	0.633318	0.444444	0.666667	-0.111111	0	0	-0.037037	0.37037037037037035	0.6666666666666666	-0.037037037037037035	0.	0.	-0.037037037037037035	1	0	0	1	2	2	1	1	0	2	0	2
1	0	0.358351	0.604442	0.333333	0.62963	0	-0.037037	0.111111	0	0.3333333333333333	0.6296296296296297	0.	-0.037037037037037035	0.037037037037037035	0.	1	0	0	1	2	1	1	1	0	2	1	0
1	0	0.440688	0.626348	0.333333	0.62963	0	-0.037037	0.111111	0	0.37037037037037035	0.5925925925925926	0.037037037037037035	0.	0.	0.037037037037037035	1	0	1	1	2	1	1	1	0	2	1	1
1	0	0.427438	0.571662	0.444444	0.592593	-0.111111	0	0	-0.037037	0.4444444444444444	0.5925925925925926	-0.037037037037037035	0.	0.	-0.037037037037037035	1	0	2	1	2	0	1	1	0	2	2	0
1	0	0.399945	0.562827	0.444444	0.592593	-0.111111	0	0	-0.037037	0.4074074074074074	0.5555555555555556	0.	0.037037037037037035	-0.037037037037037035	0.	1	0	1	1	2	0	1	1	0	2	2	1
1	0	0.36603	0.518421	0.333333	0.555556	0	-0.111111	0.037037	0	0.3333333333333333	0.5555555555555556	0.	-0.037037037037037035	0.037037037037037035	0.	1	0	0	1	1	2	1	1	1	0	0	0
1	0	0.340574	0.479109	0.333333	0.555556	0	-0.111111	0.037037	0	0.37037037037037035	0.5185185185185185	-0.037037037037037035	0.	0.	-0.037037037037037035	1	0	0	1	1	1	1	1	1	0	0	1
1	0	0.363566	0.523198	0.333333	0.555556	0	-0.111111	0.037037	0	0.3333333333333333	0.48148148148148145	0.	-0.037037037037037035	0.037037037037037035	0.	1	0	0	1	1	0	1	1	1	0	0	2
1	0	0.381304	0.453628	0.37037	0.444444	0.037037	0	0	0.111111	0.37037037037037035	0.4444444444444444	0.037037037037037035	0.	0.	0.037037037037037035	1	0	1	1	1	0	1	1	1	0	1	0
1	0	0.375398	0.495006	0.37037	0.444444	0.037037	0	0	0.111111	0.4074074074074074	0.48148148148148145	0.	0.037037037037037035	-0.037037037037037035	0.	1	0	1	1	1	1	1	1	1	0	1	1
1	0	0.408601	0.537871	0.407407	0.555556	0	-0.111111	0.037037	0	0.4074074074074074	0.5555555555555556	0.	-0.037037037037037035	0.037037037037037035	0.	1	0	2	1	1	2	1	1	1	0	2	0
1	0	0.442913	0.504797	0.407407	0.555556	0	-0.111111	0.037037	0	0.4444444444444444	0.5185185185185185	-0.037037037037037035	0.	0.	-0.037037037037037035	1	0	2	1	1	1	1	1	1	0	2	1
1	0	0.456852	0.462529	0.444444	0.444444	0.111111	0	0	0.037037	0.4444444444444444	0.4444444444444444	0.037037037037037035	0.	0.	0.037037037037037035	1	1	0	1	1	0	1	1	1	1	0	0
1	0	0.501206	0.469438	0.444444	0.444444	0.111111	0	0	0.037037	0.48148148148148145	0.48148148148148145	0.	-0.037037037037037035	0.037037037037037035	0.	1	1	1	1	1	0	1	1	1	1	0	1
1	0	0.555554	0.44669	0.444444	0.444444	0.111111	0	0	0.037037	0.5185185185185185	0.4444444444444444	0.037037037037037035	0.	0.	0.037037037037037035	1	1	2	1	1	0	1	1	1	1	0	2
1	0	0.534839	0.51252	0.555556	0.481481	0	0.037037	-0.111111	0	0.5555555555555556	0.48148148148148145	0.	0.037037037037037035	-0.037037037037037035	0.	1	1	2	1	1	1	1	1	1	1	1	0
1	0	0.485039	0.510102	0.555556	0.481481	0	0.037037	-0.111111	0	0.5185185185185185	0.5185185185185185	-0.037037037037037035	0.	0.	-0.037037037037037035	1	1	1	1	1	1	1	1	1	1	1	1
1	0	0.447882	0.551618	0.444444	0.518519	0.111111	0	0	0.037037	0.4444444444444444	0.5185185185185185	0.037037037037037035	0.	0.	0.037037037037037035	1	1	0	1	1	2	1	1	1	1	2	0
1	0	0.517356	0.535515	0.444444	0.518519	0.111111	0	0	0.037037	0.48148148148148145	0.5555555555555556	0.	-0.037037037037037035	0.037037037037037035	0.	1	1	1	1	1	2	1	1	1	1	2	1
1	0	0.576808	0.54721	0.555556	0.555556	0	-0.111111	0.037037	0	0.5555555555555556	0.5555555555555556	0.	-0.037037037037037035	0.037037037037037035	0.	1	2	0	1	1	2	1	1	1	2	0	0
1	0	0.568352	0.487367	0.555556	0.555556	0	-0.111111	0.037037	0	0.5925925925925926	0.5185185185185185	-0.037037037037037035	0.	0.	-0.037037037037037035	1	2	0	1	1	1	1	1	1	2	0	1
1	0	0.606628	0.474274	0.592593	0.444444	0.037037	0	0	0.111111	0.5925925925925926	0.4444444444444444	0.037037037037037035	0.	0.	0.037037037037037035	1	2	1	1	1	0	1	1	1	2	1	0
1	0	0.624033	0.499729	0.592593	0.444444	0.037037	0	0	0.111111	0.6296296296296297	0.48148148148148145	0.	0.037037037037037035	-0.037037037037037035	0.	1	2	1	1	1	1	1	1	1	2	1	1
1	0	0.661973	0.493643	0.62963	0.555556	0	-0.111111	0.037037	0	0.6296296296296297	0.5555555555555556	0.	-0.037037037037037035	0.037037037037037035	0.	1	2	2	1	1	2	1	1	1	2	2	0
1	0	0.64228	0.521173	0.62963	0.555556	0	-0.111111	0.037037	0	0.6666666666666666	0.5185185185185185	-0.037037037037037035	0.	0.	-0.037037037037037035	1	2	2	1	1	1	1	1	1	2	2	1
1	0	0.655622	0.416799	0.666667	0.444444	-0.111111	0	0	-0.037037	0.6666666666666666	0.4444444444444444	-0.037037037037037035	0.	0.	-0.037037037037037035	1	2	2	1	0	2	1	1	2	0	0	0
1	0	0.59533	0.438899	0.666667	0.444444	-0.111111	0	0	-0.037037	0.6296296296296297	0.4074074074074074	0.	0.037037037037037035	-0.037037037037037035	0.	1	2	1	1	0	2	1	1	2	0	0	1
1	0	0.579041	0.426542	0.666667	0.444444	-0.111111	0	0	-0.037037	0.5925925925925926	0.4444444444444444	-0.037037037037037035	0.	0.	-0.037037037037037035	1	2	0	1	0	2	1	1	2	0	0	2
1	0	0.649672	0.384344	0.555556	0.407407	0	-0.037037	0.111111	0	0.5555555555555556	0.4074074074074074	0.	-0.037037037037037035	0.037037037037037035	0.	1	2	0	1	0	1	1	1	2	0	1	0
1	0	0.628925	0.379113	0.555556	0.407407	0	-0.037037	0.111111	0	0.5925925925925926	0.37037037037037035	0.037037037037037035	0.	0.	0.037037037037037035	1	2	1	1	0	1	1	1	2	0	1	1
1	0	0.632756	0.366642	0.666667	0.37037	-0.111111	0	0	-0.037037	0.6666666666666666	0.37037037037037035	-0.037037037037037035	0.	0.	-0.037037037037037035	1	2	2	1	0	0	1	1	2	0	2	0
1	0	0.608874	0.354303	0.666667	0.37037	-0.111111	0	0	-0.037037	0.6296296296296297	0.3333333333333333	0.	0.037037037037037035	-0.037037037037037035	0.	1	2	1	1	0	0	1	1	2	0	2	1
1	0	0.549365	0.349706	0.555556	0.333333	0	0.111111	-0.037037	0	0.5555555555555556	0.3333333333333333	0.	0.037037037037037035	-0.037037037037037035	0.	1	1	2	1	0	0	1	1	2	1	0	0
1	0	0.522961	0.393527	0.555556	0.333333	0	0.111111	-0.037037	0	0.5185185185185185	0.37037037037037035	0.037037037037037035	0.	0.	0.037037037037037035	1	1	2	1	0	1	1	1	2	1	0	1
1	0	0.536756	0.418565	0.555556	0.333333	0	0.111111	-0.037037	0	0.5555555555555556	0.4074074074074074	0.	0.037037037037037035	-0.037037037037037035	0.	1	1	2	1	0	2	1	1	2	1	0	2
1	0	0.506908	0.431839	0.518519	0.444444	-0.037037	0	0	-0.111111	0.5185185185185185	0.4444444444444444	-0.037037037037037035	0.	0.	-0.037037037037037035	1	1	1	1	0	2	1	1	2	1	1	0
1	0	0.487441	0.369218	0.518519	0.444444	-0.037037	0	0	-0.111111	0.48148148148148145	0.4074074074074074	0.	-0.037037037037037035	0.037037037037037035	0.	1	1	1	1	0	1	1	1	2	1	1	1
1	0	0.463361	0.336751	0.481481	0.333333	0	0.111111	-0.037037	0	0.48148148148148145	0.3333333333333333	0.	0.037037037037037035	-0.037037037037037035	0.	1	1	0	1	0	0	1	1	2	1	2	0
1	0	0.473485	0.399694	0.481481	0.333333	0	0.111111	-0.037037	0	0.4444444444444444	0.37037037037037035	0.037037037037037035	0.	0.	0.037037037037037035	1	1	0	1	0	1	1	1	2	1	2	1
1	0	0.421601	0.412507	0.444444	0.444444	-0.111111	0	0	-0.037037	0.4444444444444444	0.4444444444444444	-0.037037037037037035	0.	0.	-0.037037037037037035	1	0	2	1	0	2	1	1	2	2	0	0
1	0	0.391639	0.43411	0.444444	0.444444	-0.111111	0	0	-0.037037	0.4074074074074074	0.4074074074074074	0.	0.037037037037037035	-0.037037037037037035	0.	1	0	1	1	0	2	1	1	2	2	0	1
1	0	0.350109	0.405858	0.333333	0.407407	0	-0.037037	0.111111	0	0.3333333333333333	0.4074074074074074	0.	-0.037037037037037035	0.037037037037037035	0.	1	0	0	1	0	1	1	1	2	2	1	0
1	0	0.37862	0.375094	0.333333	0.407407	0	-0.037037	0.111111	0	0.37037037037037035	0.37037037037037035	0.037037037037037035	0.	0.	0.037037037037037035	1	0	1	1	0	1	1	1	2	2	1	1
1	0	0.423969	0.362723	0.444444	0.37037	-0.111111	0	0	-0.037037	0.4444444444444444	0.37037037037037035	-0.037037037037037035	0.	0.	-0.037037037037037035	1	0	2	1	0	0	1	1	2	2	2	0
1	0	0.410532	0.343008	0.444444	0.37037	-0.111111	0	0	-0.037037	0.4074074074074074	0.3333333333333333	0.	0.037037037037037035	-0.037037037037037035	0.	1	0	1	1	0	0	1	1	2	2	2	1
1	0	0.308344	0.351791	0.333333	0.333333	0	0.111111	-0.037037	0	0.3333333333333333	0.3333333333333333	0.	0.037037037037037035	-0.037037037037037035	0.	0	2	2	1	0	0	1	2	0	0	0	0
1	0	0.32848	0.377578	0.333333	0.333333	0	0.111111	-0.037037	0	0.2962962962962963	0.37037037037037035	0.037037037037037035	0.	0.	0.037037037037037035	0	2	2	1	0	1	1	2	0	0	0	1
1	0	0.302534	0.414625	0.333333	0.333333	0	0.111111	-0.037037	0	0.3333333333333333	0.4074074074074074	0.	0.037037037037037035	-0.037037037037037035	0.	0	2	2	1	0	2	1	2	0	0	0	2
1	0	0.27098	0.420581	0.296296	0.444444	-0.037037	0	0	-0.111111	0.2962962962962963	0.4444444444444444	-0.037037037037037035	0.	0.	-0.037037037037037035	0	2	1	1	0	2	1	2	0	0	1	0
1	0	0.263967	0.408662	0.296296	0.444444	-0.037037	0	0	-0.111111	0.25925925925925924	0.4074074074074074	0.	-0.037037037037037035	0.037037037037037035	0.	0	2	1	1	0	1	1	2	0	0	1	1
1	0	0.232923	0.359245	0.259259	0.333333	0	0.111111	-0.037037	0	0.25925925925925924	0.3333333333333333	0.	0.037037037037037035	-0.037037037037037035	0.	0	2	0	1	0	0	1	2	0	0	2	0
1	0	0.240478	0.390483	0.259259	0.333333	0	0.111111	-0.037037	0	0.2222222222222222	0.37037037037037035	0.037037037037037035	0.	0.	0.037037037037037035	0	2	0	1	0	1	1	2	0	0	2	1
1	0	0.225239	0.444845	0.222222	0.444444	0.111111	0	0	0.037037	0.2222222222222222	0.4444444444444444	0.037037037037037035	0.	0.	0.037037037037037035	0	2	0	1	1	0	1	2	0	1	0	0
1	0	0.295742	0.456497	0.222222	0.444444	0.111111	0	0	0.037037	0.25925925925925924	0.48148148148148145	0.	-0.037037037037037035	0.037037037037037035	0.	0	2	1	1	1	0	1	2	0	1	0	1
1	0	0.311311	0.471767	0.222222	0.444444	0.111111	0	0	0.037037	0.2962962962962963	0.4444444444444444	0.037037037037037035	0.	0.	0.037037037037037035	0	2	2	1	1	0	1	2	0	1	0	2
1	0	0.32414	0.502023	0.333333	0.481481	0	0.037037	-0.111111	0	0.3333333333333333	0.48148148148148145	0.	0.037037037037037035	-0.037037037037037035	0.	0	2	2	1	1	1	1	2	0	1	1	0
1	0	0.26723	0.485702	0.333333	0.481481	0	0.037037	-0.111111	0	0.2962962962962963	0.5185185185185185	-0.037037037037037035	0.	0.	-0.037037037037037035	0	2	1	1	1	1	1	2	0	1	1	1
1	0	0.250328	0.540858	0.222222	0.518519	0.111111	0	0	0.037037	0.2222222222222222	0.5185185185185185	0.037037037037037035	0.	0.	0.037037037037037035	0	2	0	1	1	2	1	2	0	1	2	0
1	0	0.28689	0.555232	0.222222	0.518519	0.111111	0	0	0.037037	0.25925925925925924	0.5555555555555556	0.	-0.037037037037037035	0.037037037037037035	0.	0	2	1	1	1	2	1	2	0	1	2	1
1	0	0.313509	0.578024	0.333333	0.555556	0	0.111111	-0.037037	0	0.3333333333333333	0.5555555555555556	0.	0.037037037037037035	-0.037037037037037035	0.	0	2	2	1	2	0	1	2	0	2	0	0
1	0	0.326766	0.664755	0.333333	0.555556	0	0.111111	-0.037037	0	0.2962962962962963	0.5925925925925926	0.037037037037037035	0.	0.	0.037037037037037035	0	2	2	1	2	1	1	2	0	2	0	1
1	0	0.300423	0.649775	0.333333	0.555556	0	0.111111	-0.037037	0	0.3333333333333333	0.6296296296296297	0.	0.037037037037037035	-0.037037037037037035	0.	0	2	2	1	2	2	1	2	0	2	0	2
1	0	0.278258	0.636998	0.296296	0.666667	-0.037037	0	0	-0.111111	0.2962962962962963	0.6666666666666666	-0.037037037037037035	0.	0.	-0.037037037037037035	0	2	1	1	2	2	1	2	0	2	1	0
1	0	0.259706	0.609023	0.296296	0.666667	-0.037037	0	0	-0.111111	0.25925925925925924	0.6296296296296297	0.	-0.037037037037037035	0.037037037037037035	0.	0	2	1	1	2	1	1	2	0	2	1	1
1	0	0.230858	0.581325	0.259259	0.555556	0	0.111111	-0.037037	0	0.25925925925925924	0.5555555555555556	0.	0.037037037037037035	-0.037037037037037035	0.	0	2	0	1	2	0	1	2	0	2	2	0
1	0	0.244965	0.592366	0.259259	0.555556	0	0.111111	-0.037037	0	0.2222222222222222	0.5925925925925926	0.037037037037037035	0.	0.	0.037037037037037035	0	2	0	1	2	1	1	2	0	2	2	1
1	0	0.18949	0.643154	0.222222	0.666667	-0.111111	0	0	-0.037037	0.2222222222222222	0.6666666666666666	-0.037037037037037035	0.	0.	-0.037037037037037035	0	1	2	1	2	2	1	2	1	0	0	0
1	0	0.149332	0.629754	0.222222	0.666667	-0.111111	0	0	-0.037037	0.18518518518518517	0.6296296296296297	0.	0.037037037037037035	-0.037037037037037035	0.	0	1	1	1	2	2	1	2	1	0	0	1
1	0	0.125824	0.659785	0.222222	0.666667	-0.111111	0	0	-0.037037	0.14814814814814814	0.6666666666666666	-0.037037037037037035	0.	0.	-0.037037037037037035	0	1	0	1	2	2	1	2	1	0	0	2
1	0	0.222206	0.598047	0.111111	0.62963	0	-0.037037	0.111111	0	0.1111111111111111	0.6296296296296297	0.	-0.037037037037037035	0.037037037037037035	0.	0	1	0	1	2	1	1	2	1	0	1	0
1	0	0.217428	0.617557	0.111111	0.62963	0	-0.037037	0.111111	0	0.14814814814814814	0.5925925925925926	0.037037037037037035	0.	0.	0.037037037037037035	0	1	1	1	2	1	1	2	1	0	1	1
1	0	0.183651	0.56018	0.222222	0.592593	-0.111111	0	0	-0.037037	0.2222222222222222	0.5925925925925926	-0.037037037037037035	0.	0.	-0.037037037037037035	0	1	2	1	2	0	1	2	1	0	2	0
1	0	0.160718	0.587383	0.222222	0.592593	-0.111111	0	0	-0.037037	0.18518518518518517	0.5555555555555556	0.	0.037037037037037035	-0.037037037037037035	0.	0	1	1	1	2	0	1	2	1	0	2	1
1	0	0.13188	0.525313	0.111111	0.555556	0	-0.111111	0.037037	0	0.1111111111111111	0.5555555555555556	0.	-0.037037037037037035	0.037037037037037035	0.	0	1	0	1	1	2	1	2	1	1	0	0
1	0	0.116645	0.514776	0.111111	0.555556	0	-0.111111	0.037037	0	0.14814814814814814	0.5185185185185185	-0.037037037037037035	0.	0.	-0.037037037037037035	0	1	0	1	1	1	1	2	1	1	0	1
1	0	0.14508	0.549753	0.111111	0.555556	0	-0.111111	0.037037	0	0.1111111111111111	0.48148148148148145	0.	-0.037037037037037035	0.037037037037037035	0.	0	1	0	1	1	0	1	2	1	1	0	2
1	0	0.163061	0.460254	0.148148	0.444444	0.037037	0	0	0.111111	0.14814814814814814	0.4444444444444444	0.037037037037037035	0.	0.	0.037037037037037035	0	1	1	1	1	0	1	2	1	1	1	0
1	0	0.177884	0.483129	0.148148	0.444444	0.037037	0	0	0.111111	0.18518518518518517	0.48148148148148145	0.	0.037037037037037035	-0.037037037037037035	0.	0	1	1	1	1	1	1	2	1	1	1	1
1	0	0.196827	0.529149	0.185185	0.555556	0	-0.111111	0.037037	0	0.18518518518518517	0.5555555555555556	0.	-0.037037037037037035	0.037037037037037035	0.	0	1	2	1	1	2	1	2	1	1	2	0
1	0	0.198876	0.497855	0.185185	0.555556	0	-0.111111	0.037037	0	0.2222222222222222	0.5185185185185185	-0.037037037037037035	0.	0.	-0.037037037037037035	0	1	2	1	1	1	1	2	1	1	2	1
1	0	0.213787	0.440919	0.222222	0.444444	-0.111111	0	0	-0.037037	0.2222222222222222	0.4444444444444444	-0.037037037037037035	0.	0.	-0.037037037037037035	0	1	2	1	0	2	1	2	1	2	0	0
1	0	0.155639	0.428493	0.222222	0.444444	-0.111111	0	0	-0.037037	0.18518518518518517	0.4074074074074074	0.	0.037037037037037035	-0.037037037037037035	0.	0	1	1	1	0	2	1	2	1	2	0	1
1	0	0.120186	0.388249	0.111111	0.407407	0	-0.037037	0.111111	0	0.1111111111111111	0.4074074074074074	0.	-0.037037037037037035	0.037037037037037035	0.	0	1	0	1	0	1	1	2	1	2	1	0
1	0	0.210763	0.402162	0.111111	0.407407	0	-0.037037	0.111111	0	0.14814814814814814	0.37037037037037035	0.037037037037037035	0.	0.	0.037037037037037035	0	1	1	1	0	1	1	2	1	2	1	1
1	0	0.19455	0.347379	0.222222	0.37037	-0.111111	0	0	-0.037037	0.2222222222222222	0.37037037037037035	-0.037037037037037035	0.	0.	-0.037037037037037035	0	1	2	1	0	0	1	2	1	2	2	0
1	0	0.173337	0.340216	0.222222	0.37037	-0.111111	0	0	-0.037037	0.18518518518518517	0.3333333333333333	0.	0.037037037037037035	-0.037037037037037035	0.	0	1	1	1	0	0	1	2	1	2	2	1
1	0	0.105791	0.356124	0.111111	0.333333	0	0.111111	-0.037037	0	0.1111111111111111	0.3333333333333333	0.	0.037037037037037035	-0.037037037037037035	0.	0	0	2	1	0	0	1	2	2	0	0	0
1	0	0.111107	0.372112	0.111111	0.333333	0	0.111111	-0.037037	0	0.07407407407407407	0.37037037037037035	0.037037037037037035	0.	0.	0.037037037037037035	0	0	2	1	0	1	1	2	2	0	0	1
1	0	0.0855237	0.43657	0.111111	0.333333	0	0.111111	-0.037037	0	0.1111111111111111	0.4074074074074074	0.	0.037037037037037035	-0.037037037037037035	0.	0	0	2	1	0	2	1	2	2	0	0	2
1	0	0.0700735	0.423865	0.0740741	0.444444	-0.037037	0	0	-0.111111	0.07407407407407407	0.4444444444444444	-0.037037037037037035	0.	0.	-0.037037037037037035	0	0	1	1	0	2	1	2	2	0	1	0
1	0	0.0529252	0.397287	0.0740741	0.444444	-0.037037	0	0	-0.111111	0.037037037037037035	0.4074074074074074	0.	-0.037037037037037035	0.037037037037037035	0.	0	0	1	1	0	1	1	2	2	0	1	1
1	0	0.0147339	0.365039	0.037037	0.333333	0	0.111111	-0.037037	0	0.037037037037037035	0.3333333333333333	0.	0.037037037037037035	-0.037037037037037035	0.	0	0	0	1	0	0	1	2	2	0	2	0
1	0	0.0325357	0.382647	0.037037	0.333333	0	0.111111	-0.037037	0	0.	0.37037037037037035	0.037037037037037035	0.	0.	0.037037037037037035	0	0	0	1	0	1	1	2	2	0	2	1
1	0	0.0186316	0.449923	0	0.444444	0.111111	0	0	0.037037	0.	0.4444444444444444	0.037037037037037035	0.	0.	0.037037037037037035	0	0	0	1	1	0	1	2	2	1	0	0
1	0	0.0384957	0.465374	0	0.444444	0.111111	0	0	0.037037	0.037037037037037035	0.48148148148148145	0.	-0.037037037037037035	0.037037037037037035	0.	0	0	1	1	1	0	1	2	2	1	0	1
1	0	0.0880127	0.476334	0	0.444444	0.111111	0	0	0.037037	0.07407407407407407	0.4444444444444444	0.037037037037037035	0.	0.	0.037037037037037035	0	0	2	1	1	0	1	2	2	1	0	2
1	0	0.0787242	0.507886	0.111111	0.481481	0	0.037037	-0.111111	0	0.1111111111111111	0.48148148148148145	0.	0.037037037037037035	-0.037037037037037035	0.	0	0	2	1	1	1	1	2	2	1	1	0
1	0	0.040909	0.491397	0.111111	0.481481	0	0.037037	-0.111111	0	0.07407407407407407	0.5185185185185185	-0.037037037037037035	0.	0.	-0.037037037037037035	0	0	1	1	1	1	1	2	2	1	1	1
1	0	0.00680747	0.533337	0	0.518519	0.111111	0	0	0.037037	0.	0.5185185185185185	0.037037037037037035	0.	0.	0.037037037037037035	0	0	0	1	1	2	1	2	2	1	2	0
1	0	0.0629627	0.545368	0	0.518519	0.111111	0	0	0.037037	0.037037037037037035	0.5555555555555556	0.	-0.037037037037037035	0.037037037037037035	0.	0	0	1	1	1	2	1	2	2	1	2	1
1	0	0.0997685	0.56774	0.111111	0.555556	0	0.111111	-0.037037	0	0.1111111111111111	0.5555555555555556	0.	0.037037037037037035	-0.037037037037037035	0.	0	0	2	1	2	0	1	2	2	2	0	0
1	0	0.0808498	0.624276	0.111111	0.555556	0	0.111111	-0.037037	0	0.07407407407407407	0.5925925925925926	0.037037037037037035	0.	0.	0.037037037037037035	0	0	2	1	2	1	1	2	2	2	0	1
1	0	0.0677068	0.652652	0.0740741	0.666667	-0.037037	0	0	-0.111111	0.07407407407407407	0.6666666666666666	-0.037037037037037035	0.	0.	-0.037037037037037035	0	0	1	1	2	2	1	2	2	2	1	0
1	0	0.0586537	0.61306	0.0740741	0.666667	-0.037037	0	0	-0.111111	0.037037037037037035	0.6296296296296297	0.	-0.037037037037037035	0.037037037037037035	0.	0	0	1	1	2	1	1	2	2	2	1	1
1	0	0.010192	0.575482	0.037037	0.555556	0	0.111111	-0.037037	0	0.037037037037037035	0.5555555555555556	0.	0.037037037037037035	-0.037037037037037035	0.	0	0	0	1	2	0	1	2	2	2	2	0
1	0	0.0279647	0.601878	0.037037	0.555556	0	0.111111	-0.037037	0	0.	0.5925925925925926	0.037037037037037035	0.	0.	0.037037037037037035	0	0	0	1	2	1	1	2	2	2	2	1
1	0	0.0260671	0.681741	0	0.666667	0.111111	0	0	0.037037	0.	0.6666666666666666	0.037037037037037035	0.	0.	0.037037037037037035	0	0	0	2	0	0	2	0	0	0	0	0
1	0	0.0481232	0.696728	0	0.666667	0.111111	0	0	0.037037	0.037037037037037035	0.7037037037037037	0.	-0.037037037037037035	0.037037037037037035	0.	0	0	1	2	0	0	2	0	0	0	0	1
1	0	0.0897619	0.685482	0	0.666667	0.111111	0	0	0.037037	0.07407407407407407	0.6666666666666666	0.037037037037037035	0.	0.	0.037037037037037035	0	0	2	2	0	0	2	0	0	0	0	2
1	0	0.103519	0.734797	0.111111	0.703704	0	0.037037	-0.111111	0	0.1111111111111111	0.7037037037037037	0.	0.037037037037037035	-0.037037037037037035	0.	0	0	2	2	0	1	2	0	0	0	1	0
1	0	0.0171223	0.722807	0.111111	0.703704	0	0.037037	-0.111111	0	0.07407407407407407	0.7407407407407407	-0.037037037037037035	0.	0.	-0.037037037037037035	0	0	1	2	0	1	2	0	0	0	1	1
1	0	0.00871554	0.764945	0	0.740741	0.111111	0	0	0.037037	0.	0.7407407407407407	0.037037037037037035	0.	0.	0.037037037037037035	0	0	0	2	0	2	2	0	0	0	2	0
1	0	0.0548321	0.744956	0	0.740741	0.111111	0	0	0.037037	0.037037037037037035	0.7777777777777778	0.	-0.037037037037037035	0.037037037037037035	0.	0	0	1	2	0	2	2	0	0	0	2	1
1	0	0.130175	0.768133	0.111111	0.777778	0	-0.111111	0.037037	0	0.1111111111111111	0.7777777777777778	0.	-0.037037037037037035	0.037037037037037035	0.	0	1	0	2	0	2	2	0	0	1	0	0
1	0	0.121738	0.667265	0.111111	0.777778	0	-0.111111	0.037037	0	0.14814814814814814	0.7407407407407407	-0.037037037037037035	0.	0.	-0.037037037037037035	0	1	0	2	0	1	2	0	0	1	0	1
1	0	0.138394	0.777665	0.111111	0.777778	0	-0.111111	0.037037	0	0.1111111111111111	0.7037037037037037	0.	-0.037037037037037035	0.037037037037037035	0.	0	1	0	2	0	0	2	0	0	1	0	2
1	0	0.1651	0.70073	0.148148	0.666667	0.037037	0	0	0.111111	0.14814814814814814	0.6666666666666666	0.037037037037037035	0.	0.	0.037037037037037035	0	1	1	2	0	0	2	0	0	1	1	0
1	0	0.151613	0.718299	0.148148	0.666667	0.037037	0	0	0.111111	0.18518518518518517	0.7037037037037037	0.	0.037037037037037035	-0.037037037037037035	0.	0	1	1	2	0	1	2	0	0	1	1	1
1	0	0.188497	0.759759	0.185185	0.777778	0	-0.111111	0.037037	0	0.18518518518518517	0.7777777777777778	0.	-0.037037037037037035	0.037037037037037035	0.	0	1	2	2	0	2	2	0	0	1	2	0
1	0	0.206482	0.730729	0.185185	0.777778	0	-0.111111	0.037037	0	0.2222222222222222	0.7407407407407407	-0.037037037037037035	0.	0.	-0.037037037037037035	0	1	2	2	0	1	2	0	0	1	2	1
1	0	0.234712	0.679049	0.222222	0.666667	0.111111	0	0	0.037037	0.2222222222222222	0.6666666666666666	0.037037037037037035	0.	0.	0.037037037037037035	0	2	0	2	0	0	2	0	0	2	0	0
1	0	0.268909	0.692874	0.222222	0.666667	0.111111	0	0	0.037037	0.25925925925925924	0.7037037037037037	0.	-0.037037037037037035	0.037037037037037035	0.	0	2	1	2	0	0	2	0	0	2	0	1
1	0	0.252076	0.672444	0.222222	0.666667	0.111111	0	0	0.037037	0.2962962962962963	0.6666666666666666	0.037037037037037035	0.	0.	0.037037037037037035	0	2	2	2	0	0	2	0	0	2	0	2
1	0	0.293969	0.739905	0.333333	0.703704	0	0.037037	-0.111111	0	0.3333333333333333	0.7037037037037037	0.	0.037037037037037035	-0.037037037037037035	0.	0	2	2	2	0	1	2	0	0	2	1	0
1	0	0.280106	0.716013	0.333333	0.703704	0	0.037037	-0.111111	0	0.2962962962962963	0.7407407407407407	-0.037037037037037035	0.	0.	-0.037037037037037035	0	2	1	2	0	1	2	0	0	2	1	1
1	0	0.226765	0.775996	0.222222	0.740741	0.111111	0	0	0.037037	0.2222222222222222	0.7407407407407407	0.037037037037037035	0.	0.	0.037037037037037035	0	2	0	2	0	2	2	0	0	2	2	0
1	0	0.319167	0.756082	0.222222	0.740741	0.111111	0	0	0.037037	0.25925925925925924	0.7777777777777778	0.	-0.037037037037037035	0.037037037037037035	0.	0	2	1	2	0	2	2	0	0	2	2	1
1	0	0.332644	0.804764	0.333333	0.777778	0	0.111111	-0.037037	0	0.3333333333333333	0.7777777777777778	0.	0.037037037037037035	-0.037037037037037035	0.	0	2	2	2	1	0	2	0	1	0	0	0
1	0	0.30442	0.814984	0.333333	0.777778	0	0.111111	-0.037037	0	0.2962962962962963	0.8148148148148148	0.037037037037037035	0.	0.	0.037037037037037035	0	2	2	2	1	1	2	0	1	0	0	1
1	0	0.325104	0.887481	0.333333	0.777778	0	0.111111	-0.037037	0	0.3333333333333333	0.8518518518518519	0.	0.037037037037037035	-0.037037037037037035	0.	0	2	2	2	1	2	2	0	1	0	0	2
1	0	0.288456	0.869372	0.296296	0.888889	-0.037037	0	0	-0.111111	0.2962962962962963	0.8888888888888888	-0.037037037037037035	0.	0.	-0.037037037037037035	0	2	1	2	1	2	2	0	1	0	1	0
1	0	0.265613	0.84184	0.296296	0.888889	-0.037037	0	0	-0.111111	0.25925925925925924	0.8518518518518519	0.	-0.037037037037037035	0.037037037037037035	0.	0	2	1	2	1	1	2	0	1	0	1	1
1	0	0.238434	0.812212	0.259259	0.777778	0	0.111111	-0.037037	0	0.25925925925925924	0.7777777777777778	0.	0.037037037037037035	-0.037037037037037035	0.	0	2	0	2	1	0	2	0	1	0	2	0
1	0	0.257656	0.828782	0.259259	0.777778	0	0.111111	-0.037037	0	0.2222222222222222	0.8148148148148148	0.037037037037037035	0.	0.	0.037037037037037035	0	2	0	2	1	1	2	0	1	0	2	1
1	0	0.211895	0.87658	0.222222	0.888889	-0.111111	0	0	-0.037037	0.2222222222222222	0.8888888888888888	-0.037037037037037035	0.	0.	-0.037037037037037035	0	1	2	2	1	2	2	0	1	1	0	0
1	0	0.157389	0.860108	0.222222	0.888889	-0.111111	0	0	-0.037037	0.18518518518518517	0.8518518518518519	0.	0.037037037037037035	-0.037037037037037035	0.	0	1	1	2	1	2	2	0	1	1	0	1
1	0	0.112171	0.852858	0.222222	0.888889	-0.111111	0	0	-0.037037	0.14814814814814814	0.8888888888888888	-0.037037037037037035	0.	0.	-0.037037037037037035	0	1	0	2	1	2	2	0	1	1	0	2
1	0	0.118022	0.836001	0.111111	0.851852	0	-0.037037	0.111111	0	0.1111111111111111	0.8518518518518519	0.	-0.037037037037037035	0.037037037037037035	0.	0	1	0	2	1	1	2	0	1	1	1	0
1	0	0.200502	0.845761	0.111111	0.851852	0	-0.037037	0.111111	0	0.14814814814814814	0.8148148148148148	0.037037037037037035	0.	0.	0.037037037037037035	0	1	1	2	1	1	2	0	1	1	1	1
1	0	0.171642	0.794433	0.222222	0.814815	-0.111111	0	0	-0.037037	0.2222222222222222	0.8148148148148148	-0.037037037037037035	0.	0.	-0.037037037037037035	0	1	2	2	1	0	2	0	1	1	2	0
1	0	0.179781	0.784595	0.222222	0.814815	-0.111111	0	0	-0.037037	0.18518518518518517	0.7777777777777778	0.	0.037037037037037035	-0.037037037037037035	0.	0	1	1	2	1	0	2	0	1	1	2	1
1	0	0.0742726	0.789768	0.111111	0.777778	0	0.111111	-0.037037	0	0.1111111111111111	0.7777777777777778	0.	0.037037037037037035	-0.037037037037037035	0.	0	0	2	2	1	0	2	0	1	2	0	0
1	0	0.0932988	0.817885	0.111111	0.777778	0	0.111111	-0.037037	0	0.07407407407407407	0.8148148148148148	0.037037037037037035	0.	0.	0.037037037037037035	0	0	2	2	1	1	2	0	1	2	0	1
1	0	0.0468288	0.872803	0.0740741	0.888889	-0.037037	0	0	-0.111111	0.07407407407407407	0.8888888888888888	-0.037037037037037035	0.	0.	-0.037037037037037035	0	0	1	2	1	2	2	0	1	2	1	0
1	0	0.0662666	0.884259	0.0740741	0.888889	-0.037037	0	0	-0.111111	0.037037037037037035	0.8518518518518519	0.	-0.037037037037037035	0.037037037037037035	0.	0	0	1	2	1	1	2	0	1	2	1	1
1	0	0.037013	0.801295	0.037037	0.777778	0	0.111111	-0.037037	0	0.037037037037037035	0.7777777777777778	0.	0.037037037037037035	-0.037037037037037035	0.	0	0	0	2	1	0	2	0	1	2	2	0
1	0	0.00287994	0.832278	0.037037	0.777778	0	0.111111	-0.037037	0	0.	0.8148148148148148	0.037037037037037035	0.	0.	0.037037037037037035	0	0	0	2	1	1	2	0	1	2	2	1
1	0	0.0227019	0.891954	0	0.888889	0.111111	0	0	0.037037	0.	0.8888888888888888	0.037037037037037035	0.	0.	0.037037037037037035	0	0	0	2	2	0	2	0	2	0	0	0
1	0	0.106828	0.904864	0	0.888889	0.111111	0	0	0.037037	0.037037037037037035	0.9259259259259259	0.	-0.037037037037037035	0.037037037037037035	0.	0	0	1	2	2	0	2	0	2	0	0	1
1	0	0.0772565	0.922394	0	0.888889	0.111111	0	0	0.037037	0.07407407407407407	0.8888888888888888	0.037037037037037035	0.	0.	0.037037037037037035	0	0	2	2	2	0	2	0	2	0	0	2
1	0	0.0844564	0.939371	0.111111	0.925926	0	0.037037	-0.111111	0	0.1111111111111111	0.9259259259259259	0.	0.037037037037037035	-0.037037037037037035	0.	0	0	2	2	2	1	2	0	2	0	1	0
1	0	0.0334583	0.928947	0.111111	0.925926	0	0.037037	-0.111111	0	0.07407407407407407	0.9629629629629629	-0.037037037037037035	0.	0.	-0.037037037037037035	0	0	1	2	2	1	2	0	2	0	1	1
1	0	0.0155797	0.978435	0	0.962963	0.111111	0	0	0.037037	0.	0.9629629629629629	0.037037037037037035	0.	0.	0.037037037037037035	0	0	0	2	2	2	2	0	2	0	2	0
1	0	0.0573069	0.989176	0	0.962963	0.111111	0	0	0.037037	0.037037037037037035	1.	0.	-0.037037037037037035	0.037037037037037035	0.	0	0	1	2	2	2	2	0	2	0	2	1
1	0	0.146673	0.993936	0.111111	1	0	-0.111111	0.037037	0	0.1111111111111111	1.	0.	-0.037037037037037035	0.037037037037037035	0.	0	1	0	2	2	2	2	0	2	1	0	0
1	0	0.126346	0.959724	0.111111	1	0	-0.111111	0.037037	0	0.14814814814814814	0.9629629629629629	-0.037037037037037035	0.	0.	-0.037037037037037035	0	1	0	2	2	1	2	0	2	1	0	1
1	0	0.142318	0.900679	0.111111	1	0	-0.111111	0.037037	0	0.1111111111111111	0.9259259259259259	0.	-0.037037037037037035	0.037037037037037035	0.	0	1	0	2	2	0	2	0	2	1	0	2
1	0	0.184866	0.916701	0.148148	0.888889	0.037037	0	0	0.111111	0.14814814814814814	0.8888888888888888	0.037037037037037035	0.	0.	0.037037037037037035	0	1	1	2	2	0	2	0	2	1	1	0
1	0	0.166055	0.949695	0.148148	0.888889	0.037037	0	0	0.111111	0.18518518518518517	0.9259259259259259	0.	0.037037037037037035	-0.037037037037037035	0.	0	1	1	2	2	1	2	0	2	1	1	1
1	0	0.193318	0.967679	0.185185	1	0	-0.111111	0.037037	0	0.18518518518518517	1.	0.	-0.037037037037037035	0.037037037037037035	0.	0	1	2	2	2	2	2	0	2	1	2	0
1	0	0.219803	0.943661	0.185185	1	0	-0.111111	0.037037	0	0.2222222222222222	0.9629629629629629	-0.037037037037037035	0.	0.	-0.037037037037037035	0	1	2	2	2	1	2	0	2	1	2	1
1	0	0.248509	0.895927	0.222222	0.888889	0.111111	0	0	0.037037	0.2222222222222222	0.8888888888888888	0.037037037037037035	0.	0.	0.037037037037037035	0	2	0	2	2	0	2	0	2	2	0	0
1	0	0.310139	0.909273	0.222222	0.888889	0.111111	0	0	0.037037	0.25925925925925924	0.9259259259259259	0.	-0.037037037037037035	0.037037037037037035	0.	0	2	1	2	2	0	2	0	2	2	0	1
1	0	0.297357	0.953565	0.333333	0.925926	0	0.037037	-0.111111	0	0.3333333333333333	0.9259259259259259	0.	0.037037037037037035	-0.037037037037037035	0.	0	2	2	2	2	1	2	0	2	2	1	0
1	0	0.274274	0.935386	0.333333	0.925926	0	0.037037	-0.111111	0	0.2962962962962963	0.9629629629629629	-0.037037037037037035	0.	0.	-0.037037037037037035	0	2	1	2	2	1	2	0	2	2	1	1
1	0	0.236029	0.97384	0.222222	0.962963	0.111111	0	0	0.037037	0.2222222222222222	0.9629629629629629	0.037037037037037035	0.	0.	0.037037037037037035	0	2	0	2	2	2	2	0	2	2	2	0
1	0	0.28357	0.986253	0.222222	0.962963	0.111111	0	0	0.037037	0.25925925925925924	1.	0.	-0.037037037037037035	0.037037037037037035	0.	0	2	1	2	2	2	2	0	2	2	2	1
1	0	0.34501	0.997154	0.333333	1	0	-0.111111	0.037037	0	0.3333333333333333	1.	0.	-0.037037037037037035	0.037037037037037035	0.	1	0	0	2	2	2	2	1	0	0	0	0
1	0	0.364397	0.931377	0.333333	1	0	-0.111111	0.037037	0	0.37037037037037035	0.9629629629629629	-0.037037037037037035	0.	0.	-0.037037037037037035	1	0	0	2	2	1	2	1	0	0	0	1
1	0	0.369436	0.999811	0.333333	1	0	-0.111111	0.037037	0	0.3333333333333333	0.9259259259259259	0.	-0.037037037037037035	0.037037037037037035	0.	1	0	0	2	2	0	2	1	0	0	0	2
1	0	0.382539	0.914062	0.37037	0.888889	0.037037	0	0	0.111111	0.37037037037037035	0.8888888888888888	0.037037037037037035	0.	0.	0.037037037037037035	1	0	1	2	2	0	2	1	0	0	1	0
1	0	0.371422	0.971313	0.37037	0.888889	0.037037	0	0	0.111111	0.4074074074074074	0.9259259259259259	0.	0.037037037037037035	-0.037037037037037035	0.	1	0	1	2	2	1	2	1	0	0	1	1
1	0	0.422077	0.983912	0.407407	1	0	-0.111111	0.037037	0	0.4074074074074074	1.	0.	-0.037037037037037035	0.037037037037037035	0.	1	0	2	2	2	2	2	1	0	0	2	0
1	0	0.412169	0.95649	0.407407	1	0	-0.111111	0.037037	0	0.4444444444444444	0.9629629629629629	-0.037037037037037035	0.	0.	-0.037037037037037035	1	0	2	2	2	1	2	1	0	0	2	1
1	0	0.433512	0.855262	0.444444	0.888889	-0.111111	0	0	-0.037037	0.4444444444444444	0.8888888888888888	-0.037037037037037035	0.	0.	-0.037037037037037035	1	0	2	2	1	2	2	1	0	1	0	0
1	0	0.403577	0.879054	0.444444	0.888889	-0.111111	0	0	-0.037037	0.4074074074074074	0.8518518518518519	0.	0.037037037037037035	-0.037037037037037035	0.	1	0	1	2	1	2	2	1	0	1	0	1
1	0	0.342466	0.865145	0.444444	0.888889	-0.111111	0	0	-0.037037	0.37037037037037035	0.8888888888888888	-0.037037037037037035	0.	0.	-0.037037037037037035	1	0	0	2	1	2	2	1	0	1	0	2
1	0	0.359924	0.850058	0.333333	0.851852	0	-0.037037	0.111111	0	0.3333333333333333	0.8518518518518519	0.	-0.037037037037037035	0.037037037037037035	0.	1	0	0	2	1	1	2	1	0	1	1	0
1	0	0.407137	0.826799	0.333333	0.851852	0	-0.037037	0.111111	0	0.37037037037037035	0.8148148148148148	0.037037037037037035	0.	0.	0.037037037037037035	1	0	1	2	1	1	2	1	0	1	1	1
1	0	0.437195	0.808568	0.444444	0.814815	-0.111111	0	0	-0.037037	0.4444444444444444	0.8148148148148148	-0.037037037037037035	0.	0.	-0.037037037037037035	1	0	2	2	1	0	2	1	0	1	2	0
1	0	0.385809	0.797018	0.444444	0.814815	-0.111111	0	0	-0.037037	0.4074074074074074	0.7777777777777778	0.	0.037037037037037035	-0.037037037037037035	0.	1	0	1	2	1	0	2	1	0	1	2	1
1	0	0.33631	0.748442	0.333333	0.777778	0	-0.111111	0.037037	0	0.3333333333333333	0.7777777777777778	0.	-0.037037037037037035	0.037037037037037035	0.	1	0	0	2	0	2	2	1	0	2	0	0
1	0	0.351812	0.712952	0.333333	0.777778	0	-0.111111	0.037037	0	0.37037037037037035	0.7407407407407407	-0.037037037037037035	0.	0.	-0.037037037037037035	1	0	0	2	0	1	2	1	0	2	0	1
1	0	0.34781	0.702878	0.333333	0.777778	0	-0.111111	0.037037	0	0.3333333333333333	0.7037037037037037	0.	-0.037037037037037035	0.037037037037037035	0.	1	0	0	2	0	0	2	1	0	2	0	2
1	0	0.377055	0.752625	0.37037	0.666667	0.037037	0	0	0.111111	0.37037037037037035	0.6666666666666666	0.037037037037037035	0.	0.	0.037037037037037035	1	0	1	2	0	0	2	1	0	2	1	0
1	0	0.398186	0.728073	0.37037	0.666667	0.037037	0	0	0.111111	0.4074074074074074	0.7037037037037037	0.	0.037037037037037035	-0.037037037037037035	0.	1	0	1	2	0	1	2	1	0	2	1	1
1	0	0.425849	0.77115	0.407407	0.777778	0	-0.111111	0.037037	0	0.4074074074074074	0.7777777777777778	0.	-0.037037037037037035	0.037037037037037035	0.	1	0	2	2	0	2	2	1	0	2	2	0
1	0	0.415258	0.705425	0.407407	0.777778	0	-0.111111	0.037037	0	0.4444444444444444	0.7407407407407407	-0.037037037037037035	0.	0.	-0.037037037037037035	1	0	2	2	0	1	2	1	0	2	2	1
1	0	0.459229	0.687116	0.444444	0.666667	0.111111	0	0	0.037037	0.4444444444444444	0.6666666666666666	0.037037037037037035	0.	0.	0.037037037037037035	1	1	0	2	0	0	2	1	1	0	0	0
1	0	0.480845	0.674701	0.444444	0.666667	0.111111	0	0	0.037037	0.48148148148148145	0.7037037037037037	0.	-0.037037037037037035	0.037037037037037035	0.	1	1	1	2	0	0	2	1	1	0	0	1
1	0	0.508983	0.690363	0.444444	0.666667	0.111111	0	0	0.037037	0.5185185185185185	0.6666666666666666	0.037037037037037035	0.	0.	0.037037037037037035	1	1	2	2	0	0	2	1	1	0	0	2
1	0	0.539173	0.708774	0.555556	0.703704	0	0.037037	-0.111111	0	0.5555555555555556	0.7037037037037037	0.	0.037037037037037035	-0.037037037037037035	0.	1	1	2	2	0	1	2	1	1	0	1	0
1	0	0.553574	0.711144	0.555556	0.703704	0	0.037037	-0.111111	0	0.5185185185185185	0.7407407407407407	-0.037037037037037035	0.	0.	-0.037037037037037035	1	1	1	2	0	1	2	1	1	0	1	1
1	0	0.451918	0.742487	0.444444	0.740741	0.111111	0	0	0.037037	0.4444444444444444	0.7407407407407407	0.037037037037037035	0.	0.	0.037037037037037035	1	1	0	2	0	2	2	1	1	0	2	0
1	0	0.488987	0.763182	0.444444	0.740741	0.111111	0	0	0.037037	0.48148148148148145	0.7777777777777778	0.	-0.037037037037037035	0.037037037037037035	0.	1	1	1	2	0	2	2	1	1	0	2	1
1	0	0.545197	0.781076	0.555556	0.777778	0	0.111111	-0.037037	0	0.5555555555555556	0.7777777777777778	0.	0.037037037037037035	-0.037037037037037035	0.	1	1	2	2	1	0	2	1	1	1	0	0
1	0	0.52133	0.824512	0.555556	0.777778	0	0.111111	-0.037037	0	0.5185185185185185	0.8148148148148148	0.037037037037037035	0.	0.	0.037037037037037035	1	1	2	2	1	1	2	1	1	1	0	1
1	0	0.529301	0.862889	0.555556	0.777778	0	0.111111	-0.037037	0	0.5555555555555556	0.8518518518518519	0.	0.037037037037037035	-0.037037037037037035	0.	1	1	2	2	1	2	2	1	1	1	0	2
1	0	0.492383	0.882443	0.518519	0.888889	-0.037037	0	0	-0.111111	0.5185185185185185	0.8888888888888888	-0.037037037037037035	0.	0.	-0.037037037037037035	1	1	1	2	1	2	2	1	1	1	1	0
1	0	0.505072	0.821845	0.518519	0.888889	-0.037037	0	0	-0.111111	0.48148148148148145	0.8518518518518519	0.	-0.037037037037037035	0.037037037037037035	0.	1	1	1	2	1	1	2	1	1	1	1	1
1	0	0.477026	0.78681	0.481481	0.777778	0	0.111111	-0.037037	0	0.48148148148148145	0.7777777777777778	0.	0.037037037037037035	-0.037037037037037035	0.	1	1	0	2	1	0	2	1	1	1	2	0
1	0	0.455789	0.83839	0.481481	0.777778	0	0.111111	-0.037037	0	0.4444444444444444	0.8148148148148148	0.037037037037037035	0.	0.	0.037037037037037035	1	1	0	2	1	1	2	1	1	1	2	1
1	0	0.464827	0.906514	0.444444	0.888889	0.111111	0	0	0.037037	0.4444444444444444	0.8888888888888888	0.037037037037037035	0.	0.	0.037037037037037035	1	1	0	2	2	0	2	1	1	2	0	0
1	0	0.496438	0.920014	0.444444	0.888889	0.111111	0	0	0.037037	0.48148148148148145	0.9259259259259259	0.	-0.037037037037037035	0.037037037037037035	0.	1	1	1	2	2	0	2	1	1	2	0	1
1	0	0.516293	0.961665	0.555556	0.925926	0	0.037037	-0.111111	0	0.5555555555555556	0.9259259259259259	0.	0.037037037037037035	-0.037037037037037035	0.	1	1	2	2	2	1	2	1	1	2	1	0
1	0	0.446138	0.946865	0.555556	0.925926	0	0.037037	-0.111111	0	0.5185185185185185	0.9629629629629629	-0.037037037037037035	0.	0.	-0.037037037037037035	1	1	1	2	2	1	2	1	1	2	1	1
1	0	0.541961	0.976471	0.444444	0.962963	0.111111	0	0	0.037037	0.4444444444444444	0.9629629629629629	0.037037037037037035	0.	0.	0.037037037037037035	1	1	0	2	2	2	2	1	1	2	2	0
1	0	0.47223	0.964179	0.444444	0.962963	0.111111	0	0	0.037037	0.48148148148148145	1.	0.	-0.037037037037037035	0.037037037037037035	0.	1	1	1	2	2	2	2	1	1	2	2	1
1	0	0.577966	0.991787	0.555556	1	0	-0.111111	0.037037	0	0.5555555555555556	1.	0.	-0.037037037037037035	0.037037037037037035	0.	1	2	0	2	2	2	2	1	2	0	0	0
1	0	0.567249	0.926671	0.555556	1	0	-0.111111	0.037037	0	0.5925925925925926	0.9629629629629629	-0.037037037037037035	0.	0.	-0.037037037037037035	1	2	0	2	2	1	2	1	2	0	0	1
1	0	0.557799	0.911058	0.555556	1	0	-0.111111	0.037037	0	0.5555555555555556	0.9259259259259259	0.	-0.037037037037037035	0.037037037037037035	0.	1	2	0	2	2	0	2	1	2	0	0	2
1	0	0.625503	0.924141	0.592593	0.888889	0.037037	0	0	0.111111	0.5925925925925926	0.8888888888888888	0.037037037037037035	0.	0.	0.037037037037037035	1	2	1	2	2	0	2	1	2	0	1	0
1	0	0.593669	0.941539	0.592593	0.888889	0.037037	0	0	0.111111	0.6296296296296297	0.9259259259259259	0.	0.037037037037037035	-0.037037037037037035	0.	1	2	1	2	2	1	2	1	2	0	1	1
1	0	0.654498	0.98226	0.62963	1	0	-0.111111	0.037037	0	0.6296296296296297	1.	0.	-0.037037037037037035	0.037037037037037035	0.	1	2	2	2	2	2	2	1	2	0	2	0
1	0	0.638681	0.933256	0.62963	1	0	-0.111111	0.037037	0	0.6666666666666666	0.9629629629629629	-0.037037037037037035	0.	0.	-0.037037037037037035	1	2	2	2	2	1	2	1	2	0	2	1
1	0	0.588473	0.8579	0.666667	0.888889	-0.111111	0	0	-0.037037	0.6666666666666666	0.8888888888888888	-0.037037037037037035	0.	0.	-0.037037037037037035	1	2	2	2	1	2	2	1	2	1	0	0
1	0	0.61016	0.888812	0.666667	0.888889	-0.111111	0	0	-0.037037	0.6296296296296297	0.8518518518518519	0.	0.037037037037037035	-0.037037037037037035	0.	1	2	1	2	1	2	2	1	2	1	0	1
1	0	0.5601	0.867407	0.666667	0.888889	-0.111111	0	0	-0.037037	0.5925925925925926	0.8888888888888888	-0.037037037037037035	0.	0.	-0.037037037037037035	1	2	0	2	1	2	2	1	2	1	0	2
1	0	0.651757	0.848302	0.555556	0.851852	0	-0.037037	0.111111	0	0.5555555555555556	0.8518518518518519	0.	-0.037037037037037035	0.037037037037037035	0.	1	2	0	2	1	1	2	1	2	1	1	0
1	0	0.600538	0.81975	0.555556	0.851852	0	-0.037037	0.111111	0	0.5925925925925926	0.8148148148148148	0.037037037037037035	0.	0.	0.037037037037037035	1	2	1	2	1	1	2	1	2	1	1	1
1	0	0.645505	0.806815	0.666667	0.814815	-0.111111	0	0	-0.037037	0.6666666666666666	0.8148148148148148	-0.037037037037037035	0.	0.	-0.037037037037037035	1	2	2	2	1	0	2	1	2	1	2	0
1	0	0.617751	0.791472	0.666667	0.814815	-0.111111	0	0	-0.037037	0.6296296296296297	0.7777777777777778	0.	0.037037037037037035	-0.037037037037037035	0.	1	2	1	2	1	0	2	1	2	1	2	1
1	0	0.58731	0.737812	0.555556	0.777778	0	-0.111111	0.037037	0	0.5555555555555556	0.7777777777777778	0.	-0.037037037037037035	0.037037037037037035	0.	1	2	0	2	0	2	2	1	2	2	0	0
1	0	0.572617	0.725874	0.555556	0.777778	0	-0.111111	0.037037	0	0.5925925925925926	0.7407407407407407	-0.037037037037037035	0.	0.	-0.037037037037037035	1	2	0	2	0	1	2	1	2	2	0	1
1	0	0.619573	0.67739	0.592593	0.666667	0.037037	0	0	0.111111	0.5925925925925926	0.6666666666666666	0.037037037037037035	0.	0.	0.037037037037037035	1	2	1	2	0	0	2	1	2	2	1	0
1	0	0.596905	0.75038	0.592593	0.666667	0.037037	0	0	0.111111	0.6296296296296297	0.7037037037037037	0.	0.037037037037037035	-0.037037037037037035	0.	1	2	1	2	0	1	2	1	2	2	1	1
1	0	0.630998	0.758363	0.62963	0.777778	0	-0.111111	0.037037	0	0.6296296296296297	0.7777777777777778	0.	-0.037037037037037035	0.037037037037037035	0.	1	2	2	2	0	2	2	1	2	2	2	0
1	0	0.663663	0.720636	0.62963	0.777778	0	-0.111111	0.037037	0	0.6666666666666666	0.7407407407407407	-0.037037037037037035	0.	0.	-0.037037037037037035	1	2	2	2	0	1	2	1	2	2	2	1
1	0	0.670857	0.669235	0.666667	0.666667	0.111111	0	0	0.037037	0.6666666666666666	0.6666666666666666	0.037037037037037035	0.	0.	0.037037037037037035	2	0	0	2	0	0	2	2	0	0	0	0
1	0	0.739255	0.698354	0.666667	0.666667	0.111111	0	0	0.037037	0.7037037037037037	0.7037037037037037	0.	-0.037037037037037035	0.037037037037037035	0.	2	0	1	2	0	0	2	2	0	0	0	1
1	0	0.753224	0.694188	0.666667	0.666667	0.111111	0	0	0.037037	0.7407407407407407	0.6666666666666666	0.037037037037037035	0.	0.	0.037037037037037035	2	0	2	2	0	0	2	2	0	0	0	2
1	0	0.687093	0.732801	0.777778	0.703704	0	0.037037	-0.111111	0	0.7777777777777778	0.7037037037037037	0.	0.037037037037037035	-0.037037037037037035	0.	2	0	2	2	0	1	2	2	0	0	1	0
1	0	0.712703	0.706639	0.777778	0.703704	0	0.037037	-0.111111	0	0.7407407407407407	0.7407407407407407	-0.037037037037037035	0.	0.	-0.037037037037037035	2	0	1	2	0	1	2	2	0	0	1	1
1	0	0.693078	0.774387	0.666667	0.740741	0.111111	0	0	0.037037	0.6666666666666666	0.7407407407407407	0.037037037037037035	0.	0.	0.037037037037037035	2	0	0	2	0	2	2	2	0	0	2	0
1	0	0.728518	0.772421	0.666667	0.740741	0.111111	0	0	0.037037	0.7037037037037037	0.7777777777777778	0.	-0.037037037037037035	0.037037037037037035	0.	2	0	1	2	0	2	2	2	0	0	2	1
1	0	0.777788	0.754192	0.777778	0.777778	0	-0.111111	0.037037	0	0.7777777777777778	0.7777777777777778	0.	-0.037037037037037035	0.037037037037037035	0.	2	1	0	2	0	2	2	2	0	1	0	0
1	0	0.803351	0.746294	0.777778	0.777778	0	-0.111111	0.037037	0	0.8148148148148148	0.7407407407407407	-0.037037037037037035	0.	0.	-0.037037037037037035	2	1	0	2	0	1	2	2	0	1	0	1
1	0	0.781466	0.670862	0.777778	0.777778	0	-0.111111	0.037037	0	0.7777777777777778	0.7037037037037037	0.	-0.037037037037037035	0.037037037037037035	0.	2	1	0	2	0	0	2	2	0	1	0	2
1	0	0.818194	0.68863	0.814815	0.666667	0.037037	0	0	0.111111	0.8148148148148148	0.6666666666666666	0.037037037037037035	0.	0.	0.037037037037037035	2	1	1	2	0	0	2	2	0	1	1	0
1	0	0.830798	0.724221	0.814815	0.666667	0.037037	0	0	0.111111	0.8518518518518519	0.7037037037037037	0.	0.037037037037037035	-0.037037037037037035	0.	2	1	1	2	0	1	2	2	0	1	1	1
1	0	0.879379	0.736502	0.851852	0.777778	0	-0.111111	0.037037	0	0.8518518518518519	0.7777777777777778	0.	-0.037037037037037035	0.037037037037037035	0.	2	1	2	2	0	2	2	2	0	1	2	0
1	0	0.863852	0.714382	0.851852	0.777778	0	-0.111111	0.037037	0	0.8888888888888888	0.7407407407407407	-0.037037037037037035	0.	0.	-0.037037037037037035	2	1	2	2	0	1	2	2	0	1	2	1
1	0	0.911811	0.675897	0.888889	0.666667	0.111111	0	0	0.037037	0.8888888888888888	0.6666666666666666	0.037037037037037035	0.	0.	0.037037037037037035	2	2	0	2	0	0	2	2	0	2	0	0
1	0	0.940758	0.683458	0.888889	0.666667	0.111111	0	0	0.037037	0.9259259259259259	0.7037037037037037	0.	-0.037037037037037035	0.037037037037037035	0.	2	2	1	2	0	0	2	2	0	2	0	1
1	0	0.964058	0.699819	0.888889	0.666667	0.111111	0	0	0.037037	0.9629629629629629	0.6666666666666666	0.037037037037037035	0.	0.	0.037037037037037035	2	2	2	2	0	0	2	2	0	2	0	2
1	0	0.980588	0.740667	1	0.703704	0	0.037037	-0.111111	0	1.	0.7037037037037037	0.	0.037037037037037035	-0.037037037037037035	0.	2	2	2	2	0	1	2	2	0	2	1	0
1	0	0.938781	0.72949	1	0.703704	0	0.037037	-0.111111	0	0.9629629629629629	0.7407407407407407	-0.037037037037037035	0.	0.	-0.037037037037037035	2	2	1	2	0	1	2	2	0	2	1	1
1	0	0.894217	0.76905	0.888889	0.740741	0.111111	0	0	0.037037	0.8888888888888888	0.7407407407407407	0.037037037037037035	0.	0.	0.037037037037037035	2	2	0	2	0	2	2	2	0	2	2	0
1	0	0.905956	0.761516	0.888889	0.740741	0.111111	0	0	0.037037	0.9259259259259259	0.7777777777777778	0.	-0.037037037037037035	0.037037037037037035	0.	2	2	1	2	0	2	2	2	0	2	2	1
1	0	0.97066	0.814058	1	0.777778	0	0.111111	-0.037037	0	1.	0.7777777777777778	0.	0.037037037037037035	-0.037037037037037035	0.	2	2	2	2	1	0	2	2	1	0	0	0
1	0	0.988279	0.885607	1	0.777778	0	0.111111	-0.037037	0	0.9629629629629629	0.8148148148148148	0.037037037037037035	0.	0.	0.037037037037037035	2	2	2	2	1	1	2	2	1	0	0	1
1	0	0.991898	0.779924	1	0.777778	0	0.111111	-0.037037	0	1.	0.8518518518518519	0.	0.037037037037037035	-0.037037037037037035	0.	2	2	2	2	1	2	2	2	1	0	0	2
1	0	0.927989	0.861901	0.962963	0.888889	-0.037037	0	0	-0.111111	0.9629629629629629	0.8888888888888888	-0.037037037037037035	0.	0.	-0.037037037037037035	2	2	1	2	1	2	2	2	1	0	1	0
1	0	0.958296	0.84696	0.962963	0.888889	-0.037037	0	0	-0.111111	0.9259259259259259	0.8518518518518519	0.	-0.037037037037037035	0.037037037037037035	0.	2	2	1	2	1	1	2	2	1	0	1	1
1	0	0.922594	0.788414	0.925926	0.777778	0	0.111111	-0.037037	0	0.9259259259259259	0.7777777777777778	0.	0.037037037037037035	-0.037037037037037035	0.	2	2	0	2	1	0	2	2	1	0	2	0
1	0	0.898072	0.823084	0.925926	0.777778	0	0.111111	-0.037037	0	0.8888888888888888	0.8148148148148148	0.037037037037037035	0.	0.	0.037037037037037035	2	2	0	2	1	1	2	2	1	0	2	1
1	0	0.86963	0.874925	0.888889	0.888889	-0.111111	0	0	-0.037037	0.8888888888888888	0.8888888888888888	-0.037037037037037035	0.	0.	-0.037037037037037035	2	1	2	2	1	2	2	2	1	1	0	0
1	0	0.847125	0.856449	0.888889	0.888889	-0.111111	0	0	-0.037037	0.8518518518518519	0.8518518518518519	0.	0.037037037037037035	-0.037037037037037035	0.	2	1	1	2	1	2	2	2	1	1	0	1
1	0	0.784829	0.880663	0.888889	0.888889	-0.111111	0	0	-0.037037	0.8148148148148148	0.8888888888888888	-0.037037037037037035	0.	0.	-0.037037037037037035	2	1	0	2	1	2	2	2	1	1	0	2
1	0	0.807719	0.830366	0.777778	0.851852	0	-0.037037	0.111111	0	0.7777777777777778	0.8518518518518519	0.	-0.037037037037037035	0.037037037037037035	0.	2	1	0	2	1	1	2	2	1	1	1	0
1	0	0.834312	0.834011	0.777778	0.851852	0	-0.037037	0.111111	0	0.8148148148148148	0.8148148148148148	0.037037037037037035	0.	0.	0.037037037037037035	2	1	1	2	1	1	2	2	1	1	1	1
1	0	0.887704	0.795734	0.888889	0.814815	-0.111111	0	0	-0.037037	0.8888888888888888	0.8148148148148148	-0.037037037037037035	0.	0.	-0.037037037037037035	2	1	2	2	1	0	2	2	1	1	2	0
1	0	0.790672	0.782661	0.888889	0.814815	-0.111111	0	0	-0.037037	0.8518518518518519	0.7777777777777778	0.	0.037037037037037035	-0.037037037037037035	0.	2	1	1	2	1	0	2	2	1	1	2	1
1	0	0.761676	0.802966	0.777778	0.777778	0	0.111111	-0.037037	0	0.7777777777777778	0.7777777777777778	0.	0.037037037037037035	-0.037037037037037035	0.	2	0	2	2	1	0	2	2	1	2	0	0
1	0	0.77138	0.840217	0.777778	0.777778	0	0.111111	-0.037037	0	0.7407407407407407	0.8148148148148148	0.037037037037037035	0.	0.	0.037037037037037035	2	0	2	2	1	1	2	2	1	2	0	1
1	0	0.733931	0.871235	0.740741	0.888889	-0.037037	0	0	-0.111111	0.7407407407407407	0.8888888888888888	-0.037037037037037035	0.	0.	-0.037037037037037035	2	0	1	2	1	2	2	2	1	2	1	0
1	0	0.709349	0.843994	0.740741	0.888889	-0.037037	0	0	-0.111111	0.7037037037037037	0.8518518518518519	0.	-0.037037037037037035	0.037037037037037035	0.	2	0	1	2	1	1	2	2	1	2	1	1
1	0	0.676709	0.798868	0.703704	0.777778	0	0.111111	-0.037037	0	0.7037037037037037	0.7777777777777778	0.	0.037037037037037035	-0.037037037037037035	0.	2	0	0	2	1	0	2	2	1	2	2	0
1	0	0.701548	0.811211	0.703704	0.777778	0	0.111111	-0.037037	0	0.6666666666666666	0.8148148148148148	0.037037037037037035	0.	0.	0.037037037037037035	2	0	0	2	1	1	2	2	1	2	2	1
1	0	0.667152	0.897578	0.666667	0.888889	0.111111	0	0	0.037037	0.6666666666666666	0.8888888888888888	0.037037037037037035	0.	0.	0.037037037037037035	2	0	0	2	2	0	2	2	2	0	0	0
1	0	0.718513	0.893508	0.666667	0.888889	0.111111	0	0	0.037037	0.7037037037037037	0.9259259259259259	0.	-0.037037037037037035	0.037037037037037035	0.	2	0	1	2	2	0	2	2	2	0	0	1
1	0	0.747566	0.902874	0.666667	0.888889	0.111111	0	0	0.037037	0.7407407407407407	0.8888888888888888	0.037037037037037035	0.	0.	0.037037037037037035	2	0	2	2	2	0	2	2	2	0	0	2
1	0	0.756753	0.945283	0.777778	0.925926	0	0.037037	-0.111111	0	0.7777777777777778	0.9259259259259259	0.	0.037037037037037035	-0.037037037037037035	0.	2	0	2	2	2	1	2	2	2	0	1	0
1	0	0.685844	0.951515	0.777778	0.925926	0	0.037037	-0.111111	0	0.7407407407407407	0.9629629629629629	-0.037037037037037035	0.	0.	-0.037037037037037035	2	0	1	2	2	1	2	2	2	0	1	1
1	0	0.698398	0.965936	0.666667	0.962963	0.111111	0	0	0.037037	0.6666666666666666	0.9629629629629629	0.037037037037037035	0.	0.	0.037037037037037035	2	0	0	2	2	2	2	2	2	0	2	0
1	0	0.740447	0.980387	0.666667	0.962963	0.111111	0	0	0.037037	0.7037037037037037	1.	0.	-0.037037037037037035	0.037037037037037035	0.	2	0	1	2	2	2	2	2	2	0	2	1
1	0	0.793731	0.969873	0.777778	1	0	-0.111111	0.037037	0	0.7777777777777778	1.	0.	-0.037037037037037035	0.037037037037037035	0.	2	1	0	2	2	2	2	2	2	1	0	0
1	0	0.804369	0.936909	0.777778	1	0	-0.111111	0.037037	0	0.8148148148148148	0.9629629629629629	-0.037037037037037035	0.	0.	-0.037037037037037035	2	1	0	2	2	1	2	2	2	1	0	1
1	0	0.814567	0.918299	0.777778	1	0	-0.111111	0.037037	0	0.7777777777777778	0.9259259259259259	0.	-0.037037037037037035	0.037037037037037035	0.	2	1	0	2	2	0	2	2	2	1	0	2
1	0	0.843603	0.898955	0.814815	0.888889	0.037037	0	0	0.111111	0.8148148148148148	0.8888888888888888	0.037037037037037035	0.	0.	0.037037037037037035	2	1	1	2	2	0	2	2	2	1	1	0
1	0	0.8518	0.955224	0.814815	0.888889	0.037037	0	0	0.111111	0.8518518518518519	0.9259259259259259	0.	0.037037037037037035	-0.037037037037037035	0.	2	1	1	2	2	1	2	2	2	1	1	1
1	0	0.858115	0.99553	0.851852	1	0	-0.111111	0.037037	0	0.8518518518518519	1.	0.	-0.037037037037037035	0.037037037037037035	0.	2	1	2	2	2	2	2	2	2	1	2	0
1	0	0.882732	0.912698	0.851852	1	0	-0.111111	0.037037	0	0.8888888888888888	0.9629629629629629	-0.037037037037037035	0.	0.	-0.037037037037037035	2	1	2	2	2	1	2	2	2	1	2	1
1	0	0.933228	0.925628	0.888889	0.888889	0.111111	0	0	0.037037	0.8888888888888888	0.8888888888888888	0.037037037037037035	0.	0.	0.037037037037037035	2	2	0	2	2	0	2	2	2	2	0	0
1	0	0.95266	0.890105	0.888889	0.888889	0.111111	0	0	0.037037	0.9259259259259259	0.9259259259259259	0.	-0.037037037037037035	0.037037037037037035	0.	2	2	1	2	2	0	2	2	2	2	0	1
1	0	0.913038	0.958398	1	0.925926	0	0.037037	-0.111111	0	1.	0.9259259259259259	0.	0.037037037037037035	-0.037037037037037035	0.	2	2	2	2	2	1	2	2	2	2	1	0
1	0	0.967558	0.938278	1	0.925926	0	0.037037	-0.111111	0	0.9629629629629629	0.9629629629629629	-0.037037037037037035	0.	0.	-0.037037037037037035	2	2	1	2	2	1	2	2	2	2	1	1
1	0	0.891315	0.988039	0.888889	0.962963	0.111111	0	0	0.037037	0.8888888888888888	0.9629629629629629	0.037037037037037035	0.	0.	0.037037037037037035	2	2	0	2	2	2	2	2	2	2	2	0
1	0	0.945854	0.975279	0.888889	0.962963	0.111111	0	0	0.037037	0.9259259259259259	1.	0.	-0.037037037037037035	0.037037037037037035	0.	2	2	1	2	2	2	2	2	2	2	2	1
