0	0.2049989015079341	0.03969257891606588	0.18518518518518517	0.	0.037037037037037035	0.	0.	0.1111111111111111
1	0.490599151042835	0.4506785554476272	0.4444444444444444	0.4444444444444444	0.1111111111111111	0.	0.	0.037037037037037035
2	0.9892218348833893	0.9914894941621599	0.8888888888888888	0.9629629629629629	0.1111111111111111	0.	0.	0.037037037037037035
3	0.7766974589031952	0.18438875337850288	0.7407407407407407	0.1111111111111111	0.037037037037037035	0.	0.	0.1111111111111111
4	0.3120925379521336	0.6142997916319978	0.2962962962962963	0.5555555555555556	0.037037037037037035	0.	0.	0.1111111111111111
5	0.587557773693275	0.698412578449527	0.5555555555555556	0.6666666666666666	0.037037037037037035	0.	0.	0.1111111111111111
6	0.36439123727742057	0.2570173196665049	0.3333333333333333	0.2222222222222222	0.037037037037037035	0.	0.	0.1111111111111111
7	0.8788460884249549	0.4406408183882431	0.7777777777777778	0.4074074074074074	0.1111111111111111	0.	0.	0.037037037037037035
8	0.09515907748837035	0.7983231263744546	0.07407407407407407	0.7777777777777778	0.037037037037037035	0.	0.	0.1111111111111111
9	0.9235987963799542	0.2697168992525845	0.8888888888888888	0.25925925925925924	0.1111111111111111	0.	0.	0.037037037037037035
10	0.12447237915700429	0.36741065252918687	0.1111111111111111	0.3333333333333333	0.1111111111111111	0.	0.	0.037037037037037035
11	0.5422361885804479	0.825077056434841	0.5185185185185185	0.7777777777777778	0.037037037037037035	0.	0.	0.1111111111111111
12	0.6255837396698277	0.10038634705937469	0.5925925925925926	0.	0.037037037037037035	0.	0.	0.1111111111111111
13	0.6807774579693607	0.4817374557251841	0.6666666666666666	0.48148148148148145	0.1111111111111111	0.	0.	0.037037037037037035
14	0.2590343546165245	0.9021792795957848	0.2222222222222222	0.8888888888888888	0.1111111111111111	0.	0.	0.037037037037037035
15	0.01934171065485388	0.18937702251123498	0.	0.1111111111111111	0.037037037037037035	0.	0.	0.1111111111111111
16	0.37052849830046025	0.6352085575938653	0.3333333333333333	0.6296296296296297	0.1111111111111111	0.	0.	0.037037037037037035
17	0.8013762104702038	0.7300726635893884	0.7777777777777778	0.6666666666666666	0.037037037037037035	0.	0.	0.1111111111111111
18	0.4475784397659979	0.1283964445497701	0.4444444444444444	0.1111111111111111	0.037037037037037035	0.	0.	0.1111111111111111
19	0.9531131061751013	0.5569173188462937	0.9259259259259259	0.5555555555555556	0.037037037037037035	0.	0.	0.1111111111111111
20	0.16835581369230748	0.766637441143009	0.14814814814814814	0.6666666666666666	0.037037037037037035	0.	0.	0.1111111111111111
21	0.2879349961276829	0.2978598936894808	0.2222222222222222	0.2962962962962963	0.1111111111111111	0.	0.	0.037037037037037035
22	0.6370937323692586	0.40147891696387106	0.5555555555555556	0.37037037037037035	0.1111111111111111	0.	0.	0.037037037037037035
23	0.7194422122229747	0.874126579815452	0.7037037037037037	0.7777777777777778	0.037037037037037035	0.	0.	0.1111111111111111
24	0.8387718114034317	0.0165414345617293	0.8148148148148148	0.	0.037037037037037035	0.	0.	0.1111111111111111
25	0.06874261022025262	0.5287787907021786	0.	0.5185185185185185	0.1111111111111111	0.	0.	0.037037037037037035
26	0.40842650597828	0.9334197835881621	0.4074074074074074	0.8888888888888888	0.037037037037037035	0.	0.	0.1111111111111111
27	0.17339740473388676	0.1580524556786326	0.1111111111111111	0.14814814814814814	0.1111111111111111	0.	0.	0.037037037037037035
28	0.4630622852783607	0.6199860181719334	0.4444444444444444	0.5555555555555556	0.037037037037037035	0.	0.	0.1111111111111111
29	0.9351433510098464	0.6784454293536344	0.8888888888888888	0.6666666666666666	0.1111111111111111	0.	0.	0.037037037037037035
30	0.730158891174872	0.23147068163105508	0.6666666666666666	0.2222222222222222	0.1111111111111111	0.	0.	0.037037037037037035
31	0.2674215869878787	0.4174975423150633	0.25925925925925924	0.3333333333333333	0.037037037037037035	0.	0.	0.1111111111111111
32	0.6539313042544497	0.8105650593680053	0.5555555555555556	0.7777777777777778	0.1111111111111111	0.	0.	0.037037037037037035
33	0.4272331304948958	0.05707570532405854	0.4074074074074074	0.	0.037037037037037035	0.	0.	0.1111111111111111
34	0.8404104676387761	0.46696976490230657	0.8148148148148148	0.4444444444444444	0.037037037037037035	0.	0.	0.1111111111111111
35	0.048311452796361176	0.9660529182802202	0.	0.9629629629629629	0.1111111111111111	0.	0.	0.037037037037037035
36	0.9710326764192724	0.08053218028607326	0.8888888888888888	0.07407407407407407	0.1111111111111111	0.	0.	0.037037037037037035
37	0.22173466411581547	0.4967470912463796	0.18518518518518517	0.4444444444444444	0.037037037037037035	0.	0.	0.1111111111111111
38	0.49550829426232706	0.9246362668926026	0.4444444444444444	0.8888888888888888	0.1111111111111111	0.	0.	0.037037037037037035
39	0.5622790968772606	0.2056842309476651	0.5555555555555556	0.18518518518518517	0.1111111111111111	0.	0.	0.037037037037037035
40	0.7411129771198033	0.6522177061902027	0.7407407407407407	0.5555555555555556	0.037037037037037035	0.	0.	0.1111111111111111
41	0.3278175099304054	0.7126245337358327	0.2222222222222222	0.7037037037037037	0.1111111111111111	0.	0.	0.037037037037037035
42	0.10180570840519829	0.28350901269275236	0.	0.25925925925925924	0.1111111111111111	0.	0.	0.037037037037037035
43	0.3354931537104809	0.3408251131498624	0.3333333333333333	0.3333333333333333	0.1111111111111111	0.	0.	0.037037037037037035
44	0.8594889698773778	0.8367542068741749	0.7777777777777778	0.8148148148148148	0.1111111111111111	0.	0.	0.037037037037037035
45	0.5469866867745	0.3191433361009808	0.4444444444444444	0.2962962962962963	0.1111111111111111	0.	0.	0.037037037037037035
46	0.900583741885336	0.3727642903952523	0.8888888888888888	0.3333333333333333	0.037037037037037035	0.	0.	0.1111111111111111
47	0.1404678160942593	0.8862513188695431	0.1111111111111111	0.8518518518518519	0.1111111111111111	0.	0.	0.037037037037037035
48	0.2318918080418474	0.030066694106447557	0.2222222222222222	0.	0.1111111111111111	0.	0.	0.037037037037037035
49	0.6005777166490196	0.5394053178225171	0.5925925925925926	0.4444444444444444	0.037037037037037035	0.	0.	0.1111111111111111
50	0.7014312219300306	0.9497657208315587	0.6666666666666666	0.9259259259259259	0.1111111111111111	0.	0.	0.037037037037037035
51	0.8104458770635644	0.1439792471412975	0.7777777777777778	0.1111111111111111	0.1111111111111111	0.	0.	0.037037037037037035
52	0.03293452384582926	0.5769921055121756	0.	0.5555555555555556	0.037037037037037035	0.	0.	0.1111111111111111
53	0.38734692217065475	0.7501102916629688	0.37037037037037035	0.6666666666666666	0.037037037037037035	0.	0.	0.1111111111111111
54	0.1141446686195611	0.2445251710302119	0.1111111111111111	0.2222222222222222	0.037037037037037035	0.	0.	0.1111111111111111
55	0.5276147118452134	0.431229933393292	0.5185185185185185	0.3333333333333333	0.037037037037037035	0.	0.	0.1111111111111111
56	0.9130785043913013	0.7843253741801973	0.8888888888888888	0.7777777777777778	0.037037037037037035	0.	0.	0.1111111111111111
57	0.6676438529816631	0.07350336944449351	0.6666666666666666	0.037037037037037035	0.1111111111111111	0.	0.	0.037037037037037035
58	0.23921801926175357	0.4722828198175136	0.2222222222222222	0.4444444444444444	0.1111111111111111	0.	0.	0.037037037037037035
59	0.6165177908285587	0.9868599670266793	0.5925925925925926	0.8888888888888888	0.037037037037037035	0.	0.	0.1111111111111111
60	0.3975395572500726	0.1610063718992759	0.3333333333333333	0.14814814814814814	0.1111111111111111	0.	0.	0.037037037037037035
61	0.7798151807780787	0.5927695708421864	0.7777777777777778	0.5925925925925926	0.1111111111111111	0.	0.	0.037037037037037035
62	0.006532774436373876	0.6835116301760694	0.	0.6666666666666666	0.1111111111111111	0.	0.	0.037037037037037035
63	0.9455410630076406	0.2147330614377152	0.9259259259259259	0.1111111111111111	0.037037037037037035	0.	0.	0.1111111111111111
64	0.15303881962043916	0.6579355615856444	0.1111111111111111	0.6296296296296297	0.1111111111111111	0.	0.	0.037037037037037035
65	0.47419943072069504	0.7256487700456474	0.4444444444444444	0.7037037037037037	0.1111111111111111	0.	0.	0.037037037037037035
66	0.6644191938955505	0.28430055661477077	0.6296296296296297	0.2222222222222222	0.037037037037037035	0.	0.	0.1111111111111111
67	0.7080924554130469	0.3472157964951271	0.7037037037037037	0.3333333333333333	0.037037037037037035	0.	0.	0.1111111111111111
68	0.2792971316840533	0.8453398825446908	0.25925925925925924	0.7777777777777778	0.037037037037037035	0.	0.	0.1111111111111111
69	0.05553689323161567	0.09169965195103556	0.	0.07407407407407407	0.1111111111111111	0.	0.	0.037037037037037035
70	0.43286588283667143	0.507692241164182	0.4074074074074074	0.4444444444444444	0.037037037037037035	0.	0.	0.1111111111111111
71	0.8245140936088522	0.8931225326426484	0.8148148148148148	0.8888888888888888	0.037037037037037035	0.	0.	0.1111111111111111
72	0.5090885336905004	0.00119103148414022	0.4444444444444444	0.	0.1111111111111111	0.	0.	0.037037037037037035
73	0.9796757100956182	0.550162948833268	0.8888888888888888	0.5185185185185185	0.1111111111111111	0.	0.	0.037037037037037035
74	0.186839454086453	0.9585863668661055	0.18518518518518517	0.8888888888888888	0.037037037037037035	0.	0.	0.1111111111111111
75	0.2995112579087164	0.11874244214275409	0.2962962962962963	0.1111111111111111	0.037037037037037035	0.	0.	0.1111111111111111
76	0.5737306070390442	0.5902749282145822	0.5555555555555556	0.5555555555555556	0.1111111111111111	0.	0.	0.037037037037037035
77	0.759371465078434	0.761585773195043	0.6666666666666666	0.7407407407407407	0.1111111111111111	0.	0.	0.037037037037037035
78	0.8743345966919163	0.33197353173543687	0.8518518518518519	0.2222222222222222	0.037037037037037035	0.	0.	0.1111111111111111
79	0.08382478019466165	0.3828269426745091	0.07407407407407407	0.3333333333333333	0.037037037037037035	0.	0.	0.1111111111111111
80	0.3565605199574253	0.8582765258275571	0.3333333333333333	0.8518518518518519	0.1111111111111111	0.	0.	0.037037037037037035
81	0.38296365545774386	0.2763075117932994	0.37037037037037035	0.2222222222222222	0.037037037037037035	0.	0.	0.1111111111111111
82	0.8057024237559103	0.3340672473657771	0.7777777777777778	0.3333333333333333	0.1111111111111111	0.	0.	0.037037037037037035
83	0.02978463967264949	0.8332091517235165	0.	0.7777777777777778	0.037037037037037035	0.	0.	0.1111111111111111
84	0.1394575976250618	0.07434541663248652	0.1111111111111111	0.	0.037037037037037035	0.	0.	0.1111111111111111
85	0.553498611341298	0.5033517617254017	0.4444444444444444	0.48148148148148145	0.1111111111111111	0.	0.	0.037037037037037035
86	0.8961656508225269	0.9184339103620992	0.8888888888888888	0.8888888888888888	0.1111111111111111	0.	0.	0.037037037037037035
87	0.6990982288153239	0.1985577088739534	0.6666666666666666	0.1111111111111111	0.037037037037037035	0.	0.	0.1111111111111111
88	0.23029899605197868	0.6482429628719679	0.2222222222222222	0.5555555555555556	0.037037037037037035	0.	0.	0.1111111111111111
89	0.5963773468195002	0.7107635325227554	0.5925925925925926	0.6666666666666666	0.037037037037037035	0.	0.	0.1111111111111111
90	0.04167688801129289	0.13630856868112956	0.037037037037037035	0.1111111111111111	0.037037037037037035	0.	0.	0.1111111111111111
91	0.42352537873476614	0.5735670285281858	0.3333333333333333	0.5555555555555556	0.1111111111111111	0.	0.	0.037037037037037035
92	0.8483747315009281	0.7484558756347378	0.8148148148148148	0.6666666666666666	0.037037037037037035	0.	0.	0.1111111111111111
93	0.9309857908246388	0.31370565862526356	0.8888888888888888	0.2962962962962963	0.1111111111111111	0.	0.	0.037037037037037035
94	0.18277516809391048	0.381572433219108	0.1111111111111111	0.37037037037037035	0.1111111111111111	0.	0.	0.037037037037037035
95	0.4582280985144284	0.8832572671016719	0.4444444444444444	0.7777777777777778	0.037037037037037035	0.	0.	0.1111111111111111
96	0.647714199751578	0.02496372186792974	0.6296296296296297	0.	0.037037037037037035	0.	0.	0.1111111111111111
97	0.7391609447549551	0.5364658708073644	0.6666666666666666	0.5185185185185185	0.1111111111111111	0.	0.	0.037037037037037035
98	0.2595562526723602	0.9428681635885292	0.2222222222222222	0.9259259259259259	0.1111111111111111	0.	0.	0.037037037037037035
99	0.8547270474036974	0.052818935104556805	0.8518518518518519	0.	0.037037037037037035	0.	0.	0.1111111111111111
100	0.11091841608821058	0.46364600677241585	0.	0.4444444444444444	0.1111111111111111	0.	0.	0.037037037037037035
101	0.3430114542376032	0.9720212852931137	0.3333333333333333	0.8888888888888888	0.037037037037037035	0.	0.	0.1111111111111111
102	0.5058436794928176	0.1563275976695526	0.48148148148148145	0.1111111111111111	0.037037037037037035	0.	0.	0.1111111111111111
103	0.9654077691280804	0.6269396264859566	0.9629629629629629	0.5555555555555556	0.037037037037037035	0.	0.	0.1111111111111111
104	0.21550179637849076	0.6718590464980114	0.18518518518518517	0.6666666666666666	0.037037037037037035	0.	0.	0.1111111111111111
105	0.3243538736365937	0.2287309125770062	0.2222222222222222	0.2222222222222222	0.1111111111111111	0.	0.	0.037037037037037035
106	0.5576392828998433	0.4118385136139078	0.5555555555555556	0.4074074074074074	0.1111111111111111	0.	0.	0.037037037037037035
107	0.7510156240945051	0.8056423537957659	0.7407407407407407	0.7777777777777778	0.037037037037037035	0.	0.	0.1111111111111111
108	0.3524729844631423	0.08918579161671544	0.3333333333333333	0.	0.037037037037037035	0.	0.	0.1111111111111111
109	0.8687490394104237	0.5179781211829506	0.8518518518518519	0.4444444444444444	0.037037037037037035	0.	0.	0.1111111111111111
110	0.07984341014034495	0.8915302523747868	0.	0.8888888888888888	0.1111111111111111	0.	0.	0.037037037037037035
111	0.1974902941525463	0.2117714619201085	0.1111111111111111	0.18518518518518517	0.1111111111111111	0.	0.	0.037037037037037035
112	0.5145506824240264	0.6640633789505127	0.48148148148148145	0.5555555555555556	0.037037037037037035	0.	0.	0.1111111111111111
113	0.9772536027816191	0.7215201878494351	0.8888888888888888	0.7037037037037037	0.1111111111111111	0.	0.	0.037037037037037035
114	0.7549640058745921	0.29314424995903265	0.6666666666666666	0.25925925925925924	0.1111111111111111	0.	0.	0.037037037037037035
115	0.30586619112272423	0.355327227758812	0.2962962962962963	0.3333333333333333	0.037037037037037035	0.	0.	0.1111111111111111
116	0.5679601516033053	0.8402553355922276	0.5555555555555556	0.8148148148148148	0.1111111111111111	0.	0.	0.037037037037037035
117	0.0006068522617553145	0.3283584536146374	0.	0.2962962962962963	0.1111111111111111	0.	0.	0.037037037037037035
118	0.40503208130533336	0.3913515400059288	0.3333333333333333	0.37037037037037035	0.1111111111111111	0.	0.	0.037037037037037035
119	0.7873148615706451	0.8554410657408467	0.7777777777777778	0.8518518518518519	0.1111111111111111	0.	0.	0.037037037037037035
120	0.9088720989147272	0.01170245369581714	0.8888888888888888	0.	0.1111111111111111	0.	0.	0.037037037037037035
121	0.12146516511847849	0.5441752049412131	0.1111111111111111	0.4444444444444444	0.037037037037037035	0.	0.	0.1111111111111111
122	0.5260995562197365	0.9532036391601374	0.4444444444444444	0.9259259259259259	0.1111111111111111	0.	0.	0.037037037037037035
123	0.6095361380504237	0.1119328065962631	0.5555555555555556	0.1111111111111111	0.1111111111111111	0.	0.	0.037037037037037035
124	0.6788650457771735	0.5863674589153355	0.6666666666666666	0.5555555555555556	0.037037037037037035	0.	0.	0.1111111111111111
125	0.23522524643759868	0.7585706796902696	0.2222222222222222	0.7407407407407407	0.1111111111111111	0.	0.	0.037037037037037035
126	0.8224633966979823	0.16951560693872678	0.7777777777777778	0.14814814814814814	0.1111111111111111	0.	0.	0.037037037037037035
127	0.05149642029730991	0.6016695570274808	0.037037037037037035	0.5555555555555556	0.037037037037037035	0.	0.	0.1111111111111111
128	0.44417260630047195	0.6830044430957634	0.4074074074074074	0.6666666666666666	0.037037037037037035	0.	0.	0.1111111111111111
129	0.47318438287346226	0.24064889264714817	0.4444444444444444	0.2222222222222222	0.1111111111111111	0.	0.	0.037037037037037035
130	0.9415876634237587	0.42404773537932317	0.9259259259259259	0.3333333333333333	0.037037037037037035	0.	0.	0.1111111111111111
131	0.14918551369302166	0.7808048186802702	0.1111111111111111	0.7777777777777778	0.1111111111111111	0.	0.	0.037037037037037035
132	0.2737342517438892	0.06738074970526405	0.2222222222222222	0.037037037037037035	0.1111111111111111	0.	0.	0.037037037037037035
133	0.6587517290547841	0.48134344799714496	0.6296296296296297	0.4444444444444444	0.037037037037037035	0.	0.	0.1111111111111111
134	0.7041315403085628	0.9824419551198972	0.6666666666666666	0.9629629629629629	0.1111111111111111	0.	0.	0.037037037037037035
135	0.4168611183941109	0.1885510758312011	0.3333333333333333	0.18518518518518517	0.1111111111111111	0.	0.	0.037037037037037035
136	0.8350542434355693	0.6323569384925671	0.7777777777777778	0.6296296296296297	0.1111111111111111	0.	0.	0.037037037037037035
137	0.0632975376787571	0.7376413658562767	0.	0.7037037037037037	0.1111111111111111	0.	0.	0.037037037037037035
138	0.16104632934544316	0.26395653104793154	0.14814814814814814	0.2222222222222222	0.037037037037037035	0.	0.	0.1111111111111111
139	0.4544058200287905	0.36330809803918246	0.4444444444444444	0.3333333333333333	0.037037037037037035	0.	0.	0.1111111111111111
140	0.9608622428846295	0.8216400879785857	0.9259259259259259	0.7777777777777778	0.037037037037037035	0.	0.	0.1111111111111111
141	0.7257346921921142	0.10900956763801929	0.6666666666666666	0.07407407407407407	0.1111111111111111	0.	0.	0.037037037037037035
142	0.2958019763723269	0.4914358388515688	0.2222222222222222	0.48148148148148145	0.1111111111111111	0.	0.	0.037037037037037035
143	0.6307492813060798	0.9132294747236939	0.6296296296296297	0.8888888888888888	0.037037037037037035	0.	0.	0.1111111111111111
144	0.0924812979281193	0.016408974694159757	0.	0.	0.1111111111111111	0.	0.	0.037037037037037035
145	0.3589002671461705	0.5230138004738654	0.3333333333333333	0.4444444444444444	0.037037037037037035	0.	0.	0.1111111111111111
146	0.8855044335733793	0.9269497523486253	0.8518518518518519	0.8888888888888888	0.037037037037037035	0.	0.	0.1111111111111111
147	0.9981656081178504	0.1268242897017595	0.9629629629629629	0.1111111111111111	0.037037037037037035	0.	0.	0.1111111111111111
148	0.2006470941533847	0.5672990507909524	0.1111111111111111	0.5555555555555556	0.1111111111111111	0.	0.	0.037037037037037035
149	0.4858333223913032	0.7744263735450845	0.4444444444444444	0.7407407407407407	0.1111111111111111	0.	0.	0.037037037037037035
150	0.5812548055505655	0.3056834620156945	0.5555555555555556	0.2222222222222222	0.037037037037037035	0.	0.	0.1111111111111111
151	0.7715650956877157	0.3968105672387399	0.7407407407407407	0.3333333333333333	0.037037037037037035	0.	0.	0.1111111111111111
152	0.3195910752842673	0.8711451775248434	0.2962962962962963	0.7777777777777778	0.037037037037037035	0.	0.	0.1111111111111111
153	0.7956194473063435	0.2541841860786735	0.7777777777777778	0.2222222222222222	0.037037037037037035	0.	0.	0.1111111111111111
154	0.01638573981907636	0.43870745307948855	0.	0.3333333333333333	0.037037037037037035	0.	0.	0.1111111111111111
155	0.3817634229458629	0.7930353093259694	0.3333333333333333	0.7777777777777778	0.1111111111111111	0.	0.	0.037037037037037035
156	0.5384932373396837	0.04729453789936237	0.4444444444444444	0.037037037037037035	0.1111111111111111	0.	0.	0.037037037037037035
157	0.9215095281137802	0.44550019483696773	0.8888888888888888	0.4444444444444444	0.1111111111111111	0.	0.	0.037037037037037035
158	0.1352135285063185	0.9965284481034936	0.1111111111111111	0.8888888888888888	0.037037037037037035	0.	0.	0.1111111111111111
159	0.25433555735355023	0.1802625828599375	0.2222222222222222	0.1111111111111111	0.037037037037037035	0.	0.	0.1111111111111111
160	0.6227181684583887	0.6102968111219332	0.5555555555555556	0.5925925925925926	0.1111111111111111	0.	0.	0.037037037037037035
161	0.6904627829324742	0.6944111767580435	0.6666666666666666	0.6666666666666666	0.1111111111111111	0.	0.	0.037037037037037035
162	0.714754227501203	0.12227118684990348	0.7037037037037037	0.1111111111111111	0.037037037037037035	0.	0.	0.1111111111111111
163	0.28012860207814144	0.5843149130229229	0.25925925925925924	0.5555555555555556	0.037037037037037035	0.	0.	0.1111111111111111
164	0.658168122853203	0.7565931410165213	0.6296296296296297	0.6666666666666666	0.037037037037037035	0.	0.	0.1111111111111111
165	0.43896827218827517	0.32193371080760436	0.4074074074074074	0.2222222222222222	0.037037037037037035	0.	0.	0.1111111111111111
166	0.8177827072365637	0.38739527015567826	0.7777777777777778	0.37037037037037035	0.1111111111111111	0.	0.	0.037037037037037035
167	0.057901712231504275	0.86286991995752	0.037037037037037035	0.7777777777777778	0.037037037037037035	0.	0.	0.1111111111111111
168	0.1602515013086982	0.006669102624564597	0.14814814814814814	0.	0.037037037037037035	0.	0.	0.1111111111111111
169	0.47760890794463545	0.5539798808455206	0.4444444444444444	0.5185185185185185	0.1111111111111111	0.	0.	0.037037037037037035
170	0.9488359928566745	0.9621357170916173	0.8888888888888888	0.9259259259259259	0.1111111111111111	0.	0.	0.037037037037037035
171	0.5774656125634078	0.06314106256092544	0.5555555555555556	0.	0.037037037037037035	0.	0.	0.1111111111111111
172	0.7631969855196101	0.4743092863802221	0.6666666666666666	0.4444444444444444	0.1111111111111111	0.	0.	0.037037037037037035
173	0.30068910733319526	0.9753553836092201	0.2222222222222222	0.9629629629629629	0.1111111111111111	0.	0.	0.037037037037037035
174	0.07793745088513719	0.1678521438928509	0.07407407407407407	0.1111111111111111	0.037037037037037035	0.	0.	0.1111111111111111
175	0.34843827787332127	0.6004819929214774	0.3333333333333333	0.5925925925925926	0.1111111111111111	0.	0.	0.037037037037037035
176	0.8654557150521106	0.690826411953998	0.8518518518518519	0.6666666666666666	0.037037037037037035	0.	0.	0.1111111111111111
177	0.9869234467187235	0.236991247512467	0.8888888888888888	0.2222222222222222	0.1111111111111111	0.	0.	0.037037037037037035
178	0.189817448365945	0.4211622891219881	0.1111111111111111	0.4074074074074074	0.1111111111111111	0.	0.	0.037037037037037035
179	0.5122767276599388	0.7894445510340573	0.48148148148148145	0.7777777777777778	0.037037037037037035	0.	0.	0.1111111111111111
180	0.24641857114927476	0.29012559615383	0.2222222222222222	0.25925925925925924	0.1111111111111111	0.	0.	0.037037037037037035
181	0.6071077292283665	0.35104641303573386	0.5555555555555556	0.3333333333333333	0.1111111111111111	0.	0.	0.037037037037037035
182	0.674111204961766	0.8493418391887545	0.6666666666666666	0.7777777777777778	0.037037037037037035	0.	0.	0.1111111111111111
183	0.7851856754363172	0.09559529258660347	0.7777777777777778	0.	0.037037037037037035	0.	0.	0.1111111111111111
184	0.010662802950861309	0.5124348125704489	0.	0.48148148148148145	0.1111111111111111	0.	0.	0.037037037037037035
185	0.39983183061165695	0.8977420775148178	0.37037037037037035	0.8888888888888888	0.037037037037037035	0.	0.	0.1111111111111111
186	0.5209609904412325	0.2201638618033958	0.5185185185185185	0.1111111111111111	0.037037037037037035	0.	0.	0.1111111111111111
187	0.9053174417938437	0.6611731471951139	0.8888888888888888	0.5555555555555556	0.037037037037037035	0.	0.	0.1111111111111111
188	0.1186141629179555	0.7183318312659849	0.1111111111111111	0.6666666666666666	0.037037037037037035	0.	0.	0.1111111111111111
189	0.6849482311883269	0.3027791972733446	0.6666666666666666	0.2962962962962963	0.1111111111111111	0.	0.	0.037037037037037035
190	0.2497901377986577	0.4055676122660272	0.2222222222222222	0.3333333333333333	0.037037037037037035	0.	0.	0.1111111111111111
191	0.6199043773340547	0.8644272158426465	0.5555555555555556	0.8518518518518519	0.1111111111111111	0.	0.	0.037037037037037035
192	0.37668654896566395	0.02358349371312333	0.37037037037037035	0.	0.037037037037037035	0.	0.	0.1111111111111111
193	0.7934564503634189	0.5195640835953138	0.7777777777777778	0.4444444444444444	0.037037037037037035	0.	0.	0.1111111111111111
194	0.02422081760368642	0.9372444324526504	0.	0.9259259259259259	0.1111111111111111	0.	0.	0.037037037037037035
195	0.12827164388819917	0.1336825029578306	0.1111111111111111	0.1111111111111111	0.1111111111111111	0.	0.	0.037037037037037035
196	0.5342828405064899	0.5615465224745337	0.5185185185185185	0.5555555555555556	0.037037037037037035	0.	0.	0.1111111111111111
197	0.9139871209375644	0.7730463949038414	0.8888888888888888	0.7407407407407407	0.1111111111111111	0.	0.	0.037037037037037035
198	0.6381572237049824	0.1761415875968294	0.5555555555555556	0.14814814814814814	0.1111111111111111	0.	0.	0.037037037037037035
199	0.7240492779754178	0.6065683540380161	0.7037037037037037	0.5555555555555556	0.037037037037037035	0.	0.	0.1111111111111111
200	0.2898407566324316	0.7033407647162409	0.2222222222222222	0.6666666666666666	0.1111111111111111	0.	0.	0.037037037037037035
201	0.07126152793638128	0.24971153070155078	0.	0.2222222222222222	0.1111111111111111	0.	0.	0.037037037037037035
202	0.41239618331079025	0.4327635581847953	0.3333333333333333	0.4074074074074074	0.1111111111111111	0.	0.	0.037037037037037035
203	0.8285656225751825	0.800196126608747	0.7777777777777778	0.7777777777777778	0.1111111111111111	0.	0.	0.037037037037037035
204	0.9560829499649927	0.04226276220512436	0.8888888888888888	0.037037037037037035	0.1111111111111111	0.	0.	0.037037037037037035
205	0.1707958541483678	0.4541001314982078	0.14814814814814814	0.4444444444444444	0.037037037037037035	0.	0.	0.1111111111111111
206	0.4496560342389808	0.9939130555379583	0.4444444444444444	0.9629629629629629	0.1111111111111111	0.	0.	0.037037037037037035
207	0.3151756600393256	0.1051154258046137	0.2222222222222222	0.07407407407407407	0.1111111111111111	0.	0.	0.037037037037037035
208	0.5919823030664063	0.4864404499783696	0.5555555555555556	0.4444444444444444	0.037037037037037035	0.	0.	0.1111111111111111
209	0.7685287470689243	0.9058784790634377	0.6666666666666666	0.8888888888888888	0.1111111111111111	0.	0.	0.037037037037037035
210	0.882402675404191	0.19457389358671728	0.7777777777777778	0.18518518518518517	0.1111111111111111	0.	0.	0.037037037037037035
211	0.08842940415575182	0.639098018896982	0.07407407407407407	0.5555555555555556	0.037037037037037035	0.	0.	0.1111111111111111
212	0.3674541547887347	0.7351482246120098	0.3333333333333333	0.6666666666666666	0.037037037037037035	0.	0.	0.1111111111111111
213	0.4851803737893343	0.2621559723445602	0.4444444444444444	0.25925925925925924	0.1111111111111111	0.	0.	0.037037037037037035
214	0.9946159971936847	0.36170848465373756	0.9629629629629629	0.3333333333333333	0.037037037037037035	0.	0.	0.1111111111111111
215	0.20644017702773929	0.8175406050865832	0.1111111111111111	0.8148148148148148	0.1111111111111111	0.	0.	0.037037037037037035
216	0.7455827562078162	0.034475615115613215	0.6666666666666666	0.	0.1111111111111111	0.	0.	0.037037037037037035
217	0.32964857639903156	0.5314761768661473	0.2222222222222222	0.5185185185185185	0.1111111111111111	0.	0.	0.037037037037037035
218	0.5645102316723368	0.9395370878281039	0.5555555555555556	0.8888888888888888	0.037037037037037035	0.	0.	0.1111111111111111
219	0.33806470072022093	0.1456191853601217	0.3333333333333333	0.1111111111111111	0.1111111111111111	0.	0.	0.037037037037037035
220	0.8636042065395256	0.5684168818787829	0.7777777777777778	0.5555555555555556	0.1111111111111111	0.	0.	0.037037037037037035
221	0.1048145425611017	0.7419620347785306	0.	0.7407407407407407	0.1111111111111111	0.	0.	0.037037037037037035
222	0.2124777264081835	0.3101467107314846	0.18518518518518517	0.2222222222222222	0.037037037037037035	0.	0.	0.1111111111111111
223	0.4989490974839313	0.37629120332869126	0.48148148148148145	0.3333333333333333	0.037037037037037035	0.	0.	0.1111111111111111
224	0.9744204442424312	0.877388547202004	0.9629629629629629	0.7777777777777778	0.037037037037037035	0.	0.	0.1111111111111111
225	0.6028455514476762	0.22433250899472518	0.5925925925925926	0.2222222222222222	0.037037037037037035	0.	0.	0.1111111111111111
226	0.6933455215374528	0.411234266617909	0.6666666666666666	0.3333333333333333	0.037037037037037035	0.	0.	0.1111111111111111
227	0.22593081544533386	0.8129252529026673	0.2222222222222222	0.7777777777777778	0.037037037037037035	0.	0.	0.1111111111111111
228	0.02615354622265904	0.0591701109884597	0.	0.037037037037037035	0.1111111111111111	0.	0.	0.037037037037037035
229	0.3940927648425602	0.4574362069942046	0.37037037037037035	0.4444444444444444	0.037037037037037035	0.	0.	0.1111111111111111
230	0.8143756778267175	0.9683651931652655	0.7777777777777778	0.8888888888888888	0.037037037037037035	0.	0.	0.1111111111111111
231	0.8928323518102144	0.1492990853838571	0.8888888888888888	0.1111111111111111	0.037037037037037035	0.	0.	0.1111111111111111
232	0.1466737355063669	0.6245855271049779	0.1111111111111111	0.5925925925925926	0.1111111111111111	0.	0.	0.037037037037037035
233	0.5480563462575844	0.6691459117262467	0.4444444444444444	0.6666666666666666	0.1111111111111111	0.	0.	0.037037037037037035
234	0.2685474859677164	0.2082194272728135	0.25925925925925924	0.1111111111111111	0.037037037037037035	0.	0.	0.1111111111111111
235	0.6437169253585862	0.6449863927219055	0.5555555555555556	0.6296296296296297	0.1111111111111111	0.	0.	0.037037037037037035
236	0.7341174066471912	0.7075235558850372	0.6666666666666666	0.7037037037037037	0.1111111111111111	0.	0.	0.037037037037037035
237	0.8464048442896541	0.27337621182618105	0.8148148148148148	0.2222222222222222	0.037037037037037035	0.	0.	0.1111111111111111
238	0.03949977720460726	0.345104525434637	0.037037037037037035	0.3333333333333333	0.037037037037037035	0.	0.	0.1111111111111111
239	0.4292585602857296	0.8300158564922981	0.3333333333333333	0.8148148148148148	0.1111111111111111	0.	0.	0.037037037037037035
240	0.46639781184451845	0.0843969862075794	0.4444444444444444	0.07407407407407407	0.1111111111111111	0.	0.	0.037037037037037035
241	0.9271059435372297	0.5020144395787665	0.8888888888888888	0.48148148148148145	0.1111111111111111	0.	0.	0.037037037037037035
242	0.17781109231250108	0.9138392609207958	0.14814814814814814	0.8888888888888888	0.037037037037037035	0.	0.	0.1111111111111111
243	0.09973772880831468	0.9542044483868276	0.	0.9259259259259259	0.1111111111111111	0.	0.	0.037037037037037035
244	0.3361875835121358	0.009215867775129467	0.3333333333333333	0.	0.037037037037037035	0.	0.	0.1111111111111111
245	0.8562524769652369	0.545745393794424	0.8518518518518519	0.4444444444444444	0.037037037037037035	0.	0.	0.1111111111111111
246	0.9676936601047964	0.7588537115289221	0.8888888888888888	0.7407407407407407	0.1111111111111111	0.	0.	0.037037037037037035
247	0.2185167797531397	0.1130824239912619	0.1111111111111111	0.1111111111111111	0.1111111111111111	0.	0.	0.037037037037037035
248	0.4975987825637859	0.5879271922898567	0.48148148148148145	0.5555555555555556	0.037037037037037035	0.	0.	0.1111111111111111
249	0.562588545319123	0.8521382925620126	0.5555555555555556	0.8518518518518519	0.1111111111111111	0.	0.	0.037037037037037035
250	0.7427809847540958	0.32543043432067936	0.6666666666666666	0.2962962962962963	0.1111111111111111	0.	0.	0.037037037037037035
251	0.3284286435007485	0.39303802713094677	0.2962962962962963	0.3333333333333333	0.037037037037037035	0.	0.	0.1111111111111111
252	0.8066697878404325	0.7780117234154162	0.7777777777777778	0.7777777777777778	0.1111111111111111	0.	0.	0.037037037037037035
253	0.03499918491232232	0.24228915523360456	0.	0.2222222222222222	0.1111111111111111	0.	0.	0.037037037037037035
254	0.38820745229093956	0.4265672897852337	0.3333333333333333	0.4074074074074074	0.1111111111111111	0.	0.	0.037037037037037035
255	0.5439131141736457	0.980463403765239	0.4444444444444444	0.9629629629629629	0.1111111111111111	0.	0.	0.037037037037037035
256	0.8983657005295866	0.06942708615151913	0.8888888888888888	0.037037037037037035	0.1111111111111111	0.	0.	0.037037037037037035
257	0.14159386908419289	0.4786813086353486	0.1111111111111111	0.4444444444444444	0.037037037037037035	0.	0.	0.1111111111111111
258	0.23384390837763186	0.6795413781019722	0.2222222222222222	0.6666666666666666	0.1111111111111111	0.	0.	0.037037037037037035
259	0.5967972144773858	0.1703314104622209	0.5555555555555556	0.14814814814814814	0.1111111111111111	0.	0.	0.037037037037037035
260	0.702384010120504	0.602971033539392	0.6666666666666666	0.5555555555555556	0.037037037037037035	0.	0.	0.1111111111111111
261	0.4246813389366199	0.7216501078410095	0.4074074074074074	0.6666666666666666	0.037037037037037035	0.	0.	0.1111111111111111
262	0.8420516930034299	0.21370193459231318	0.7777777777777778	0.18518518518518517	0.1111111111111111	0.	0.	0.037037037037037035
263	0.04620075131510834	0.665706325098361	0.037037037037037035	0.5555555555555556	0.037037037037037035	0.	0.	0.1111111111111111
264	0.17523996001151088	0.8409230622802708	0.1111111111111111	0.8148148148148148	0.1111111111111111	0.	0.	0.037037037037037035
265	0.46389053866826674	0.29364305252322365	0.4444444444444444	0.25925925925925924	0.1111111111111111	0.	0.	0.037037037037037035
266	0.9368502896431307	0.35798798189013686	0.9259259259259259	0.3333333333333333	0.037037037037037035	0.	0.	0.1111111111111111
267	0.7318312541114296	0.8923473499272432	0.6666666666666666	0.8888888888888888	0.1111111111111111	0.	0.	0.037037037037037035
268	0.2643336458473504	0.08738595736306898	0.2222222222222222	0.07407407407407407	0.1111111111111111	0.	0.	0.037037037037037035
269	0.6509606172807929	0.5148786981165573	0.6296296296296297	0.4444444444444444	0.037037037037037035	0.	0.	0.1111111111111111
270	0.05710439508186844	0.7751182092660739	0.	0.7407407407407407	0.1111111111111111	0.	0.	0.037037037037037035
271	0.43455078942232533	0.1234705804799773	0.3333333333333333	0.1111111111111111	0.1111111111111111	0.	0.	0.037037037037037035
272	0.8270147718835111	0.5646801865453224	0.7777777777777778	0.5555555555555556	0.1111111111111111	0.	0.	0.037037037037037035
273	0.942963608549194	0.8689706823086134	0.9259259259259259	0.7777777777777778	0.037037037037037035	0.	0.	0.1111111111111111
274	0.15384804028782278	0.3070422569554223	0.14814814814814814	0.2222222222222222	0.037037037037037035	0.	0.	0.1111111111111111
275	0.4750883537636889	0.39821954193720166	0.4444444444444444	0.3333333333333333	0.037037037037037035	0.	0.	0.1111111111111111
276	0.6659638841833857	0.9283442776306029	0.6296296296296297	0.8888888888888888	0.037037037037037035	0.	0.	0.1111111111111111
277	0.7100164785898385	0.01325259112285446	0.6666666666666666	0.	0.1111111111111111	0.	0.	0.037037037037037035
278	0.2762016844872308	0.5245676410263371	0.2222222222222222	0.5185185185185185	0.1111111111111111	0.	0.	0.037037037037037035
279	0.8753517611024784	0.9972800190922959	0.8518518518518519	0.8888888888888888	0.037037037037037035	0.	0.	0.1111111111111111
280	0.08519068110859086	0.048159677137433646	0.	0.037037037037037035	0.1111111111111111	0.	0.	0.037037037037037035
281	0.357528776268034	0.4467211851565238	0.3333333333333333	0.4444444444444444	0.037037037037037035	0.	0.	0.1111111111111111
282	0.5065834743018284	0.6919410673364429	0.4444444444444444	0.6666666666666666	0.1111111111111111	0.	0.	0.037037037037037035
283	0.9816989510502286	0.1772848862759381	0.9629629629629629	0.1111111111111111	0.037037037037037035	0.	0.	0.1111111111111111
284	0.1891344359607854	0.6113960835630112	0.1111111111111111	0.5925925925925926	0.1111111111111111	0.	0.	0.037037037037037035
285	0.2964652582773785	0.7902938986447531	0.2962962962962963	0.7777777777777778	0.037037037037037035	0.	0.	0.1111111111111111
286	0.5758206763297953	0.2510507827065388	0.5555555555555556	0.2222222222222222	0.037037037037037035	0.	0.	0.1111111111111111
287	0.7611389615138984	0.4395353218743506	0.7407407407407407	0.3333333333333333	0.037037037037037035	0.	0.	0.1111111111111111
288	0.39808105674727656	0.8218380890364663	0.3333333333333333	0.8148148148148148	0.1111111111111111	0.	0.	0.037037037037037035
289	0.7813231762246834	0.2656347825045807	0.7777777777777778	0.2222222222222222	0.037037037037037035	0.	0.	0.1111111111111111
290	0.006973687272727935	0.36474744886298466	0.	0.3333333333333333	0.037037037037037035	0.	0.	0.1111111111111111
291	0.11207648252869419	0.9095262133473103	0.1111111111111111	0.8888888888888888	0.037037037037037035	0.	0.	0.1111111111111111
292	0.5285627420701542	0.1105066154619406	0.4444444444444444	0.07407407407407407	0.1111111111111111	0.	0.	0.037037037037037035
293	0.909560139448381	0.493011692523056	0.8888888888888888	0.48148148148148145	0.1111111111111111	0.	0.	0.037037037037037035
294	0.6680834089804681	0.7388097045120398	0.6666666666666666	0.7037037037037037	0.1111111111111111	0.	0.	0.037037037037037035
295	0.24140323065532718	0.18560919218704508	0.2222222222222222	0.1111111111111111	0.037037037037037035	0.	0.	0.1111111111111111
296	0.6143960995654344	0.6336785438658958	0.5555555555555556	0.6296296296296297	0.1111111111111111	0.	0.	0.037037037037037035
297	0.016947666733581897	0.8847207501889933	0.	0.7777777777777778	0.037037037037037035	0.	0.	0.1111111111111111
298	0.3729700977860948	0.3151812732341061	0.37037037037037035	0.2222222222222222	0.037037037037037035	0.	0.	0.1111111111111111
299	0.7990974022371163	0.3787672752640607	0.7777777777777778	0.37037037037037035	0.1111111111111111	0.	0.	0.037037037037037035
300	0.9257311599404507	0.9438183946951757	0.8888888888888888	0.9259259259259259	0.1111111111111111	0.	0.	0.037037037037037035
301	0.1252425036302094	0.026398535846839696	0.1111111111111111	0.	0.037037037037037035	0.	0.	0.1111111111111111
302	0.539201522027229	0.5378996333877427	0.4444444444444444	0.5185185185185185	0.1111111111111111	0.	0.	0.037037037037037035
303	0.6272839397161224	0.7449137931370481	0.5925925925925926	0.6666666666666666	0.037037037037037035	0.	0.	0.1111111111111111
304	0.6824490534366136	0.13803771402153867	0.6666666666666666	0.1111111111111111	0.037037037037037035	0.	0.	0.1111111111111111
305	0.2555443645280894	0.5755084471022904	0.2222222222222222	0.5555555555555556	0.037037037037037035	0.	0.	0.1111111111111111
306	0.8366362316991447	0.6726612024899901	0.8148148148148148	0.6666666666666666	0.037037037037037035	0.	0.	0.1111111111111111
307	0.06646138686795164	0.15270390874964798	0.037037037037037035	0.1111111111111111	0.037037037037037035	0.	0.	0.1111111111111111
308	0.4090139650134336	0.6292372248111362	0.3333333333333333	0.5925925925925926	0.1111111111111111	0.	0.	0.037037037037037035
309	0.44467899235620095	0.8025828167630373	0.4444444444444444	0.7777777777777778	0.037037037037037035	0.	0.	0.1111111111111111
310	0.9546440887040093	0.22931875362602896	0.8888888888888888	0.2222222222222222	0.1111111111111111	0.	0.	0.037037037037037035
311	0.16592648683241598	0.413345232239382	0.1111111111111111	0.4074074074074074	0.1111111111111111	0.	0.	0.037037037037037035
312	0.28411233390739266	0.973686840811354	0.2222222222222222	0.9629629629629629	0.1111111111111111	0.	0.	0.037037037037037035
313	0.6346142859780449	0.049688448459936765	0.6296296296296297	0.	0.037037037037037035	0.	0.	0.1111111111111111
314	0.7164707638027545	0.4645037320160937	0.6666666666666666	0.4444444444444444	0.1111111111111111	0.	0.	0.037037037037037035
315	0.3654099521136409	0.9202121307184314	0.3333333333333333	0.8888888888888888	0.037037037037037035	0.	0.	0.1111111111111111
316	0.880022403771216	0.07566616075382632	0.8518518518518519	0.	0.037037037037037035	0.	0.	0.1111111111111111
317	0.09674199411447923	0.5037887313870658	0.	0.48148148148148145	0.1111111111111111	0.	0.	0.037037037037037035
318	0.20241766820959228	0.708738945915687	0.18518518518518517	0.6666666666666666	0.037037037037037035	0.	0.	0.1111111111111111
319	0.49173900901594625	0.19962214061769287	0.48148148148148145	0.1111111111111111	0.037037037037037035	0.	0.	0.1111111111111111
320	0.9913948966872184	0.6494576628685566	0.9629629629629629	0.5555555555555556	0.037037037037037035	0.	0.	0.1111111111111111
321	0.7741343437311081	0.8344526619327386	0.7407407407407407	0.7777777777777778	0.037037037037037035	0.	0.	0.1111111111111111
322	0.310004065548187	0.2774976484701785	0.2222222222222222	0.25925925925925924	0.1111111111111111	0.	0.	0.037037037037037035
323	0.5844653765846648	0.33528596022877527	0.5555555555555556	0.3333333333333333	0.1111111111111111	0.	0.	0.037037037037037035
324	0.6117964796986598	0.8023585823653568	0.5555555555555556	0.7777777777777778	0.1111111111111111	0.	0.	0.037037037037037035
325	0.6758977367009276	0.2482764379557633	0.6666666666666666	0.2222222222222222	0.1111111111111111	0.	0.	0.037037037037037035
326	0.23674455173174896	0.4340574529259517	0.2222222222222222	0.3333333333333333	0.037037037037037035	0.	0.	0.1111111111111111
327	0.001964791111843683	0.9951424742536009	0.	0.9629629629629629	0.1111111111111111	0.	0.	0.037037037037037035
328	0.40638942992678595	0.04298547479936371	0.37037037037037035	0.	0.037037037037037035	0.	0.	0.1111111111111111
329	0.7875366206217004	0.4564285060308207	0.7777777777777778	0.4444444444444444	0.037037037037037035	0.	0.	0.1111111111111111
330	0.9062104878333713	0.700516193745585	0.8888888888888888	0.6666666666666666	0.1111111111111111	0.	0.	0.037037037037037035
331	0.12326594924444828	0.1732755113355229	0.1111111111111111	0.14814814814814814	0.1111111111111111	0.	0.	0.037037037037037035
332	0.5237270599456259	0.6080586572522068	0.5185185185185185	0.5555555555555556	0.037037037037037035	0.	0.	0.1111111111111111
333	0.27553177842727183	0.7365612147580557	0.2222222222222222	0.7037037037037037	0.1111111111111111	0.	0.	0.037037037037037035
334	0.6601200588541924	0.19577487119772158	0.5555555555555556	0.18518518518518517	0.1111111111111111	0.	0.	0.037037037037037035
335	0.7055491705464929	0.6396890846937111	0.7037037037037037	0.5555555555555556	0.037037037037037035	0.	0.	0.1111111111111111
336	0.8191144703930892	0.8178716596822355	0.7777777777777778	0.8148148148148148	0.1111111111111111	0.	0.	0.037037037037037035
337	0.0532701476887214	0.2597454983853474	0.	0.25925925925925924	0.1111111111111111	0.	0.	0.037037037037037035
338	0.44052970139463465	0.359055016318458	0.3333333333333333	0.3333333333333333	0.1111111111111111	0.	0.	0.037037037037037035
339	0.46993240205217957	0.9070748527190052	0.4444444444444444	0.8888888888888888	0.1111111111111111	0.	0.	0.037037037037037035
340	0.9386631054851962	0.10672277238973459	0.8888888888888888	0.07407407407407407	0.1111111111111111	0.	0.	0.037037037037037035
341	0.14963587534989659	0.48824982081247986	0.14814814814814814	0.4444444444444444	0.037037037037037035	0.	0.	0.1111111111111111
342	0.7560123981981758	0.9350893855280844	0.6666666666666666	0.9259259259259259	0.1111111111111111	0.	0.	0.037037037037037035
343	0.3065945091682197	0.0211242441542631	0.2222222222222222	0.	0.1111111111111111	0.	0.	0.037037037037037035
344	0.5693873511165797	0.5202374707996751	0.5555555555555556	0.4444444444444444	0.037037037037037035	0.	0.	0.1111111111111111
345	0.3527198996437176	0.7701461722812153	0.3333333333333333	0.6666666666666666	0.037037037037037035	0.	0.	0.1111111111111111
346	0.8697198596879921	0.1352581071157545	0.7777777777777778	0.1111111111111111	0.1111111111111111	0.	0.	0.037037037037037035
347	0.08166822070166764	0.5636204826534096	0.07407407407407407	0.5555555555555556	0.037037037037037035	0.	0.	0.1111111111111111
348	0.19444488733101908	0.8658971888637859	0.1111111111111111	0.8518518518518519	0.1111111111111111	0.	0.	0.037037037037037035
349	0.5166516778276707	0.3038312634690487	0.4444444444444444	0.2962962962962963	0.1111111111111111	0.	0.	0.037037037037037035
350	0.9787819129342261	0.4063799139957205	0.9629629629629629	0.3333333333333333	0.037037037037037035	0.	0.	0.1111111111111111
351	0.5821221955730551	0.9688775176437987	0.5555555555555556	0.8888888888888888	0.037037037037037035	0.	0.	0.1111111111111111
352	0.7735454770953015	0.060850013536584015	0.6666666666666666	0.037037037037037035	0.1111111111111111	0.	0.	0.037037037037037035
353	0.32034687853933647	0.45865003283293043	0.2222222222222222	0.4444444444444444	0.1111111111111111	0.	0.	0.037037037037037035
354	0.09351909366879148	0.6696886140509035	0.	0.6666666666666666	0.1111111111111111	0.	0.	0.037037037037037035
355	0.3603971669827371	0.1504132529242665	0.3333333333333333	0.14814814814814814	0.1111111111111111	0.	0.	0.037037037037037035
356	0.8870718485240807	0.6223696281243057	0.7777777777777778	0.5925925925925926	0.1111111111111111	0.	0.	0.037037037037037035
357	0.9990400808839685	0.8135516721901268	0.9629629629629629	0.7777777777777778	0.037037037037037035	0.	0.	0.1111111111111111
358	0.1978024967079116	0.2254252226706575	0.18518518518518517	0.2222222222222222	0.037037037037037035	0.	0.	0.1111111111111111
359	0.4874714701352136	0.40775933166164235	0.48148148148148145	0.3333333333333333	0.037037037037037035	0.	0.	0.1111111111111111
360	0.2512901797853374	0.8284551766870198	0.2222222222222222	0.7777777777777778	0.037037037037037035	0.	0.	0.1111111111111111
361	0.6232846365197445	0.2749043903388737	0.5925925925925926	0.2222222222222222	0.037037037037037035	0.	0.	0.1111111111111111
362	0.6879754837471523	0.34270801907261367	0.6666666666666666	0.3333333333333333	0.037037037037037035	0.	0.	0.1111111111111111
363	0.7973440661265595	0.9153968742904216	0.7777777777777778	0.8888888888888888	0.037037037037037035	0.	0.	0.1111111111111111
364	0.012509123302114938	0.08537991563648732	0.	0.07407407407407407	0.1111111111111111	0.	0.	0.037037037037037035
365	0.37947704756867756	0.4988516426484954	0.37037037037037035	0.4444444444444444	0.037037037037037035	0.	0.	0.1111111111111111
366	0.5355221545858924	0.7048795423930199	0.4444444444444444	0.7037037037037037	0.1111111111111111	0.	0.	0.037037037037037035
367	0.9180401538684065	0.20898306525376698	0.8888888888888888	0.1111111111111111	0.037037037037037035	0.	0.	0.1111111111111111
368	0.13226998774794618	0.6426157247799388	0.1111111111111111	0.6296296296296297	0.1111111111111111	0.	0.	0.037037037037037035
369	0.7282297830837405	0.7429454632345648	0.6666666666666666	0.7407407407407407	0.1111111111111111	0.	0.	0.037037037037037035
370	0.2929054706414009	0.1478578537440233	0.25925925925925924	0.1111111111111111	0.037037037037037035	0.	0.	0.1111111111111111
371	0.6321759129609	0.5703739337682094	0.5555555555555556	0.5555555555555556	0.1111111111111111	0.	0.	0.037037037037037035
372	0.41802485739639506	0.8782931758332138	0.3333333333333333	0.8518518518518519	0.1111111111111111	0.	0.	0.037037037037037035
373	0.8325406721928258	0.31139785949730703	0.8148148148148148	0.2222222222222222	0.037037037037037035	0.	0.	0.1111111111111111
374	0.0654483093174765	0.3779575882644314	0.037037037037037035	0.3333333333333333	0.037037037037037035	0.	0.	0.1111111111111111
375	0.1620533497390738	0.9401522884695274	0.14814814814814814	0.8888888888888888	0.037037037037037035	0.	0.	0.1111111111111111
376	0.45593848118170466	0.036458075229297775	0.4444444444444444	0.	0.1111111111111111	0.	0.	0.037037037037037035
377	0.9618315686619936	0.5322538194411292	0.8888888888888888	0.5185185185185185	0.1111111111111111	0.	0.	0.037037037037037035
378	0.6500842826272584	0.68815873425149	0.6296296296296297	0.6666666666666666	0.037037037037037035	0.	0.	0.1111111111111111
379	0.739884933309933	0.1652241749833387	0.7037037037037037	0.1111111111111111	0.037037037037037035	0.	0.	0.1111111111111111
380	0.2616624362373359	0.5973710999747012	0.25925925925925924	0.5555555555555556	0.037037037037037035	0.	0.	0.1111111111111111
381	0.04326018665127095	0.7866384492294279	0.037037037037037035	0.7777777777777778	0.037037037037037035	0.	0.	0.1111111111111111
382	0.42051210065626304	0.23800536871794958	0.4074074074074074	0.2222222222222222	0.037037037037037035	0.	0.	0.1111111111111111
383	0.8492266430785835	0.42327942461160506	0.7777777777777778	0.4074074074074074	0.1111111111111111	0.	0.	0.037037037037037035
384	0.9322356266328838	0.9777983244453547	0.8888888888888888	0.9629629629629629	0.1111111111111111	0.	0.	0.037037037037037035
385	0.18473899126520726	0.06564931314203157	0.14814814814814814	0.	0.037037037037037035	0.	0.	0.1111111111111111
386	0.4596804498552648	0.47492269998829784	0.4444444444444444	0.4444444444444444	0.1111111111111111	0.	0.	0.037037037037037035
387	0.3222057735137837	0.8993221488259148	0.2222222222222222	0.8888888888888888	0.1111111111111111	0.	0.	0.037037037037037035
388	0.5593722707491255	0.09664300003847585	0.5555555555555556	0.	0.037037037037037035	0.	0.	0.1111111111111111
389	0.7526225723183163	0.514323348035421	0.6666666666666666	0.48148148148148145	0.1111111111111111	0.	0.	0.037037037037037035
390	0.8531455710731223	0.7200131999213907	0.8518518518518519	0.6666666666666666	0.037037037037037035	0.	0.	0.1111111111111111
391	0.10774620303229929	0.2211038964092234	0.07407407407407407	0.1111111111111111	0.037037037037037035	0.	0.	0.1111111111111111
392	0.34564333964966587	0.6624931797726028	0.3333333333333333	0.6296296296296297	0.1111111111111111	0.	0.	0.037037037037037035
393	0.5024650774213442	0.8515952099442697	0.48148148148148145	0.7777777777777778	0.037037037037037035	0.	0.	0.1111111111111111
394	0.9665366175303133	0.2911305085880473	0.8888888888888888	0.25925925925925924	0.1111111111111111	0.	0.	0.037037037037037035
395	0.2175224630414423	0.352463235365954	0.1111111111111111	0.3333333333333333	0.1111111111111111	0.	0.	0.037037037037037035