0	0.0453632555986647	0.645405551417115	0.037037037037037035	0.6296296296296297	0.037037037037037035	0.	0.	0.037037037037037035
1	0.526783664763791	0.9134679193489945	0.5185185185185185	0.8888888888888888	0.037037037037037035	0.	0.	0.037037037037037035
2	0.782094530197481	0.14428706083912526	0.7777777777777778	0.1111111111111111	0.037037037037037035	0.	0.	0.037037037037037035
3	0.5835062997920071	0.33688309654681164	0.5555555555555556	0.3333333333333333	0.037037037037037035	0.	0.	0.037037037037037035
4	0.9022626919799621	0.7229707186016517	0.8888888888888888	0.7037037037037037	0.037037037037037035	0.	0.	0.037037037037037035
5	0.1847627561415146	0.32939214442699916	0.14814814814814814	0.2962962962962963	0.037037037037037035	0.	0.	0.037037037037037035
6	0.7357735228092183	0.47196945831466675	0.7037037037037037	0.4444444444444444	0.037037037037037035	0.	0.	0.037037037037037035
7	0.3184763037489567	0.7828832253629209	0.2962962962962963	0.7777777777777778	0.037037037037037035	0.	0.	0.037037037037037035
8	0.39577608744728343	0.08770774640161066	0.37037037037037035	0.07407407407407407	0.037037037037037035	0.	0.	0.037037037037037035
9	0.2250989217385798	0.21504630506691308	0.2222222222222222	0.18518518518518517	0.037037037037037035	0.	0.	0.037037037037037035
10	0.42354189481186677	0.617379578841359	0.4074074074074074	0.5925925925925926	0.037037037037037035	0.	0.	0.037037037037037035
11	0.7452767768648738	0.9765884916840317	0.7407407407407407	0.9629629629629629	0.037037037037037035	0.	0.	0.037037037037037035
12	0.4673846104544392	0.267842606710113	0.4444444444444444	0.25925925925925924	0.037037037037037035	0.	0.	0.037037037037037035
13	0.844176422309284	0.42793999725708876	0.8148148148148148	0.4074074074074074	0.037037037037037035	0.	0.	0.037037037037037035
14	0.08819638946182148	0.687073804538338	0.07407407407407407	0.6666666666666666	0.037037037037037035	0.	0.	0.037037037037037035
15	0.9581826152032277	0.050799914370730836	0.9259259259259259	0.037037037037037035	0.037037037037037035	0.	0.	0.037037037037037035
16	0.2015623675494354	0.5358815926399458	0.18518518518518517	0.5185185185185185	0.037037037037037035	0.	0.	0.037037037037037035
17	0.601695648402667	0.8870286740737314	0.5925925925925926	0.8518518518518519	0.037037037037037035	0.	0.	0.037037037037037035
18	0.13289495211321498	0.9326186093029959	0.1111111111111111	0.9259259259259259	0.037037037037037035	0.	0.	0.037037037037037035
19	0.640393078608361	0.17102217671645478	0.6296296296296297	0.14814814814814814	0.037037037037037035	0.	0.	0.037037037037037035
20	0.9810158973462724	0.5847606982568924	0.9629629629629629	0.5555555555555556	0.037037037037037035	0.	0.	0.037037037037037035
21	0.36794971023503786	0.7667766413183514	0.3333333333333333	0.7407407407407407	0.037037037037037035	0.	0.	0.037037037037037035
22	0.6777805385162958	0.2421612898571643	0.6666666666666666	0.2222222222222222	0.037037037037037035	0.	0.	0.037037037037037035
23	0.2721242474091245	0.39522672913323037	0.25925925925925924	0.37037037037037035	0.037037037037037035	0.	0.	0.037037037037037035
24	0.8621786262832372	0.8323121237916767	0.8518518518518519	0.8148148148148148	0.037037037037037035	0.	0.	0.037037037037037035
25	0.003935288340760247	0.03408328601158039	0.	0.	0.037037037037037035	0.	0.	0.037037037037037035
26	0.5032596352951276	0.5129491159496558	0.48148148148148145	0.48148148148148145	0.037037037037037035	0.	0.	0.037037037037037035
27	0.4815438977295115	0.1240219142531377	0.48148148148148145	0.1111111111111111	0.037037037037037035	0.	0.	0.037037037037037035
28	0.878701111580429	0.6407215666558789	0.8518518518518519	0.6296296296296297	0.037037037037037035	0.	0.	0.037037037037037035
29	0.024710258246907875	0.8978928594214507	0.	0.8888888888888888	0.037037037037037035	0.	0.	0.037037037037037035
30	0.9685295288207296	0.3133667099367065	0.9629629629629629	0.2962962962962963	0.037037037037037035	0.	0.	0.037037037037037035
31	0.1179741425601267	0.3613252387037966	0.1111111111111111	0.3333333333333333	0.037037037037037035	0.	0.	0.037037037037037035
32	0.662634761511886	0.7153514528413769	0.6296296296296297	0.7037037037037037	0.037037037037037035	0.	0.	0.037037037037037035
33	0.2603121479893302	0.08507467967188487	0.25925925925925924	0.07407407407407407	0.037037037037037035	0.	0.	0.037037037037037035
34	0.34706955487495306	0.4604299068619127	0.3333333333333333	0.4444444444444444	0.037037037037037035	0.	0.	0.037037037037037035
35	0.6932859574875676	0.8050434231594464	0.6666666666666666	0.7777777777777778	0.037037037037037035	0.	0.	0.037037037037037035
36	0.394177605476789	0.9710225358439075	0.37037037037037035	0.9629629629629629	0.037037037037037035	0.	0.	0.037037037037037035
37	0.7169391506635915	0.20764119335636547	0.7037037037037037	0.18518518518518517	0.037037037037037035	0.	0.	0.037037037037037035
38	0.30600566490259457	0.6092210970631792	0.2962962962962963	0.5925925925925926	0.037037037037037035	0.	0.	0.037037037037037035
39	0.8097839993175993	0.6671361746177549	0.7777777777777778	0.6666666666666666	0.037037037037037035	0.	0.	0.037037037037037035
40	0.06381697931658263	0.2867017030686779	0.037037037037037035	0.25925925925925924	0.037037037037037035	0.	0.	0.037037037037037035
41	0.5555087975742036	0.40921222504918503	0.5185185185185185	0.4074074074074074	0.037037037037037035	0.	0.	0.037037037037037035
42	0.1678795568295305	0.8644198990725035	0.14814814814814814	0.8518518518518519	0.037037037037037035	0.	0.	0.037037037037037035
43	0.5745130454367889	0.03893918905942702	0.5555555555555556	0.037037037037037035	0.037037037037037035	0.	0.	0.037037037037037035
44	0.9009543658905453	0.519326840076683	0.8888888888888888	0.5185185185185185	0.037037037037037035	0.	0.	0.037037037037037035
45	0.6229971882910232	0.5728320372854621	0.5925925925925926	0.5555555555555556	0.037037037037037035	0.	0.	0.037037037037037035
46	0.9420393044829387	0.9509570930307716	0.9259259259259259	0.9259259259259259	0.037037037037037035	0.	0.	0.037037037037037035
47	0.1876319693905846	0.1483704690349164	0.18518518518518517	0.14814814814814814	0.037037037037037035	0.	0.	0.037037037037037035
48	0.769673054126985	0.3909650452173168	0.7407407407407407	0.37037037037037035	0.037037037037037035	0.	0.	0.037037037037037035
49	0.24976385283536198	0.7619507977717375	0.2222222222222222	0.7407407407407407	0.037037037037037035	0.	0.	0.037037037037037035
50	0.41716452688696076	0.2230357551722912	0.4074074074074074	0.2222222222222222	0.037037037037037035	0.	0.	0.037037037037037035
51	0.07857386534178198	0.5000132289510032	0.07407407407407407	0.48148148148148145	0.037037037037037035	0.	0.	0.037037037037037035
52	0.4462455202431657	0.8193368274163046	0.4444444444444444	0.8148148148148148	0.037037037037037035	0.	0.	0.037037037037037035
53	0.8314055231429263	0.01237251032430554	0.8148148148148148	0.	0.037037037037037035	0.	0.	0.037037037037037035
54	0.8174264569333778	0.9150675232701316	0.8148148148148148	0.8888888888888888	0.037037037037037035	0.	0.	0.037037037037037035
55	0.09973451954765698	0.111866284559531	0.07407407407407407	0.1111111111111111	0.037037037037037035	0.	0.	0.037037037037037035
56	0.46950890698331993	0.6650142355618505	0.4444444444444444	0.6296296296296297	0.037037037037037035	0.	0.	0.037037037037037035
57	0.21147575479244546	0.728641488206543	0.18518518518518517	0.7037037037037037	0.037037037037037035	0.	0.	0.037037037037037035
58	0.6144957587241425	0.30636624985864735	0.5925925925925926	0.2962962962962963	0.037037037037037035	0.	0.	0.037037037037037035
59	0.9367029656503273	0.35367286765603484	0.9259259259259259	0.3333333333333333	0.037037037037037035	0.	0.	0.037037037037037035
60	0.4327291089656333	0.7971931878560679	0.4074074074074074	0.7777777777777778	0.037037037037037035	0.	0.	0.037037037037037035
61	0.7620210728366167	0.10849372673902818	0.7407407407407407	0.07407407407407407	0.037037037037037035	0.	0.	0.037037037037037035
62	0.2425320747556023	0.45533233444105903	0.2222222222222222	0.4444444444444444	0.037037037037037035	0.	0.	0.037037037037037035
63	0.687858833575182	0.5958682006275271	0.6666666666666666	0.5925925925925926	0.037037037037037035	0.	0.	0.037037037037037035
64	0.2880855534721087	0.9984967143369987	0.25925925925925924	0.9629629629629629	0.037037037037037035	0.	0.	0.037037037037037035
65	0.3429271883449612	0.18607473115169526	0.3333333333333333	0.18518518518518517	0.037037037037037035	0.	0.	0.037037037037037035
66	0.02155176327462295	0.4439941361318486	0.	0.4074074074074074	0.037037037037037035	0.	0.	0.037037037037037035
67	0.5098490828656199	0.6988142316172993	0.48148148148148145	0.6666666666666666	0.037037037037037035	0.	0.	0.037037037037037035
68	0.8701681383368103	0.2762944828833425	0.8518518518518519	0.25925925925925924	0.037037037037037035	0.	0.	0.037037037037037035
69	0.6469710089769326	0.5434795783348464	0.6296296296296297	0.5185185185185185	0.037037037037037035	0.	0.	0.037037037037037035
70	0.9910090540754372	0.8575466040121245	0.9629629629629629	0.8518518518518519	0.037037037037037035	0.	0.	0.037037037037037035
71	0.1448710000122546	0.0665337518240205	0.1111111111111111	0.037037037037037035	0.037037037037037035	0.	0.	0.037037037037037035
72	0.92025593497543	0.17976341290853448	0.8888888888888888	0.14814814814814814	0.037037037037037035	0.	0.	0.037037037037037035
73	0.1513162003502952	0.5576034673788252	0.14814814814814814	0.5555555555555556	0.037037037037037035	0.	0.	0.037037037037037035
74	0.563876378601477	0.9480141855206148	0.5555555555555556	0.9259259259259259	0.037037037037037035	0.	0.	0.037037037037037035
75	0.32820960930988163	0.24706567683190686	0.2962962962962963	0.2222222222222222	0.037037037037037035	0.	0.	0.037037037037037035
76	0.37774555421959966	0.3766008169657403	0.37037037037037035	0.37037037037037035	0.037037037037037035	0.	0.	0.037037037037037035
77	0.7145428439124187	0.746489211450387	0.7037037037037037	0.7407407407407407	0.037037037037037035	0.	0.	0.037037037037037035
78	0.5353048669899678	0.004656329194126161	0.5185185185185185	0.	0.037037037037037035	0.	0.	0.037037037037037035
79	0.7969910371295136	0.4850346182904126	0.7777777777777778	0.48148148148148145	0.037037037037037035	0.	0.	0.037037037037037035
80	0.053453812041417345	0.8418906603913076	0.037037037037037035	0.8148148148148148	0.037037037037037035	0.	0.	0.037037037037037035
81	0.68166790304509	0.1663522696825326	0.6666666666666666	0.14814814814814814	0.037037037037037035	0.	0.	0.037037037037037035
82	0.2922093019883279	0.5815492866202023	0.25925925925925924	0.5555555555555556	0.037037037037037035	0.	0.	0.037037037037037035
83	0.3370132178700199	0.9294296659324763	0.3333333333333333	0.9259259259259259	0.037037037037037035	0.	0.	0.037037037037037035
84	0.01597337563631024	0.2363076818755104	0.	0.2222222222222222	0.037037037037037035	0.	0.	0.037037037037037035
85	0.5129029912165194	0.4056584360634232	0.48148148148148145	0.37037037037037035	0.037037037037037035	0.	0.	0.037037037037037035
86	0.8764467178193046	0.7754278779681851	0.8518518518518519	0.7407407407407407	0.037037037037037035	0.	0.	0.037037037037037035
87	0.652146825409639	0.031079504935527556	0.6296296296296297	0.	0.037037037037037035	0.	0.	0.037037037037037035
88	0.9952487850997472	0.5095661017900716	0.9629629629629629	0.48148148148148145	0.037037037037037035	0.	0.	0.037037037037037035
89	0.13934878217897587	0.8285539143663272	0.1111111111111111	0.8148148148148148	0.037037037037037035	0.	0.	0.037037037037037035
90	0.9244542209365011	0.9091077868453502	0.8888888888888888	0.8888888888888888	0.037037037037037035	0.	0.	0.037037037037037035
91	0.1554634685312165	0.14395645450749509	0.14814814814814814	0.1111111111111111	0.037037037037037035	0.	0.	0.037037037037037035
92	0.5595976985099516	0.6527599791794526	0.5555555555555556	0.6296296296296297	0.037037037037037035	0.	0.	0.037037037037037035
93	0.3298350112126706	0.7201131017105293	0.2962962962962963	0.7037037037037037	0.037037037037037035	0.	0.	0.037037037037037035
94	0.38158815085280623	0.3269687129703319	0.37037037037037035	0.2962962962962963	0.037037037037037035	0.	0.	0.037037037037037035
95	0.7041900822132307	0.3442207724847511	0.7037037037037037	0.3333333333333333	0.037037037037037035	0.	0.	0.037037037037037035
96	0.5416959142808784	0.7800602375128038	0.5185185185185185	0.7777777777777778	0.037037037037037035	0.	0.	0.037037037037037035
97	0.7984592196757393	0.09872240993772875	0.7777777777777778	0.07407407407407407	0.037037037037037035	0.	0.	0.037037037037037035
98	0.05466483730549419	0.47962453013165235	0.037037037037037035	0.4444444444444444	0.037037037037037035	0.	0.	0.037037037037037035
99	0.822211136764805	0.6267799834062638	0.8148148148148148	0.5925925925925926	0.037037037037037035	0.	0.	0.037037037037037035
100	0.10573088800508258	0.9843679546161879	0.07407407407407407	0.9629629629629629	0.037037037037037035	0.	0.	0.037037037037037035
101	0.4768104327079098	0.2120240952632391	0.4444444444444444	0.18518518518518517	0.037037037037037035	0.	0.	0.037037037037037035
102	0.21595527695490568	0.422523546502467	0.18518518518518517	0.4074074074074074	0.037037037037037035	0.	0.	0.037037037037037035
103	0.6055593297923556	0.6828699810969471	0.5925925925925926	0.6666666666666666	0.037037037037037035	0.	0.	0.037037037037037035
104	0.9300311373051825	0.2654981368318907	0.9259259259259259	0.25925925925925924	0.037037037037037035	0.	0.	0.037037037037037035
105	0.4381574778646602	0.5342992352683752	0.4074074074074074	0.5185185185185185	0.037037037037037035	0.	0.	0.037037037037037035
106	0.7549574539925791	0.8843480784517825	0.7407407407407407	0.8518518518518519	0.037037037037037035	0.	0.	0.037037037037037035
107	0.2436781490580037	0.05969100754847618	0.2222222222222222	0.037037037037037035	0.037037037037037035	0.	0.	0.037037037037037035
108	0.22652106473043726	0.9600501674379263	0.2222222222222222	0.9259259259259259	0.037037037037037035	0.	0.	0.037037037037037035
109	0.4239911353784904	0.1566672759701841	0.4074074074074074	0.14814814814814814	0.037037037037037035	0.	0.	0.037037037037037035
110	0.7504038030712757	0.5702598819788628	0.7407407407407407	0.5555555555555556	0.037037037037037035	0.	0.	0.037037037037037035
111	0.45725426256431156	0.7581958208376187	0.4444444444444444	0.7407407407407407	0.037037037037037035	0.	0.	0.037037037037037035
112	0.849809778645961	0.2306691477022011	0.8148148148148148	0.2222222222222222	0.037037037037037035	0.	0.	0.037037037037037035
113	0.09206998170231863	0.3871720673675229	0.07407407407407407	0.37037037037037035	0.037037037037037035	0.	0.	0.037037037037037035
114	0.9623285902155783	0.8154200968619051	0.9259259259259259	0.8148148148148148	0.037037037037037035	0.	0.	0.037037037037037035
115	0.20341131295545217	0.02465735792994331	0.18518518518518517	0.	0.037037037037037035	0.	0.	0.037037037037037035
116	0.594320237410056	0.49474756870693015	0.5925925925925926	0.48148148148148145	0.037037037037037035	0.	0.	0.037037037037037035
117	0.1268631802623462	0.6346555408947407	0.1111111111111111	0.6296296296296297	0.037037037037037035	0.	0.	0.037037037037037035
118	0.6323382112090616	0.8943920266781072	0.6296296296296297	0.8888888888888888	0.037037037037037035	0.	0.	0.037037037037037035
119	0.984984794303604	0.13499852697086787	0.9629629629629629	0.1111111111111111	0.037037037037037035	0.	0.	0.037037037037037035
120	0.3614626621704908	0.36733646096175704	0.3333333333333333	0.3333333333333333	0.037037037037037035	0.	0.	0.037037037037037035
121	0.6705656705729882	0.7096501522406575	0.6666666666666666	0.7037037037037037	0.037037037037037035	0.	0.	0.037037037037037035
122	0.27626668793279363	0.3103069853386096	0.25925925925925924	0.2962962962962963	0.037037037037037035	0.	0.	0.037037037037037035
123	0.8550358909902672	0.4654821925710456	0.8518518518518519	0.4444444444444444	0.037037037037037035	0.	0.	0.037037037037037035
124	0.005375766277554825	0.8111633731035497	0.	0.7777777777777778	0.037037037037037035	0.	0.	0.037037037037037035
125	0.4955591107108432	0.07911008203457888	0.48148148148148145	0.07407407407407407	0.037037037037037035	0.	0.	0.037037037037037035
126	0.03732946435193141	0.20567382365090486	0.037037037037037035	0.18518518518518517	0.037037037037037035	0.	0.	0.037037037037037035
127	0.5204046293999696	0.6060487523673533	0.5185185185185185	0.5925925925925926	0.037037037037037035	0.	0.	0.037037037037037035
128	0.7883510363335481	0.9646014221686314	0.7777777777777778	0.9629629629629629	0.037037037037037035	0.	0.	0.037037037037037035
129	0.5873197575429902	0.29259449758562805	0.5555555555555556	0.25925925925925924	0.037037037037037035	0.	0.	0.037037037037037035
130	0.9078062062260556	0.4190236154495174	0.8888888888888888	0.4074074074074074	0.037037037037037035	0.	0.	0.037037037037037035
131	0.175869935297442	0.6760240774634577	0.14814814814814814	0.6666666666666666	0.037037037037037035	0.	0.	0.037037037037037035
132	0.7397311873542478	0.04891251548305868	0.7037037037037037	0.037037037037037035	0.037037037037037035	0.	0.	0.037037037037037035
133	0.31029397105530987	0.5268428390562827	0.2962962962962963	0.5185185185185185	0.037037037037037035	0.	0.	0.037037037037037035
134	0.4011643164971243	0.8757004089855109	0.37037037037037035	0.8518518518518519	0.037037037037037035	0.	0.	0.037037037037037035
135	0.38377605097012135	0.5673267579815584	0.37037037037037035	0.5555555555555556	0.037037037037037035	0.	0.	0.037037037037037035
136	0.7204906957480679	0.9428628945503877	0.7037037037037037	0.9259259259259259	0.037037037037037035	0.	0.	0.037037037037037035
137	0.2984493591578392	0.176091639283435	0.2962962962962963	0.14814814814814814	0.037037037037037035	0.	0.	0.037037037037037035
138	0.811414041312272	0.37115936753326084	0.7777777777777778	0.37037037037037035	0.037037037037037035	0.	0.	0.037037037037037035
139	0.06704880460430854	0.7428635083537531	0.037037037037037035	0.7407407407407407	0.037037037037037035	0.	0.	0.037037037037037035
140	0.5468619231097678	0.2575190200295955	0.5185185185185185	0.2222222222222222	0.037037037037037035	0.	0.	0.037037037037037035
141	0.17124012681390907	0.49111327976254754	0.14814814814814814	0.48148148148148145	0.037037037037037035	0.	0.	0.037037037037037035
142	0.5788161425814524	0.848493063738471	0.5555555555555556	0.8148148148148148	0.037037037037037035	0.	0.	0.037037037037037035
143	0.8902913280527779	0.004085464531708509	0.8888888888888888	0.	0.037037037037037035	0.	0.	0.037037037037037035
144	0.6277310852292068	0.12012074990351548	0.5925925925925926	0.1111111111111111	0.037037037037037035	0.	0.	0.037037037037037035
145	0.9426816065992832	0.6617123683753683	0.9259259259259259	0.6296296296296297	0.037037037037037035	0.	0.	0.037037037037037035
146	0.19130949473351158	0.9230965599928986	0.18518518518518517	0.8888888888888888	0.037037037037037035	0.	0.	0.037037037037037035
147	0.7766797305343341	0.3007581374114333	0.7407407407407407	0.2962962962962963	0.037037037037037035	0.	0.	0.037037037037037035
148	0.25358140518995625	0.346080872867826	0.2222222222222222	0.3333333333333333	0.037037037037037035	0.	0.	0.037037037037037035
149	0.40873932371363725	0.7392551275211465	0.4074074074074074	0.7037037037037037	0.037037037037037035	0.	0.	0.037037037037037035
150	0.08363446759609383	0.10476458134183328	0.07407407407407407	0.07407407407407407	0.037037037037037035	0.	0.	0.037037037037037035
151	0.44987183938018305	0.4521103210591081	0.4444444444444444	0.4444444444444444	0.037037037037037035	0.	0.	0.037037037037037035
152	0.8355959107091346	0.7912739517845514	0.8148148148148148	0.7777777777777778	0.037037037037037035	0.	0.	0.037037037037037035
153	0.4886456474083555	0.994151717842333	0.48148148148148145	0.9629629629629629	0.037037037037037035	0.	0.	0.037037037037037035
154	0.8836406412499606	0.19417604076863018	0.8518518518518519	0.18518518518518517	0.037037037037037035	0.	0.	0.037037037037037035
155	0.03091399140396693	0.6012650731713538	0.	0.5925925925925926	0.037037037037037035	0.	0.	0.037037037037037035
156	0.974002552043653	0.6933936484018359	0.9629629629629629	0.6666666666666666	0.037037037037037035	0.	0.	0.037037037037037035
157	0.1204354699646943	0.27360623149696134	0.1111111111111111	0.25925925925925924	0.037037037037037035	0.	0.	0.037037037037037035
158	0.6549853355845617	0.4362305938858076	0.6296296296296297	0.4074074074074074	0.037037037037037035	0.	0.	0.037037037037037035
159	0.2668559629706798	0.8546511135432833	0.25925925925925924	0.8518518518518519	0.037037037037037035	0.	0.	0.037037037037037035
160	0.35230788994228956	0.06494111621442922	0.3333333333333333	0.037037037037037035	0.037037037037037035	0.	0.	0.037037037037037035
161	0.6975663566415043	0.5553111441145282	0.6666666666666666	0.5185185185185185	0.037037037037037035	0.	0.	0.037037037037037035
162	0.6183876127762911	0.9806254636849283	0.5925925925925926	0.9629629629629629	0.037037037037037035	0.	0.	0.037037037037037035
163	0.9479379513835331	0.2197633469337068	0.9259259259259259	0.18518518518518517	0.037037037037037035	0.	0.	0.037037037037037035
164	0.19655434726719706	0.6229907646073582	0.18518518518518517	0.5925925925925926	0.037037037037037035	0.	0.	0.037037037037037035
165	0.7662880077224481	0.6899696073293291	0.7407407407407407	0.6666666666666666	0.037037037037037035	0.	0.	0.037037037037037035
166	0.2563402267555344	0.2608533730216146	0.2222222222222222	0.25925925925925924	0.037037037037037035	0.	0.	0.037037037037037035
167	0.41169869911896506	0.43061888586210867	0.4074074074074074	0.4074074074074074	0.037037037037037035	0.	0.	0.037037037037037035
168	0.07757171562498337	0.8795810443916231	0.07407407407407407	0.8518518518518519	0.037037037037037035	0.	0.	0.037037037037037035
169	0.45455733154749767	0.05372618879052969	0.4444444444444444	0.037037037037037035	0.037037037037037035	0.	0.	0.037037037037037035
170	0.8272822039621142	0.5418909753806713	0.8148148148148148	0.5185185185185185	0.037037037037037035	0.	0.	0.037037037037037035
171	0.4926708982945228	0.5908100255379111	0.48148148148148145	0.5555555555555556	0.037037037037037035	0.	0.	0.037037037037037035
172	0.8885488509445697	0.9350541292616044	0.8518518518518519	0.9259259259259259	0.037037037037037035	0.	0.	0.037037037037037035
173	0.033634472199188886	0.16318548999955787	0.	0.14814814814814814	0.037037037037037035	0.	0.	0.037037037037037035
174	0.9656957705885985	0.3997373011076517	0.9629629629629629	0.37037037037037035	0.037037037037037035	0.	0.	0.037037037037037035
175	0.1121303112081922	0.7730267951832562	0.1111111111111111	0.7407407407407407	0.037037037037037035	0.	0.	0.037037037037037035
176	0.6618324360227628	0.24674193298365618	0.6296296296296297	0.2222222222222222	0.037037037037037035	0.	0.	0.037037037037037035
177	0.2705769337873093	0.5152136511465367	0.25925925925925924	0.48148148148148145	0.037037037037037035	0.	0.	0.037037037037037035
178	0.35554119252238786	0.8381017461710275	0.3333333333333333	0.8148148148148148	0.037037037037037035	0.	0.	0.037037037037037035
179	0.7022184389427064	0.02810118542801179	0.6666666666666666	0.	0.037037037037037035	0.	0.	0.037037037037037035
180	0.38915211408277717	0.1373169786071898	0.37037037037037035	0.1111111111111111	0.037037037037037035	0.	0.	0.037037037037037035
181	0.7274673393263238	0.6468429216194603	0.7037037037037037	0.6296296296296297	0.037037037037037035	0.	0.	0.037037037037037035
182	0.3040845300603948	0.9014907520804868	0.2962962962962963	0.8888888888888888	0.037037037037037035	0.	0.	0.037037037037037035
183	0.8049994872625333	0.32320462965154806	0.7777777777777778	0.2962962962962963	0.037037037037037035	0.	0.	0.037037037037037035
184	0.07059423488570322	0.3409114336576383	0.037037037037037035	0.3333333333333333	0.037037037037037035	0.	0.	0.037037037037037035
185	0.5510109292817156	0.7248904131483177	0.5185185185185185	0.7037037037037037	0.037037037037037035	0.	0.	0.037037037037037035
186	0.161131571782548	0.09055491555756791	0.14814814814814814	0.07407407407407407	0.037037037037037035	0.	0.	0.037037037037037035
187	0.5679319152718671	0.47671090260794124	0.5555555555555556	0.4444444444444444	0.037037037037037035	0.	0.	0.037037037037037035
188	0.8960922792082893	0.78684424027283	0.8888888888888888	0.7777777777777778	0.037037037037037035	0.	0.	0.037037037037037035
189	0.9169204927276488	0.6135111678790603	0.8888888888888888	0.5925925925925926	0.037037037037037035	0.	0.	0.037037037037037035
190	0.156391517021703	0.9712335511850879	0.14814814814814814	0.9629629629629629	0.037037037037037035	0.	0.	0.037037037037037035
191	0.5621522484836883	0.19953135897948507	0.5555555555555556	0.18518518518518517	0.037037037037037035	0.	0.	0.037037037037037035
192	0.3236959287406196	0.41526419287201577	0.2962962962962963	0.4074074074074074	0.037037037037037035	0.	0.	0.037037037037037035
193	0.3726761768313877	0.6719057244629447	0.37037037037037035	0.6666666666666666	0.037037037037037035	0.	0.	0.037037037037037035
194	0.7087647456181216	0.2908529393756457	0.7037037037037037	0.25925925925925924	0.037037037037037035	0.	0.	0.037037037037037035
195	0.5317011228076789	0.5237825302522914	0.5185185185185185	0.5185185185185185	0.037037037037037035	0.	0.	0.037037037037037035
196	0.794051833605183	0.871960277248011	0.7777777777777778	0.8518518518518519	0.037037037037037035	0.	0.	0.037037037037037035
197	0.05849863557422745	0.04225540155500998	0.037037037037037035	0.037037037037037035	0.037037037037037035	0.	0.	0.037037037037037035
198	0.8247979892806684	0.15376654829769038	0.8148148148148148	0.14814814814814814	0.037037037037037035	0.	0.	0.037037037037037035
199	0.11097718513625988	0.5795259510225163	0.07407407407407407	0.5555555555555556	0.037037037037037035	0.	0.	0.037037037037037035
200	0.4806292704875502	0.9581652378741382	0.4444444444444444	0.9259259259259259	0.037037037037037035	0.	0.	0.037037037037037035
201	0.22171968986045718	0.2276466703167404	0.18518518518518517	0.2222222222222222	0.037037037037037035	0.	0.	0.037037037037037035
202	0.6093515384520616	0.38513176828910556	0.5925925925925926	0.37037037037037035	0.037037037037037035	0.	0.	0.037037037037037035
203	0.9312084369394309	0.755621600591186	0.9259259259259259	0.7407407407407407	0.037037037037037035	0.	0.	0.037037037037037035
204	0.44169231586510127	0.01933426224479659	0.4074074074074074	0.	0.037037037037037035	0.	0.	0.037037037037037035
205	0.7574278963857278	0.5032351821055424	0.7407407407407407	0.48148148148148145	0.037037037037037035	0.	0.	0.037037037037037035
206	0.2365634608103204	0.8233571955801577	0.2222222222222222	0.8148148148148148	0.037037037037037035	0.	0.	0.037037037037037035
207	0.6867558416612293	0.8896505522711267	0.6666666666666666	0.8888888888888888	0.037037037037037035	0.	0.	0.037037037037037035
208	0.28795968248339077	0.1310843130618904	0.25925925925925924	0.1111111111111111	0.037037037037037035	0.	0.	0.037037037037037035
209	0.3414246933818378	0.6303950864784198	0.3333333333333333	0.6296296296296297	0.037037037037037035	0.	0.	0.037037037037037035
210	0.01829720902207283	0.70516041292798	0.	0.7037037037037037	0.037037037037037035	0.	0.	0.037037037037037035
211	0.5183882681365706	0.3188024859469939	0.48148148148148145	0.2962962962962963	0.037037037037037035	0.	0.	0.037037037037037035
212	0.8664716680313036	0.36538307778210116	0.8518518518518519	0.3333333333333333	0.037037037037037035	0.	0.	0.037037037037037035
213	0.6435630348571127	0.8089348323891392	0.6296296296296297	0.7777777777777778	0.037037037037037035	0.	0.	0.037037037037037035
214	0.9999853845279377	0.07626196042512351	0.9629629629629629	0.07407407407407407	0.037037037037037035	0.	0.	0.037037037037037035
215	0.1401773194981091	0.46402497313455193	0.1111111111111111	0.4444444444444444	0.037037037037037035	0.	0.	0.037037037037037035
216	0.1308924173427837	0.1905841484805931	0.1111111111111111	0.18518518518518517	0.037037037037037035	0.	0.	0.037037037037037035
217	0.6353518773241752	0.600754973665491	0.6296296296296297	0.5925925925925926	0.037037037037037035	0.	0.	0.037037037037037035
218	0.9775845033671755	0.9884868393387078	0.9629629629629629	0.9629629629629629	0.037037037037037035	0.	0.	0.037037037037037035
219	0.3629603931453403	0.2817777757403705	0.3333333333333333	0.25925925925925924	0.037037037037037035	0.	0.	0.037037037037037035
220	0.674412201776969	0.4348650990767123	0.6666666666666666	0.4074074074074074	0.037037037037037035	0.	0.	0.037037037037037035
221	0.28197119177142943	0.7026440385294129	0.25925925925925924	0.6666666666666666	0.037037037037037035	0.	0.	0.037037037037037035
222	0.8565072148262143	0.07150510651834249	0.8518518518518519	0.037037037037037035	0.037037037037037035	0.	0.	0.037037037037037035
223	0.01071741458671278	0.5498687628779488	0.	0.5185185185185185	0.037037037037037035	0.	0.	0.037037037037037035
224	0.5009518275632551	0.8622293911082572	0.48148148148148145	0.8518518518518519	0.037037037037037035	0.	0.	0.037037037037037035
225	0.04130608160306496	0.9422638692709924	0.037037037037037035	0.9259259259259259	0.037037037037037035	0.	0.	0.037037037037037035
226	0.5259098949376078	0.18393762167114847	0.5185185185185185	0.14814814814814814	0.037037037037037035	0.	0.	0.037037037037037035
227	0.7795950710977154	0.5608665765050267	0.7777777777777778	0.5555555555555556	0.037037037037037035	0.	0.	0.037037037037037035
228	0.5903418047326522	0.7502304703008793	0.5555555555555556	0.7407407407407407	0.037037037037037035	0.	0.	0.037037037037037035
229	0.909779683851465	0.25235498665981326	0.8888888888888888	0.2222222222222222	0.037037037037037035	0.	0.	0.037037037037037035
230	0.1804060109995886	0.3788970386643645	0.14814814814814814	0.37037037037037035	0.037037037037037035	0.	0.	0.037037037037037035
231	0.7304469218887043	0.8443723782163381	0.7037037037037037	0.8148148148148148	0.037037037037037035	0.	0.	0.037037037037037035
232	0.3140085594870711	0.011840307358309758	0.2962962962962963	0.	0.037037037037037035	0.	0.	0.037037037037037035
233	0.4043040179357508	0.48684711148562926	0.37037037037037035	0.48148148148148145	0.037037037037037035	0.	0.	0.037037037037037035
234	0.23139450514021037	0.6579916548158263	0.2222222222222222	0.6296296296296297	0.037037037037037035	0.	0.	0.037037037037037035
235	0.4294733923240354	0.9186110890829351	0.4074074074074074	0.8888888888888888	0.037037037037037035	0.	0.	0.037037037037037035
236	0.7438920393977062	0.11843910592279838	0.7407407407407407	0.1111111111111111	0.037037037037037035	0.	0.	0.037037037037037035
237	0.4642190903847628	0.3565535877823263	0.4444444444444444	0.3333333333333333	0.037037037037037035	0.	0.	0.037037037037037035
238	0.8427928971338771	0.7365012067461064	0.8148148148148148	0.7037037037037037	0.037037037037037035	0.	0.	0.037037037037037035
239	0.09705830417932973	0.2995506113599824	0.07407407407407407	0.2962962962962963	0.037037037037037035	0.	0.	0.037037037037037035
240	0.9541383806368587	0.44551510198178146	0.9259259259259259	0.4444444444444444	0.037037037037037035	0.	0.	0.037037037037037035
241	0.20924006594464506	0.7997650265385594	0.18518518518518517	0.7777777777777778	0.037037037037037035	0.	0.	0.037037037037037035
242	0.5971064994448448	0.1017926063619556	0.5925925925925926	0.07407407407407407	0.037037037037037035	0.	0.	0.037037037037037035
243	0.17908824211239208	0.8961418463682062	0.14814814814814814	0.8888888888888888	0.037037037037037035	0.	0.	0.037037037037037035
244	0.5895897777363035	0.1317167370223072	0.5555555555555556	0.1111111111111111	0.037037037037037035	0.	0.	0.037037037037037035
245	0.912947930502113	0.6356229023980884	0.8888888888888888	0.6296296296296297	0.037037037037037035	0.	0.	0.037037037037037035
246	0.4069211278429142	0.7106167867131052	0.37037037037037035	0.7037037037037037	0.037037037037037035	0.	0.	0.037037037037037035
247	0.7291723420785144	0.3124729325643211	0.7037037037037037	0.2962962962962963	0.037037037037037035	0.	0.	0.037037037037037035
248	0.3162979307477979	0.3688178668664405	0.2962962962962963	0.3333333333333333	0.037037037037037035	0.	0.	0.037037037037037035
249	0.7790524918090569	0.813143535111278	0.7777777777777778	0.7777777777777778	0.037037037037037035	0.	0.	0.037037037037037035
250	0.04408148721667979	0.07990080686379668	0.037037037037037035	0.07407407407407407	0.037037037037037035	0.	0.	0.037037037037037035
251	0.5253314674330505	0.4669707319824619	0.5185185185185185	0.4444444444444444	0.037037037037037035	0.	0.	0.037037037037037035
252	0.09581100136394696	0.6076500280293641	0.07407407407407407	0.5925925925925926	0.037037037037037035	0.	0.	0.037037037037037035
253	0.4628515857008964	0.9661098753435658	0.4444444444444444	0.9629629629629629	0.037037037037037035	0.	0.	0.037037037037037035
254	0.842215927993077	0.20203501851102837	0.8148148148148148	0.18518518518518517	0.037037037037037035	0.	0.	0.037037037037037035
255	0.5994759938126728	0.41679839240510586	0.5925925925925926	0.4074074074074074	0.037037037037037035	0.	0.	0.037037037037037035
256	0.9525949396376228	0.6774604177770611	0.9259259259259259	0.6666666666666666	0.037037037037037035	0.	0.	0.037037037037037035
257	0.20735547451475478	0.29489757660528193	0.18518518518518517	0.25925925925925924	0.037037037037037035	0.	0.	0.037037037037037035
258	0.7430942258021188	0.528927229762492	0.7407407407407407	0.5185185185185185	0.037037037037037035	0.	0.	0.037037037037037035
259	0.23448096726758297	0.8725725465352624	0.2222222222222222	0.8518518518518519	0.037037037037037035	0.	0.	0.037037037037037035
260	0.42857740202446193	0.046411461217271854	0.4074074074074074	0.037037037037037035	0.037037037037037035	0.	0.	0.037037037037037035
261	0.2807622727459827	0.1583405560841845	0.25925925925925924	0.14814814814814814	0.037037037037037035	0.	0.	0.037037037037037035
262	0.3657438416996061	0.5716769908194849	0.3333333333333333	0.5555555555555556	0.037037037037037035	0.	0.	0.037037037037037035
263	0.6733264512502332	0.961339746454831	0.6666666666666666	0.9259259259259259	0.037037037037037035	0.	0.	0.037037037037037035
264	0.5004825355704579	0.2323644047987698	0.48148148148148145	0.2222222222222222	0.037037037037037035	0.	0.	0.037037037037037035
265	0.8597803113780764	0.38835581391600926	0.8518518518518519	0.37037037037037035	0.037037037037037035	0.	0.	0.037037037037037035
266	0.00906937406021738	0.7596306348165288	0.	0.7407407407407407	0.037037037037037035	0.	0.	0.037037037037037035
267	0.9753090085021291	0.02124645933908433	0.9629629629629629	0.	0.037037037037037035	0.	0.	0.037037037037037035
268	0.1301329866767406	0.49590881687554034	0.1111111111111111	0.48148148148148145	0.037037037037037035	0.	0.	0.037037037037037035
269	0.6340137739419696	0.8172226181185098	0.6296296296296297	0.8148148148148148	0.037037037037037035	0.	0.	0.037037037037037035
270	0.6604169894587067	0.6586242663416113	0.6296296296296297	0.6296296296296297	0.037037037037037035	0.	0.	0.037037037037037035
271	0.9639951859472597	0.9238316063006845	0.9629629629629629	0.8888888888888888	0.037037037037037035	0.	0.	0.037037037037037035
272	0.1151954571337432	0.12155450043841119	0.1111111111111111	0.1111111111111111	0.037037037037037035	0.	0.	0.037037037037037035
273	0.6999348546758626	0.3472226323063672	0.6666666666666666	0.3333333333333333	0.037037037037037035	0.	0.	0.037037037037037035
274	0.27004977529724816	0.739900373897537	0.25925925925925924	0.7037037037037037	0.037037037037037035	0.	0.	0.037037037037037035
275	0.35396802843503367	0.3029653593428474	0.3333333333333333	0.2962962962962963	0.037037037037037035	0.	0.	0.037037037037037035
276	0.03700844536386923	0.44980466946857833	0.	0.4444444444444444	0.037037037037037035	0.	0.	0.037037037037037035
277	0.4919413800027494	0.7926085697203965	0.48148148148148145	0.7777777777777778	0.037037037037037035	0.	0.	0.037037037037037035
278	0.8868993365672682	0.1066358126110018	0.8518518518518519	0.07407407407407407	0.037037037037037035	0.	0.	0.037037037037037035
279	0.550023720265003	0.1958428584813438	0.5185185185185185	0.18518518518518517	0.037037037037037035	0.	0.	0.037037037037037035
280	0.8032204529757503	0.6028090045938003	0.7777777777777778	0.5925925925925926	0.037037037037037035	0.	0.	0.037037037037037035
281	0.07334477518215786	0.9948650659344279	0.037037037037037035	0.9629629629629629	0.037037037037037035	0.	0.	0.037037037037037035
282	0.8954398132860064	0.2755108494016691	0.8888888888888888	0.25925925925925924	0.037037037037037035	0.	0.	0.037037037037037035
283	0.16414893241918	0.4381807015546527	0.14814814814814814	0.4074074074074074	0.037037037037037035	0.	0.	0.037037037037037035
284	0.570987482457766	0.6953034363996514	0.5555555555555556	0.6666666666666666	0.037037037037037035	0.	0.	0.037037037037037035
285	0.30181807877142663	0.062072387365828416	0.2962962962962963	0.037037037037037035	0.037037037037037035	0.	0.	0.037037037037037035
286	0.38722648627565653	0.5525236052586092	0.37037037037037035	0.5185185185185185	0.037037037037037035	0.	0.	0.037037037037037035
287	0.7262101196373913	0.8527188125389343	0.7037037037037037	0.8518518518518519	0.037037037037037035	0.	0.	0.037037037037037035
288	0.41438821183942764	0.944968299460968	0.4074074074074074	0.9259259259259259	0.037037037037037035	0.	0.	0.037037037037037035
289	0.7684513230102636	0.1735647259481932	0.7407407407407407	0.14814814814814814	0.037037037037037035	0.	0.	0.037037037037037035
290	0.2579235598111763	0.5649391515102169	0.2222222222222222	0.5555555555555556	0.037037037037037035	0.	0.	0.037037037037037035
291	0.8302717928787705	0.7436555719522963	0.8148148148148148	0.7407407407407407	0.037037037037037035	0.	0.	0.037037037037037035
292	0.07564813899143058	0.25820872628138153	0.07407407407407407	0.2222222222222222	0.037037037037037035	0.	0.	0.037037037037037035
293	0.4535733550220159	0.3718846759289491	0.4444444444444444	0.37037037037037035	0.037037037037037035	0.	0.	0.037037037037037035
294	0.1952175792127504	0.8497029240323254	0.18518518518518517	0.8148148148148148	0.037037037037037035	0.	0.	0.037037037037037035
295	0.6210295819778735	0.0006128164963073666	0.5925925925925926	0.	0.037037037037037035	0.	0.	0.037037037037037035
296	0.9475810015819787	0.49332016097888925	0.9259259259259259	0.48148148148148145	0.037037037037037035	0.	0.	0.037037037037037035
297	0.9339343803609037	0.14103903093605696	0.9259259259259259	0.1111111111111111	0.037037037037037035	0.	0.	0.037037037037037035
298	0.2200882204761246	0.6534790092976558	0.18518518518518517	0.6296296296296297	0.037037037037037035	0.	0.	0.037037037037037035
299	0.6124911581534862	0.9062044831604142	0.5925925925925926	0.8888888888888888	0.037037037037037035	0.	0.	0.037037037037037035
300	0.23464786258804876	0.32852683138982525	0.2222222222222222	0.2962962962962963	0.037037037037037035	0.	0.	0.037037037037037035
301	0.4438205658933713	0.3451777086231148	0.4074074074074074	0.3333333333333333	0.037037037037037035	0.	0.	0.037037037037037035
302	0.7607878778622539	0.7169108403384761	0.7407407407407407	0.7037037037037037	0.037037037037037035	0.	0.	0.037037037037037035
303	0.48001082358863056	0.09535949452585611	0.4444444444444444	0.07407407407407407	0.037037037037037035	0.	0.	0.037037037037037035
304	0.8235513541291651	0.4813725877397603	0.8148148148148148	0.4444444444444444	0.037037037037037035	0.	0.	0.037037037037037035
305	0.10901758992927188	0.7816768969765734	0.07407407407407407	0.7777777777777778	0.037037037037037035	0.	0.	0.037037037037037035
306	0.8649367991135509	0.986010302791876	0.8518518518518519	0.9629629629629629	0.037037037037037035	0.	0.	0.037037037037037035
307	0.017518755958206428	0.2139355033784321	0.	0.18518518518518517	0.037037037037037035	0.	0.	0.037037037037037035
308	0.5169360424129074	0.6277669170976653	0.48148148148148145	0.5925925925925926	0.037037037037037035	0.	0.	0.037037037037037035
309	0.1432428577622285	0.680016704021041	0.1111111111111111	0.6666666666666666	0.037037037037037035	0.	0.	0.037037037037037035