0	0.0307425	0.0133796	0	0	0.111111	0 	0 	0.111111	
80	0.169969	0.0734285	0.111111	0.111111	0.111111	0 	0 	-0.111111	
91	0.255899	0.0378064	0.222222	0	0.111111	0 	0 	0.111111	
40	0.308642	0.0493827	0.222222	0	0.111111	0 	0 	0.111111	
17	0.326214	0.11124	0.333333	0.111111	-0.111111	0 	0 	0.111111	
105	0.204986	0.216932	0.222222	0.222222	-0.111111	0 	0 	-0.111111	
45	0.139905	0.125549	0.222222	0.222222	-0.111111	0 	0 	-0.111111	
58	0.111107	0.16838	0.111111	0.111111	-0.111111	0 	0 	0.111111	
109	0.0562928	0.150762	0.111111	0.111111	-0.111111	0 	0 	0.111111	
86	0.0164609	0.279835	0	0.222222	0.111111	0 	0 	0.111111	
35	0.0442223	0.320382	0	0.222222	0.111111	0 	0 	0.111111	
22	0.197384	0.255375	0.111111	0.333333	0.111111	0 	0 	-0.111111	
63	0.277418	0.233313	0.222222	0.222222	0.111111	0 	0 	0.111111	
97	0.374709	0.293336	0.333333	0.333333	0.111111	0 	0 	-0.111111	
37	0.418439	0.26347	0.333333	0.333333	0.111111	0 	0 	-0.111111	
69	0.435355	0.17931	0.444444	0.222222	-0.111111	0 	0 	-0.111111	
14	0.380533	0.0848412	0.333333	0.111111	0.111111	0 	0 	-0.111111	
55	0.489742	0.00841125	0.444444	0	0.111111	0 	0 	0.111111	
32	0.525399	0.195798	0.555556	0.111111	-0.111111	0 	0 	0.111111	
83	0.555529	0.135654	0.555556	0.111111	-0.111111	0 	0 	0.111111	
6	0.484275	0.232029	0.444444	0.222222	0.111111	0 	0 	0.111111	
77	0.579559	0.322726	0.555556	0.333333	0.111111	0 	0 	-0.111111	
19	0.662798	0.154239	0.666667	0.222222	-0.111111	0 	0 	-0.111111	
51	0.599759	0.00554416	0.555556	0.111111	0.111111	0 	0 	-0.111111	
102	0.644742	0.0973966	0.555556	0.111111	0.111111	0 	0 	-0.111111	
25	0.745628	0.0487917	0.666667	0	0.111111	0 	0 	0.111111	
66	0.803689	0.104893	0.777778	0.111111	0.111111	0 	0 	-0.111111	
89	0.889078	0.0631198	0.888889	0	0.111111	0 	0 	0.111111	
29	0.939098	0.0252027	0.888889	0	0.111111	0 	0 	0.111111	
3	0.962453	0.140645	1	0.111111	-0.111111	0 	0 	0.111111	
43	0.861316	0.165238	0.888889	0.222222	-0.111111	0 	0 	-0.111111	
94	0.847335	0.204624	0.888889	0.222222	-0.111111	0 	0 	-0.111111	
74	0.736354	0.212418	0.777778	0.111111	-0.111111	0 	0 	0.111111	
48	0.686828	0.261493	0.666667	0.222222	0.111111	0 	0 	0.111111	
99	0.756413	0.320684	0.666667	0.222222	0.111111	0 	0 	0.111111	
11	0.826063	0.278321	0.777778	0.333333	0.111111	0 	0 	-0.111111	
61	0.999618	0.287252	0.888889	0.222222	0.111111	0 	0 	0.111111	
104	0.979424	0.427984	1	0.333333	-0.111111	0 	0 	0.111111	
53	0.900624	0.35957	1	0.333333	-0.111111	0 	0 	0.111111	
18	0.911688	0.452177	0.888889	0.444444	0.111111	0 	0 	0.111111	
76	0.950306	0.642787	1	0.555556	-0.111111	0 	0 	0.111111	
8	0.786204	0.557695	0.888889	0.666667	-0.111111	0 	0 	-0.111111	
82	0.816527	0.509043	0.777778	0.555556	0.111111	0 	0 	-0.111111	
31	0.840942	0.541914	0.777778	0.555556	0.111111	0 	0 	-0.111111	
54	0.872569	0.386377	0.888889	0.444444	-0.111111	0 	0 	-0.111111	
13	0.702536	0.422303	0.777778	0.333333	-0.111111	0 	0 	0.111111	
71	0.706319	0.471922	0.666667	0.444444	0.111111	0 	0 	0.111111	
36	0.776097	0.636541	0.777778	0.555556	-0.111111	0 	0 	0.111111	
96	0.717975	0.580372	0.777778	0.555556	-0.111111	0 	0 	0.111111	
65	0.629311	0.622476	0.666667	0.666667	-0.111111	0 	0 	-0.111111	
21	0.513919	0.59989	0.555556	0.555556	-0.111111	0 	0 	0.111111	
34	0.382171	0.646457	0.444444	0.666667	-0.111111	0 	0 	-0.111111	
85	0.341576	0.612114	0.444444	0.666667	-0.111111	0 	0 	-0.111111	
108	0.404722	0.475488	0.333333	0.555556	0.111111	0 	0 	-0.111111	
57	0.431937	0.505948	0.333333	0.555556	0.111111	0 	0 	-0.111111	
47	0.471568	0.445745	0.444444	0.444444	0.111111	0 	0 	0.111111	
107	0.536069	0.538144	0.444444	0.444444	0.111111	0 	0 	0.111111	
16	0.584758	0.499633	0.555556	0.555556	0.111111	0 	0 	-0.111111	
39	0.636207	0.377459	0.666667	0.444444	-0.111111	0 	0 	-0.111111	
90	0.60286	0.353916	0.666667	0.444444	-0.111111	0 	0 	-0.111111	
79	0.505333	0.408845	0.555556	0.333333	-0.111111	0 	0 	0.111111	
2	0.333232	0.337513	0.444444	0.444444	-0.111111	0 	0 	-0.111111	
28	0.274507	0.430479	0.333333	0.333333	-0.111111	0 	0 	0.111111	
88	0.238286	0.393969	0.333333	0.333333	-0.111111	0 	0 	0.111111	
5	0.227314	0.482677	0.222222	0.444444	0.111111	0 	0 	0.111111	
60	0.298064	0.575766	0.333333	0.555556	-0.111111	0 	0 	0.111111	
10	0.190295	0.625115	0.222222	0.666667	-0.111111	0 	0 	-0.111111	
93	0.15974	0.471961	0.111111	0.555556	0.111111	0 	0 	-0.111111	
42	0.130414	0.529207	0.111111	0.555556	0.111111	0 	0 	-0.111111	
68	0.135231	0.364097	0.222222	0.444444	-0.111111	0 	0 	-0.111111	
24	0.0851537	0.404399	0.111111	0.333333	-0.111111	0 	0 	0.111111	
73	0.07476	0.534853	0	0.444444	0.111111	0 	0 	0.111111	
101	0.0927917	0.656567	0.111111	0.555556	-0.111111	0 	0 	0.111111	
50	0.0123457	0.567901	0.111111	0.555556	-0.111111	0 	0 	0.111111	
12	0.00429368	0.699977	0	0.666667	0.111111	0 	0 	0.111111	
56	0.212581	0.726589	0.111111	0.777778	0.111111	0 	0 	-0.111111	
52	0.257838	0.711673	0.222222	0.666667	0.111111	0 	0 	0.111111	
103	0.31217	0.776254	0.222222	0.666667	0.111111	0 	0 	0.111111	
20	0.293985	0.825353	0.333333	0.777778	-0.111111	0 	0 	0.111111	
30	0.180446	0.872986	0.222222	0.888889	-0.111111	0 	0 	-0.111111	
81	0.127572	0.835391	0.222222	0.888889	-0.111111	0 	0 	-0.111111	
70	0.0246914	0.802469	0.111111	0.777778	-0.111111	0 	0 	0.111111	
98	0.0534979	0.909465	0	0.888889	0.111111	0 	0 	0.111111	
38	0.0839544	0.941106	0	0.888889	0.111111	0 	0 	0.111111	
7	0.125573	0.896439	0.111111	1	0.111111	0 	0 	-0.111111	
75	0.236263	0.96369	0.222222	0.888889	0.111111	0 	0 	0.111111	
49	0.348019	0.928834	0.333333	1	0.111111	0 	0 	-0.111111	
100	0.423868	0.983539	0.333333	1	0.111111	0 	0 	-0.111111	
72	0.443647	0.880838	0.444444	0.888889	-0.111111	0 	0 	-0.111111	
26	0.355924	0.744319	0.333333	0.777778	0.111111	0 	0 	-0.111111	
67	0.453619	0.699033	0.444444	0.666667	0.111111	0 	0 	0.111111	
44	0.541433	0.875741	0.555556	0.777778	-0.111111	0 	0 	0.111111	
95	0.500597	0.796629	0.555556	0.777778	-0.111111	0 	0 	0.111111	
9	0.469946	0.954216	0.444444	0.888889	0.111111	0 	0 	0.111111	
62	0.660851	0.941176	0.555556	1	0.111111	0 	0 	-0.111111	
4	0.56384	0.779579	0.666667	0.888889	-0.111111	0 	0 	-0.111111	
87	0.562251	0.668322	0.555556	0.777778	0.111111	0 	0 	-0.111111	
27	0.619616	0.751552	0.555556	0.777778	0.111111	0 	0 	-0.111111	
1	0.669732	0.682449	0.666667	0.666667	0.111111	0 	0 	0.111111	
78	0.839506	0.765432	0.777778	0.777778	0.111111	0 	0 	-0.111111	
92	0.93113	0.688653	0.888889	0.666667	0.111111	0 	0 	0.111111	
41	0.91665	0.72607	0.888889	0.666667	0.111111	0 	0 	0.111111	
15	0.966406	0.818753	1	0.777778	-0.111111	0 	0 	0.111111	
106	0.877188	0.860239	0.888889	0.888889	-0.111111	0 	0 	-0.111111	
46	0.854835	0.88403	0.888889	0.888889	-0.111111	0 	0 	-0.111111	
59	0.762481	0.839776	0.777778	0.777778	-0.111111	0 	0 	0.111111	
110	0.741677	0.792435	0.777778	0.777778	-0.111111	0 	0 	0.111111	
84	0.667013	0.897923	0.666667	0.888889	0.111111	0 	0 	0.111111	
33	0.701545	0.999453	0.666667	0.888889	0.111111	0 	0 	0.111111	
23	0.851852	0.925926	0.777778	1	0.111111	0 	0 	-0.111111	
64	0.930491	0.972168	0.888889	0.888889	0.111111	0 	0 	0.111111	
