0	0.019204	0.0137058	0	0	0.333333	0 	0 	0.111111	
40	0.129398	0.0489423	0	0	0.333333	0 	0 	0.111111	
17	0.29442	0.163683	0.333333	0.111111	-0.333333	0 	0 	0.111111	
45	0.194441	0.139681	0.333333	0.111111	-0.333333	0 	0 	0.111111	
58	0.101946	0.157317	0.333333	0.111111	-0.333333	0 	0 	0.111111	
35	0.0380397	0.304895	0	0.222222	0.333333	0 	0 	0.111111	
22	0.165971	0.260971	0	0.222222	0.333333	0 	0 	0.111111	
63	0.244102	0.246225	0	0.222222	0.333333	0 	0 	0.111111	
37	0.417769	0.280882	0.333333	0.333333	0.111111	0 	0 	-0.333333	
69	0.392531	0.0998481	0.333333	0.333333	0.111111	0 	0 	-0.333333	
14	0.363964	0.0836879	0.333333	0.333333	0.111111	0 	0 	-0.333333	
55	0.4865	0.0311397	0.444444	0	0.111111	0 	0 	0.333333	
32	0.504082	0.200036	0.444444	0	0.111111	0 	0 	0.333333	
6	0.468034	0.232049	0.444444	0	0.111111	0 	0 	0.333333	
77	0.559284	0.322361	0.555556	0.333333	0.111111	0 	0 	-0.333333	
19	0.607222	0.131677	0.555556	0.333333	0.111111	0 	0 	-0.333333	
51	0.57346	0.00145658	0.555556	0.333333	0.111111	0 	0 	-0.333333	
25	0.741595	0.10928	0.666667	0	0.333333	0 	0 	0.111111	
66	0.799681	0.0489154	0.666667	0	0.333333	0 	0 	0.111111	
29	0.943211	0.0718625	0.666667	0	0.333333	0 	0 	0.111111	
3	0.888264	0.178953	1	0.111111	-0.333333	0 	0 	0.111111	
43	0.826855	0.149374	1	0.111111	-0.333333	0 	0 	0.111111	
74	0.724047	0.212698	1	0.111111	-0.333333	0 	0 	0.111111	
48	0.669777	0.240187	0.666667	0.222222	0.333333	0 	0 	0.111111	
11	0.813617	0.305963	0.666667	0.222222	0.333333	0 	0 	0.111111	
61	0.982425	0.277652	0.666667	0.222222	0.333333	0 	0 	0.111111	
53	0.900234	0.340805	1	0.333333	-0.111111	0 	0 	0.333333	
18	0.954104	0.437888	1	0.333333	-0.111111	0 	0 	0.333333	
76	0.942423	0.649138	1	0.333333	-0.111111	0 	0 	0.333333	
8	0.780595	0.556143	0.888889	0.666667	-0.111111	0 	0 	-0.333333	
31	0.830171	0.534366	0.888889	0.666667	-0.111111	0 	0 	-0.333333	
54	0.861521	0.38582	0.888889	0.666667	-0.111111	0 	0 	-0.333333	
13	0.703704	0.407407	0.777778	0.333333	-0.111111	0 	0 	0.333333	
71	0.686388	0.468208	0.777778	0.333333	-0.111111	0 	0 	0.333333	
36	0.752319	0.610431	0.777778	0.333333	-0.111111	0 	0 	0.333333	
65	0.620667	0.616824	0.666667	0.666667	-0.333333	0 	0 	-0.111111	
21	0.518644	0.575765	0.666667	0.666667	-0.333333	0 	0 	-0.111111	
34	0.37727	0.642777	0.666667	0.666667	-0.333333	0 	0 	-0.111111	
57	0.438725	0.501346	0.333333	0.555556	0.333333	0 	0 	-0.111111	
47	0.449515	0.461693	0.333333	0.555556	0.333333	0 	0 	-0.111111	
16	0.583853	0.514093	0.333333	0.555556	0.333333	0 	0 	-0.111111	
39	0.624433	0.380808	0.666667	0.444444	-0.333333	0 	0 	-0.111111	
2	0.339735	0.340774	0.666667	0.444444	-0.333333	0 	0 	-0.111111	
28	0.284251	0.427858	0.333333	0.333333	-0.111111	0 	0 	0.333333	
5	0.260007	0.434823	0.333333	0.333333	-0.111111	0 	0 	0.333333	
60	0.320336	0.562499	0.333333	0.333333	-0.111111	0 	0 	0.333333	
10	0.154913	0.629561	0.222222	0.666667	-0.111111	0 	0 	-0.333333	
42	0.185407	0.483885	0.222222	0.666667	-0.111111	0 	0 	-0.333333	
68	0.136648	0.348399	0.222222	0.666667	-0.111111	0 	0 	-0.333333	
24	0.0801361	0.393433	0.111111	0.333333	-0.111111	0 	0 	0.333333	
73	0.0769051	0.530389	0.111111	0.333333	-0.111111	0 	0 	0.333333	
50	0.0043082	0.593803	0.111111	0.333333	-0.111111	0 	0 	0.333333	
12	0.0745133	0.762398	0	0.666667	0.333333	0 	0 	0.111111	
56	0.209877	0.728395	0	0.666667	0.333333	0 	0 	0.111111	
52	0.227783	0.669854	0	0.666667	0.333333	0 	0 	0.111111	
20	0.295049	0.817816	0.333333	0.777778	-0.333333	0 	0 	0.111111	
30	0.171895	0.859791	0.333333	0.777778	-0.333333	0 	0 	0.111111	
70	0.0376556	0.791776	0.333333	0.777778	-0.333333	0 	0 	0.111111	
38	0.085491	0.980864	0	0.888889	0.333333	0 	0 	0.111111	
7	0.126168	0.891458	0	0.888889	0.333333	0 	0 	0.111111	
75	0.276184	0.993096	0	0.888889	0.333333	0 	0 	0.111111	
49	0.350206	0.910693	0.333333	1	0.111111	0 	0 	-0.333333	
72	0.398222	0.876387	0.333333	1	0.111111	0 	0 	-0.333333	
26	0.407407	0.703704	0.333333	1	0.111111	0 	0 	-0.333333	
67	0.485538	0.73924	0.444444	0.666667	0.111111	0 	0 	0.333333	
44	0.530864	0.82716	0.444444	0.666667	0.111111	0 	0 	0.333333	
9	0.475106	0.943316	0.444444	0.666667	0.111111	0 	0 	0.333333	
62	0.649656	0.962634	0.555556	1	0.111111	0 	0 	-0.333333	
4	0.569539	0.782836	0.555556	1	0.111111	0 	0 	-0.333333	
27	0.607178	0.752481	0.555556	1	0.111111	0 	0 	-0.333333	
1	0.671277	0.681043	0.666667	0.666667	0.333333	0 	0 	0.111111	
78	0.806822	0.76372	0.666667	0.666667	0.333333	0 	0 	0.111111	
41	0.978753	0.694098	0.666667	0.666667	0.333333	0 	0 	0.111111	
15	0.929036	0.850806	1	0.777778	-0.333333	0 	0 	0.111111	
46	0.873439	0.797211	1	0.777778	-0.333333	0 	0 	0.111111	
59	0.756602	0.838896	1	0.777778	-0.333333	0 	0 	0.111111	
33	0.719047	0.981791	0.666667	0.888889	0.333333	0 	0 	0.111111	
23	0.850572	0.924111	0.666667	0.888889	0.333333	0 	0 	0.111111	
64	0.9125	0.892559	0.666667	0.888889	0.333333	0 	0 	0.111111	
