0	0.0271222	0.011301	0	0	0.111111	0 	0 	0.111111	
80	0.146301	0.101068	0.111111	0.111111	0.111111	0 	0 	-0.111111	
91	0.222845	0.0226857	0.222222	0	0.111111	0 	0 	0.111111	
40	0.297208	0.0491665	0.222222	0	0.111111	0 	0 	0.111111	
17	0.255782	0.18787	0.333333	0.111111	-0.111111	0 	0 	0.111111	
45	0.131652	0.124198	0.222222	0.222222	-0.111111	0 	0 	-0.111111	
58	0.0905751	0.156903	0.111111	0.111111	-0.111111	0 	0 	0.111111	
86	0.021212	0.223605	0	0.222222	0.111111	0 	0 	0.111111	
35	0.0500409	0.30492	0	0.222222	0.111111	0 	0 	0.111111	
22	0.190477	0.261523	0.111111	0.333333	0.111111	0 	0 	-0.111111	
63	0.233734	0.288908	0.222222	0.222222	0.111111	0 	0 	0.111111	
97	0.367882	0.240582	0.333333	0.333333	0.111111	0 	0 	-0.111111	
37	0.417225	0.274252	0.333333	0.333333	0.111111	0 	0 	-0.111111	
69	0.400711	0.140244	0.444444	0.222222	-0.111111	0 	0 	-0.111111	
14	0.388874	0.0852536	0.333333	0.111111	0.111111	0 	0 	-0.111111	
55	0.540616	0.0636067	0.444444	0	0.111111	0 	0 	0.111111	
32	0.526508	0.199505	0.555556	0.111111	-0.111111	0 	0 	0.111111	
83	0.460351	0.169495	0.555556	0.111111	-0.111111	0 	0 	0.111111	
6	0.46368	0.231686	0.444444	0.222222	0.111111	0 	0 	0.111111	
77	0.597309	0.323809	0.555556	0.333333	0.111111	0 	0 	-0.111111	
19	0.62212	0.134885	0.666667	0.222222	-0.111111	0 	0 	-0.111111	
51	0.572899	0.00707285	0.555556	0.111111	0.111111	0 	0 	-0.111111	
102	0.659697	0.0884892	0.555556	0.111111	0.111111	0 	0 	-0.111111	
25	0.743897	0.0404186	0.666667	0	0.111111	0 	0 	0.111111	
66	0.799651	0.102871	0.777778	0.111111	0.111111	0 	0 	-0.111111	
89	0.952341	0.0207439	0.888889	0	0.111111	0 	0 	0.111111	
29	0.926587	0.063675	0.888889	0	0.111111	0 	0 	0.111111	
3	0.965543	0.162619	1	0.111111	-0.111111	0 	0 	0.111111	
43	0.869345	0.208514	0.888889	0.222222	-0.111111	0 	0 	-0.111111	
94	0.861425	0.151862	0.888889	0.222222	-0.111111	0 	0 	-0.111111	
74	0.725741	0.209597	0.777778	0.111111	-0.111111	0 	0 	0.111111	
48	0.681367	0.264428	0.666667	0.222222	0.111111	0 	0 	0.111111	
99	0.756628	0.32492	0.666667	0.222222	0.111111	0 	0 	0.111111	
11	0.826485	0.292907	0.777778	0.333333	0.111111	0 	0 	-0.111111	
61	0.998489	0.284938	0.888889	0.222222	0.111111	0 	0 	0.111111	
53	0.907083	0.357275	1	0.333333	-0.111111	0 	0 	0.111111	
18	0.973568	0.492103	0.888889	0.444444	0.111111	0 	0 	0.111111	
76	0.952734	0.651403	1	0.555556	-0.111111	0 	0 	0.111111	
8	0.881247	0.627663	0.888889	0.666667	-0.111111	0 	0 	-0.111111	
82	0.804449	0.507281	0.777778	0.555556	0.111111	0 	0 	-0.111111	
31	0.829723	0.53879	0.777778	0.555556	0.111111	0 	0 	-0.111111	
54	0.848457	0.439316	0.888889	0.444444	-0.111111	0 	0 	-0.111111	
13	0.709569	0.411088	0.777778	0.333333	-0.111111	0 	0 	0.111111	
71	0.685372	0.467385	0.666667	0.444444	0.111111	0 	0 	0.111111	
36	0.770939	0.555667	0.777778	0.555556	-0.111111	0 	0 	0.111111	
96	0.748383	0.612521	0.777778	0.555556	-0.111111	0 	0 	0.111111	
65	0.584929	0.589345	0.666667	0.666667	-0.111111	0 	0 	-0.111111	
21	0.513927	0.570809	0.555556	0.555556	-0.111111	0 	0 	0.111111	
34	0.382253	0.639239	0.444444	0.666667	-0.111111	0 	0 	-0.111111	
85	0.347118	0.597408	0.444444	0.666667	-0.111111	0 	0 	-0.111111	
57	0.433461	0.507197	0.333333	0.555556	0.111111	0 	0 	-0.111111	
47	0.469785	0.48216	0.444444	0.444444	0.111111	0 	0 	0.111111	
16	0.559746	0.52663	0.555556	0.555556	0.111111	0 	0 	-0.111111	
39	0.64167	0.387624	0.666667	0.444444	-0.111111	0 	0 	-0.111111	
90	0.609849	0.376292	0.666667	0.444444	-0.111111	0 	0 	-0.111111	
79	0.500229	0.43061	0.555556	0.333333	-0.111111	0 	0 	0.111111	
2	0.347004	0.340149	0.444444	0.444444	-0.111111	0 	0 	-0.111111	
28	0.273613	0.423263	0.333333	0.333333	-0.111111	0 	0 	0.111111	
88	0.328776	0.389638	0.333333	0.333333	-0.111111	0 	0 	0.111111	
5	0.249123	0.456825	0.222222	0.444444	0.111111	0 	0 	0.111111	
60	0.297627	0.660058	0.333333	0.555556	-0.111111	0 	0 	0.111111	
10	0.174458	0.630951	0.222222	0.666667	-0.111111	0 	0 	-0.111111	
93	0.152464	0.471099	0.111111	0.555556	0.111111	0 	0 	-0.111111	
42	0.185316	0.495472	0.111111	0.555556	0.111111	0 	0 	-0.111111	
68	0.139445	0.35377	0.222222	0.444444	-0.111111	0 	0 	-0.111111	
24	0.0749202	0.366035	0.111111	0.333333	-0.111111	0 	0 	0.111111	
73	0.0617284	0.54321	0	0.444444	0.111111	0 	0 	0.111111	
101	0.102828	0.580387	0.111111	0.555556	-0.111111	0 	0 	0.111111	
50	0.0111474	0.571754	0.111111	0.555556	-0.111111	0 	0 	0.111111	
12	0.0248105	0.749854	0	0.666667	0.111111	0 	0 	0.111111	
56	0.205678	0.728008	0.111111	0.777778	0.111111	0 	0 	-0.111111	
52	0.256149	0.675325	0.222222	0.666667	0.111111	0 	0 	0.111111	
103	0.324795	0.770111	0.222222	0.666667	0.111111	0 	0 	0.111111	
20	0.294378	0.810087	0.333333	0.777778	-0.111111	0 	0 	0.111111	
30	0.180243	0.863043	0.222222	0.888889	-0.111111	0 	0 	-0.111111	
81	0.122941	0.835027	0.222222	0.888889	-0.111111	0 	0 	-0.111111	
70	0.0359054	0.784887	0.111111	0.777778	-0.111111	0 	0 	0.111111	
98	0.060983	0.901881	0	0.888889	0.111111	0 	0 	0.111111	
38	0.0974926	0.944439	0	0.888889	0.111111	0 	0 	0.111111	
7	0.149883	0.999546	0.111111	1	0.111111	0 	0 	-0.111111	
75	0.259322	0.934896	0.222222	0.888889	0.111111	0 	0 	0.111111	
49	0.378651	0.904105	0.333333	1	0.111111	0 	0 	-0.111111	
100	0.446423	0.990421	0.333333	1	0.111111	0 	0 	-0.111111	
72	0.443983	0.883438	0.444444	0.888889	-0.111111	0 	0 	-0.111111	
26	0.406868	0.706159	0.333333	0.777778	0.111111	0 	0 	-0.111111	
67	0.489267	0.682728	0.444444	0.666667	0.111111	0 	0 	0.111111	
44	0.543154	0.827178	0.555556	0.777778	-0.111111	0 	0 	0.111111	
95	0.555139	0.791857	0.555556	0.777778	-0.111111	0 	0 	0.111111	
9	0.475159	0.959158	0.444444	0.888889	0.111111	0 	0 	0.111111	
62	0.648585	0.947935	0.555556	1	0.111111	0 	0 	-0.111111	
4	0.635794	0.874663	0.666667	0.888889	-0.111111	0 	0 	-0.111111	
87	0.574129	0.724772	0.555556	0.777778	0.111111	0 	0 	-0.111111	
27	0.614097	0.752497	0.555556	0.777778	0.111111	0 	0 	-0.111111	
1	0.693592	0.668404	0.666667	0.666667	0.111111	0 	0 	0.111111	
78	0.842295	0.771807	0.777778	0.777778	0.111111	0 	0 	-0.111111	
92	0.930337	0.685943	0.888889	0.666667	0.111111	0 	0 	0.111111	
41	0.983906	0.713493	0.888889	0.666667	0.111111	0 	0 	0.111111	
15	0.92691	0.843712	1	0.777778	-0.111111	0 	0 	0.111111	
46	0.800665	0.781389	0.888889	0.888889	-0.111111	0 	0 	-0.111111	
59	0.777253	0.838233	0.777778	0.777778	-0.111111	0 	0 	0.111111	
84	0.71997	0.889007	0.666667	0.888889	0.111111	0 	0 	0.111111	
33	0.715258	0.974428	0.666667	0.888889	0.111111	0 	0 	0.111111	
23	0.858736	0.931814	0.777778	1	0.111111	0 	0 	-0.111111	
64	0.91328	0.914865	0.888889	0.888889	0.111111	0 	0 	0.111111	
