0	0.0375145	0.000654637	0	0	0.111111	0 	0 	0.037037	
366	0.0208526	0.0162226	0	0	0.111111	0 	0 	0.037037	
192	0.0948468	0.0504514	0.111111	0.037037	-0.111111	0 	0 	0.037037	
306	0.0137174	0.0685871	0.111111	0.037037	-0.111111	0 	0 	0.037037	
141	0.0781893	0.0823045	0	0.0740741	0.111111	0 	0 	0.037037	
329	0.129279	0.0904048	0.111111	0.111111	0.037037	0 	0 	-0.111111	
131	0.137281	0.0717234	0.111111	0.111111	0.037037	0 	0 	-0.111111	
278	0.174795	0.021819	0.148148	0	0.037037	0 	0 	0.111111	
80	0.165313	0.0965312	0.148148	0	0.037037	0 	0 	0.111111	
182	0.217562	0.0321137	0.185185	0.111111	0.037037	0 	0 	-0.111111	
91	0.248621	0.00900139	0.222222	0	0.111111	0 	0 	0.037037	
40	0.308161	0.0471361	0.333333	0.037037	-0.111111	0 	0 	0.037037	
397	0.289438	0.0397805	0.333333	0.037037	-0.111111	0 	0 	0.037037	
232	0.242844	0.0744793	0.222222	0.0740741	0.111111	0 	0 	0.037037	
265	0.316846	0.0814059	0.222222	0.0740741	0.111111	0 	0 	0.037037	
200	0.320206	0.147395	0.333333	0.111111	-0.037037	0 	0 	0.111111	
17	0.289781	0.210719	0.296296	0.222222	-0.037037	0 	0 	-0.111111	
323	0.267891	0.143288	0.296296	0.222222	-0.037037	0 	0 	-0.111111	
149	0.25474	0.170787	0.259259	0.111111	-0.037037	0 	0 	0.111111	
374	0.24089	0.212479	0.259259	0.111111	-0.037037	0 	0 	0.111111	
105	0.201646	0.205761	0.222222	0.222222	-0.111111	0 	0 	-0.037037	
243	0.138258	0.157386	0.111111	0.185185	0.111111	0 	0 	-0.037037	
237	0.168548	0.162917	0.111111	0.185185	0.111111	0 	0 	-0.037037	
384	0.205727	0.120431	0.222222	0.148148	-0.111111	0 	0 	-0.037037	
45	0.176215	0.116353	0.222222	0.148148	-0.111111	0 	0 	-0.037037	
58	0.107226	0.183224	0.111111	0.111111	-0.037037	0 	0 	0.111111	
283	0.107399	0.13863	0.111111	0.111111	-0.037037	0 	0 	0.111111	
334	0.0601758	0.208496	0.0740741	0.222222	-0.037037	0 	0 	-0.111111	
109	0.0595647	0.191792	0.0740741	0.222222	-0.037037	0 	0 	-0.111111	
169	0.0343383	0.139845	0.037037	0.111111	-0.037037	0 	0 	0.111111	
260	0.0678111	0.227373	0	0.222222	0.111111	0 	0 	0.037037	
218	0.094417	0.23405	0	0.222222	0.111111	0 	0 	0.037037	
86	0.0164609	0.279835	0.111111	0.259259	-0.111111	0 	0 	0.037037	
392	0.0049911	0.299888	0	0.296296	0.111111	0 	0 	0.037037	
35	0.0494085	0.316315	0	0.296296	0.111111	0 	0 	0.037037	
214	0.11522	0.322487	0.111111	0.333333	0.037037	0 	0 	-0.111111	
154	0.158025	0.258587	0.148148	0.222222	0.037037	0 	0 	0.111111	
352	0.157801	0.264728	0.148148	0.222222	0.037037	0 	0 	0.111111	
301	0.186963	0.327736	0.185185	0.333333	0.037037	0 	0 	-0.111111	
22	0.194	0.294082	0.185185	0.333333	0.037037	0 	0 	-0.111111	
63	0.247163	0.248123	0.222222	0.222222	0.111111	0 	0 	0.037037	
348	0.301783	0.237311	0.222222	0.222222	0.111111	0 	0 	0.037037	
174	0.304789	0.270231	0.333333	0.259259	-0.111111	0 	0 	0.037037	
288	0.222672	0.2799	0.333333	0.259259	-0.111111	0 	0 	0.037037	
123	0.325103	0.329218	0.222222	0.296296	0.111111	0 	0 	0.037037	
229	0.347729	0.307547	0.333333	0.333333	0.037037	0 	0 	-0.111111	
97	0.38903	0.240314	0.37037	0.222222	0.037037	0 	0 	0.111111	
262	0.41219	0.304632	0.407407	0.333333	0.037037	0 	0 	-0.111111	
37	0.419624	0.276061	0.407407	0.333333	0.037037	0 	0 	-0.111111	
120	0.43499	0.219998	0.444444	0.222222	-0.111111	0 	0 	-0.037037	
294	0.368454	0.183239	0.333333	0.185185	0.111111	0 	0 	-0.037037	
171	0.403292	0.176955	0.333333	0.185185	0.111111	0 	0 	-0.037037	
345	0.439244	0.142225	0.444444	0.148148	-0.111111	0 	0 	-0.037037	
69	0.358025	0.135802	0.444444	0.148148	-0.111111	0 	0 	-0.037037	
371	0.351712	0.101333	0.333333	0.111111	0.037037	0 	0 	-0.111111	
146	0.34768	0.0417758	0.333333	0.111111	0.037037	0 	0 	-0.111111	
320	0.383342	0.0259926	0.37037	0	0.037037	0 	0 	0.111111	
14	0.383604	0.0713868	0.37037	0	0.037037	0 	0 	0.111111	
206	0.414468	0.000113365	0.407407	0.111111	0.037037	0 	0 	-0.111111	
115	0.512787	0.0369412	0.444444	0	0.111111	0 	0 	0.037037	
55	0.543146	0.0613324	0.555556	0.037037	-0.111111	0 	0 	0.037037	
340	0.551882	0.0580301	0.555556	0.037037	-0.111111	0 	0 	0.037037	
166	0.459173	0.0893919	0.444444	0.0740741	0.111111	0 	0 	0.037037	
280	0.511872	0.0949156	0.444444	0.0740741	0.111111	0 	0 	0.037037	
224	0.534423	0.123176	0.555556	0.111111	-0.037037	0 	0 	0.111111	
32	0.496412	0.20088	0.518519	0.222222	-0.037037	0 	0 	-0.111111	
257	0.506589	0.117043	0.518519	0.222222	-0.037037	0 	0 	-0.111111	
83	0.460671	0.170978	0.481481	0.111111	-0.037037	0 	0 	0.111111	
389	0.480166	0.183217	0.481481	0.111111	-0.037037	0 	0 	0.111111	
6	0.460137	0.23006	0.444444	0.222222	0.111111	0 	0 	0.037037	
363	0.536351	0.250754	0.444444	0.222222	0.111111	0 	0 	0.037037	
189	0.490093	0.262754	0.555556	0.259259	-0.111111	0 	0 	0.037037	
312	0.448872	0.286971	0.555556	0.259259	-0.111111	0 	0 	0.037037	
138	0.524353	0.303745	0.444444	0.296296	0.111111	0 	0 	0.037037	
326	0.564983	0.313589	0.555556	0.333333	0.037037	0 	0 	-0.111111	
128	0.583979	0.29782	0.555556	0.333333	0.037037	0 	0 	-0.111111	
275	0.609829	0.244965	0.592593	0.222222	0.037037	0 	0 	0.111111	
77	0.610026	0.323111	0.592593	0.222222	0.037037	0 	0 	0.111111	
188	0.631566	0.308442	0.62963	0.333333	0.037037	0 	0 	-0.111111	
298	0.654327	0.211417	0.666667	0.222222	-0.111111	0 	0 	-0.037037	
211	0.560632	0.188755	0.666667	0.222222	-0.111111	0 	0 	-0.037037	
358	0.595389	0.172526	0.555556	0.185185	0.111111	0 	0 	-0.037037	
19	0.624769	0.150475	0.555556	0.185185	0.111111	0 	0 	-0.037037	
160	0.621114	0.132095	0.666667	0.148148	-0.111111	0 	0 	-0.037037	
249	0.578558	0.0424439	0.555556	0.111111	0.037037	0 	0 	-0.111111	
51	0.567901	0.0123457	0.555556	0.111111	0.037037	0 	0 	-0.111111	
234	0.592941	0.0247564	0.592593	0	0.037037	0 	0 	0.111111	
102	0.646091	0.0946502	0.62963	0.111111	0.037037	0 	0 	-0.111111	
381	0.640978	0.108697	0.62963	0.111111	0.037037	0 	0 	-0.111111	
157	0.689402	0.00740886	0.666667	0	0.111111	0 	0 	0.037037	
25	0.742621	0.051843	0.777778	0.037037	-0.111111	0 	0 	0.037037	
355	0.724915	0.0679774	0.777778	0.037037	-0.111111	0 	0 	0.037037	
208	0.688114	0.0742816	0.666667	0.0740741	0.111111	0 	0 	0.037037	
304	0.75736	0.108028	0.666667	0.0740741	0.111111	0 	0 	0.037037	
291	0.782521	0.0250099	0.777778	0.111111	0.037037	0 	0 	-0.111111	
66	0.802469	0.0246914	0.777778	0.111111	0.037037	0 	0 	-0.111111	
177	0.823339	0.0702138	0.814815	0	0.037037	0 	0 	0.111111	
117	0.878385	0.107587	0.851852	0.111111	0.037037	0 	0 	-0.111111	
342	0.855482	0.0456086	0.851852	0.111111	0.037037	0 	0 	-0.111111	
254	0.953571	0.0145229	0.888889	0	0.111111	0 	0 	0.037037	
221	0.934766	0.0135261	0.888889	0	0.111111	0 	0 	0.037037	
89	0.90535	0.0576132	1	0.037037	-0.111111	0 	0 	0.037037	
395	0.903833	0.0828539	0.888889	0.0740741	0.111111	0 	0 	0.037037	
29	0.942697	0.0875905	0.888889	0.0740741	0.111111	0 	0 	0.037037	
360	0.999015	0.151711	1	0.111111	-0.037037	0 	0 	0.111111	
135	0.976251	0.193664	1	0.111111	-0.037037	0 	0 	0.111111	
195	0.949325	0.152946	0.962963	0.222222	-0.037037	0 	0 	-0.111111	
3	0.919096	0.11721	0.925926	0.111111	-0.037037	0 	0 	0.111111	
309	0.902606	0.179698	0.925926	0.111111	-0.037037	0 	0 	0.111111	
268	0.887841	0.22071	0.888889	0.222222	-0.111111	0 	0 	-0.037037	
226	0.798354	0.201646	0.888889	0.222222	-0.111111	0 	0 	-0.037037	
43	0.864198	0.160494	0.777778	0.185185	0.111111	0 	0 	-0.037037	
94	0.87208	0.12381	0.888889	0.148148	-0.111111	0 	0 	-0.037037	
185	0.761942	0.154501	0.777778	0.111111	-0.037037	0 	0 	0.111111	
74	0.731319	0.201019	0.740741	0.222222	-0.037037	0 	0 	-0.111111	
272	0.703717	0.126475	0.740741	0.222222	-0.037037	0 	0 	-0.111111	
134	0.686922	0.163482	0.703704	0.111111	-0.037037	0 	0 	0.111111	
332	0.699152	0.195709	0.703704	0.111111	-0.037037	0 	0 	0.111111	
48	0.668103	0.237335	0.666667	0.222222	0.111111	0 	0 	0.037037	
378	0.770919	0.224966	0.666667	0.222222	0.111111	0 	0 	0.037037	
240	0.711613	0.273032	0.777778	0.259259	-0.111111	0 	0 	0.037037	
246	0.767809	0.276985	0.777778	0.259259	-0.111111	0 	0 	0.037037	
99	0.746478	0.309639	0.666667	0.296296	0.111111	0 	0 	0.037037	
377	0.790221	0.326112	0.777778	0.333333	0.037037	0 	0 	-0.111111	
152	0.786348	0.2887	0.777778	0.333333	0.037037	0 	0 	-0.111111	
317	0.841652	0.252573	0.814815	0.222222	0.037037	0 	0 	0.111111	
11	0.830721	0.236167	0.814815	0.222222	0.037037	0 	0 	0.111111	
203	0.856691	0.22511	0.851852	0.333333	0.037037	0 	0 	-0.111111	
112	0.954733	0.255144	0.888889	0.222222	0.111111	0 	0 	0.037037	
61	0.988359	0.285613	1	0.259259	-0.111111	0 	0 	0.037037	
337	0.936051	0.269259	1	0.259259	-0.111111	0 	0 	0.037037	
163	0.893165	0.297007	0.888889	0.296296	0.111111	0 	0 	0.037037	
286	0.964335	0.315501	0.888889	0.296296	0.111111	0 	0 	0.037037	
383	0.995184	0.334749	1	0.333333	-0.037037	0 	0 	0.111111	
104	0.977034	0.41756	1	0.333333	-0.037037	0 	0 	0.111111	
236	0.944406	0.377917	0.962963	0.444444	-0.037037	0 	0 	-0.111111	
53	0.922187	0.355563	0.925926	0.333333	-0.037037	0 	0 	0.111111	
251	0.922402	0.411018	0.925926	0.333333	-0.037037	0 	0 	0.111111	
159	0.927985	0.447179	0.888889	0.444444	0.111111	0 	0 	0.037037	
18	0.970325	0.483107	1	0.481481	-0.111111	0 	0 	0.037037	
357	0.975063	0.488902	1	0.481481	-0.111111	0 	0 	0.037037	
210	0.901408	0.527345	0.888889	0.518519	0.111111	0 	0 	0.037037	
297	0.971875	0.546276	0.888889	0.518519	0.111111	0 	0 	0.037037	
187	0.995727	0.613677	1	0.555556	-0.037037	0 	0 	0.111111	
76	0.948783	0.656221	0.962963	0.666667	-0.037037	0 	0 	-0.111111	
274	0.930642	0.575694	0.962963	0.666667	-0.037037	0 	0 	-0.111111	
127	0.925561	0.60353	0.925926	0.555556	-0.037037	0 	0 	0.111111	
325	0.901159	0.652594	0.925926	0.555556	-0.037037	0 	0 	0.111111	
140	0.862341	0.636479	0.888889	0.666667	-0.111111	0 	0 	-0.037037	
314	0.803485	0.625304	0.777778	0.62963	0.111111	0 	0 	-0.037037	
191	0.819682	0.5989	0.777778	0.62963	0.111111	0 	0 	-0.037037	
365	0.869567	0.585566	0.888889	0.592593	-0.111111	0 	0 	-0.037037	
8	0.777969	0.558687	0.888889	0.592593	-0.111111	0 	0 	-0.037037	
388	0.800265	0.517721	0.777778	0.555556	0.037037	0 	0 	-0.111111	
82	0.795146	0.502227	0.777778	0.555556	0.037037	0 	0 	-0.111111	
256	0.840878	0.451303	0.814815	0.444444	0.037037	0 	0 	0.111111	
31	0.826952	0.535694	0.814815	0.444444	0.037037	0 	0 	0.111111	
223	0.860166	0.469527	0.851852	0.555556	0.037037	0 	0 	-0.111111	
279	0.868224	0.425629	0.888889	0.444444	-0.111111	0 	0 	-0.037037	
165	0.8107	0.436214	0.888889	0.444444	-0.111111	0 	0 	-0.037037	
339	0.818797	0.384819	0.777778	0.407407	0.111111	0 	0 	-0.037037	
54	0.878852	0.394538	0.777778	0.407407	0.111111	0 	0 	-0.037037	
114	0.843934	0.365619	0.888889	0.37037	-0.111111	0 	0 	-0.037037	
205	0.749351	0.334923	0.777778	0.333333	-0.037037	0 	0 	0.111111	
13	0.72195	0.40412	0.740741	0.444444	-0.037037	0 	0 	-0.111111	
319	0.71408	0.357293	0.740741	0.444444	-0.037037	0 	0 	-0.111111	
145	0.697865	0.379427	0.703704	0.333333	-0.037037	0 	0 	0.111111	
370	0.695008	0.436877	0.703704	0.333333	-0.037037	0 	0 	0.111111	
71	0.675593	0.477747	0.666667	0.444444	0.111111	0 	0 	0.037037	
347	0.753569	0.463558	0.666667	0.444444	0.111111	0 	0 	0.037037	
173	0.736626	0.510288	0.777778	0.481481	-0.111111	0 	0 	0.037037	
296	0.669544	0.499663	0.777778	0.481481	-0.111111	0 	0 	0.037037	
122	0.76327	0.546828	0.666667	0.518519	0.111111	0 	0 	0.037037	
36	0.745342	0.59828	0.777778	0.555556	-0.037037	0 	0 	0.111111	
261	0.76443	0.635962	0.777778	0.555556	-0.037037	0 	0 	0.111111	
96	0.720095	0.57377	0.740741	0.666667	-0.037037	0 	0 	-0.111111	
228	0.699336	0.64491	0.703704	0.555556	-0.037037	0 	0 	0.111111	
125	0.658804	0.656589	0.666667	0.666667	-0.111111	0 	0 	-0.037037	
290	0.557405	0.614268	0.555556	0.62963	0.111111	0 	0 	-0.037037	
176	0.624739	0.615834	0.555556	0.62963	0.111111	0 	0 	-0.037037	
350	0.66553	0.589779	0.666667	0.592593	-0.111111	0 	0 	-0.037037	
65	0.579513	0.582287	0.666667	0.592593	-0.111111	0 	0 	-0.037037	
21	0.516376	0.592696	0.555556	0.555556	-0.037037	0 	0 	0.111111	
300	0.532236	0.66118	0.555556	0.555556	-0.037037	0 	0 	0.111111	
351	0.504625	0.627537	0.518519	0.666667	-0.037037	0 	0 	-0.111111	
153	0.484165	0.563806	0.518519	0.666667	-0.037037	0 	0 	-0.111111	
213	0.477722	0.651586	0.481481	0.555556	-0.037037	0 	0 	0.111111	
34	0.38293	0.639203	0.444444	0.666667	-0.111111	0 	0 	-0.037037	
391	0.365037	0.63611	0.444444	0.666667	-0.111111	0 	0 	-0.037037	
85	0.342272	0.622392	0.333333	0.62963	0.111111	0 	0 	-0.037037	
217	0.430579	0.584456	0.444444	0.592593	-0.111111	0 	0 	-0.037037	
259	0.39945	0.564056	0.444444	0.592593	-0.111111	0 	0 	-0.037037	
168	0.366255	0.547325	0.333333	0.555556	0.037037	0 	0 	-0.111111	
108	0.397487	0.477344	0.37037	0.444444	0.037037	0 	0 	0.111111	
333	0.37445	0.494534	0.37037	0.444444	0.037037	0 	0 	0.111111	
282	0.416704	0.5551	0.407407	0.555556	0.037037	0 	0 	-0.111111	
57	0.434884	0.505591	0.407407	0.555556	0.037037	0 	0 	-0.111111	
47	0.447148	0.45003	0.444444	0.444444	0.111111	0 	0 	0.037037	
386	0.553287	0.447754	0.444444	0.444444	0.111111	0 	0 	0.037037	
239	0.50012	0.496583	0.555556	0.481481	-0.111111	0 	0 	0.037037	
245	0.470508	0.48834	0.555556	0.481481	-0.111111	0 	0 	0.037037	
107	0.534979	0.539095	0.444444	0.518519	0.111111	0 	0 	0.037037	
373	0.573153	0.542699	0.555556	0.555556	0.037037	0 	0 	-0.111111	
148	0.559723	0.554847	0.555556	0.555556	0.037037	0 	0 	-0.111111	
322	0.597769	0.472616	0.592593	0.444444	0.037037	0 	0 	0.111111	
16	0.595535	0.51975	0.592593	0.444444	0.037037	0 	0 	0.111111	
199	0.646988	0.509716	0.62963	0.555556	0.037037	0 	0 	-0.111111	
264	0.653142	0.411082	0.666667	0.444444	-0.111111	0 	0 	-0.037037	
231	0.665096	0.443168	0.666667	0.444444	-0.111111	0 	0 	-0.037037	
396	0.622683	0.384855	0.555556	0.407407	0.111111	0 	0 	-0.037037	
39	0.638044	0.378763	0.555556	0.407407	0.111111	0 	0 	-0.037037	
90	0.612236	0.359569	0.666667	0.37037	-0.111111	0 	0 	-0.037037	
181	0.545002	0.352339	0.555556	0.333333	-0.037037	0 	0 	0.111111	
79	0.510756	0.427331	0.518519	0.444444	-0.037037	0 	0 	-0.111111	
277	0.483343	0.351226	0.518519	0.444444	-0.037037	0 	0 	-0.111111	
130	0.471644	0.401751	0.481481	0.333333	-0.037037	0 	0 	0.111111	
328	0.4797	0.407644	0.481481	0.333333	-0.037037	0 	0 	0.111111	
143	0.407338	0.413085	0.444444	0.444444	-0.111111	0 	0 	-0.037037	
308	0.347205	0.393699	0.333333	0.407407	0.111111	0 	0 	-0.037037	
194	0.37441	0.372282	0.333333	0.407407	0.111111	0 	0 	-0.037037	
368	0.425853	0.363931	0.444444	0.37037	-0.111111	0 	0 	-0.037037	
2	0.336929	0.33583	0.444444	0.37037	-0.111111	0 	0 	-0.037037	
220	0.330246	0.355395	0.333333	0.333333	-0.037037	0 	0 	0.111111	
28	0.271605	0.419753	0.296296	0.444444	-0.037037	0 	0 	-0.111111	
253	0.281937	0.348427	0.296296	0.444444	-0.037037	0 	0 	-0.111111	
88	0.238683	0.390947	0.259259	0.333333	-0.037037	0 	0 	0.111111	
394	0.251359	0.423388	0.259259	0.333333	-0.037037	0 	0 	0.111111	
5	0.232042	0.45029	0.222222	0.444444	0.111111	0 	0 	0.037037	
362	0.314129	0.471879	0.222222	0.444444	0.111111	0 	0 	0.037037	
197	0.266766	0.487744	0.333333	0.481481	-0.111111	0 	0 	0.037037	
311	0.233879	0.511159	0.333333	0.481481	-0.111111	0 	0 	0.037037	
137	0.300412	0.526749	0.222222	0.518519	0.111111	0 	0 	0.037037	
60	0.324191	0.607796	0.333333	0.555556	-0.037037	0 	0 	0.111111	
285	0.297668	0.648834	0.333333	0.555556	-0.037037	0 	0 	0.111111	
336	0.264751	0.604627	0.296296	0.666667	-0.037037	0 	0 	-0.111111	
111	0.286075	0.580384	0.296296	0.666667	-0.037037	0 	0 	-0.111111	
162	0.256982	0.63792	0.259259	0.555556	-0.037037	0 	0 	0.111111	
10	0.148148	0.62963	0.222222	0.666667	-0.111111	0 	0 	-0.037037	
376	0.130207	0.658387	0.222222	0.666667	-0.111111	0 	0 	-0.037037	
151	0.141695	0.596577	0.111111	0.62963	0.111111	0 	0 	-0.037037	
202	0.20508	0.561379	0.222222	0.592593	-0.111111	0 	0 	-0.037037	
316	0.171546	0.587364	0.222222	0.592593	-0.111111	0 	0 	-0.037037	
225	0.131285	0.534204	0.111111	0.555556	0.037037	0 	0 	-0.111111	
93	0.157775	0.460091	0.148148	0.444444	0.037037	0 	0 	0.111111	
267	0.211248	0.525377	0.185185	0.555556	0.037037	0 	0 	-0.111111	
42	0.188992	0.492057	0.185185	0.555556	0.037037	0 	0 	-0.111111	
119	0.213506	0.442042	0.222222	0.444444	-0.111111	0 	0 	-0.037037	
293	0.120813	0.383629	0.111111	0.407407	0.111111	0 	0 	-0.037037	
179	0.18107	0.399177	0.111111	0.407407	0.111111	0 	0 	-0.037037	
344	0.185588	0.346965	0.222222	0.37037	-0.111111	0 	0 	-0.037037	
68	0.131847	0.362421	0.222222	0.37037	-0.111111	0 	0 	-0.037037	
24	0.0759509	0.374447	0.111111	0.333333	-0.037037	0 	0 	0.111111	
303	0.0879817	0.437531	0.111111	0.333333	-0.037037	0 	0 	0.111111	
354	0.0548697	0.397805	0.0740741	0.444444	-0.037037	0 	0 	-0.111111	
156	0.0704604	0.426774	0.0740741	0.444444	-0.037037	0 	0 	-0.111111	
207	0.031567	0.384334	0.037037	0.333333	-0.037037	0 	0 	0.111111	
271	0.0471912	0.466258	0	0.444444	0.111111	0 	0 	0.037037	
184	0.106996	0.473251	0	0.444444	0.111111	0 	0 	0.037037	
133	0.0981058	0.491256	0.111111	0.481481	-0.111111	0 	0 	0.037037	
331	0.00919268	0.535716	0	0.518519	0.111111	0 	0 	0.037037	
73	0.0247967	0.519747	0	0.518519	0.111111	0 	0 	0.037037	
380	0.100373	0.569262	0.111111	0.555556	-0.037037	0 	0 	0.111111	
101	0.0935941	0.657104	0.111111	0.555556	-0.037037	0 	0 	0.111111	
242	0.0595845	0.619919	0.0740741	0.666667	-0.037037	0 	0 	-0.111111	
50	0.028539	0.568042	0.037037	0.555556	-0.037037	0 	0 	0.111111	
248	0.0265848	0.584297	0.037037	0.555556	-0.037037	0 	0 	0.111111	
318	0.0459823	0.694605	0	0.666667	0.111111	0 	0 	0.037037	
204	0.0823045	0.670782	0	0.666667	0.111111	0 	0 	0.037037	
144	0.0831292	0.724557	0.111111	0.703704	-0.111111	0 	0 	0.037037	
369	0.00105783	0.75071	0	0.740741	0.111111	0 	0 	0.037037	
12	0.0112858	0.777008	0	0.740741	0.111111	0 	0 	0.037037	
167	0.127068	0.765426	0.111111	0.777778	0.037037	0 	0 	-0.111111	
116	0.160043	0.69575	0.148148	0.666667	0.037037	0 	0 	0.111111	
341	0.158233	0.689755	0.148148	0.666667	0.037037	0 	0 	0.111111	
281	0.19881	0.747306	0.185185	0.777778	0.037037	0 	0 	-0.111111	
56	0.210299	0.731411	0.185185	0.777778	0.037037	0 	0 	-0.111111	
52	0.229545	0.680448	0.222222	0.666667	0.111111	0 	0 	0.037037	
382	0.326475	0.66941	0.222222	0.666667	0.111111	0 	0 	0.037037	
235	0.279916	0.716295	0.333333	0.703704	-0.111111	0 	0 	0.037037	
250	0.248285	0.710562	0.333333	0.703704	-0.111111	0 	0 	0.037037	
103	0.310104	0.762407	0.222222	0.740741	0.111111	0 	0 	0.037037	
20	0.295047	0.811682	0.333333	0.777778	-0.037037	0 	0 	0.111111	
299	0.311531	0.883052	0.333333	0.777778	-0.037037	0 	0 	0.111111	
359	0.288418	0.838547	0.296296	0.888889	-0.037037	0 	0 	-0.111111	
161	0.262393	0.785797	0.296296	0.888889	-0.037037	0 	0 	-0.111111	
212	0.236485	0.855605	0.259259	0.777778	-0.037037	0 	0 	0.111111	
30	0.171161	0.871695	0.222222	0.888889	-0.111111	0 	0 	-0.037037	
387	0.149294	0.857667	0.222222	0.888889	-0.111111	0 	0 	-0.037037	
81	0.12254	0.834047	0.111111	0.851852	0.111111	0 	0 	-0.037037	
222	0.205947	0.80607	0.222222	0.814815	-0.111111	0 	0 	-0.037037	
255	0.175367	0.781356	0.222222	0.814815	-0.111111	0 	0 	-0.037037	
346	0.079561	0.792867	0.111111	0.777778	-0.037037	0 	0 	0.111111	
121	0.102881	0.884774	0.111111	0.777778	-0.037037	0 	0 	0.111111	
172	0.0725584	0.827141	0.0740741	0.888889	-0.037037	0 	0 	-0.111111	
70	0.0219108	0.810775	0.037037	0.777778	-0.037037	0 	0 	0.111111	
295	0.035863	0.824859	0.037037	0.777778	-0.037037	0 	0 	0.111111	
98	0.018032	0.897445	0	0.888889	0.111111	0 	0 	0.037037	
38	0.0731384	0.926482	0.111111	0.925926	-0.111111	0 	0 	0.037037	
230	0.0428614	0.970581	0	0.962963	0.111111	0 	0 	0.037037	
263	0.103881	0.968898	0	0.962963	0.111111	0 	0 	0.037037	
313	0.114414	0.958373	0.111111	1	0.037037	0 	0 	-0.111111	
7	0.119977	0.949965	0.111111	1	0.037037	0 	0 	-0.111111	
190	0.158748	0.923058	0.148148	0.888889	0.037037	0 	0 	0.111111	
139	0.200761	0.972933	0.185185	1	0.037037	0 	0 	-0.111111	
364	0.190262	0.903822	0.185185	1	0.037037	0 	0 	-0.111111	
273	0.260631	0.908093	0.222222	0.888889	0.111111	0 	0 	0.037037	
186	0.329753	0.913324	0.222222	0.888889	0.111111	0 	0 	0.037037	
126	0.251029	0.958848	0.333333	0.925926	-0.111111	0 	0 	0.037037	
324	0.232489	0.998506	0.222222	0.962963	0.111111	0 	0 	0.037037	
75	0.281425	0.985476	0.222222	0.962963	0.111111	0 	0 	0.037037	
247	0.357011	0.928174	0.333333	1	0.037037	0 	0 	-0.111111	
49	0.339934	0.903524	0.333333	1	0.037037	0 	0 	-0.111111	
241	0.3874	0.950961	0.37037	0.888889	0.037037	0 	0 	0.111111	
100	0.413496	0.985146	0.407407	1	0.037037	0 	0 	-0.111111	
379	0.441622	0.889108	0.407407	1	0.037037	0 	0 	-0.111111	
72	0.427043	0.852591	0.444444	0.888889	-0.111111	0 	0 	-0.037037	
330	0.33882	0.866941	0.444444	0.888889	-0.111111	0 	0 	-0.037037	
132	0.349391	0.843097	0.333333	0.851852	0.111111	0 	0 	-0.037037	
183	0.442425	0.804474	0.444444	0.814815	-0.111111	0 	0 	-0.037037	
270	0.393145	0.806218	0.444444	0.814815	-0.111111	0 	0 	-0.037037	
209	0.333377	0.777392	0.333333	0.777778	0.037037	0 	0 	-0.111111	
158	0.371218	0.694826	0.37037	0.666667	0.037037	0 	0 	0.111111	
356	0.384064	0.738991	0.37037	0.666667	0.037037	0 	0 	0.111111	
305	0.416077	0.766526	0.407407	0.777778	0.037037	0 	0 	-0.111111	
26	0.411035	0.758283	0.407407	0.777778	0.037037	0 	0 	-0.111111	
67	0.469714	0.696106	0.444444	0.666667	0.111111	0 	0 	0.037037	
343	0.491163	0.676636	0.444444	0.666667	0.111111	0 	0 	0.037037	
178	0.52067	0.718765	0.555556	0.703704	-0.111111	0 	0 	0.037037	
292	0.445816	0.722908	0.555556	0.703704	-0.111111	0 	0 	0.037037	
118	0.551387	0.775082	0.444444	0.740741	0.111111	0 	0 	0.037037	
44	0.529432	0.827096	0.555556	0.777778	-0.037037	0 	0 	0.111111	
269	0.544852	0.876109	0.555556	0.777778	-0.037037	0 	0 	0.111111	
95	0.508335	0.816701	0.518519	0.888889	-0.037037	0 	0 	-0.111111	
227	0.46112	0.867039	0.481481	0.777778	-0.037037	0 	0 	0.111111	
315	0.497298	0.915333	0.444444	0.888889	0.111111	0 	0 	0.037037	
201	0.524861	0.891629	0.444444	0.888889	0.111111	0 	0 	0.037037	
150	0.44856	0.934156	0.555556	0.925926	-0.111111	0 	0 	0.037037	
375	0.460058	0.983501	0.444444	0.962963	0.111111	0 	0 	0.037037	
9	0.481481	0.962963	0.444444	0.962963	0.111111	0 	0 	0.037037	
164	0.573394	0.99665	0.555556	1	0.037037	0 	0 	-0.111111	
113	0.621399	0.921811	0.592593	0.888889	0.037037	0 	0 	0.111111	
338	0.596584	0.936327	0.592593	0.888889	0.037037	0 	0 	0.111111	
287	0.629777	0.976722	0.62963	1	0.037037	0 	0 	-0.111111	
62	0.635029	0.951791	0.62963	1	0.037037	0 	0 	-0.111111	
136	0.643994	0.860755	0.666667	0.888889	-0.111111	0 	0 	-0.037037	
310	0.564563	0.8442	0.555556	0.851852	0.111111	0 	0 	-0.037037	
196	0.600823	0.81893	0.555556	0.851852	0.111111	0 	0 	-0.037037	
361	0.646956	0.78693	0.666667	0.814815	-0.111111	0 	0 	-0.037037	
4	0.555643	0.779451	0.666667	0.814815	-0.111111	0 	0 	-0.037037	
393	0.585734	0.743484	0.555556	0.777778	0.037037	0 	0 	-0.111111	
87	0.573484	0.728866	0.555556	0.777778	0.037037	0 	0 	-0.111111	
252	0.601562	0.685813	0.592593	0.666667	0.037037	0 	0 	0.111111	
27	0.612662	0.749995	0.592593	0.666667	0.037037	0 	0 	0.111111	
219	0.649242	0.683379	0.62963	0.777778	0.037037	0 	0 	-0.111111	
1	0.690667	0.672134	0.666667	0.666667	0.111111	0 	0 	0.037037	
367	0.761797	0.696281	0.666667	0.666667	0.111111	0 	0 	0.037037	
193	0.711934	0.707819	0.777778	0.703704	-0.111111	0 	0 	0.037037	
307	0.686194	0.735565	0.777778	0.703704	-0.111111	0 	0 	0.037037	
142	0.744435	0.749468	0.666667	0.740741	0.111111	0 	0 	0.037037	
327	0.784477	0.740514	0.777778	0.777778	0.037037	0 	0 	-0.111111	
129	0.800264	0.764293	0.777778	0.777778	0.037037	0 	0 	-0.111111	
276	0.817392	0.685535	0.814815	0.666667	0.037037	0 	0 	0.111111	
78	0.826348	0.767808	0.814815	0.666667	0.037037	0 	0 	0.111111	
180	0.852916	0.715849	0.851852	0.777778	0.037037	0 	0 	-0.111111	
92	0.907658	0.674256	0.888889	0.666667	0.111111	0 	0 	0.037037	
41	0.98493	0.71978	1	0.703704	-0.111111	0 	0 	0.037037	
398	0.956104	0.706447	1	0.703704	-0.111111	0 	0 	0.037037	
233	0.905164	0.761147	0.888889	0.740741	0.111111	0 	0 	0.037037	
266	0.990341	0.748089	0.888889	0.740741	0.111111	0 	0 	0.037037	
198	0.977078	0.787468	1	0.777778	-0.037037	0 	0 	0.111111	
15	0.958996	0.854474	0.962963	0.888889	-0.037037	0 	0 	-0.111111	
321	0.940311	0.843493	0.962963	0.888889	-0.037037	0 	0 	-0.111111	
147	0.912308	0.801999	0.925926	0.777778	-0.037037	0 	0 	0.111111	
372	0.913409	0.876456	0.925926	0.777778	-0.037037	0 	0 	0.111111	
106	0.869486	0.874867	0.888889	0.888889	-0.111111	0 	0 	-0.037037	
244	0.803312	0.816113	0.777778	0.851852	0.111111	0 	0 	-0.037037	
238	0.835391	0.831276	0.777778	0.851852	0.111111	0 	0 	-0.037037	
385	0.845991	0.810224	0.888889	0.814815	-0.111111	0 	0 	-0.037037	
46	0.885586	0.796203	0.888889	0.814815	-0.111111	0 	0 	-0.037037	
59	0.769255	0.84854	0.777778	0.777778	-0.037037	0 	0 	0.111111	
284	0.742112	0.871056	0.777778	0.777778	-0.037037	0 	0 	0.111111	
335	0.708628	0.83616	0.740741	0.888889	-0.037037	0 	0 	-0.111111	
110	0.729188	0.8107	0.740741	0.888889	-0.037037	0 	0 	-0.111111	
170	0.676059	0.883769	0.703704	0.777778	-0.037037	0 	0 	0.111111	
258	0.680102	0.895785	0.666667	0.888889	0.111111	0 	0 	0.037037	
216	0.759898	0.904641	0.666667	0.888889	0.111111	0 	0 	0.037037	
84	0.699863	0.946298	0.777778	0.925926	-0.111111	0 	0 	0.037037	
390	0.681807	0.967619	0.666667	0.962963	0.111111	0 	0 	0.037037	
33	0.7183	0.979916	0.666667	0.962963	0.111111	0 	0 	0.037037	
215	0.782949	0.970123	0.777778	1	0.037037	0 	0 	-0.111111	
155	0.822052	0.900621	0.814815	0.888889	0.037037	0 	0 	0.111111	
353	0.825409	0.926405	0.814815	0.888889	0.037037	0 	0 	0.111111	
302	0.884429	0.986767	0.851852	1	0.037037	0 	0 	-0.111111	
23	0.864447	0.935376	0.851852	1	0.037037	0 	0 	-0.111111	
64	0.895293	0.922271	0.888889	0.888889	0.111111	0 	0 	0.037037	
349	0.92997	0.906662	0.888889	0.888889	0.111111	0 	0 	0.037037	
175	0.97989	0.952157	1	0.925926	-0.111111	0 	0 	0.037037	
289	0.890261	0.94513	1	0.925926	-0.111111	0 	0 	0.037037	
124	0.99177	0.995885	0.888889	0.962963	0.111111	0 	0 	0.037037	
