0	0.056976	0.0136749	0	0	0.111111	0 	0 	0.037037	
366	0.0919067	0.0274348	0	0	0.111111	0 	0 	0.037037	
192	0.0848427	0.0413802	0.111111	0.037037	-0.111111	0 	0 	0.037037	
306	0.0141074	0.0673069	0.111111	0.037037	-0.111111	0 	0 	0.037037	
141	0.00606211	0.110832	0	0.0740741	0.111111	0 	0 	0.037037	
329	0.116685	0.0896208	0.111111	0.111111	0.037037	0 	0 	-0.111111	
131	0.140469	0.071632	0.111111	0.111111	0.037037	0 	0 	-0.111111	
278	0.166254	0.0405744	0.148148	0	0.037037	0 	0 	0.111111	
80	0.167109	0.100615	0.148148	0	0.037037	0 	0 	0.111111	
182	0.193646	0.0446622	0.185185	0.111111	0.037037	0 	0 	-0.111111	
91	0.27572	0.0205761	0.222222	0	0.111111	0 	0 	0.037037	
40	0.310072	0.0645763	0.333333	0.037037	-0.111111	0 	0 	0.037037	
232	0.264046	0.0864759	0.222222	0.0740741	0.111111	0 	0 	0.037037	
265	0.318322	0.0809145	0.222222	0.0740741	0.111111	0 	0 	0.037037	
200	0.302688	0.120375	0.333333	0.111111	-0.037037	0 	0 	0.111111	
17	0.260195	0.183237	0.296296	0.222222	-0.037037	0 	0 	-0.111111	
323	0.26901	0.143716	0.296296	0.222222	-0.037037	0 	0 	-0.111111	
149	0.250345	0.124925	0.259259	0.111111	-0.037037	0 	0 	0.111111	
105	0.206239	0.211669	0.222222	0.222222	-0.111111	0 	0 	-0.037037	
243	0.137174	0.155007	0.111111	0.185185	0.111111	0 	0 	-0.037037	
237	0.178432	0.176845	0.111111	0.185185	0.111111	0 	0 	-0.037037	
45	0.220259	0.11198	0.222222	0.148148	-0.111111	0 	0 	-0.037037	
58	0.107125	0.183411	0.111111	0.111111	-0.037037	0 	0 	0.111111	
283	0.0754458	0.20439	0.111111	0.111111	-0.037037	0 	0 	0.111111	
334	0.0707226	0.139591	0.0740741	0.222222	-0.037037	0 	0 	-0.111111	
109	0.0511811	0.156199	0.0740741	0.222222	-0.037037	0 	0 	-0.111111	
169	0.0257345	0.208538	0.037037	0.111111	-0.037037	0 	0 	0.111111	
260	0.043772	0.239697	0	0.222222	0.111111	0 	0 	0.037037	
218	0.0930069	0.237299	0	0.222222	0.111111	0 	0 	0.037037	
86	0.0155756	0.273054	0.111111	0.259259	-0.111111	0 	0 	0.037037	
35	0.0486567	0.31303	0	0.296296	0.111111	0 	0 	0.037037	
214	0.11754	0.294021	0.111111	0.333333	0.037037	0 	0 	-0.111111	
154	0.175411	0.233173	0.148148	0.222222	0.037037	0 	0 	0.111111	
352	0.152258	0.308265	0.148148	0.222222	0.037037	0 	0 	0.111111	
301	0.198903	0.327846	0.185185	0.333333	0.037037	0 	0 	-0.111111	
22	0.18879	0.277698	0.185185	0.333333	0.037037	0 	0 	-0.111111	
63	0.238723	0.254524	0.222222	0.222222	0.111111	0 	0 	0.037037	
348	0.302922	0.226724	0.222222	0.222222	0.111111	0 	0 	0.037037	
174	0.292929	0.293832	0.333333	0.259259	-0.111111	0 	0 	0.037037	
288	0.222257	0.280445	0.333333	0.259259	-0.111111	0 	0 	0.037037	
123	0.325103	0.329218	0.222222	0.296296	0.111111	0 	0 	0.037037	
229	0.350248	0.310456	0.333333	0.333333	0.037037	0 	0 	-0.111111	
97	0.374274	0.240083	0.37037	0.222222	0.037037	0 	0 	0.111111	
262	0.433471	0.303155	0.407407	0.333333	0.037037	0 	0 	-0.111111	
37	0.411367	0.277025	0.407407	0.333333	0.037037	0 	0 	-0.111111	
120	0.426747	0.21842	0.444444	0.222222	-0.111111	0 	0 	-0.037037	
294	0.34828	0.161956	0.333333	0.185185	0.111111	0 	0 	-0.037037	
171	0.403292	0.176955	0.333333	0.185185	0.111111	0 	0 	-0.037037	
345	0.420518	0.13811	0.444444	0.148148	-0.111111	0 	0 	-0.037037	
69	0.358767	0.144388	0.444444	0.148148	-0.111111	0 	0 	-0.037037	
146	0.337892	0.0142278	0.333333	0.111111	0.037037	0 	0 	-0.111111	
320	0.389384	0.0275226	0.37037	0	0.037037	0 	0 	0.111111	
14	0.381852	0.0720322	0.37037	0	0.037037	0 	0 	0.111111	
206	0.414238	0.00141994	0.407407	0.111111	0.037037	0 	0 	-0.111111	
115	0.510288	0.0329218	0.444444	0	0.111111	0 	0 	0.037037	
55	0.54206	0.0423245	0.555556	0.037037	-0.111111	0 	0 	0.037037	
340	0.48384	0.0534112	0.555556	0.037037	-0.111111	0 	0 	0.037037	
166	0.447137	0.0823547	0.444444	0.0740741	0.111111	0 	0 	0.037037	
280	0.51989	0.0932785	0.444444	0.0740741	0.111111	0 	0 	0.037037	
224	0.548192	0.13354	0.555556	0.111111	-0.037037	0 	0 	0.111111	
32	0.500129	0.206564	0.518519	0.222222	-0.037037	0 	0 	-0.111111	
257	0.504989	0.1917	0.518519	0.222222	-0.037037	0 	0 	-0.111111	
83	0.479562	0.157634	0.481481	0.111111	-0.037037	0 	0 	0.111111	
6	0.444444	0.222222	0.444444	0.222222	0.111111	0 	0 	0.037037	
363	0.534794	0.249734	0.444444	0.222222	0.111111	0 	0 	0.037037	
189	0.489712	0.263374	0.555556	0.259259	-0.111111	0 	0 	0.037037	
312	0.458162	0.290809	0.555556	0.259259	-0.111111	0 	0 	0.037037	
138	0.52594	0.314687	0.444444	0.296296	0.111111	0 	0 	0.037037	
326	0.564959	0.325493	0.555556	0.333333	0.037037	0 	0 	-0.111111	
128	0.583725	0.298157	0.555556	0.333333	0.037037	0 	0 	-0.111111	
275	0.596176	0.264879	0.592593	0.222222	0.037037	0 	0 	0.111111	
77	0.619252	0.324813	0.592593	0.222222	0.037037	0 	0 	0.111111	
188	0.662551	0.251029	0.62963	0.333333	0.037037	0 	0 	-0.111111	
298	0.620324	0.211054	0.666667	0.222222	-0.111111	0 	0 	-0.037037	
211	0.559503	0.189484	0.666667	0.222222	-0.111111	0 	0 	-0.037037	
358	0.610762	0.173951	0.555556	0.185185	0.111111	0 	0 	-0.037037	
19	0.62963	0.148148	0.555556	0.185185	0.111111	0 	0 	-0.037037	
160	0.654167	0.116996	0.666667	0.148148	-0.111111	0 	0 	-0.037037	
249	0.56466	0.00926817	0.555556	0.111111	0.037037	0 	0 	-0.111111	
51	0.577641	0.0121746	0.555556	0.111111	0.037037	0 	0 	-0.111111	
234	0.611924	0.0404519	0.592593	0	0.037037	0 	0 	0.111111	
102	0.64614	0.102163	0.62963	0.111111	0.037037	0 	0 	-0.111111	
157	0.687512	0.00347835	0.666667	0	0.111111	0 	0 	0.037037	
25	0.744122	0.0415932	0.777778	0.037037	-0.111111	0 	0 	0.037037	
355	0.716883	0.064153	0.777778	0.037037	-0.111111	0 	0 	0.037037	
208	0.691264	0.103801	0.666667	0.0740741	0.111111	0 	0 	0.037037	
304	0.754458	0.105624	0.666667	0.0740741	0.111111	0 	0 	0.037037	
291	0.791895	0.0715887	0.777778	0.111111	0.037037	0 	0 	-0.111111	
66	0.802469	0.0246914	0.777778	0.111111	0.037037	0 	0 	-0.111111	
177	0.824368	0.0555854	0.814815	0	0.037037	0 	0 	0.111111	
117	0.872239	0.0890577	0.851852	0.111111	0.037037	0 	0 	-0.111111	
342	0.855633	0.0613155	0.851852	0.111111	0.037037	0 	0 	-0.111111	
254	0.89738	0.0211983	0.888889	0	0.111111	0 	0 	0.037037	
221	0.96956	0.0137672	0.888889	0	0.111111	0 	0 	0.037037	
89	0.90535	0.0576132	1	0.037037	-0.111111	0 	0 	0.037037	
29	0.937026	0.0773691	0.888889	0.0740741	0.111111	0 	0 	0.037037	
360	0.98522	0.124729	1	0.111111	-0.037037	0 	0 	0.111111	
135	0.972349	0.193091	1	0.111111	-0.037037	0 	0 	0.111111	
195	0.957075	0.165394	0.962963	0.222222	-0.037037	0 	0 	-0.111111	
3	0.892246	0.111132	0.925926	0.111111	-0.037037	0 	0 	0.111111	
309	0.902606	0.179698	0.925926	0.111111	-0.037037	0 	0 	0.111111	
268	0.878021	0.217135	0.888889	0.222222	-0.111111	0 	0 	-0.037037	
226	0.798354	0.201646	0.888889	0.222222	-0.111111	0 	0 	-0.037037	
43	0.864198	0.160494	0.777778	0.185185	0.111111	0 	0 	-0.037037	
94	0.831276	0.131687	0.888889	0.148148	-0.111111	0 	0 	-0.037037	
185	0.765142	0.152893	0.777778	0.111111	-0.037037	0 	0 	0.111111	
74	0.732528	0.207322	0.740741	0.222222	-0.037037	0 	0 	-0.111111	
272	0.704556	0.125309	0.740741	0.222222	-0.037037	0 	0 	-0.111111	
134	0.699223	0.165388	0.703704	0.111111	-0.037037	0 	0 	0.111111	
332	0.670818	0.198978	0.703704	0.111111	-0.037037	0 	0 	0.111111	
48	0.667469	0.240182	0.666667	0.222222	0.111111	0 	0 	0.037037	
240	0.726833	0.264623	0.777778	0.259259	-0.111111	0 	0 	0.037037	
246	0.689386	0.265974	0.777778	0.259259	-0.111111	0 	0 	0.037037	
99	0.774469	0.31466	0.666667	0.296296	0.111111	0 	0 	0.037037	
152	0.782983	0.285741	0.777778	0.333333	0.037037	0 	0 	-0.111111	
317	0.822643	0.23947	0.814815	0.222222	0.037037	0 	0 	0.111111	
11	0.82178	0.288821	0.814815	0.222222	0.037037	0 	0 	0.111111	
203	0.856663	0.235772	0.851852	0.333333	0.037037	0 	0 	-0.111111	
112	0.954733	0.255144	0.888889	0.222222	0.111111	0 	0 	0.037037	
61	0.984085	0.288401	1	0.259259	-0.111111	0 	0 	0.037037	
337	0.931525	0.276311	1	0.259259	-0.111111	0 	0 	0.037037	
163	0.916535	0.326246	0.888889	0.296296	0.111111	0 	0 	0.037037	
286	0.964335	0.315501	0.888889	0.296296	0.111111	0 	0 	0.037037	
104	0.99569	0.410996	1	0.333333	-0.037037	0 	0 	0.111111	
236	0.948961	0.390284	0.962963	0.444444	-0.037037	0 	0 	-0.111111	
53	0.913333	0.343087	0.925926	0.333333	-0.037037	0 	0 	0.111111	
251	0.917325	0.377983	0.925926	0.333333	-0.037037	0 	0 	0.111111	
159	0.906807	0.44527	0.888889	0.444444	0.111111	0 	0 	0.037037	
18	0.968086	0.488028	1	0.481481	-0.111111	0 	0 	0.037037	
357	0.9451	0.507546	1	0.481481	-0.111111	0 	0 	0.037037	
210	0.903828	0.520714	0.888889	0.518519	0.111111	0 	0 	0.037037	
297	0.978197	0.537215	0.888889	0.518519	0.111111	0 	0 	0.037037	
187	0.995531	0.58326	1	0.555556	-0.037037	0 	0 	0.111111	
76	0.954874	0.60292	0.962963	0.666667	-0.037037	0 	0 	-0.111111	
274	0.927298	0.57476	0.962963	0.666667	-0.037037	0 	0 	-0.111111	
127	0.913899	0.663293	0.925926	0.555556	-0.037037	0 	0 	0.111111	
325	0.894376	0.644719	0.925926	0.555556	-0.037037	0 	0 	0.111111	
140	0.885334	0.629841	0.888889	0.666667	-0.111111	0 	0 	-0.037037	
314	0.786487	0.614344	0.777778	0.62963	0.111111	0 	0 	-0.037037	
191	0.813235	0.628409	0.777778	0.62963	0.111111	0 	0 	-0.037037	
365	0.887461	0.592577	0.888889	0.592593	-0.111111	0 	0 	-0.037037	
8	0.86038	0.561837	0.888889	0.592593	-0.111111	0 	0 	-0.037037	
82	0.795932	0.503255	0.777778	0.555556	0.037037	0 	0 	-0.111111	
256	0.832028	0.455616	0.814815	0.444444	0.037037	0 	0 	0.111111	
31	0.82948	0.530903	0.814815	0.444444	0.037037	0 	0 	0.111111	
223	0.86598	0.469339	0.851852	0.555556	0.037037	0 	0 	-0.111111	
279	0.847643	0.427848	0.888889	0.444444	-0.111111	0 	0 	-0.037037	
165	0.81133	0.437252	0.888889	0.444444	-0.111111	0 	0 	-0.037037	
339	0.792566	0.399684	0.777778	0.407407	0.111111	0 	0 	-0.037037	
54	0.877916	0.393889	0.777778	0.407407	0.111111	0 	0 	-0.037037	
114	0.843995	0.366548	0.888889	0.37037	-0.111111	0 	0 	-0.037037	
205	0.748971	0.337449	0.777778	0.333333	-0.037037	0 	0 	0.111111	
13	0.730997	0.437122	0.740741	0.444444	-0.037037	0 	0 	-0.111111	
319	0.719643	0.363529	0.740741	0.444444	-0.037037	0 	0 	-0.111111	
145	0.700713	0.384246	0.703704	0.333333	-0.037037	0 	0 	0.111111	
71	0.682721	0.477244	0.666667	0.444444	0.111111	0 	0 	0.037037	
347	0.745107	0.461853	0.666667	0.444444	0.111111	0 	0 	0.037037	
173	0.740544	0.513738	0.777778	0.481481	-0.111111	0 	0 	0.037037	
296	0.669726	0.505301	0.777778	0.481481	-0.111111	0 	0 	0.037037	
122	0.763048	0.546279	0.666667	0.518519	0.111111	0 	0 	0.037037	
36	0.753125	0.610357	0.777778	0.555556	-0.037037	0 	0 	0.111111	
261	0.770089	0.555593	0.777778	0.555556	-0.037037	0 	0 	0.111111	
96	0.725764	0.575399	0.740741	0.666667	-0.037037	0 	0 	-0.111111	
228	0.701831	0.637632	0.703704	0.555556	-0.037037	0 	0 	0.111111	
125	0.665748	0.657573	0.666667	0.666667	-0.111111	0 	0 	-0.037037	
290	0.562362	0.613357	0.555556	0.62963	0.111111	0 	0 	-0.037037	
176	0.622795	0.614035	0.555556	0.62963	0.111111	0 	0 	-0.037037	
350	0.641134	0.558551	0.666667	0.592593	-0.111111	0 	0 	-0.037037	
65	0.578612	0.582621	0.666667	0.592593	-0.111111	0 	0 	-0.037037	
21	0.518855	0.599472	0.555556	0.555556	-0.037037	0 	0 	0.111111	
300	0.54316	0.660786	0.555556	0.555556	-0.037037	0 	0 	0.111111	
351	0.496365	0.619739	0.518519	0.666667	-0.037037	0 	0 	-0.111111	
153	0.483426	0.564029	0.518519	0.666667	-0.037037	0 	0 	-0.111111	
213	0.455023	0.636924	0.481481	0.555556	-0.037037	0 	0 	0.111111	
34	0.383058	0.646343	0.444444	0.666667	-0.111111	0 	0 	-0.037037	
85	0.347346	0.62293	0.333333	0.62963	0.111111	0 	0 	-0.037037	
217	0.42537	0.592465	0.444444	0.592593	-0.111111	0 	0 	-0.037037	
259	0.398462	0.573746	0.444444	0.592593	-0.111111	0 	0 	-0.037037	
168	0.356344	0.549121	0.333333	0.555556	0.037037	0 	0 	-0.111111	
108	0.401623	0.462587	0.37037	0.444444	0.037037	0 	0 	0.111111	
333	0.379613	0.493863	0.37037	0.444444	0.037037	0 	0 	0.111111	
282	0.418793	0.530521	0.407407	0.555556	0.037037	0 	0 	-0.111111	
57	0.432099	0.506173	0.407407	0.555556	0.037037	0 	0 	-0.111111	
47	0.458729	0.452454	0.444444	0.444444	0.111111	0 	0 	0.037037	
239	0.503175	0.497224	0.555556	0.481481	-0.111111	0 	0 	0.037037	
245	0.471865	0.489668	0.555556	0.481481	-0.111111	0 	0 	0.037037	
107	0.536005	0.547724	0.444444	0.518519	0.111111	0 	0 	0.037037	
148	0.559483	0.505538	0.555556	0.555556	0.037037	0 	0 	-0.111111	
322	0.608318	0.475359	0.592593	0.444444	0.037037	0 	0 	0.111111	
16	0.592622	0.52948	0.592593	0.444444	0.037037	0 	0 	0.111111	
199	0.636535	0.448211	0.62963	0.555556	0.037037	0 	0 	-0.111111	
264	0.658945	0.42239	0.666667	0.444444	-0.111111	0 	0 	-0.037037	
231	0.57699	0.422557	0.666667	0.444444	-0.111111	0 	0 	-0.037037	
39	0.64129	0.380274	0.555556	0.407407	0.111111	0 	0 	-0.037037	
90	0.610169	0.359008	0.666667	0.37037	-0.111111	0 	0 	-0.037037	
181	0.549847	0.357396	0.555556	0.333333	-0.037037	0 	0 	0.111111	
79	0.511149	0.410221	0.518519	0.444444	-0.037037	0 	0 	-0.111111	
277	0.483204	0.351139	0.518519	0.444444	-0.037037	0 	0 	-0.111111	
130	0.463399	0.406929	0.481481	0.333333	-0.037037	0 	0 	0.111111	
328	0.473622	0.382281	0.481481	0.333333	-0.037037	0 	0 	0.111111	
143	0.405497	0.415113	0.444444	0.444444	-0.111111	0 	0 	-0.037037	
308	0.364808	0.393806	0.333333	0.407407	0.111111	0 	0 	-0.037037	
194	0.380212	0.372606	0.333333	0.407407	0.111111	0 	0 	-0.037037	
2	0.338279	0.334177	0.444444	0.37037	-0.111111	0 	0 	-0.037037	
220	0.330539	0.347131	0.333333	0.333333	-0.037037	0 	0 	0.111111	
28	0.271605	0.419753	0.296296	0.444444	-0.037037	0 	0 	-0.111111	
253	0.287249	0.3439	0.296296	0.444444	-0.037037	0 	0 	-0.111111	
88	0.243646	0.38418	0.259259	0.333333	-0.037037	0 	0 	0.111111	
5	0.261053	0.446923	0.222222	0.444444	0.111111	0 	0 	0.037037	
362	0.311373	0.465049	0.222222	0.444444	0.111111	0 	0 	0.037037	
197	0.319249	0.487326	0.333333	0.481481	-0.111111	0 	0 	0.037037	
311	0.23594	0.513032	0.333333	0.481481	-0.111111	0 	0 	0.037037	
137	0.30406	0.527129	0.222222	0.518519	0.111111	0 	0 	0.037037	
60	0.329702	0.582724	0.333333	0.555556	-0.037037	0 	0 	0.111111	
285	0.297925	0.650332	0.333333	0.555556	-0.037037	0 	0 	0.111111	
336	0.264282	0.607123	0.296296	0.666667	-0.037037	0 	0 	-0.111111	
111	0.293277	0.639897	0.296296	0.666667	-0.037037	0 	0 	-0.111111	
162	0.24719	0.663892	0.259259	0.555556	-0.037037	0 	0 	0.111111	
10	0.146281	0.637574	0.222222	0.666667	-0.111111	0 	0 	-0.037037	
151	0.135023	0.625902	0.111111	0.62963	0.111111	0 	0 	-0.037037	
202	0.212025	0.557736	0.222222	0.592593	-0.111111	0 	0 	-0.037037	
316	0.167159	0.586191	0.222222	0.592593	-0.111111	0 	0 	-0.037037	
225	0.131687	0.534979	0.111111	0.555556	0.037037	0 	0 	-0.111111	
93	0.156633	0.449434	0.148148	0.444444	0.037037	0 	0 	0.111111	
267	0.187318	0.55509	0.185185	0.555556	0.037037	0 	0 	-0.111111	
42	0.197531	0.493827	0.185185	0.555556	0.037037	0 	0 	-0.111111	
119	0.215261	0.442493	0.222222	0.444444	-0.111111	0 	0 	-0.037037	
293	0.124122	0.392798	0.111111	0.407407	0.111111	0 	0 	-0.037037	
179	0.180521	0.402518	0.111111	0.407407	0.111111	0 	0 	-0.037037	
344	0.221439	0.355208	0.222222	0.37037	-0.111111	0 	0 	-0.037037	
68	0.141466	0.362294	0.222222	0.37037	-0.111111	0 	0 	-0.037037	
24	0.0972521	0.375264	0.111111	0.333333	-0.037037	0 	0 	0.111111	
303	0.0882303	0.436006	0.111111	0.333333	-0.037037	0 	0 	0.111111	
354	0.0582203	0.374399	0.0740741	0.444444	-0.037037	0 	0 	-0.111111	
156	0.0655182	0.432266	0.0740741	0.444444	-0.037037	0 	0 	-0.111111	
207	0.0174147	0.411107	0.037037	0.333333	-0.037037	0 	0 	0.111111	
271	0.0456605	0.462742	0	0.444444	0.111111	0 	0 	0.037037	
184	0.108501	0.477099	0	0.444444	0.111111	0 	0 	0.037037	
133	0.0359578	0.5108	0.111111	0.481481	-0.111111	0 	0 	0.037037	
331	0.00439368	0.529386	0	0.518519	0.111111	0 	0 	0.037037	
73	0.0619919	0.542598	0	0.518519	0.111111	0 	0 	0.037037	
101	0.093114	0.65608	0.111111	0.555556	-0.037037	0 	0 	0.111111	
242	0.0693158	0.58742	0.0740741	0.666667	-0.037037	0 	0 	-0.111111	
50	0.0329087	0.570365	0.037037	0.555556	-0.037037	0 	0 	0.111111	
248	0.0257878	0.597465	0.037037	0.555556	-0.037037	0 	0 	0.111111	
318	0.0458403	0.697082	0	0.666667	0.111111	0 	0 	0.037037	
204	0.0762942	0.670926	0	0.666667	0.111111	0 	0 	0.037037	
144	0.0993062	0.736693	0.111111	0.703704	-0.111111	0 	0 	0.037037	
12	0.0161416	0.749465	0	0.740741	0.111111	0 	0 	0.037037	
167	0.113143	0.758149	0.111111	0.777778	0.037037	0 	0 	-0.111111	
116	0.153379	0.680546	0.148148	0.666667	0.037037	0 	0 	0.111111	
341	0.153237	0.690222	0.148148	0.666667	0.037037	0 	0 	0.111111	
281	0.200554	0.74846	0.185185	0.777778	0.037037	0 	0 	-0.111111	
56	0.209698	0.729184	0.185185	0.777778	0.037037	0 	0 	-0.111111	
52	0.235681	0.671053	0.222222	0.666667	0.111111	0 	0 	0.037037	
235	0.280645	0.716243	0.333333	0.703704	-0.111111	0 	0 	0.037037	
250	0.248285	0.710562	0.333333	0.703704	-0.111111	0 	0 	0.037037	
103	0.32436	0.766079	0.222222	0.740741	0.111111	0 	0 	0.037037	
20	0.293275	0.813945	0.333333	0.777778	-0.037037	0 	0 	0.111111	
299	0.310014	0.883402	0.333333	0.777778	-0.037037	0 	0 	0.111111	
359	0.278626	0.836832	0.296296	0.888889	-0.037037	0 	0 	-0.111111	
161	0.26407	0.789127	0.296296	0.888889	-0.037037	0 	0 	-0.111111	
212	0.234009	0.853521	0.259259	0.777778	-0.037037	0 	0 	0.111111	
30	0.157009	0.863774	0.222222	0.888889	-0.111111	0 	0 	-0.037037	
81	0.127572	0.835391	0.111111	0.851852	0.111111	0 	0 	-0.037037	
222	0.180969	0.813149	0.222222	0.814815	-0.111111	0 	0 	-0.037037	
255	0.171509	0.805867	0.222222	0.814815	-0.111111	0 	0 	-0.037037	
346	0.0786722	0.787608	0.111111	0.777778	-0.037037	0 	0 	0.111111	
121	0.108272	0.868631	0.111111	0.777778	-0.037037	0 	0 	0.111111	
172	0.0715249	0.844562	0.0740741	0.888889	-0.037037	0 	0 	-0.111111	
70	0.0179774	0.823071	0.037037	0.777778	-0.037037	0 	0 	0.111111	
295	0.018433	0.787409	0.037037	0.777778	-0.037037	0 	0 	0.111111	
98	0.0104484	0.902874	0	0.888889	0.111111	0 	0 	0.037037	
38	0.0837613	0.92727	0.111111	0.925926	-0.111111	0 	0 	0.037037	
230	0.0369969	0.980972	0	0.962963	0.111111	0 	0 	0.037037	
263	0.0279337	0.967522	0	0.962963	0.111111	0 	0 	0.037037	
313	0.123151	0.958342	0.111111	1	0.037037	0 	0 	-0.111111	
7	0.11384	0.894826	0.111111	1	0.037037	0 	0 	-0.111111	
190	0.166139	0.915173	0.148148	0.888889	0.037037	0 	0 	0.111111	
139	0.201459	0.974646	0.185185	1	0.037037	0 	0 	-0.111111	
364	0.18851	0.902224	0.185185	1	0.037037	0 	0 	-0.111111	
273	0.261111	0.903172	0.222222	0.888889	0.111111	0 	0 	0.037037	
186	0.329847	0.917755	0.222222	0.888889	0.111111	0 	0 	0.037037	
126	0.238134	0.955581	0.333333	0.925926	-0.111111	0 	0 	0.037037	
324	0.235822	0.983304	0.222222	0.962963	0.111111	0 	0 	0.037037	
75	0.28028	0.989384	0.222222	0.962963	0.111111	0 	0 	0.037037	
247	0.361513	0.929617	0.333333	1	0.037037	0 	0 	-0.111111	
49	0.339732	0.998301	0.333333	1	0.037037	0 	0 	-0.111111	
241	0.390947	0.942387	0.37037	0.888889	0.037037	0 	0 	0.111111	
100	0.423868	0.983539	0.407407	1	0.037037	0 	0 	-0.111111	
72	0.425839	0.887701	0.444444	0.888889	-0.111111	0 	0 	-0.037037	
330	0.338699	0.86521	0.444444	0.888889	-0.111111	0 	0 	-0.037037	
132	0.369745	0.84796	0.333333	0.851852	0.111111	0 	0 	-0.037037	
183	0.436819	0.80494	0.444444	0.814815	-0.111111	0 	0 	-0.037037	
270	0.434383	0.811674	0.444444	0.814815	-0.111111	0 	0 	-0.037037	
209	0.341048	0.742337	0.333333	0.777778	0.037037	0 	0 	-0.111111	
158	0.370658	0.683284	0.37037	0.666667	0.037037	0 	0 	0.111111	
356	0.392344	0.704508	0.37037	0.666667	0.037037	0 	0 	0.111111	
305	0.411716	0.765951	0.407407	0.777778	0.037037	0 	0 	-0.111111	
26	0.407799	0.751221	0.407407	0.777778	0.037037	0 	0 	-0.111111	
67	0.477421	0.693221	0.444444	0.666667	0.111111	0 	0 	0.037037	
343	0.520853	0.682613	0.444444	0.666667	0.111111	0 	0 	0.037037	
178	0.508231	0.734775	0.555556	0.703704	-0.111111	0 	0 	0.037037	
292	0.445816	0.722908	0.555556	0.703704	-0.111111	0 	0 	0.037037	
118	0.552011	0.770425	0.444444	0.740741	0.111111	0 	0 	0.037037	
44	0.530864	0.82716	0.555556	0.777778	-0.037037	0 	0 	0.111111	
269	0.546492	0.876071	0.555556	0.777778	-0.037037	0 	0 	0.111111	
95	0.498384	0.79695	0.518519	0.888889	-0.037037	0 	0 	-0.111111	
227	0.460861	0.868322	0.481481	0.777778	-0.037037	0 	0 	0.111111	
315	0.491138	0.92038	0.444444	0.888889	0.111111	0 	0 	0.037037	
201	0.526749	0.893004	0.444444	0.888889	0.111111	0 	0 	0.037037	
150	0.458456	0.936404	0.555556	0.925926	-0.111111	0 	0 	0.037037	
9	0.482349	0.964358	0.444444	0.962963	0.111111	0 	0 	0.037037	
164	0.590112	0.994434	0.555556	1	0.037037	0 	0 	-0.111111	
113	0.621399	0.921811	0.592593	0.888889	0.037037	0 	0 	0.111111	
338	0.596465	0.954723	0.592593	0.888889	0.037037	0 	0 	0.111111	
287	0.631031	0.973899	0.62963	1	0.037037	0 	0 	-0.111111	
62	0.634023	0.954691	0.62963	1	0.037037	0 	0 	-0.111111	
136	0.648445	0.851923	0.666667	0.888889	-0.111111	0 	0 	-0.037037	
310	0.574074	0.848676	0.555556	0.851852	0.111111	0 	0 	-0.037037	
196	0.598172	0.821016	0.555556	0.851852	0.111111	0 	0 	-0.037037	
361	0.651425	0.802738	0.666667	0.814815	-0.111111	0 	0 	-0.037037	
4	0.553547	0.779763	0.666667	0.814815	-0.111111	0 	0 	-0.037037	
87	0.575922	0.721422	0.555556	0.777778	0.037037	0 	0 	-0.111111	
252	0.603896	0.704089	0.592593	0.666667	0.037037	0 	0 	0.111111	
27	0.612836	0.754761	0.592593	0.666667	0.037037	0 	0 	0.111111	
219	0.629988	0.669432	0.62963	0.777778	0.037037	0 	0 	-0.111111	
1	0.688753	0.669267	0.666667	0.666667	0.111111	0 	0 	0.037037	
367	0.753839	0.691943	0.666667	0.666667	0.111111	0 	0 	0.037037	
193	0.711934	0.707819	0.777778	0.703704	-0.111111	0 	0 	0.037037	
307	0.680384	0.735254	0.777778	0.703704	-0.111111	0 	0 	0.037037	
142	0.667912	0.741049	0.666667	0.740741	0.111111	0 	0 	0.037037	
327	0.780214	0.758114	0.777778	0.777778	0.037037	0 	0 	-0.111111	
129	0.803987	0.730981	0.777778	0.777778	0.037037	0 	0 	-0.111111	
276	0.81526	0.675478	0.814815	0.666667	0.037037	0 	0 	0.111111	
78	0.837376	0.77689	0.814815	0.666667	0.037037	0 	0 	0.111111	
180	0.853329	0.689926	0.851852	0.777778	0.037037	0 	0 	-0.111111	
92	0.935364	0.689436	0.888889	0.666667	0.111111	0 	0 	0.037037	
41	0.970645	0.71612	1	0.703704	-0.111111	0 	0 	0.037037	
233	0.90327	0.762045	0.888889	0.740741	0.111111	0 	0 	0.037037	
266	0.989026	0.747599	0.888889	0.740741	0.111111	0 	0 	0.037037	
198	0.984592	0.785944	1	0.777778	-0.037037	0 	0 	0.111111	
15	0.954132	0.848101	0.962963	0.888889	-0.037037	0 	0 	-0.111111	
321	0.949992	0.863014	0.962963	0.888889	-0.037037	0 	0 	-0.111111	
147	0.89367	0.830604	0.925926	0.777778	-0.037037	0 	0 	0.111111	
106	0.870577	0.875644	0.888889	0.888889	-0.111111	0 	0 	-0.037037	
244	0.800657	0.815013	0.777778	0.851852	0.111111	0 	0 	-0.037037	
238	0.840434	0.841495	0.777778	0.851852	0.111111	0 	0 	-0.037037	
46	0.880864	0.796308	0.888889	0.814815	-0.111111	0 	0 	-0.037037	
59	0.772727	0.780726	0.777778	0.777778	-0.037037	0 	0 	0.111111	
284	0.742112	0.871056	0.777778	0.777778	-0.037037	0 	0 	0.111111	
335	0.71108	0.830146	0.740741	0.888889	-0.037037	0 	0 	-0.111111	
110	0.740401	0.822955	0.740741	0.888889	-0.037037	0 	0 	-0.111111	
170	0.689507	0.876691	0.703704	0.777778	-0.037037	0 	0 	0.111111	
258	0.681536	0.895913	0.666667	0.888889	0.111111	0 	0 	0.037037	
216	0.761317	0.90535	0.666667	0.888889	0.111111	0 	0 	0.037037	
84	0.692117	0.945154	0.777778	0.925926	-0.111111	0 	0 	0.037037	
33	0.716049	0.975309	0.666667	0.962963	0.111111	0 	0 	0.037037	
215	0.786008	0.967078	0.777778	1	0.037037	0 	0 	-0.111111	
155	0.826945	0.892818	0.814815	0.888889	0.037037	0 	0 	0.111111	
353	0.818236	0.926698	0.814815	0.888889	0.037037	0 	0 	0.111111	
302	0.860056	0.97626	0.851852	1	0.037037	0 	0 	-0.111111	
23	0.854109	0.923222	0.851852	1	0.037037	0 	0 	-0.111111	
64	0.926547	0.911796	0.888889	0.888889	0.111111	0 	0 	0.037037	
349	0.96845	0.903978	0.888889	0.888889	0.111111	0 	0 	0.037037	
175	0.961542	0.934612	1	0.925926	-0.111111	0 	0 	0.037037	
289	0.890261	0.94513	1	0.925926	-0.111111	0 	0 	0.037037	
124	0.99177	0.995885	0.888889	0.962963	0.111111	0 	0 	0.037037	
