0	0.0243856	0.0144054	0	0	0.111111	0 	0 	0.037037	
366	0.0971612	0.0200065	0	0	0.111111	0 	0 	0.037037	
591	0.0870634	0.0669791	0.111111	0.037037	-0.111111	0 	0 	0.037037	
192	0.0452675	0.0411523	0.111111	0.037037	-0.111111	0 	0 	0.037037	
306	0.0151297	0.059504	0.111111	0.037037	-0.111111	0 	0 	0.037037	
531	0.0400959	0.110418	0	0.0740741	0.111111	0 	0 	0.037037	
417	0.000343328	0.0975094	0	0.0740741	0.111111	0 	0 	0.037037	
141	0.0781893	0.0823045	0	0.0740741	0.111111	0 	0 	0.037037	
329	0.129291	0.0883246	0.111111	0.111111	0.037037	0 	0 	-0.111111	
131	0.139187	0.0713778	0.111111	0.111111	0.037037	0 	0 	-0.111111	
278	0.151456	0.0113025	0.148148	0	0.037037	0 	0 	0.111111	
503	0.173913	0.00257187	0.148148	0	0.037037	0 	0 	0.111111	
80	0.1699	0.0969425	0.148148	0	0.037037	0 	0 	0.111111	
461	0.189714	0.0852829	0.185185	0.111111	0.037037	0 	0 	-0.111111	
182	0.217254	0.0288731	0.185185	0.111111	0.037037	0 	0 	-0.111111	
457	0.241723	0.00905509	0.222222	0	0.111111	0 	0 	0.037037	
91	0.267087	0.0178812	0.222222	0	0.111111	0 	0 	0.037037	
544	0.29904	0.0342936	0.222222	0	0.111111	0 	0 	0.037037	
40	0.307291	0.0640828	0.333333	0.037037	-0.111111	0 	0 	0.037037	
397	0.291629	0.0384567	0.333333	0.037037	-0.111111	0 	0 	0.037037	
232	0.236215	0.0891562	0.222222	0.0740741	0.111111	0 	0 	0.037037	
595	0.266118	0.104252	0.222222	0.0740741	0.111111	0 	0 	0.037037	
265	0.322359	0.0809328	0.222222	0.0740741	0.111111	0 	0 	0.037037	
200	0.331683	0.129929	0.333333	0.111111	-0.037037	0 	0 	0.111111	
425	0.316735	0.187385	0.333333	0.111111	-0.037037	0 	0 	0.111111	
17	0.282779	0.187571	0.296296	0.222222	-0.037037	0 	0 	-0.111111	
521	0.294151	0.166818	0.296296	0.222222	-0.037037	0 	0 	-0.111111	
323	0.289229	0.137459	0.296296	0.222222	-0.037037	0 	0 	-0.111111	
572	0.250101	0.132864	0.259259	0.111111	-0.037037	0 	0 	0.111111	
149	0.226277	0.152585	0.259259	0.111111	-0.037037	0 	0 	0.111111	
374	0.241418	0.213097	0.259259	0.111111	-0.037037	0 	0 	0.111111	
105	0.202997	0.209247	0.222222	0.222222	-0.111111	0 	0 	-0.037037	
435	0.176013	0.195752	0.222222	0.222222	-0.111111	0 	0 	-0.037037	
549	0.113855	0.219479	0.222222	0.222222	-0.111111	0 	0 	-0.037037	
243	0.141773	0.163024	0.111111	0.185185	0.111111	0 	0 	-0.037037	
237	0.168833	0.168161	0.111111	0.185185	0.111111	0 	0 	-0.037037	
609	0.192044	0.178326	0.111111	0.185185	0.111111	0 	0 	-0.037037	
384	0.212318	0.138986	0.222222	0.148148	-0.111111	0 	0 	-0.037037	
45	0.123457	0.123457	0.222222	0.148148	-0.111111	0 	0 	-0.037037	
508	0.0891632	0.120713	0.111111	0.111111	-0.037037	0 	0 	0.111111	
58	0.108198	0.149397	0.111111	0.111111	-0.037037	0 	0 	0.111111	
283	0.0754458	0.20439	0.111111	0.111111	-0.037037	0 	0 	0.111111	
334	0.0707585	0.190947	0.0740741	0.222222	-0.037037	0 	0 	-0.111111	
109	0.0670853	0.153062	0.0740741	0.222222	-0.037037	0 	0 	-0.111111	
475	0.0302553	0.133618	0.037037	0.111111	-0.037037	0 	0 	0.111111	
169	0.0332188	0.221738	0.037037	0.111111	-0.037037	0 	0 	0.111111	
260	0.0151089	0.233352	0	0.222222	0.111111	0 	0 	0.037037	
218	0.091581	0.237628	0	0.222222	0.111111	0 	0 	0.037037	
443	0.0830947	0.263405	0.111111	0.259259	-0.111111	0 	0 	0.037037	
566	0.0399842	0.286789	0.111111	0.259259	-0.111111	0 	0 	0.037037	
86	0.0194703	0.269931	0.111111	0.259259	-0.111111	0 	0 	0.037037	
392	0.00902753	0.310231	0	0.296296	0.111111	0 	0 	0.037037	
35	0.0487245	0.323274	0	0.296296	0.111111	0 	0 	0.037037	
214	0.119519	0.295845	0.111111	0.333333	0.037037	0 	0 	-0.111111	
412	0.135638	0.258814	0.111111	0.333333	0.037037	0 	0 	-0.111111	
154	0.150862	0.231561	0.148148	0.222222	0.037037	0 	0 	0.111111	
352	0.170919	0.287391	0.148148	0.222222	0.037037	0 	0 	0.111111	
577	0.154914	0.30319	0.148148	0.222222	0.037037	0 	0 	0.111111	
301	0.199857	0.332358	0.185185	0.333333	0.037037	0 	0 	-0.111111	
22	0.18975	0.266434	0.185185	0.333333	0.037037	0 	0 	-0.111111	
526	0.21262	0.24417	0.185185	0.333333	0.037037	0 	0 	-0.111111	
63	0.246914	0.246914	0.222222	0.222222	0.111111	0 	0 	0.037037	
348	0.301783	0.237311	0.222222	0.222222	0.111111	0 	0 	0.037037	
174	0.292535	0.284859	0.333333	0.259259	-0.111111	0 	0 	0.037037	
288	0.223559	0.277768	0.333333	0.259259	-0.111111	0 	0 	0.037037	
486	0.24813	0.299421	0.222222	0.296296	0.111111	0 	0 	0.037037	
480	0.269655	0.314038	0.222222	0.296296	0.111111	0 	0 	0.037037	
123	0.325103	0.329218	0.222222	0.296296	0.111111	0 	0 	0.037037	
229	0.353765	0.309646	0.333333	0.333333	0.037037	0 	0 	-0.111111	
454	0.367627	0.233196	0.333333	0.333333	0.037037	0 	0 	-0.111111	
97	0.386831	0.242798	0.37037	0.222222	0.037037	0 	0 	0.111111	
403	0.400549	0.262003	0.37037	0.222222	0.037037	0 	0 	0.111111	
601	0.37573	0.326025	0.37037	0.222222	0.037037	0 	0 	0.111111	
262	0.433471	0.303155	0.407407	0.333333	0.037037	0 	0 	-0.111111	
37	0.425057	0.271192	0.407407	0.333333	0.037037	0 	0 	-0.111111	
541	0.407787	0.258276	0.407407	0.333333	0.037037	0 	0 	-0.111111	
120	0.444116	0.218294	0.444444	0.222222	-0.111111	0 	0 	-0.037037	
477	0.37956	0.208798	0.444444	0.222222	-0.111111	0 	0 	-0.037037	
492	0.348422	0.194787	0.444444	0.222222	-0.111111	0 	0 	-0.037037	
294	0.338042	0.171159	0.333333	0.185185	0.111111	0 	0 	-0.037037	
171	0.413035	0.175137	0.333333	0.185185	0.111111	0 	0 	-0.037037	
345	0.425025	0.137458	0.444444	0.148148	-0.111111	0 	0 	-0.037037	
69	0.433725	0.122218	0.444444	0.148148	-0.111111	0 	0 	-0.037037	
371	0.351166	0.101509	0.333333	0.111111	0.037037	0 	0 	-0.111111	
146	0.34612	0.0453644	0.333333	0.111111	0.037037	0 	0 	-0.111111	
569	0.364883	0.0178326	0.333333	0.111111	0.037037	0 	0 	-0.111111	
320	0.389728	0.0409538	0.37037	0	0.037037	0 	0 	0.111111	
518	0.398681	0.060874	0.37037	0	0.037037	0 	0 	0.111111	
14	0.374406	0.0721293	0.37037	0	0.037037	0 	0 	0.111111	
431	0.413763	0.0681164	0.407407	0.111111	0.037037	0 	0 	-0.111111	
206	0.416663	0.0020562	0.407407	0.111111	0.037037	0 	0 	-0.111111	
472	0.456647	0.00915157	0.444444	0	0.111111	0 	0 	0.037037	
115	0.510288	0.0329218	0.444444	0	0.111111	0 	0 	0.037037	
505	0.533608	0.00960219	0.444444	0	0.111111	0 	0 	0.037037	
55	0.532209	0.0492226	0.555556	0.037037	-0.111111	0 	0 	0.037037	
340	0.488733	0.0518192	0.555556	0.037037	-0.111111	0 	0 	0.037037	
166	0.459729	0.105794	0.444444	0.0740741	0.111111	0 	0 	0.037037	
280	0.516577	0.0943388	0.444444	0.0740741	0.111111	0 	0 	0.037037	
224	0.540941	0.129369	0.555556	0.111111	-0.037037	0 	0 	0.111111	
449	0.546587	0.159416	0.555556	0.111111	-0.037037	0 	0 	0.111111	
32	0.500705	0.200871	0.518519	0.222222	-0.037037	0 	0 	-0.111111	
563	0.484537	0.177695	0.518519	0.222222	-0.037037	0 	0 	-0.111111	
257	0.505765	0.117791	0.518519	0.222222	-0.037037	0 	0 	-0.111111	
83	0.460905	0.168724	0.481481	0.111111	-0.037037	0 	0 	0.111111	
389	0.478554	0.208841	0.481481	0.111111	-0.037037	0 	0 	0.111111	
6	0.45886	0.227175	0.444444	0.222222	0.111111	0 	0 	0.037037	
363	0.536938	0.250268	0.444444	0.222222	0.111111	0 	0 	0.037037	
588	0.542534	0.276865	0.555556	0.259259	-0.111111	0 	0 	0.037037	
189	0.491103	0.262513	0.555556	0.259259	-0.111111	0 	0 	0.037037	
312	0.448696	0.286445	0.555556	0.259259	-0.111111	0 	0 	0.037037	
537	0.472728	0.316546	0.444444	0.296296	0.111111	0 	0 	0.037037	
414	0.503429	0.331962	0.444444	0.296296	0.111111	0 	0 	0.037037	
138	0.522634	0.304527	0.444444	0.296296	0.111111	0 	0 	0.037037	
326	0.563849	0.30948	0.555556	0.333333	0.037037	0 	0 	-0.111111	
128	0.584362	0.292181	0.555556	0.333333	0.037037	0 	0 	-0.111111	
275	0.609435	0.230793	0.592593	0.222222	0.037037	0 	0 	0.111111	
500	0.607682	0.268861	0.592593	0.222222	0.037037	0 	0 	0.111111	
77	0.617284	0.320988	0.592593	0.222222	0.037037	0 	0 	0.111111	
467	0.635039	0.29476	0.62963	0.333333	0.037037	0 	0 	-0.111111	
188	0.662551	0.251029	0.62963	0.333333	0.037037	0 	0 	-0.111111	
298	0.657679	0.185972	0.666667	0.222222	-0.111111	0 	0 	-0.037037	
583	0.610613	0.201604	0.666667	0.222222	-0.111111	0 	0 	-0.037037	
211	0.563786	0.1893	0.666667	0.222222	-0.111111	0 	0 	-0.037037	
358	0.569003	0.181408	0.555556	0.185185	0.111111	0 	0 	-0.037037	
19	0.62963	0.148148	0.555556	0.185185	0.111111	0 	0 	-0.037037	
523	0.645835	0.147201	0.666667	0.148148	-0.111111	0 	0 	-0.037037	
160	0.596708	0.119342	0.666667	0.148148	-0.111111	0 	0 	-0.037037	
409	0.577503	0.146776	0.666667	0.148148	-0.111111	0 	0 	-0.037037	
555	0.558601	0.109224	0.555556	0.111111	0.037037	0 	0 	-0.111111	
249	0.580698	0.0434833	0.555556	0.111111	0.037037	0 	0 	-0.111111	
51	0.561079	0.0183106	0.555556	0.111111	0.037037	0 	0 	-0.111111	
234	0.597425	0.0655616	0.592593	0	0.037037	0 	0 	0.111111	
432	0.62668	0.0825352	0.592593	0	0.037037	0 	0 	0.111111	
102	0.64603	0.08995	0.62963	0.111111	0.037037	0 	0 	-0.111111	
606	0.632535	0.0629744	0.62963	0.111111	0.037037	0 	0 	-0.111111	
381	0.65309	0.0088265	0.62963	0.111111	0.037037	0 	0 	-0.111111	
406	0.688496	0.0300071	0.666667	0	0.111111	0 	0 	0.037037	
157	0.707042	0.00486569	0.666667	0	0.111111	0 	0 	0.037037	
529	0.772994	0.0250055	0.666667	0	0.111111	0 	0 	0.037037	
25	0.742235	0.0458142	0.777778	0.037037	-0.111111	0 	0 	0.037037	
355	0.724349	0.0641141	0.777778	0.037037	-0.111111	0 	0 	0.037037	
208	0.675425	0.0758713	0.666667	0.0740741	0.111111	0 	0 	0.037037	
580	0.735254	0.0919067	0.666667	0.0740741	0.111111	0 	0 	0.037037	
304	0.75601	0.105815	0.666667	0.0740741	0.111111	0 	0 	0.037037	
489	0.790369	0.0881636	0.777778	0.111111	0.037037	0 	0 	-0.111111	
291	0.78634	0.0517839	0.777778	0.111111	0.037037	0 	0 	-0.111111	
66	0.802469	0.0246914	0.777778	0.111111	0.037037	0 	0 	-0.111111	
177	0.842014	0.0705186	0.814815	0	0.037037	0 	0 	0.111111	
483	0.815629	0.0612699	0.814815	0	0.037037	0 	0 	0.111111	
117	0.864405	0.102187	0.851852	0.111111	0.037037	0 	0 	-0.111111	
342	0.852814	0.0247384	0.851852	0.111111	0.037037	0 	0 	-0.111111	
254	0.903977	0.00590617	0.888889	0	0.111111	0 	0 	0.037037	
221	0.98161	0.00737334	0.888889	0	0.111111	0 	0 	0.037037	
446	0.998778	0.0412782	1	0.037037	-0.111111	0 	0 	0.037037	
560	0.960202	0.0403398	1	0.037037	-0.111111	0 	0 	0.037037	
89	0.90535	0.0576132	1	0.037037	-0.111111	0 	0 	0.037037	
395	0.934726	0.092335	0.888889	0.0740741	0.111111	0 	0 	0.037037	
29	0.943614	0.0833592	0.888889	0.0740741	0.111111	0 	0 	0.037037	
360	0.98264	0.13202	1	0.111111	-0.037037	0 	0 	0.111111	
585	0.99631	0.168364	1	0.111111	-0.037037	0 	0 	0.111111	
135	0.972602	0.184461	1	0.111111	-0.037037	0 	0 	0.111111	
420	0.947874	0.22085	0.962963	0.222222	-0.037037	0 	0 	-0.111111	
195	0.934156	0.152263	0.962963	0.222222	-0.037037	0 	0 	-0.111111	
3	0.905248	0.111883	0.925926	0.111111	-0.037037	0 	0 	0.111111	
309	0.922329	0.180627	0.925926	0.111111	-0.037037	0 	0 	0.111111	
534	0.913865	0.220646	0.925926	0.111111	-0.037037	0 	0 	0.111111	
268	0.885453	0.190825	0.888889	0.222222	-0.111111	0 	0 	-0.037037	
598	0.886723	0.206601	0.888889	0.222222	-0.111111	0 	0 	-0.037037	
226	0.798354	0.201646	0.888889	0.222222	-0.111111	0 	0 	-0.037037	
400	0.844993	0.150892	0.777778	0.185185	0.111111	0 	0 	-0.037037	
43	0.866749	0.161736	0.777778	0.185185	0.111111	0 	0 	-0.037037	
547	0.854595	0.145405	0.888889	0.148148	-0.111111	0 	0 	-0.037037	
94	0.82505	0.132103	0.888889	0.148148	-0.111111	0 	0 	-0.037037	
451	0.874267	0.117824	0.888889	0.148148	-0.111111	0 	0 	-0.037037	
185	0.776557	0.126442	0.777778	0.111111	-0.037037	0 	0 	0.111111	
464	0.751446	0.172514	0.777778	0.111111	-0.037037	0 	0 	0.111111	
74	0.730296	0.210701	0.740741	0.222222	-0.037037	0 	0 	-0.111111	
497	0.72424	0.156624	0.740741	0.222222	-0.037037	0 	0 	-0.111111	
272	0.70375	0.137429	0.740741	0.222222	-0.037037	0 	0 	-0.111111	
134	0.703561	0.116188	0.703704	0.111111	-0.037037	0 	0 	0.111111	
332	0.681111	0.195747	0.703704	0.111111	-0.037037	0 	0 	0.111111	
48	0.681474	0.236342	0.666667	0.222222	0.111111	0 	0 	0.037037	
378	0.774942	0.224573	0.666667	0.222222	0.111111	0 	0 	0.037037	
603	0.741184	0.294134	0.777778	0.259259	-0.111111	0 	0 	0.037037	
240	0.768223	0.275198	0.777778	0.259259	-0.111111	0 	0 	0.037037	
246	0.69273	0.266118	0.777778	0.259259	-0.111111	0 	0 	0.037037	
552	0.687763	0.296749	0.666667	0.296296	0.111111	0 	0 	0.037037	
438	0.737997	0.30727	0.666667	0.296296	0.111111	0 	0 	0.037037	
99	0.757211	0.321973	0.666667	0.296296	0.111111	0 	0 	0.037037	
377	0.795377	0.325465	0.777778	0.333333	0.037037	0 	0 	-0.111111	
152	0.781553	0.258364	0.777778	0.333333	0.037037	0 	0 	-0.111111	
575	0.807227	0.240125	0.777778	0.333333	0.037037	0 	0 	-0.111111	
317	0.829908	0.270598	0.814815	0.222222	0.037037	0 	0 	0.111111	
515	0.837911	0.278879	0.814815	0.222222	0.037037	0 	0 	0.111111	
11	0.819557	0.289438	0.814815	0.222222	0.037037	0 	0 	0.111111	
428	0.858997	0.332884	0.851852	0.333333	0.037037	0 	0 	-0.111111	
203	0.856028	0.232685	0.851852	0.333333	0.037037	0 	0 	-0.111111	
469	0.898491	0.245542	0.888889	0.222222	0.111111	0 	0 	0.037037	
112	0.954079	0.257559	0.888889	0.222222	0.111111	0 	0 	0.037037	
511	0.975801	0.226802	0.888889	0.222222	0.111111	0 	0 	0.037037	
61	0.998242	0.288428	1	0.259259	-0.111111	0 	0 	0.037037	
337	0.937803	0.278533	1	0.259259	-0.111111	0 	0 	0.037037	
163	0.925834	0.327225	0.888889	0.296296	0.111111	0 	0 	0.037037	
286	0.964335	0.315501	0.888889	0.296296	0.111111	0 	0 	0.037037	
383	0.990794	0.341583	1	0.333333	-0.037037	0 	0 	0.111111	
608	0.969822	0.400549	1	0.333333	-0.037037	0 	0 	0.111111	
104	0.979424	0.427984	1	0.333333	-0.037037	0 	0 	0.111111	
434	0.953727	0.407289	0.962963	0.444444	-0.037037	0 	0 	-0.111111	
236	0.946502	0.386831	0.962963	0.444444	-0.037037	0 	0 	-0.111111	
53	0.901235	0.345679	0.925926	0.333333	-0.037037	0 	0 	0.111111	
251	0.922528	0.395372	0.925926	0.333333	-0.037037	0 	0 	0.111111	
557	0.891632	0.441701	0.925926	0.333333	-0.037037	0 	0 	0.111111	
408	0.910837	0.48011	0.888889	0.444444	0.111111	0 	0 	0.037037	
159	0.895912	0.474652	0.888889	0.444444	0.111111	0 	0 	0.037037	
522	0.992211	0.467024	0.888889	0.444444	0.111111	0 	0 	0.037037	
18	0.975386	0.483078	1	0.481481	-0.111111	0 	0 	0.037037	
357	0.943759	0.508916	1	0.481481	-0.111111	0 	0 	0.037037	
210	0.893688	0.519398	0.888889	0.518519	0.111111	0 	0 	0.037037	
582	0.959511	0.53696	0.888889	0.518519	0.111111	0 	0 	0.037037	
297	0.977065	0.544333	0.888889	0.518519	0.111111	0 	0 	0.037037	
187	0.995793	0.574429	1	0.555556	-0.037037	0 	0 	0.111111	
466	0.972565	0.615912	1	0.555556	-0.037037	0 	0 	0.111111	
76	0.955553	0.655052	0.962963	0.666667	-0.037037	0 	0 	-0.111111	
499	0.941015	0.602195	0.962963	0.666667	-0.037037	0 	0 	-0.111111	
274	0.927298	0.57476	0.962963	0.666667	-0.037037	0 	0 	-0.111111	
127	0.921704	0.560224	0.925926	0.555556	-0.037037	0 	0 	0.111111	
325	0.920667	0.654784	0.925926	0.555556	-0.037037	0 	0 	0.111111	
140	0.861488	0.630547	0.888889	0.666667	-0.111111	0 	0 	-0.037037	
416	0.844904	0.665898	0.888889	0.666667	-0.111111	0 	0 	-0.037037	
539	0.805213	0.651578	0.888889	0.666667	-0.111111	0 	0 	-0.037037	
314	0.792685	0.629351	0.777778	0.62963	0.111111	0 	0 	-0.037037	
191	0.823045	0.596708	0.777778	0.62963	0.111111	0 	0 	-0.037037	
590	0.880532	0.609445	0.777778	0.62963	0.111111	0 	0 	-0.037037	
365	0.867006	0.588608	0.888889	0.592593	-0.111111	0 	0 	-0.037037	
8	0.780415	0.557157	0.888889	0.592593	-0.111111	0 	0 	-0.037037	
388	0.807484	0.521988	0.777778	0.555556	0.037037	0 	0 	-0.111111	
82	0.795913	0.507018	0.777778	0.555556	0.037037	0 	0 	-0.111111	
256	0.83718	0.455542	0.814815	0.444444	0.037037	0 	0 	0.111111	
562	0.824573	0.507215	0.814815	0.444444	0.037037	0 	0 	0.111111	
31	0.82716	0.530864	0.814815	0.444444	0.037037	0 	0 	0.111111	
448	0.881723	0.495619	0.851852	0.555556	0.037037	0 	0 	-0.111111	
223	0.856828	0.457275	0.851852	0.555556	0.037037	0 	0 	-0.111111	
279	0.856918	0.427165	0.888889	0.444444	-0.111111	0 	0 	-0.037037	
165	0.810142	0.436883	0.888889	0.444444	-0.111111	0 	0 	-0.037037	
339	0.808039	0.384131	0.777778	0.407407	0.111111	0 	0 	-0.037037	
54	0.879633	0.395093	0.777778	0.407407	0.111111	0 	0 	-0.037037	
504	0.865741	0.358939	0.888889	0.37037	-0.111111	0 	0 	-0.037037	
114	0.842745	0.367297	0.888889	0.37037	-0.111111	0 	0 	-0.037037	
471	0.78738	0.356653	0.888889	0.37037	-0.111111	0 	0 	-0.037037	
205	0.748971	0.337449	0.777778	0.333333	-0.037037	0 	0 	0.111111	
430	0.762228	0.417747	0.777778	0.333333	-0.037037	0 	0 	0.111111	
13	0.703704	0.407407	0.740741	0.444444	-0.037037	0 	0 	-0.111111	
517	0.726197	0.432485	0.740741	0.444444	-0.037037	0 	0 	-0.111111	
319	0.717421	0.364883	0.740741	0.444444	-0.037037	0 	0 	-0.111111	
568	0.701748	0.376514	0.703704	0.333333	-0.037037	0 	0 	0.111111	
145	0.670782	0.378601	0.703704	0.333333	-0.037037	0 	0 	0.111111	
370	0.684499	0.434842	0.703704	0.333333	-0.037037	0 	0 	0.111111	
71	0.68864	0.472666	0.666667	0.444444	0.111111	0 	0 	0.037037	
347	0.746228	0.459534	0.666667	0.444444	0.111111	0 	0 	0.037037	
173	0.748182	0.483607	0.777778	0.481481	-0.111111	0 	0 	0.037037	
296	0.668038	0.500686	0.777778	0.481481	-0.111111	0 	0 	0.037037	
494	0.681756	0.528121	0.666667	0.518519	0.111111	0 	0 	0.037037	
479	0.713228	0.549821	0.666667	0.518519	0.111111	0 	0 	0.037037	
122	0.768454	0.546266	0.666667	0.518519	0.111111	0 	0 	0.037037	
540	0.744129	0.590196	0.777778	0.555556	-0.037037	0 	0 	0.111111	
36	0.755226	0.605557	0.777778	0.555556	-0.037037	0 	0 	0.111111	
261	0.766804	0.636488	0.777778	0.555556	-0.037037	0 	0 	0.111111	
600	0.73755	0.635922	0.740741	0.666667	-0.037037	0 	0 	-0.111111	
402	0.733246	0.611312	0.740741	0.666667	-0.037037	0 	0 	-0.111111	
96	0.720165	0.576132	0.740741	0.666667	-0.037037	0 	0 	-0.111111	
453	0.70203	0.558909	0.703704	0.555556	-0.037037	0 	0 	0.111111	
228	0.688605	0.644278	0.703704	0.555556	-0.037037	0 	0 	0.111111	
125	0.65197	0.658223	0.666667	0.666667	-0.111111	0 	0 	-0.037037	
482	0.6017	0.652969	0.666667	0.666667	-0.111111	0 	0 	-0.037037	
488	0.569966	0.646204	0.666667	0.666667	-0.111111	0 	0 	-0.037037	
290	0.569451	0.613005	0.555556	0.62963	0.111111	0 	0 	-0.037037	
176	0.622826	0.620113	0.555556	0.62963	0.111111	0 	0 	-0.037037	
350	0.653923	0.582605	0.666667	0.592593	-0.111111	0 	0 	-0.037037	
65	0.57939	0.579445	0.666667	0.592593	-0.111111	0 	0 	-0.037037	
525	0.545953	0.577503	0.555556	0.555556	-0.037037	0 	0 	0.111111	
21	0.518519	0.592593	0.555556	0.555556	-0.037037	0 	0 	0.111111	
300	0.532603	0.660132	0.555556	0.555556	-0.037037	0 	0 	0.111111	
576	0.504746	0.663913	0.518519	0.666667	-0.037037	0 	0 	-0.111111	
351	0.495732	0.622108	0.518519	0.666667	-0.037037	0 	0 	-0.111111	
153	0.485597	0.563786	0.518519	0.666667	-0.037037	0 	0 	-0.111111	
411	0.481462	0.596993	0.481481	0.555556	-0.037037	0 	0 	0.111111	
213	0.455763	0.636801	0.481481	0.555556	-0.037037	0 	0 	0.111111	
34	0.382716	0.641975	0.444444	0.666667	-0.111111	0 	0 	-0.037037	
391	0.428314	0.662751	0.444444	0.666667	-0.111111	0 	0 	-0.037037	
85	0.352542	0.628152	0.333333	0.62963	0.111111	0 	0 	-0.037037	
565	0.357928	0.623429	0.333333	0.62963	0.111111	0 	0 	-0.037037	
442	0.442827	0.603265	0.333333	0.62963	0.111111	0 	0 	-0.037037	
217	0.430829	0.570603	0.444444	0.592593	-0.111111	0 	0 	-0.037037	
259	0.396433	0.562414	0.444444	0.592593	-0.111111	0 	0 	-0.037037	
168	0.366255	0.547325	0.333333	0.555556	0.037037	0 	0 	-0.111111	
474	0.342936	0.467764	0.333333	0.555556	0.037037	0 	0 	-0.111111	
108	0.401665	0.478956	0.37037	0.444444	0.037037	0 	0 	0.111111	
333	0.374417	0.492844	0.37037	0.444444	0.037037	0 	0 	0.111111	
282	0.415656	0.537992	0.407407	0.555556	0.037037	0 	0 	-0.111111	
57	0.415259	0.504139	0.407407	0.555556	0.037037	0 	0 	-0.111111	
507	0.422477	0.452866	0.407407	0.555556	0.037037	0 	0 	-0.111111	
47	0.456531	0.456233	0.444444	0.444444	0.111111	0 	0 	0.037037	
386	0.548697	0.447188	0.444444	0.444444	0.111111	0 	0 	0.037037	
239	0.5026	0.498016	0.555556	0.481481	-0.111111	0 	0 	0.037037	
245	0.470508	0.48834	0.555556	0.481481	-0.111111	0 	0 	0.037037	
551	0.464686	0.520595	0.444444	0.518519	0.111111	0 	0 	0.037037	
437	0.515775	0.529492	0.444444	0.518519	0.111111	0 	0 	0.037037	
107	0.535255	0.544166	0.444444	0.518519	0.111111	0 	0 	0.037037	
373	0.5735	0.555085	0.555556	0.555556	0.037037	0 	0 	-0.111111	
148	0.55907	0.485728	0.555556	0.555556	0.037037	0 	0 	-0.111111	
571	0.590009	0.465763	0.555556	0.555556	0.037037	0 	0 	-0.111111	
322	0.600024	0.47816	0.592593	0.444444	0.037037	0 	0 	0.111111	
520	0.618723	0.503635	0.592593	0.444444	0.037037	0 	0 	0.111111	
16	0.597351	0.507902	0.592593	0.444444	0.037037	0 	0 	0.111111	
424	0.652138	0.51513	0.62963	0.555556	0.037037	0 	0 	-0.111111	
199	0.636271	0.535585	0.62963	0.555556	0.037037	0 	0 	-0.111111	
264	0.659118	0.415134	0.666667	0.444444	-0.111111	0 	0 	-0.037037	
594	0.646911	0.444132	0.666667	0.444444	-0.111111	0 	0 	-0.037037	
231	0.576132	0.423868	0.666667	0.444444	-0.111111	0 	0 	-0.037037	
396	0.62257	0.370796	0.555556	0.407407	0.111111	0 	0 	-0.037037	
39	0.643093	0.380282	0.555556	0.407407	0.111111	0 	0 	-0.037037	
543	0.624115	0.368064	0.666667	0.37037	-0.111111	0 	0 	-0.037037	
90	0.614552	0.357496	0.666667	0.37037	-0.111111	0 	0 	-0.037037	
456	0.585324	0.344095	0.666667	0.37037	-0.111111	0 	0 	-0.037037	
181	0.552462	0.364993	0.555556	0.333333	-0.037037	0 	0 	0.111111	
460	0.528121	0.39369	0.555556	0.333333	-0.037037	0 	0 	0.111111	
79	0.510108	0.421911	0.518519	0.444444	-0.037037	0 	0 	-0.111111	
502	0.496571	0.379973	0.518519	0.444444	-0.037037	0 	0 	-0.111111	
277	0.482853	0.352538	0.518519	0.444444	-0.037037	0 	0 	-0.111111	
130	0.471066	0.40264	0.481481	0.333333	-0.037037	0 	0 	0.111111	
328	0.479656	0.413747	0.481481	0.333333	-0.037037	0 	0 	0.111111	
143	0.399955	0.415885	0.444444	0.444444	-0.111111	0 	0 	-0.037037	
419	0.392438	0.441484	0.444444	0.444444	-0.111111	0 	0 	-0.037037	
533	0.361691	0.430917	0.444444	0.444444	-0.111111	0 	0 	-0.037037	
308	0.347048	0.393682	0.333333	0.407407	0.111111	0 	0 	-0.037037	
194	0.378601	0.374486	0.333333	0.407407	0.111111	0 	0 	-0.037037	
593	0.438957	0.388203	0.333333	0.407407	0.111111	0 	0 	-0.037037	
368	0.422116	0.361766	0.444444	0.37037	-0.111111	0 	0 	-0.037037	
2	0.333333	0.333333	0.444444	0.37037	-0.111111	0 	0 	-0.037037	
220	0.316872	0.349794	0.333333	0.333333	-0.037037	0 	0 	0.111111	
445	0.331132	0.40578	0.333333	0.333333	-0.037037	0 	0 	0.111111	
28	0.277989	0.420924	0.296296	0.444444	-0.037037	0 	0 	-0.111111	
559	0.262003	0.404664	0.296296	0.444444	-0.037037	0 	0 	-0.111111	
253	0.285322	0.340192	0.296296	0.444444	-0.037037	0 	0 	-0.111111	
88	0.238683	0.390947	0.259259	0.333333	-0.037037	0 	0 	0.111111	
394	0.256637	0.357196	0.259259	0.333333	-0.037037	0 	0 	0.111111	
5	0.230814	0.449797	0.222222	0.444444	0.111111	0 	0 	0.037037	
362	0.314129	0.471879	0.222222	0.444444	0.111111	0 	0 	0.037037	
587	0.32	0.517739	0.333333	0.481481	-0.111111	0 	0 	0.037037	
197	0.26749	0.485597	0.333333	0.481481	-0.111111	0 	0 	0.037037	
311	0.23594	0.513032	0.333333	0.481481	-0.111111	0 	0 	0.037037	
536	0.249657	0.540466	0.222222	0.518519	0.111111	0 	0 	0.037037	
422	0.280639	0.55254	0.222222	0.518519	0.111111	0 	0 	0.037037	
137	0.303948	0.525826	0.222222	0.518519	0.111111	0 	0 	0.037037	
510	0.33035	0.569865	0.333333	0.555556	-0.037037	0 	0 	0.111111	
60	0.320988	0.617284	0.333333	0.555556	-0.037037	0 	0 	0.111111	
285	0.297668	0.648834	0.333333	0.555556	-0.037037	0 	0 	0.111111	
336	0.264746	0.607682	0.296296	0.666667	-0.037037	0 	0 	-0.111111	
111	0.291885	0.589741	0.296296	0.666667	-0.037037	0 	0 	-0.111111	
468	0.253147	0.574818	0.259259	0.555556	-0.037037	0 	0 	0.111111	
162	0.255437	0.651891	0.259259	0.555556	-0.037037	0 	0 	0.111111	
10	0.1434	0.636127	0.222222	0.666667	-0.111111	0 	0 	-0.037037	
376	0.143899	0.660598	0.222222	0.666667	-0.111111	0 	0 	-0.037037	
151	0.128244	0.608134	0.111111	0.62963	0.111111	0 	0 	-0.037037	
514	0.175583	0.61454	0.111111	0.62963	0.111111	0 	0 	-0.037037	
427	0.113905	0.629087	0.111111	0.62963	0.111111	0 	0 	-0.037037	
202	0.19898	0.560985	0.222222	0.592593	-0.111111	0 	0 	-0.037037	
316	0.207385	0.586465	0.222222	0.592593	-0.111111	0 	0 	-0.037037	
574	0.218997	0.591873	0.222222	0.592593	-0.111111	0 	0 	-0.037037	
225	0.131687	0.534979	0.111111	0.555556	0.037037	0 	0 	-0.111111	
450	0.145405	0.455418	0.111111	0.555556	0.037037	0 	0 	-0.111111	
93	0.164609	0.465021	0.148148	0.444444	0.037037	0 	0 	0.111111	
399	0.178326	0.484225	0.148148	0.444444	0.037037	0 	0 	0.111111	
597	0.148463	0.467086	0.148148	0.444444	0.037037	0 	0 	0.111111	
267	0.208764	0.527207	0.185185	0.555556	0.037037	0 	0 	-0.111111	
42	0.197531	0.493827	0.185185	0.555556	0.037037	0 	0 	-0.111111	
546	0.187929	0.478738	0.185185	0.555556	0.037037	0 	0 	-0.111111	
119	0.22188	0.434496	0.222222	0.444444	-0.111111	0 	0 	-0.037037	
485	0.155987	0.435592	0.222222	0.444444	-0.111111	0 	0 	-0.037037	
491	0.125545	0.421359	0.222222	0.444444	-0.111111	0 	0 	-0.037037	
293	0.113752	0.384105	0.111111	0.407407	0.111111	0 	0 	-0.037037	
179	0.18107	0.399177	0.111111	0.407407	0.111111	0 	0 	-0.037037	
344	0.206488	0.36259	0.222222	0.37037	-0.111111	0 	0 	-0.037037	
68	0.135802	0.358025	0.222222	0.37037	-0.111111	0 	0 	-0.037037	
528	0.106562	0.347623	0.111111	0.333333	-0.037037	0 	0 	0.111111	
24	0.074231	0.373223	0.111111	0.333333	-0.037037	0 	0 	0.111111	
303	0.0863693	0.44084	0.111111	0.333333	-0.037037	0 	0 	0.111111	
579	0.0557632	0.427613	0.0740741	0.444444	-0.037037	0 	0 	-0.111111	
354	0.065321	0.384231	0.0740741	0.444444	-0.037037	0 	0 	-0.111111	
156	0.0408885	0.344475	0.0740741	0.444444	-0.037037	0 	0 	-0.111111	
405	0.0288996	0.377757	0.037037	0.333333	-0.037037	0 	0 	0.111111	
207	0.00599159	0.412677	0.037037	0.333333	-0.037037	0 	0 	0.111111	
271	0.0146329	0.447066	0	0.444444	0.111111	0 	0 	0.037037	
184	0.106996	0.473251	0	0.444444	0.111111	0 	0 	0.037037	
463	0.0971785	0.504986	0.111111	0.481481	-0.111111	0 	0 	0.037037	
496	0.0570279	0.489835	0.111111	0.481481	-0.111111	0 	0 	0.037037	
133	0.0378758	0.513361	0.111111	0.481481	-0.111111	0 	0 	0.037037	
331	0.0157633	0.525031	0	0.518519	0.111111	0 	0 	0.037037	
73	0.0617284	0.54321	0	0.518519	0.111111	0 	0 	0.037037	
380	0.0996951	0.570445	0.111111	0.555556	-0.037037	0 	0 	0.111111	
605	0.103987	0.565855	0.111111	0.555556	-0.037037	0 	0 	0.111111	
101	0.0927419	0.646622	0.111111	0.555556	-0.037037	0 	0 	0.111111	
440	0.0657332	0.639881	0.0740741	0.666667	-0.037037	0 	0 	-0.111111	
242	0.0600151	0.606746	0.0740741	0.666667	-0.037037	0 	0 	-0.111111	
50	0.0307886	0.586935	0.037037	0.555556	-0.037037	0 	0 	0.111111	
248	0.0286581	0.583174	0.037037	0.555556	-0.037037	0 	0 	0.111111	
554	0.00274348	0.663923	0.037037	0.555556	-0.037037	0 	0 	0.111111	
567	0.0208984	0.672914	0	0.666667	0.111111	0 	0 	0.037037	
318	0.0521312	0.693786	0	0.666667	0.111111	0 	0 	0.037037	
204	0.0823045	0.670782	0	0.666667	0.111111	0 	0 	0.037037	
429	0.0941858	0.738883	0.111111	0.703704	-0.111111	0 	0 	0.037037	
516	0.0634454	0.723465	0.111111	0.703704	-0.111111	0 	0 	0.037037	
144	0.0944057	0.709452	0.111111	0.703704	-0.111111	0 	0 	0.037037	
369	0.010636	0.776596	0	0.740741	0.111111	0 	0 	0.037037	
12	0.019898	0.748825	0	0.740741	0.111111	0 	0 	0.037037	
167	0.139979	0.7703	0.111111	0.777778	0.037037	0 	0 	-0.111111	
473	0.121717	0.685983	0.111111	0.777778	0.037037	0 	0 	-0.111111	
116	0.179553	0.69908	0.148148	0.666667	0.037037	0 	0 	0.111111	
341	0.15493	0.721964	0.148148	0.666667	0.037037	0 	0 	0.111111	
281	0.194714	0.747362	0.185185	0.777778	0.037037	0 	0 	-0.111111	
56	0.209877	0.728395	0.185185	0.777778	0.037037	0 	0 	-0.111111	
506	0.193903	0.756093	0.185185	0.777778	0.037037	0 	0 	-0.111111	
52	0.226966	0.677755	0.222222	0.666667	0.111111	0 	0 	0.037037	
382	0.326475	0.66941	0.222222	0.666667	0.111111	0 	0 	0.037037	
607	0.308299	0.739585	0.333333	0.703704	-0.111111	0 	0 	0.037037	
235	0.280652	0.716278	0.333333	0.703704	-0.111111	0 	0 	0.037037	
250	0.248285	0.710562	0.333333	0.703704	-0.111111	0 	0 	0.037037	
556	0.262033	0.753563	0.222222	0.740741	0.111111	0 	0 	0.037037	
433	0.292703	0.756267	0.222222	0.740741	0.111111	0 	0 	0.037037	
103	0.312757	0.761317	0.222222	0.740741	0.111111	0 	0 	0.037037	
524	0.331817	0.798611	0.333333	0.777778	-0.037037	0 	0 	0.111111	
20	0.297646	0.814587	0.333333	0.777778	-0.037037	0 	0 	0.111111	
299	0.310014	0.883402	0.333333	0.777778	-0.037037	0 	0 	0.111111	
584	0.293715	0.862181	0.296296	0.888889	-0.037037	0 	0 	-0.111111	
359	0.273707	0.838772	0.296296	0.888889	-0.037037	0 	0 	-0.111111	
161	0.269442	0.784694	0.296296	0.888889	-0.037037	0 	0 	-0.111111	
410	0.24189	0.827646	0.259259	0.777778	-0.037037	0 	0 	0.111111	
212	0.225328	0.858466	0.259259	0.777778	-0.037037	0 	0 	0.111111	
30	0.162715	0.873145	0.222222	0.888889	-0.111111	0 	0 	-0.037037	
387	0.144687	0.860323	0.222222	0.888889	-0.111111	0 	0 	-0.037037	
81	0.123141	0.834303	0.111111	0.851852	0.111111	0 	0 	-0.037037	
561	0.145423	0.845092	0.111111	0.851852	0.111111	0 	0 	-0.037037	
447	0.219167	0.822608	0.111111	0.851852	0.111111	0 	0 	-0.037037	
222	0.218723	0.792161	0.222222	0.814815	-0.111111	0 	0 	-0.037037	
255	0.18155	0.785676	0.222222	0.814815	-0.111111	0 	0 	-0.037037	
346	0.079561	0.792867	0.111111	0.777778	-0.037037	0 	0 	0.111111	
121	0.110531	0.882727	0.111111	0.777778	-0.037037	0 	0 	0.111111	
478	0.0621892	0.868036	0.0740741	0.888889	-0.037037	0 	0 	-0.111111	
172	0.0740358	0.836728	0.0740741	0.888889	-0.037037	0 	0 	-0.111111	
70	0.035321	0.802038	0.037037	0.777778	-0.037037	0 	0 	0.111111	
295	0.0292005	0.813253	0.037037	0.777778	-0.037037	0 	0 	0.111111	
493	0.0280642	0.804105	0.037037	0.777778	-0.037037	0 	0 	0.111111	
455	0.0380266	0.900192	0	0.888889	0.111111	0 	0 	0.037037	
98	0.0445226	0.909103	0	0.888889	0.111111	0 	0 	0.037037	
542	0.0622437	0.924142	0	0.888889	0.111111	0 	0 	0.037037	
38	0.0864198	0.938272	0.111111	0.925926	-0.111111	0 	0 	0.037037	
404	0.0998173	0.942697	0.111111	0.925926	-0.111111	0 	0 	0.037037	
230	0.00933009	0.981073	0	0.962963	0.111111	0 	0 	0.037037	
602	0.0145938	0.969989	0	0.962963	0.111111	0 	0 	0.037037	
263	0.101964	0.969092	0	0.962963	0.111111	0 	0 	0.037037	
538	0.138546	0.984911	0.111111	1	0.037037	0 	0 	-0.111111	
313	0.121524	0.957791	0.111111	1	0.037037	0 	0 	-0.111111	
7	0.11185	0.895581	0.111111	1	0.037037	0 	0 	-0.111111	
190	0.165852	0.905396	0.148148	0.888889	0.037037	0 	0 	0.111111	
415	0.170096	0.998628	0.148148	0.888889	0.037037	0 	0 	0.111111	
139	0.200741	0.974753	0.185185	1	0.037037	0 	0 	-0.111111	
589	0.195259	0.950433	0.185185	1	0.037037	0 	0 	-0.111111	
364	0.203018	0.916324	0.185185	1	0.037037	0 	0 	-0.111111	
273	0.249378	0.89232	0.222222	0.888889	0.111111	0 	0 	0.037037	
186	0.327147	0.9193	0.222222	0.888889	0.111111	0 	0 	0.037037	
465	0.305898	0.949246	0.333333	0.925926	-0.111111	0 	0 	0.037037	
498	0.274348	0.935528	0.333333	0.925926	-0.111111	0 	0 	0.037037	
126	0.257576	0.959837	0.333333	0.925926	-0.111111	0 	0 	0.037037	
324	0.237243	0.987789	0.222222	0.962963	0.111111	0 	0 	0.037037	
75	0.283951	0.987654	0.222222	0.962963	0.111111	0 	0 	0.037037	
553	0.335549	0.986066	0.333333	1	0.037037	0 	0 	-0.111111	
247	0.359396	0.932785	0.333333	1	0.037037	0 	0 	-0.111111	
49	0.345679	0.901235	0.333333	1	0.037037	0 	0 	-0.111111	
241	0.3714	0.918249	0.37037	0.888889	0.037037	0 	0 	0.111111	
439	0.404664	0.973937	0.37037	0.888889	0.037037	0 	0 	0.111111	
100	0.408331	0.950755	0.407407	1	0.037037	0 	0 	-0.111111	
604	0.425871	0.954683	0.407407	1	0.037037	0 	0 	-0.111111	
379	0.437586	0.891632	0.407407	1	0.037037	0 	0 	-0.111111	
72	0.393506	0.875943	0.444444	0.888889	-0.111111	0 	0 	-0.037037	
330	0.33882	0.866941	0.444444	0.888889	-0.111111	0 	0 	-0.037037	
132	0.363333	0.848304	0.333333	0.851852	0.111111	0 	0 	-0.037037	
495	0.390428	0.826249	0.333333	0.851852	0.111111	0 	0 	-0.037037	
462	0.41637	0.842616	0.333333	0.851852	0.111111	0 	0 	-0.037037	
183	0.436698	0.808846	0.444444	0.814815	-0.111111	0 	0 	-0.037037	
270	0.371742	0.796982	0.444444	0.814815	-0.111111	0 	0 	-0.037037	
209	0.343252	0.739272	0.333333	0.777778	0.037037	0 	0 	-0.111111	
407	0.3496	0.700687	0.333333	0.777778	0.037037	0 	0 	-0.111111	
158	0.370849	0.68655	0.37037	0.666667	0.037037	0 	0 	0.111111	
356	0.391995	0.734175	0.37037	0.666667	0.037037	0 	0 	0.111111	
581	0.383187	0.682262	0.37037	0.666667	0.037037	0 	0 	0.111111	
305	0.421125	0.772291	0.407407	0.777778	0.037037	0 	0 	-0.111111	
26	0.407407	0.703704	0.407407	0.777778	0.037037	0 	0 	-0.111111	
530	0.434842	0.688615	0.407407	0.777778	0.037037	0 	0 	-0.111111	
67	0.468516	0.696846	0.444444	0.666667	0.111111	0 	0 	0.037037	
343	0.524141	0.679929	0.444444	0.666667	0.111111	0 	0 	0.037037	
178	0.539781	0.706536	0.555556	0.703704	-0.111111	0 	0 	0.037037	
292	0.451982	0.723343	0.555556	0.703704	-0.111111	0 	0 	0.037037	
490	0.458359	0.755655	0.444444	0.740741	0.111111	0 	0 	0.037037	
484	0.491084	0.76406	0.444444	0.740741	0.111111	0 	0 	0.037037	
118	0.547325	0.773663	0.444444	0.740741	0.111111	0 	0 	0.037037	
548	0.521262	0.812071	0.555556	0.777778	-0.037037	0 	0 	0.111111	
44	0.541612	0.789251	0.555556	0.777778	-0.037037	0 	0 	0.111111	
269	0.55548	0.845158	0.555556	0.777778	-0.037037	0 	0 	0.111111	
599	0.517081	0.875256	0.518519	0.888889	-0.037037	0 	0 	-0.111111	
401	0.509047	0.826901	0.518519	0.888889	-0.037037	0 	0 	-0.111111	
95	0.497942	0.798354	0.518519	0.888889	-0.037037	0 	0 	-0.111111	
452	0.475338	0.782466	0.481481	0.777778	-0.037037	0 	0 	0.111111	
227	0.46071	0.867415	0.481481	0.777778	-0.037037	0 	0 	0.111111	
573	0.471199	0.904012	0.444444	0.888889	0.111111	0 	0 	0.037037	
315	0.493909	0.922673	0.444444	0.888889	0.111111	0 	0 	0.037037	
201	0.526749	0.893004	0.444444	0.888889	0.111111	0 	0 	0.037037	
426	0.540153	0.957825	0.555556	0.925926	-0.111111	0 	0 	0.037037	
513	0.541699	0.942457	0.555556	0.925926	-0.111111	0 	0 	0.037037	
150	0.451992	0.934985	0.555556	0.925926	-0.111111	0 	0 	0.037037	
375	0.470704	0.990273	0.444444	0.962963	0.111111	0 	0 	0.037037	
9	0.488219	0.966294	0.444444	0.962963	0.111111	0 	0 	0.037037	
164	0.592378	0.998554	0.555556	1	0.037037	0 	0 	-0.111111	
470	0.5657	0.914072	0.555556	1	0.037037	0 	0 	-0.111111	
113	0.620428	0.921503	0.592593	0.888889	0.037037	0 	0 	0.111111	
338	0.601807	0.94069	0.592593	0.888889	0.037037	0 	0 	0.111111	
287	0.635688	0.984744	0.62963	1	0.037037	0 	0 	-0.111111	
62	0.629691	0.959069	0.62963	1	0.037037	0 	0 	-0.111111	
512	0.644719	0.898491	0.62963	1	0.037037	0 	0 	-0.111111	
136	0.634759	0.858849	0.666667	0.888889	-0.111111	0 	0 	-0.037037	
421	0.612799	0.885637	0.666667	0.888889	-0.111111	0 	0 	-0.037037	
535	0.665877	0.883381	0.666667	0.888889	-0.111111	0 	0 	-0.037037	
310	0.576371	0.838927	0.555556	0.851852	0.111111	0 	0 	-0.037037	
196	0.593662	0.820998	0.555556	0.851852	0.111111	0 	0 	-0.037037	
586	0.66118	0.832647	0.555556	0.851852	0.111111	0 	0 	-0.037037	
361	0.64981	0.801224	0.666667	0.814815	-0.111111	0 	0 	-0.037037	
4	0.558408	0.780059	0.666667	0.814815	-0.111111	0 	0 	-0.037037	
393	0.585297	0.741125	0.555556	0.777778	0.037037	0 	0 	-0.111111	
87	0.570556	0.71389	0.555556	0.777778	0.037037	0 	0 	-0.111111	
252	0.62222	0.673638	0.592593	0.666667	0.037037	0 	0 	0.111111	
558	0.604621	0.690456	0.592593	0.666667	0.037037	0 	0 	0.111111	
27	0.608161	0.751769	0.592593	0.666667	0.037037	0 	0 	0.111111	
444	0.663923	0.714678	0.62963	0.777778	0.037037	0 	0 	-0.111111	
219	0.631556	0.764968	0.62963	0.777778	0.037037	0 	0 	-0.111111	
1	0.66715	0.672538	0.666667	0.666667	0.111111	0 	0 	0.037037	
367	0.758573	0.694102	0.666667	0.666667	0.111111	0 	0 	0.037037	
592	0.772557	0.719191	0.777778	0.703704	-0.111111	0 	0 	0.037037	
193	0.712222	0.706251	0.777778	0.703704	-0.111111	0 	0 	0.037037	
307	0.669389	0.735218	0.777778	0.703704	-0.111111	0 	0 	0.037037	
532	0.695974	0.762891	0.666667	0.740741	0.111111	0 	0 	0.037037	
418	0.722527	0.777236	0.666667	0.740741	0.111111	0 	0 	0.037037	
142	0.687647	0.740941	0.666667	0.740741	0.111111	0 	0 	0.037037	
327	0.780702	0.733757	0.777778	0.777778	0.037037	0 	0 	-0.111111	
129	0.80541	0.733721	0.777778	0.777778	0.037037	0 	0 	-0.111111	
276	0.815633	0.687714	0.814815	0.666667	0.037037	0 	0 	0.111111	
501	0.829495	0.718932	0.814815	0.666667	0.037037	0 	0 	0.111111	
78	0.839506	0.765432	0.814815	0.666667	0.037037	0 	0 	0.111111	
459	0.853356	0.724815	0.851852	0.777778	0.037037	0 	0 	-0.111111	
180	0.884774	0.695473	0.851852	0.777778	0.037037	0 	0 	-0.111111	
458	0.903198	0.675105	0.888889	0.666667	0.111111	0 	0 	0.037037	
92	0.905375	0.670728	0.888889	0.666667	0.111111	0 	0 	0.037037	
545	0.965706	0.70096	0.888889	0.666667	0.111111	0 	0 	0.037037	
41	0.985524	0.719096	1	0.703704	-0.111111	0 	0 	0.037037	
398	0.956104	0.706447	1	0.703704	-0.111111	0 	0 	0.037037	
233	0.901141	0.759464	0.888889	0.740741	0.111111	0 	0 	0.037037	
596	0.930428	0.770862	0.888889	0.740741	0.111111	0 	0 	0.037037	
266	0.989026	0.747599	0.888889	0.740741	0.111111	0 	0 	0.037037	
198	0.995181	0.84788	1	0.777778	-0.037037	0 	0 	0.111111	
423	0.989808	0.85051	1	0.777778	-0.037037	0 	0 	0.111111	
15	0.922688	0.851922	0.962963	0.888889	-0.037037	0 	0 	-0.111111	
519	0.949613	0.816252	0.962963	0.888889	-0.037037	0 	0 	-0.111111	
321	0.939643	0.809328	0.962963	0.888889	-0.037037	0 	0 	-0.111111	
570	0.910207	0.790229	0.925926	0.777778	-0.037037	0 	0 	0.111111	
147	0.893004	0.823045	0.925926	0.777778	-0.037037	0 	0 	0.111111	
372	0.915965	0.882117	0.925926	0.777778	-0.037037	0 	0 	0.111111	
106	0.869123	0.87523	0.888889	0.888889	-0.111111	0 	0 	-0.037037	
436	0.842328	0.859316	0.888889	0.888889	-0.111111	0 	0 	-0.037037	
550	0.883963	0.878225	0.888889	0.888889	-0.111111	0 	0 	-0.037037	
244	0.812499	0.847329	0.777778	0.851852	0.111111	0 	0 	-0.037037	
238	0.827963	0.815616	0.777778	0.851852	0.111111	0 	0 	-0.037037	
385	0.870756	0.812577	0.888889	0.814815	-0.111111	0 	0 	-0.037037	
46	0.790123	0.790123	0.888889	0.814815	-0.111111	0 	0 	-0.037037	
509	0.77287	0.790748	0.777778	0.777778	-0.037037	0 	0 	0.111111	
59	0.761833	0.83963	0.777778	0.777778	-0.037037	0 	0 	0.111111	
284	0.742112	0.871056	0.777778	0.777778	-0.037037	0 	0 	0.111111	
335	0.709191	0.829904	0.740741	0.888889	-0.037037	0 	0 	-0.111111	
110	0.73502	0.853818	0.740741	0.888889	-0.037037	0 	0 	-0.111111	
476	0.698338	0.801108	0.703704	0.777778	-0.037037	0 	0 	0.111111	
170	0.699822	0.884193	0.703704	0.777778	-0.037037	0 	0 	0.111111	
258	0.729767	0.895748	0.666667	0.888889	0.111111	0 	0 	0.037037	
216	0.765337	0.905715	0.666667	0.888889	0.111111	0 	0 	0.037037	
441	0.750699	0.934675	0.777778	0.925926	-0.111111	0 	0 	0.037037	
564	0.703845	0.959402	0.777778	0.925926	-0.111111	0 	0 	0.037037	
84	0.683128	0.946502	0.777778	0.925926	-0.111111	0 	0 	0.037037	
390	0.692145	0.983253	0.666667	0.962963	0.111111	0 	0 	0.037037	
33	0.716895	0.980117	0.666667	0.962963	0.111111	0 	0 	0.037037	
215	0.786293	0.968187	0.777778	1	0.037037	0 	0 	-0.111111	
413	0.798692	0.923753	0.777778	1	0.037037	0 	0 	-0.111111	
155	0.821236	0.934518	0.814815	0.888889	0.037037	0 	0 	0.111111	
353	0.817996	0.973738	0.814815	0.888889	0.037037	0 	0 	0.111111	
578	0.846365	0.980796	0.814815	0.888889	0.037037	0 	0 	0.111111	
302	0.862324	0.99114	0.851852	1	0.037037	0 	0 	-0.111111	
23	0.8574	0.918401	0.851852	1	0.037037	0 	0 	-0.111111	
527	0.879287	0.910837	0.851852	1	0.037037	0 	0 	-0.111111	
64	0.929585	0.915178	0.888889	0.888889	0.111111	0 	0 	0.037037	
349	0.964913	0.905186	0.888889	0.888889	0.111111	0 	0 	0.037037	
175	0.960549	0.934834	1	0.925926	-0.111111	0 	0 	0.037037	
289	0.889456	0.951737	1	0.925926	-0.111111	0 	0 	0.037037	
487	0.926632	0.967571	0.888889	0.962963	0.111111	0 	0 	0.037037	
481	0.935528	0.986283	0.888889	0.962963	0.111111	0 	0 	0.037037	
124	0.992337	0.989459	0.888889	0.962963	0.111111	0 	0 	0.037037	
