0	0.0234771	0.000996727	0	0	0.111111	0 	0 	0.037037	
192	0.0889547	0.046817	0.111111	0.037037	-0.111111	0 	0 	0.037037	
141	0.00657246	0.0863078	0	0.0740741	0.111111	0 	0 	0.037037	
131	0.133139	0.0695023	0.111111	0.111111	0.037037	0 	0 	-0.111111	
278	0.154979	0.00554732	0.148148	0	0.037037	0 	0 	0.111111	
80	0.170032	0.106447	0.148148	0	0.037037	0 	0 	0.111111	
182	0.189795	0.082831	0.185185	0.111111	0.037037	0 	0 	-0.111111	
91	0.281081	0.0206169	0.222222	0	0.111111	0 	0 	0.037037	
40	0.31323	0.0615661	0.333333	0.037037	-0.111111	0 	0 	0.037037	
232	0.234786	0.110484	0.222222	0.0740741	0.111111	0 	0 	0.037037	
265	0.319823	0.0811548	0.222222	0.0740741	0.111111	0 	0 	0.037037	
200	0.306786	0.118439	0.333333	0.111111	-0.037037	0 	0 	0.111111	
17	0.262352	0.185225	0.296296	0.222222	-0.037037	0 	0 	-0.111111	
149	0.253619	0.162155	0.259259	0.111111	-0.037037	0 	0 	0.111111	
105	0.218141	0.204566	0.222222	0.222222	-0.111111	0 	0 	-0.037037	
243	0.117807	0.152982	0.111111	0.185185	0.111111	0 	0 	-0.037037	
237	0.168159	0.169483	0.111111	0.185185	0.111111	0 	0 	-0.037037	
45	0.210303	0.121319	0.222222	0.148148	-0.111111	0 	0 	-0.037037	
58	0.0987654	0.17284	0.111111	0.111111	-0.037037	0 	0 	0.111111	
283	0.0823025	0.193572	0.111111	0.111111	-0.037037	0 	0 	0.111111	
109	0.0610422	0.129505	0.0740741	0.222222	-0.037037	0 	0 	-0.111111	
169	0.0365028	0.220315	0.037037	0.111111	-0.037037	0 	0 	0.111111	
260	0.0660525	0.229854	0	0.222222	0.111111	0 	0 	0.037037	
218	0.094698	0.237532	0	0.222222	0.111111	0 	0 	0.037037	
86	0.0186392	0.270172	0.111111	0.259259	-0.111111	0 	0 	0.037037	
35	0.0498298	0.313479	0	0.296296	0.111111	0 	0 	0.037037	
214	0.132158	0.299878	0.111111	0.333333	0.037037	0 	0 	-0.111111	
154	0.148663	0.259895	0.148148	0.222222	0.037037	0 	0 	0.111111	
22	0.194032	0.313431	0.185185	0.333333	0.037037	0 	0 	-0.111111	
63	0.24401	0.249309	0.222222	0.222222	0.111111	0 	0 	0.037037	
174	0.292181	0.288066	0.333333	0.259259	-0.111111	0 	0 	0.037037	
288	0.223318	0.278551	0.333333	0.259259	-0.111111	0 	0 	0.037037	
123	0.325103	0.329218	0.222222	0.296296	0.111111	0 	0 	0.037037	
229	0.354033	0.309438	0.333333	0.333333	0.037037	0 	0 	-0.111111	
97	0.386713	0.240563	0.37037	0.222222	0.037037	0 	0 	0.111111	
262	0.41748	0.325372	0.407407	0.333333	0.037037	0 	0 	-0.111111	
37	0.410142	0.277537	0.407407	0.333333	0.037037	0 	0 	-0.111111	
120	0.432219	0.196827	0.444444	0.222222	-0.111111	0 	0 	-0.037037	
171	0.376107	0.17623	0.333333	0.185185	0.111111	0 	0 	-0.037037	
69	0.358068	0.13714	0.444444	0.148148	-0.111111	0 	0 	-0.037037	
146	0.346685	0.0636434	0.333333	0.111111	0.037037	0 	0 	-0.111111	
14	0.382967	0.0309522	0.37037	0	0.037037	0 	0 	0.111111	
206	0.413337	0.00726065	0.407407	0.111111	0.037037	0 	0 	-0.111111	
115	0.45918	0.0181882	0.444444	0	0.111111	0 	0 	0.037037	
55	0.541615	0.0392515	0.555556	0.037037	-0.111111	0 	0 	0.037037	
166	0.446585	0.0894703	0.444444	0.0740741	0.111111	0 	0 	0.037037	
280	0.505698	0.092993	0.444444	0.0740741	0.111111	0 	0 	0.037037	
224	0.548187	0.140103	0.555556	0.111111	-0.037037	0 	0 	0.111111	
32	0.49426	0.205575	0.518519	0.222222	-0.037037	0 	0 	-0.111111	
257	0.514664	0.177349	0.518519	0.222222	-0.037037	0 	0 	-0.111111	
83	0.471515	0.170639	0.481481	0.111111	-0.037037	0 	0 	0.111111	
6	0.463052	0.228652	0.444444	0.222222	0.111111	0 	0 	0.037037	
189	0.489712	0.263374	0.555556	0.259259	-0.111111	0 	0 	0.037037	
138	0.52732	0.301912	0.444444	0.296296	0.111111	0 	0 	0.037037	
128	0.583961	0.298217	0.555556	0.333333	0.037037	0 	0 	-0.111111	
275	0.604945	0.235847	0.592593	0.222222	0.037037	0 	0 	0.111111	
77	0.614445	0.321485	0.592593	0.222222	0.037037	0 	0 	0.111111	
188	0.660341	0.25262	0.62963	0.333333	0.037037	0 	0 	-0.111111	
211	0.564714	0.190754	0.666667	0.222222	-0.111111	0 	0 	-0.037037	
19	0.624299	0.151816	0.555556	0.185185	0.111111	0 	0 	-0.037037	
160	0.648733	0.121506	0.666667	0.148148	-0.111111	0 	0 	-0.037037	
249	0.564776	0.0428177	0.555556	0.111111	0.037037	0 	0 	-0.111111	
51	0.560563	0.0121326	0.555556	0.111111	0.037037	0 	0 	-0.111111	
234	0.614123	0.0574137	0.592593	0	0.037037	0 	0 	0.111111	
102	0.635401	0.0993438	0.62963	0.111111	0.037037	0 	0 	-0.111111	
157	0.706415	0.0171047	0.666667	0	0.111111	0 	0 	0.037037	
25	0.746532	0.0478129	0.777778	0.037037	-0.111111	0 	0 	0.037037	
208	0.676667	0.0743246	0.666667	0.0740741	0.111111	0 	0 	0.037037	
291	0.785295	0.104401	0.777778	0.111111	0.037037	0 	0 	-0.111111	
66	0.818937	0.0302074	0.777778	0.111111	0.037037	0 	0 	-0.111111	
177	0.847737	0.0658436	0.814815	0	0.037037	0 	0 	0.111111	
117	0.877892	0.106355	0.851852	0.111111	0.037037	0 	0 	-0.111111	
254	0.903689	0.036472	0.888889	0	0.111111	0 	0 	0.037037	
221	0.936304	0.00404095	0.888889	0	0.111111	0 	0 	0.037037	
89	0.971021	0.0598332	1	0.037037	-0.111111	0 	0 	0.037037	
29	0.938272	0.0864198	0.888889	0.0740741	0.111111	0 	0 	0.037037	
135	0.997244	0.190442	1	0.111111	-0.037037	0 	0 	0.111111	
195	0.958682	0.16483	0.962963	0.222222	-0.037037	0 	0 	-0.111111	
3	0.902185	0.137779	0.925926	0.111111	-0.037037	0 	0 	0.111111	
268	0.874464	0.212224	0.888889	0.222222	-0.111111	0 	0 	-0.037037	
226	0.799434	0.202885	0.888889	0.222222	-0.111111	0 	0 	-0.037037	
43	0.802865	0.18301	0.777778	0.185185	0.111111	0 	0 	-0.037037	
94	0.83424	0.130136	0.888889	0.148148	-0.111111	0 	0 	-0.037037	
185	0.763167	0.142585	0.777778	0.111111	-0.037037	0 	0 	0.111111	
74	0.728231	0.208036	0.740741	0.222222	-0.037037	0 	0 	-0.111111	
272	0.705075	0.130316	0.740741	0.222222	-0.037037	0 	0 	-0.111111	
134	0.702472	0.157788	0.703704	0.111111	-0.037037	0 	0 	0.111111	
48	0.685462	0.240265	0.666667	0.222222	0.111111	0 	0 	0.037037	
240	0.724765	0.27239	0.777778	0.259259	-0.111111	0 	0 	0.037037	
246	0.690678	0.267515	0.777778	0.259259	-0.111111	0 	0 	0.037037	
99	0.756625	0.32065	0.666667	0.296296	0.111111	0 	0 	0.037037	
152	0.780858	0.257407	0.777778	0.333333	0.037037	0 	0 	-0.111111	
11	0.831116	0.287904	0.814815	0.222222	0.037037	0 	0 	0.111111	
203	0.857189	0.232641	0.851852	0.333333	0.037037	0 	0 	-0.111111	
112	0.953814	0.258169	0.888889	0.222222	0.111111	0 	0 	0.037037	
61	0.974521	0.286451	1	0.259259	-0.111111	0 	0 	0.037037	
163	0.93139	0.297748	0.888889	0.296296	0.111111	0 	0 	0.037037	
286	0.965741	0.309045	0.888889	0.296296	0.111111	0 	0 	0.037037	
104	0.988287	0.411624	1	0.333333	-0.037037	0 	0 	0.111111	
236	0.949113	0.410585	0.962963	0.444444	-0.037037	0 	0 	-0.111111	
53	0.892537	0.343419	0.925926	0.333333	-0.037037	0 	0 	0.111111	
251	0.920865	0.38454	0.925926	0.333333	-0.037037	0 	0 	0.111111	
159	0.902373	0.470775	0.888889	0.444444	0.111111	0 	0 	0.037037	
18	0.987539	0.490729	1	0.481481	-0.111111	0 	0 	0.037037	
210	0.892623	0.523648	0.888889	0.518519	0.111111	0 	0 	0.037037	
187	0.995885	0.584362	1	0.555556	-0.037037	0 	0 	0.111111	
76	0.956406	0.614865	0.962963	0.666667	-0.037037	0 	0 	-0.111111	
274	0.930195	0.570224	0.962963	0.666667	-0.037037	0 	0 	-0.111111	
127	0.909835	0.60374	0.925926	0.555556	-0.037037	0 	0 	0.111111	
140	0.857345	0.64294	0.888889	0.666667	-0.111111	0 	0 	-0.037037	
191	0.818288	0.608251	0.777778	0.62963	0.111111	0 	0 	-0.037037	
8	0.77517	0.556924	0.888889	0.592593	-0.111111	0 	0 	-0.037037	
82	0.790897	0.507036	0.777778	0.555556	0.037037	0 	0 	-0.111111	
256	0.815361	0.473212	0.814815	0.444444	0.037037	0 	0 	0.111111	
31	0.826608	0.535607	0.814815	0.444444	0.037037	0 	0 	0.111111	
223	0.868744	0.467491	0.851852	0.555556	0.037037	0 	0 	-0.111111	
279	0.847663	0.438362	0.888889	0.444444	-0.111111	0 	0 	-0.037037	
165	0.801038	0.443015	0.888889	0.444444	-0.111111	0 	0 	-0.037037	
54	0.876543	0.395062	0.777778	0.407407	0.111111	0 	0 	-0.037037	
114	0.843621	0.366255	0.888889	0.37037	-0.111111	0 	0 	-0.037037	
205	0.748971	0.337449	0.777778	0.333333	-0.037037	0 	0 	0.111111	
13	0.729868	0.400159	0.740741	0.444444	-0.037037	0 	0 	-0.111111	
145	0.667832	0.378985	0.703704	0.333333	-0.037037	0 	0 	0.111111	
71	0.695742	0.479206	0.666667	0.444444	0.111111	0 	0 	0.037037	
173	0.736626	0.510288	0.777778	0.481481	-0.111111	0 	0 	0.037037	
122	0.768919	0.545843	0.666667	0.518519	0.111111	0 	0 	0.037037	
36	0.748485	0.605204	0.777778	0.555556	-0.037037	0 	0 	0.111111	
261	0.766804	0.636488	0.777778	0.555556	-0.037037	0 	0 	0.111111	
96	0.719324	0.656753	0.740741	0.666667	-0.037037	0 	0 	-0.111111	
228	0.701357	0.577195	0.703704	0.555556	-0.037037	0 	0 	0.111111	
125	0.664754	0.657656	0.666667	0.666667	-0.111111	0 	0 	-0.037037	
290	0.576514	0.616635	0.555556	0.62963	0.111111	0 	0 	-0.037037	
176	0.624952	0.628016	0.555556	0.62963	0.111111	0 	0 	-0.037037	
65	0.585319	0.578246	0.666667	0.592593	-0.111111	0 	0 	-0.037037	
21	0.518519	0.592593	0.555556	0.555556	-0.037037	0 	0 	0.111111	
153	0.485597	0.563786	0.518519	0.666667	-0.037037	0 	0 	-0.111111	
213	0.475312	0.638555	0.481481	0.555556	-0.037037	0 	0 	0.111111	
34	0.382986	0.65	0.444444	0.666667	-0.111111	0 	0 	-0.037037	
85	0.349854	0.624184	0.333333	0.62963	0.111111	0 	0 	-0.037037	
217	0.430451	0.590961	0.444444	0.592593	-0.111111	0 	0 	-0.037037	
259	0.396433	0.562414	0.444444	0.592593	-0.111111	0 	0 	-0.037037	
168	0.363819	0.554759	0.333333	0.555556	0.037037	0 	0 	-0.111111	
108	0.371436	0.446134	0.37037	0.444444	0.037037	0 	0 	0.111111	
282	0.407478	0.53693	0.407407	0.555556	0.037037	0 	0 	-0.111111	
57	0.432625	0.505104	0.407407	0.555556	0.037037	0 	0 	-0.111111	
47	0.449339	0.451125	0.444444	0.444444	0.111111	0 	0 	0.037037	
239	0.499718	0.496384	0.555556	0.481481	-0.111111	0 	0 	0.037037	
245	0.470508	0.48834	0.555556	0.481481	-0.111111	0 	0 	0.037037	
107	0.534979	0.539095	0.444444	0.518519	0.111111	0 	0 	0.037037	
148	0.560432	0.49075	0.555556	0.555556	0.037037	0 	0 	-0.111111	
16	0.592593	0.518519	0.592593	0.444444	0.037037	0 	0 	0.111111	
199	0.634054	0.446942	0.62963	0.555556	0.037037	0 	0 	-0.111111	
264	0.656517	0.430482	0.666667	0.444444	-0.111111	0 	0 	-0.037037	
231	0.577888	0.42482	0.666667	0.444444	-0.111111	0 	0 	-0.037037	
39	0.635693	0.379268	0.555556	0.407407	0.111111	0 	0 	-0.037037	
90	0.618816	0.358438	0.666667	0.37037	-0.111111	0 	0 	-0.037037	
181	0.548127	0.361296	0.555556	0.333333	-0.037037	0 	0 	0.111111	
79	0.505971	0.393631	0.518519	0.444444	-0.037037	0 	0 	-0.111111	
277	0.482853	0.352538	0.518519	0.444444	-0.037037	0 	0 	-0.111111	
130	0.478351	0.408909	0.481481	0.333333	-0.037037	0 	0 	0.111111	
143	0.413796	0.413179	0.444444	0.444444	-0.111111	0 	0 	-0.037037	
194	0.374456	0.372827	0.333333	0.407407	0.111111	0 	0 	-0.037037	
2	0.33148	0.335821	0.444444	0.37037	-0.111111	0 	0 	-0.037037	
220	0.330763	0.387984	0.333333	0.333333	-0.037037	0 	0 	0.111111	
28	0.273294	0.425782	0.296296	0.444444	-0.037037	0 	0 	-0.111111	
253	0.285536	0.34421	0.296296	0.444444	-0.037037	0 	0 	-0.111111	
88	0.238683	0.390947	0.259259	0.333333	-0.037037	0 	0 	0.111111	
5	0.244305	0.461037	0.222222	0.444444	0.111111	0 	0 	0.037037	
197	0.266821	0.484566	0.333333	0.481481	-0.111111	0 	0 	0.037037	
137	0.300412	0.526749	0.222222	0.518519	0.111111	0 	0 	0.037037	
60	0.324448	0.574588	0.333333	0.555556	-0.037037	0 	0 	0.111111	
285	0.299449	0.647135	0.333333	0.555556	-0.037037	0 	0 	0.111111	
111	0.287669	0.586617	0.296296	0.666667	-0.037037	0 	0 	-0.111111	
162	0.257107	0.665361	0.259259	0.555556	-0.037037	0 	0 	0.111111	
10	0.143926	0.636083	0.222222	0.666667	-0.111111	0 	0 	-0.037037	
151	0.127668	0.607793	0.111111	0.62963	0.111111	0 	0 	-0.037037	
202	0.183641	0.566996	0.222222	0.592593	-0.111111	0 	0 	-0.037037	
225	0.131687	0.534979	0.111111	0.555556	0.037037	0 	0 	-0.111111	
93	0.163793	0.467119	0.148148	0.444444	0.037037	0 	0 	0.111111	
267	0.192146	0.517509	0.185185	0.555556	0.037037	0 	0 	-0.111111	
42	0.197531	0.493827	0.185185	0.555556	0.037037	0 	0 	-0.111111	
119	0.206003	0.436228	0.222222	0.444444	-0.111111	0 	0 	-0.037037	
179	0.13	0.405737	0.111111	0.407407	0.111111	0 	0 	-0.037037	
68	0.134443	0.355309	0.222222	0.37037	-0.111111	0 	0 	-0.037037	
24	0.0740741	0.37037	0.111111	0.333333	-0.037037	0 	0 	0.111111	
156	0.0678108	0.432457	0.0740741	0.444444	-0.037037	0 	0 	-0.111111	
207	0.0356877	0.386976	0.037037	0.333333	-0.037037	0 	0 	0.111111	
271	0.017992	0.44567	0	0.444444	0.111111	0 	0 	0.037037	
184	0.106996	0.473251	0	0.444444	0.111111	0 	0 	0.037037	
133	0.0979189	0.483047	0.111111	0.481481	-0.111111	0 	0 	0.037037	
73	0.00969583	0.529665	0	0.518519	0.111111	0 	0 	0.037037	
101	0.0934109	0.644065	0.111111	0.555556	-0.037037	0 	0 	0.111111	
242	0.0525533	0.611572	0.0740741	0.666667	-0.037037	0 	0 	-0.111111	
50	0.0259915	0.57998	0.037037	0.555556	-0.037037	0 	0 	0.111111	
248	0.0333384	0.642285	0.037037	0.555556	-0.037037	0 	0 	0.111111	
204	0.0810141	0.672048	0	0.666667	0.111111	0 	0 	0.037037	
144	0.00411523	0.711934	0.111111	0.703704	-0.111111	0 	0 	0.037037	
12	0.0414918	0.740782	0	0.740741	0.111111	0 	0 	0.037037	
167	0.113314	0.776812	0.111111	0.777778	0.037037	0 	0 	-0.111111	
116	0.165881	0.693675	0.148148	0.666667	0.037037	0 	0 	0.111111	
281	0.191299	0.75408	0.185185	0.777778	0.037037	0 	0 	-0.111111	
56	0.209877	0.728395	0.185185	0.777778	0.037037	0 	0 	-0.111111	
52	0.223247	0.68065	0.222222	0.666667	0.111111	0 	0 	0.037037	
235	0.318001	0.707604	0.333333	0.703704	-0.111111	0 	0 	0.037037	
250	0.249271	0.714797	0.333333	0.703704	-0.111111	0 	0 	0.037037	
103	0.310348	0.763161	0.222222	0.740741	0.111111	0 	0 	0.037037	
20	0.293505	0.811184	0.333333	0.777778	-0.037037	0 	0 	0.111111	
161	0.262379	0.786954	0.296296	0.888889	-0.037037	0 	0 	-0.111111	
212	0.232947	0.858736	0.259259	0.777778	-0.037037	0 	0 	0.111111	
30	0.157922	0.871769	0.222222	0.888889	-0.111111	0 	0 	-0.037037	
81	0.124935	0.824985	0.111111	0.851852	0.111111	0 	0 	-0.037037	
222	0.207339	0.807233	0.222222	0.814815	-0.111111	0 	0 	-0.037037	
255	0.17414	0.792952	0.222222	0.814815	-0.111111	0 	0 	-0.037037	
121	0.105472	0.882936	0.111111	0.777778	-0.037037	0 	0 	0.111111	
172	0.0733012	0.837424	0.0740741	0.888889	-0.037037	0 	0 	-0.111111	
70	0.0172402	0.837483	0.037037	0.777778	-0.037037	0 	0 	0.111111	
98	0.0621142	0.90509	0	0.888889	0.111111	0 	0 	0.037037	
38	0.0816552	0.926871	0.111111	0.925926	-0.111111	0 	0 	0.037037	
230	0.033174	0.969735	0	0.962963	0.111111	0 	0 	0.037037	
263	0.100137	0.969822	0	0.962963	0.111111	0 	0 	0.037037	
7	0.121001	0.890692	0.111111	1	0.037037	0 	0 	-0.111111	
190	0.15722	0.950178	0.148148	0.888889	0.037037	0 	0 	0.111111	
139	0.199582	0.970884	0.185185	1	0.037037	0 	0 	-0.111111	
273	0.25837	0.916022	0.222222	0.888889	0.111111	0 	0 	0.037037	
186	0.329218	0.917695	0.222222	0.888889	0.111111	0 	0 	0.037037	
126	0.254391	0.958057	0.333333	0.925926	-0.111111	0 	0 	0.037037	
75	0.278017	0.99472	0.222222	0.962963	0.111111	0 	0 	0.037037	
247	0.374261	0.932227	0.333333	1	0.037037	0 	0 	-0.111111	
49	0.343454	0.902296	0.333333	1	0.037037	0 	0 	-0.111111	
241	0.390947	0.942387	0.37037	0.888889	0.037037	0 	0 	0.111111	
100	0.415755	0.985028	0.407407	1	0.037037	0 	0 	-0.111111	
72	0.403638	0.878601	0.444444	0.888889	-0.111111	0 	0 	-0.037037	
132	0.335654	0.848521	0.333333	0.851852	0.111111	0 	0 	-0.037037	
183	0.439157	0.800623	0.444444	0.814815	-0.111111	0 	0 	-0.037037	
270	0.426157	0.814682	0.444444	0.814815	-0.111111	0 	0 	-0.037037	
209	0.340227	0.744514	0.333333	0.777778	0.037037	0 	0 	-0.111111	
158	0.371316	0.684639	0.37037	0.666667	0.037037	0 	0 	0.111111	
26	0.424037	0.755277	0.407407	0.777778	0.037037	0 	0 	-0.111111	
67	0.459243	0.696182	0.444444	0.666667	0.111111	0 	0 	0.037037	
178	0.511968	0.737425	0.555556	0.703704	-0.111111	0 	0 	0.037037	
292	0.446084	0.724184	0.555556	0.703704	-0.111111	0 	0 	0.037037	
118	0.545489	0.771224	0.444444	0.740741	0.111111	0 	0 	0.037037	
44	0.52551	0.827928	0.555556	0.777778	-0.037037	0 	0 	0.111111	
269	0.535551	0.853546	0.555556	0.777778	-0.037037	0 	0 	0.111111	
95	0.492286	0.797943	0.518519	0.888889	-0.037037	0 	0 	-0.111111	
227	0.461539	0.868359	0.481481	0.777778	-0.037037	0 	0 	0.111111	
201	0.522766	0.895206	0.444444	0.888889	0.111111	0 	0 	0.037037	
150	0.541503	0.951928	0.555556	0.925926	-0.111111	0 	0 	0.037037	
9	0.471754	0.965966	0.444444	0.962963	0.111111	0 	0 	0.037037	
164	0.57094	0.99976	0.555556	1	0.037037	0 	0 	-0.111111	
113	0.621399	0.921811	0.592593	0.888889	0.037037	0 	0 	0.111111	
287	0.659493	0.987521	0.62963	1	0.037037	0 	0 	-0.111111	
62	0.63156	0.93553	0.62963	1	0.037037	0 	0 	-0.111111	
136	0.652917	0.862769	0.666667	0.888889	-0.111111	0 	0 	-0.037037	
196	0.600823	0.81893	0.555556	0.851852	0.111111	0 	0 	-0.037037	
4	0.555575	0.782721	0.666667	0.814815	-0.111111	0 	0 	-0.037037	
87	0.567815	0.721936	0.555556	0.777778	0.037037	0 	0 	-0.111111	
252	0.610718	0.67201	0.592593	0.666667	0.037037	0 	0 	0.111111	
27	0.605496	0.759432	0.592593	0.666667	0.037037	0 	0 	0.111111	
219	0.647957	0.684293	0.62963	0.777778	0.037037	0 	0 	-0.111111	
1	0.678947	0.66747	0.666667	0.666667	0.111111	0 	0 	0.037037	
193	0.712735	0.709842	0.777778	0.703704	-0.111111	0 	0 	0.037037	
142	0.682376	0.755675	0.666667	0.740741	0.111111	0 	0 	0.037037	
129	0.806584	0.736626	0.777778	0.777778	0.037037	0 	0 	-0.111111	
276	0.823958	0.700671	0.814815	0.666667	0.037037	0 	0 	0.111111	
78	0.841349	0.772231	0.814815	0.666667	0.037037	0 	0 	0.111111	
180	0.883906	0.701621	0.851852	0.777778	0.037037	0 	0 	-0.111111	
92	0.930304	0.666989	0.888889	0.666667	0.111111	0 	0 	0.037037	
41	0.966754	0.712727	1	0.703704	-0.111111	0 	0 	0.037037	
233	0.903127	0.763263	0.888889	0.740741	0.111111	0 	0 	0.037037	
266	0.971602	0.749237	0.888889	0.740741	0.111111	0 	0 	0.037037	
198	0.98346	0.803841	1	0.777778	-0.037037	0 	0 	0.111111	
15	0.958388	0.84487	0.962963	0.888889	-0.037037	0 	0 	-0.111111	
147	0.9215	0.848155	0.925926	0.777778	-0.037037	0 	0 	0.111111	
106	0.869387	0.888508	0.888889	0.888889	-0.111111	0 	0 	-0.037037	
244	0.802773	0.835382	0.777778	0.851852	0.111111	0 	0 	-0.037037	
238	0.842093	0.840892	0.777778	0.851852	0.111111	0 	0 	-0.037037	
46	0.888292	0.814532	0.888889	0.814815	-0.111111	0 	0 	-0.037037	
59	0.770665	0.778575	0.777778	0.777778	-0.037037	0 	0 	0.111111	
284	0.742115	0.868645	0.777778	0.777778	-0.037037	0 	0 	0.111111	
110	0.728931	0.789747	0.740741	0.888889	-0.037037	0 	0 	-0.111111	
170	0.692013	0.884109	0.703704	0.777778	-0.037037	0 	0 	0.111111	
258	0.682591	0.894569	0.666667	0.888889	0.111111	0 	0 	0.037037	
216	0.761166	0.898651	0.666667	0.888889	0.111111	0 	0 	0.037037	
84	0.742505	0.941311	0.777778	0.925926	-0.111111	0 	0 	0.037037	
33	0.705419	0.976954	0.666667	0.962963	0.111111	0 	0 	0.037037	
215	0.79577	0.969927	0.777778	1	0.037037	0 	0 	-0.111111	
155	0.81588	0.923829	0.814815	0.888889	0.037037	0 	0 	0.111111	
23	0.85897	0.927339	0.851852	1	0.037037	0 	0 	-0.111111	
64	0.930386	0.914588	0.888889	0.888889	0.111111	0 	0 	0.037037	
175	0.962062	0.95261	1	0.925926	-0.111111	0 	0 	0.037037	
289	0.894249	0.951551	1	0.925926	-0.111111	0 	0 	0.037037	
124	0.99177	0.995885	0.888889	0.962963	0.111111	0 	0 	0.037037	
