0	0.0175692	0.00149914	0	0	0.111111	0 	0 	0.037037	
192	0.0452675	0.0411523	0.111111	0.037037	-0.111111	0 	0 	0.037037	
141	0.0781893	0.0823045	0	0.0740741	0.111111	0 	0 	0.037037	
131	0.139918	0.0699588	0.111111	0.111111	0.037037	0 	0 	-0.111111	
278	0.15978	0.00922856	0.148148	0	0.037037	0 	0 	0.111111	
80	0.173969	0.0970802	0.148148	0	0.037037	0 	0 	0.111111	
182	0.220762	0.0243866	0.185185	0.111111	0.037037	0 	0 	-0.111111	
91	0.27572	0.0205761	0.222222	0	0.111111	0 	0 	0.037037	
40	0.316789	0.0564502	0.333333	0.037037	-0.111111	0 	0 	0.037037	
232	0.234389	0.0749837	0.222222	0.0740741	0.111111	0 	0 	0.037037	
265	0.257566	0.08976	0.222222	0.0740741	0.111111	0 	0 	0.037037	
200	0.305642	0.119575	0.333333	0.111111	-0.037037	0 	0 	0.111111	
17	0.291296	0.180242	0.296296	0.222222	-0.037037	0 	0 	-0.111111	
149	0.250396	0.138575	0.259259	0.111111	-0.037037	0 	0 	0.111111	
105	0.206741	0.195763	0.222222	0.222222	-0.111111	0 	0 	-0.037037	
243	0.132615	0.169518	0.111111	0.185185	0.111111	0 	0 	-0.037037	
237	0.176822	0.164962	0.111111	0.185185	0.111111	0 	0 	-0.037037	
45	0.128919	0.126766	0.222222	0.148148	-0.111111	0 	0 	-0.037037	
58	0.0844457	0.112077	0.111111	0.111111	-0.037037	0 	0 	0.111111	
283	0.093004	0.20824	0.111111	0.111111	-0.037037	0 	0 	0.111111	
109	0.0564846	0.21131	0.0740741	0.222222	-0.037037	0 	0 	-0.111111	
169	0.036389	0.159141	0.037037	0.111111	-0.037037	0 	0 	0.111111	
260	0.0177875	0.228856	0	0.222222	0.111111	0 	0 	0.037037	
218	0.098332	0.247606	0	0.222222	0.111111	0 	0 	0.037037	
86	0.0164609	0.279835	0.111111	0.259259	-0.111111	0 	0 	0.037037	
35	0.00912217	0.310257	0	0.296296	0.111111	0 	0 	0.037037	
214	0.119663	0.310178	0.111111	0.333333	0.037037	0 	0 	-0.111111	
154	0.163609	0.227471	0.148148	0.222222	0.037037	0 	0 	0.111111	
301	0.18978	0.324417	0.185185	0.333333	0.037037	0 	0 	-0.111111	
22	0.190445	0.274029	0.185185	0.333333	0.037037	0 	0 	-0.111111	
63	0.235585	0.240111	0.222222	0.222222	0.111111	0 	0 	0.037037	
174	0.308975	0.294843	0.333333	0.259259	-0.111111	0 	0 	0.037037	
288	0.222604	0.278299	0.333333	0.259259	-0.111111	0 	0 	0.037037	
123	0.326735	0.331358	0.222222	0.296296	0.111111	0 	0 	0.037037	
229	0.355903	0.318847	0.333333	0.333333	0.037037	0 	0 	-0.111111	
97	0.387042	0.240121	0.37037	0.222222	0.037037	0 	0 	0.111111	
262	0.433471	0.303155	0.407407	0.333333	0.037037	0 	0 	-0.111111	
37	0.418738	0.285701	0.407407	0.333333	0.037037	0 	0 	-0.111111	
120	0.426727	0.21098	0.444444	0.222222	-0.111111	0 	0 	-0.037037	
294	0.347859	0.160496	0.333333	0.185185	0.111111	0 	0 	-0.037037	
171	0.403206	0.184901	0.333333	0.185185	0.111111	0 	0 	-0.037037	
69	0.363496	0.134652	0.444444	0.148148	-0.111111	0 	0 	-0.037037	
146	0.347495	0.0480771	0.333333	0.111111	0.037037	0 	0 	-0.111111	
14	0.382733	0.0808646	0.37037	0	0.037037	0 	0 	0.111111	
206	0.414944	0.00470293	0.407407	0.111111	0.037037	0 	0 	-0.111111	
115	0.451964	0.0266507	0.444444	0	0.111111	0 	0 	0.037037	
55	0.541182	0.064886	0.555556	0.037037	-0.111111	0 	0 	0.037037	
166	0.460446	0.0890561	0.444444	0.0740741	0.111111	0 	0 	0.037037	
280	0.517712	0.0968412	0.444444	0.0740741	0.111111	0 	0 	0.037037	
224	0.549937	0.132911	0.555556	0.111111	-0.037037	0 	0 	0.111111	
32	0.492041	0.198572	0.518519	0.222222	-0.037037	0 	0 	-0.111111	
257	0.510804	0.120137	0.518519	0.222222	-0.037037	0 	0 	-0.111111	
83	0.47787	0.18176	0.481481	0.111111	-0.037037	0 	0 	0.111111	
6	0.446128	0.234201	0.444444	0.222222	0.111111	0 	0 	0.037037	
189	0.489991	0.263649	0.555556	0.259259	-0.111111	0 	0 	0.037037	
138	0.525508	0.304397	0.444444	0.296296	0.111111	0 	0 	0.037037	
128	0.584362	0.292181	0.555556	0.333333	0.037037	0 	0 	-0.111111	
275	0.604527	0.265145	0.592593	0.222222	0.037037	0 	0 	0.111111	
77	0.615792	0.321258	0.592593	0.222222	0.037037	0 	0 	0.111111	
188	0.663165	0.248562	0.62963	0.333333	0.037037	0 	0 	-0.111111	
298	0.644472	0.2097	0.666667	0.222222	-0.111111	0 	0 	-0.037037	
211	0.563786	0.1893	0.666667	0.222222	-0.111111	0 	0 	-0.037037	
19	0.627016	0.14838	0.555556	0.185185	0.111111	0 	0 	-0.037037	
160	0.663234	0.146627	0.666667	0.148148	-0.111111	0 	0 	-0.037037	
249	0.590433	0.0425566	0.555556	0.111111	0.037037	0 	0 	-0.111111	
51	0.561338	0.0139384	0.555556	0.111111	0.037037	0 	0 	-0.111111	
234	0.597274	0.0487215	0.592593	0	0.037037	0 	0 	0.111111	
102	0.632312	0.0613189	0.62963	0.111111	0.037037	0 	0 	-0.111111	
157	0.707819	0.00823045	0.666667	0	0.111111	0 	0 	0.037037	
25	0.746442	0.0515542	0.777778	0.037037	-0.111111	0 	0 	0.037037	
208	0.685807	0.0755442	0.666667	0.0740741	0.111111	0 	0 	0.037037	
291	0.799945	0.0935004	0.777778	0.111111	0.037037	0 	0 	-0.111111	
66	0.802469	0.0246914	0.777778	0.111111	0.037037	0 	0 	-0.111111	
177	0.847737	0.0658436	0.814815	0	0.037037	0 	0 	0.111111	
117	0.879011	0.104534	0.851852	0.111111	0.037037	0 	0 	-0.111111	
254	0.891407	0.0321365	0.888889	0	0.111111	0 	0 	0.037037	
221	0.911235	0.0181438	0.888889	0	0.111111	0 	0 	0.037037	
89	0.982499	0.0610726	1	0.037037	-0.111111	0 	0 	0.037037	
29	0.962842	0.0820448	0.888889	0.0740741	0.111111	0 	0 	0.037037	
135	0.972399	0.196434	1	0.111111	-0.037037	0 	0 	0.111111	
195	0.954007	0.165345	0.962963	0.222222	-0.037037	0 	0 	-0.111111	
3	0.888889	0.111111	0.925926	0.111111	-0.037037	0 	0 	0.111111	
268	0.872076	0.192342	0.888889	0.222222	-0.111111	0 	0 	-0.037037	
226	0.801227	0.203862	0.888889	0.222222	-0.111111	0 	0 	-0.037037	
43	0.871132	0.165082	0.777778	0.185185	0.111111	0 	0 	-0.037037	
94	0.828046	0.121394	0.888889	0.148148	-0.111111	0 	0 	-0.037037	
185	0.763583	0.151789	0.777778	0.111111	-0.037037	0 	0 	0.111111	
74	0.728527	0.209593	0.740741	0.222222	-0.037037	0 	0 	-0.111111	
272	0.702613	0.129892	0.740741	0.222222	-0.037037	0 	0 	-0.111111	
134	0.689506	0.172592	0.703704	0.111111	-0.037037	0 	0 	0.111111	
48	0.676715	0.25543	0.666667	0.222222	0.111111	0 	0 	0.037037	
240	0.72428	0.27572	0.777778	0.259259	-0.111111	0 	0 	0.037037	
246	0.699155	0.265409	0.777778	0.259259	-0.111111	0 	0 	0.037037	
99	0.755978	0.308289	0.666667	0.296296	0.111111	0 	0 	0.037037	
152	0.781317	0.239242	0.777778	0.333333	0.037037	0 	0 	-0.111111	
11	0.822924	0.28853	0.814815	0.222222	0.037037	0 	0 	0.111111	
203	0.858019	0.226929	0.851852	0.333333	0.037037	0 	0 	-0.111111	
112	0.903388	0.237382	0.888889	0.222222	0.111111	0 	0 	0.037037	
61	0.988016	0.286653	1	0.259259	-0.111111	0 	0 	0.037037	
163	0.915979	0.297554	0.888889	0.296296	0.111111	0 	0 	0.037037	
286	0.964304	0.321241	0.888889	0.296296	0.111111	0 	0 	0.037037	
104	0.99521	0.368944	1	0.333333	-0.037037	0 	0 	0.111111	
236	0.948937	0.385029	0.962963	0.444444	-0.037037	0 	0 	-0.111111	
53	0.900167	0.343675	0.925926	0.333333	-0.037037	0 	0 	0.111111	
251	0.92192	0.384356	0.925926	0.333333	-0.037037	0 	0 	0.111111	
159	0.938431	0.449067	0.888889	0.444444	0.111111	0 	0 	0.037037	
18	0.963381	0.507832	1	0.481481	-0.111111	0 	0 	0.037037	
210	0.893836	0.534833	0.888889	0.518519	0.111111	0 	0 	0.037037	
297	0.983185	0.546693	0.888889	0.518519	0.111111	0 	0 	0.037037	
187	0.995885	0.584362	1	0.555556	-0.037037	0 	0 	0.111111	
76	0.954984	0.643731	0.962963	0.666667	-0.037037	0 	0 	-0.111111	
274	0.929988	0.574616	0.962963	0.666667	-0.037037	0 	0 	-0.111111	
127	0.914155	0.607528	0.925926	0.555556	-0.037037	0 	0 	0.111111	
140	0.861641	0.644347	0.888889	0.666667	-0.111111	0 	0 	-0.037037	
191	0.807003	0.611753	0.777778	0.62963	0.111111	0 	0 	-0.037037	
8	0.777778	0.555556	0.888889	0.592593	-0.111111	0 	0 	-0.037037	
82	0.795582	0.50075	0.777778	0.555556	0.037037	0 	0 	-0.111111	
256	0.832827	0.474345	0.814815	0.444444	0.037037	0 	0 	0.111111	
31	0.82716	0.530864	0.814815	0.444444	0.037037	0 	0 	0.111111	
223	0.870895	0.45624	0.851852	0.555556	0.037037	0 	0 	-0.111111	
279	0.860663	0.411989	0.888889	0.444444	-0.111111	0 	0 	-0.037037	
165	0.819572	0.437289	0.888889	0.444444	-0.111111	0 	0 	-0.037037	
54	0.792137	0.399461	0.777778	0.407407	0.111111	0 	0 	-0.037037	
114	0.84388	0.358531	0.888889	0.37037	-0.111111	0 	0 	-0.037037	
205	0.747921	0.336731	0.777778	0.333333	-0.037037	0 	0 	0.111111	
13	0.738042	0.443462	0.740741	0.444444	-0.037037	0 	0 	-0.111111	
145	0.702776	0.378638	0.703704	0.333333	-0.037037	0 	0 	0.111111	
71	0.708318	0.469794	0.666667	0.444444	0.111111	0 	0 	0.037037	
173	0.730973	0.510071	0.777778	0.481481	-0.111111	0 	0 	0.037037	
296	0.668038	0.500686	0.777778	0.481481	-0.111111	0 	0 	0.037037	
122	0.769374	0.546451	0.666667	0.518519	0.111111	0 	0 	0.037037	
36	0.750418	0.597517	0.777778	0.555556	-0.037037	0 	0 	0.111111	
261	0.760247	0.63684	0.777778	0.555556	-0.037037	0 	0 	0.111111	
96	0.715957	0.57586	0.740741	0.666667	-0.037037	0 	0 	-0.111111	
228	0.697543	0.657656	0.703704	0.555556	-0.037037	0 	0 	0.111111	
125	0.648245	0.630049	0.666667	0.666667	-0.111111	0 	0 	-0.037037	
290	0.560437	0.616501	0.555556	0.62963	0.111111	0 	0 	-0.037037	
176	0.625514	0.621399	0.555556	0.62963	0.111111	0 	0 	-0.037037	
65	0.578242	0.580359	0.666667	0.592593	-0.111111	0 	0 	-0.037037	
21	0.518519	0.592593	0.555556	0.555556	-0.037037	0 	0 	0.111111	
300	0.530405	0.660456	0.555556	0.555556	-0.037037	0 	0 	0.111111	
153	0.485597	0.563786	0.518519	0.666667	-0.037037	0 	0 	-0.111111	
213	0.478843	0.655805	0.481481	0.555556	-0.037037	0 	0 	0.111111	
34	0.38311	0.646625	0.444444	0.666667	-0.111111	0 	0 	-0.037037	
85	0.349874	0.610481	0.333333	0.62963	0.111111	0 	0 	-0.037037	
217	0.422134	0.591328	0.444444	0.592593	-0.111111	0 	0 	-0.037037	
259	0.395431	0.558392	0.444444	0.592593	-0.111111	0 	0 	-0.037037	
168	0.366255	0.547325	0.333333	0.555556	0.037037	0 	0 	-0.111111	
108	0.371031	0.445831	0.37037	0.444444	0.037037	0 	0 	0.111111	
282	0.407551	0.534524	0.407407	0.555556	0.037037	0 	0 	-0.111111	
57	0.41085	0.505699	0.407407	0.555556	0.037037	0 	0 	-0.111111	
47	0.444502	0.461534	0.444444	0.444444	0.111111	0 	0 	0.037037	
239	0.499873	0.487544	0.555556	0.481481	-0.111111	0 	0 	0.037037	
245	0.470621	0.489427	0.555556	0.481481	-0.111111	0 	0 	0.037037	
107	0.534979	0.539095	0.444444	0.518519	0.111111	0 	0 	0.037037	
148	0.559863	0.483044	0.555556	0.555556	0.037037	0 	0 	-0.111111	
16	0.592593	0.518519	0.592593	0.444444	0.037037	0 	0 	0.111111	
199	0.636261	0.450128	0.62963	0.555556	0.037037	0 	0 	-0.111111	
264	0.658973	0.431898	0.666667	0.444444	-0.111111	0 	0 	-0.037037	
231	0.576442	0.422025	0.666667	0.444444	-0.111111	0 	0 	-0.037037	
39	0.641477	0.380327	0.555556	0.407407	0.111111	0 	0 	-0.037037	
90	0.611123	0.36306	0.666667	0.37037	-0.111111	0 	0 	-0.037037	
181	0.549973	0.357211	0.555556	0.333333	-0.037037	0 	0 	0.111111	
79	0.507192	0.410199	0.518519	0.444444	-0.037037	0 	0 	-0.111111	
277	0.483279	0.346461	0.518519	0.444444	-0.037037	0 	0 	-0.111111	
130	0.453641	0.403898	0.481481	0.333333	-0.037037	0 	0 	0.111111	
143	0.431985	0.411384	0.444444	0.444444	-0.111111	0 	0 	-0.037037	
194	0.375983	0.375081	0.333333	0.407407	0.111111	0 	0 	-0.037037	
2	0.333333	0.333333	0.444444	0.37037	-0.111111	0 	0 	-0.037037	
220	0.330437	0.375087	0.333333	0.333333	-0.037037	0 	0 	0.111111	
28	0.274114	0.423363	0.296296	0.444444	-0.037037	0 	0 	-0.111111	
253	0.285452	0.346442	0.296296	0.444444	-0.037037	0 	0 	-0.111111	
88	0.254505	0.387913	0.259259	0.333333	-0.037037	0 	0 	0.111111	
5	0.244027	0.446643	0.222222	0.444444	0.111111	0 	0 	0.037037	
197	0.264355	0.485279	0.333333	0.481481	-0.111111	0 	0 	0.037037	
137	0.299398	0.527237	0.222222	0.518519	0.111111	0 	0 	0.037037	
60	0.324507	0.625212	0.333333	0.555556	-0.037037	0 	0 	0.111111	
285	0.298197	0.651081	0.333333	0.555556	-0.037037	0 	0 	0.111111	
111	0.283321	0.58562	0.296296	0.666667	-0.037037	0 	0 	-0.111111	
162	0.25542	0.638473	0.259259	0.555556	-0.037037	0 	0 	0.111111	
10	0.142751	0.634896	0.222222	0.666667	-0.111111	0 	0 	-0.037037	
151	0.124558	0.608237	0.111111	0.62963	0.111111	0 	0 	-0.037037	
202	0.207244	0.577632	0.222222	0.592593	-0.111111	0 	0 	-0.037037	
225	0.130059	0.534032	0.111111	0.555556	0.037037	0 	0 	-0.111111	
93	0.158831	0.469315	0.148148	0.444444	0.037037	0 	0 	0.111111	
267	0.185647	0.518594	0.185185	0.555556	0.037037	0 	0 	-0.111111	
42	0.193206	0.506524	0.185185	0.555556	0.037037	0 	0 	-0.111111	
119	0.215846	0.437762	0.222222	0.444444	-0.111111	0 	0 	-0.037037	
293	0.112318	0.393442	0.111111	0.407407	0.111111	0 	0 	-0.037037	
179	0.166675	0.398017	0.111111	0.407407	0.111111	0 	0 	-0.037037	
68	0.135717	0.355117	0.222222	0.37037	-0.111111	0 	0 	-0.037037	
24	0.067373	0.364718	0.111111	0.333333	-0.037037	0 	0 	0.111111	
156	0.0689412	0.428511	0.0740741	0.444444	-0.037037	0 	0 	-0.111111	
207	0.0366853	0.384852	0.037037	0.333333	-0.037037	0 	0 	0.111111	
271	0.0491036	0.474883	0	0.444444	0.111111	0 	0 	0.037037	
184	0.106996	0.473251	0	0.444444	0.111111	0 	0 	0.037037	
133	0.0966201	0.492614	0.111111	0.481481	-0.111111	0 	0 	0.037037	
73	0.0603792	0.54469	0	0.518519	0.111111	0 	0 	0.037037	
101	0.0896961	0.662055	0.111111	0.555556	-0.037037	0 	0 	0.111111	
242	0.0606993	0.612281	0.0740741	0.666667	-0.037037	0 	0 	-0.111111	
50	0.0156334	0.570852	0.037037	0.555556	-0.037037	0 	0 	0.111111	
248	0.0329786	0.576794	0.037037	0.555556	-0.037037	0 	0 	0.111111	
204	0.0792403	0.667816	0	0.666667	0.111111	0 	0 	0.037037	
144	0.0040358	0.707318	0.111111	0.703704	-0.111111	0 	0 	0.037037	
12	0.041615	0.741477	0	0.740741	0.111111	0 	0 	0.037037	
167	0.119095	0.764014	0.111111	0.777778	0.037037	0 	0 	-0.111111	
116	0.151437	0.694599	0.148148	0.666667	0.037037	0 	0 	0.111111	
281	0.199782	0.749214	0.185185	0.777778	0.037037	0 	0 	-0.111111	
56	0.200149	0.729155	0.185185	0.777778	0.037037	0 	0 	-0.111111	
52	0.235672	0.676145	0.222222	0.666667	0.111111	0 	0 	0.037037	
235	0.29521	0.707039	0.333333	0.703704	-0.111111	0 	0 	0.037037	
250	0.247667	0.709087	0.333333	0.703704	-0.111111	0 	0 	0.037037	
103	0.319172	0.763774	0.222222	0.740741	0.111111	0 	0 	0.037037	
20	0.310467	0.815136	0.333333	0.777778	-0.037037	0 	0 	0.111111	
299	0.310014	0.883402	0.333333	0.777778	-0.037037	0 	0 	0.111111	
161	0.263374	0.786008	0.296296	0.888889	-0.037037	0 	0 	-0.111111	
212	0.237348	0.853078	0.259259	0.777778	-0.037037	0 	0 	0.111111	
30	0.170377	0.871741	0.222222	0.888889	-0.111111	0 	0 	-0.037037	
81	0.135614	0.837978	0.111111	0.851852	0.111111	0 	0 	-0.037037	
222	0.208615	0.778511	0.222222	0.814815	-0.111111	0 	0 	-0.037037	
255	0.178726	0.807893	0.222222	0.814815	-0.111111	0 	0 	-0.037037	
121	0.0999363	0.882926	0.111111	0.777778	-0.037037	0 	0 	0.111111	
172	0.0693872	0.833337	0.0740741	0.888889	-0.037037	0 	0 	-0.111111	
70	0.0171838	0.790601	0.037037	0.777778	-0.037037	0 	0 	0.111111	
295	0.0346836	0.82344	0.037037	0.777778	-0.037037	0 	0 	0.111111	
98	0.0621616	0.902483	0	0.888889	0.111111	0 	0 	0.037037	
38	0.0821343	0.939735	0.111111	0.925926	-0.111111	0 	0 	0.037037	
230	0.00793603	0.983919	0	0.962963	0.111111	0 	0 	0.037037	
263	0.100791	0.983692	0	0.962963	0.111111	0 	0 	0.037037	
7	0.121297	0.902109	0.111111	1	0.037037	0 	0 	-0.111111	
190	0.15384	0.940009	0.148148	0.888889	0.037037	0 	0 	0.111111	
139	0.212143	0.969805	0.185185	1	0.037037	0 	0 	-0.111111	
273	0.229665	0.916792	0.222222	0.888889	0.111111	0 	0 	0.037037	
186	0.331326	0.920645	0.222222	0.888889	0.111111	0 	0 	0.037037	
126	0.260044	0.955636	0.333333	0.925926	-0.111111	0 	0 	0.037037	
75	0.276843	0.991514	0.222222	0.962963	0.111111	0 	0 	0.037037	
247	0.338066	0.998093	0.333333	1	0.037037	0 	0 	-0.111111	
49	0.348915	0.902896	0.333333	1	0.037037	0 	0 	-0.111111	
241	0.393455	0.943454	0.37037	0.888889	0.037037	0 	0 	0.111111	
100	0.40926	0.972955	0.407407	1	0.037037	0 	0 	-0.111111	
72	0.435421	0.876221	0.444444	0.888889	-0.111111	0 	0 	-0.037037	
132	0.360436	0.848702	0.333333	0.851852	0.111111	0 	0 	-0.037037	
183	0.440955	0.80426	0.444444	0.814815	-0.111111	0 	0 	-0.037037	
270	0.440533	0.81233	0.444444	0.814815	-0.111111	0 	0 	-0.037037	
209	0.338451	0.747114	0.333333	0.777778	0.037037	0 	0 	-0.111111	
158	0.380442	0.691507	0.37037	0.666667	0.037037	0 	0 	0.111111	
26	0.412805	0.759143	0.407407	0.777778	0.037037	0 	0 	-0.111111	
67	0.461478	0.694511	0.444444	0.666667	0.111111	0 	0 	0.037037	
178	0.514279	0.738522	0.555556	0.703704	-0.111111	0 	0 	0.037037	
292	0.456847	0.722147	0.555556	0.703704	-0.111111	0 	0 	0.037037	
118	0.552391	0.770827	0.444444	0.740741	0.111111	0 	0 	0.037037	
44	0.535057	0.82766	0.555556	0.777778	-0.037037	0 	0 	0.111111	
269	0.552886	0.851878	0.555556	0.777778	-0.037037	0 	0 	0.111111	
95	0.5016	0.795249	0.518519	0.888889	-0.037037	0 	0 	-0.111111	
227	0.465021	0.868313	0.481481	0.777778	-0.037037	0 	0 	0.111111	
201	0.522833	0.895248	0.444444	0.888889	0.111111	0 	0 	0.037037	
150	0.458805	0.934879	0.555556	0.925926	-0.111111	0 	0 	0.037037	
9	0.490579	0.963088	0.444444	0.962963	0.111111	0 	0 	0.037037	
164	0.586128	0.994224	0.555556	1	0.037037	0 	0 	-0.111111	
113	0.621399	0.921811	0.592593	0.888889	0.037037	0 	0 	0.111111	
287	0.652006	0.983338	0.62963	1	0.037037	0 	0 	-0.111111	
62	0.631825	0.958758	0.62963	1	0.037037	0 	0 	-0.111111	
136	0.633745	0.860082	0.666667	0.888889	-0.111111	0 	0 	-0.037037	
196	0.598288	0.819572	0.555556	0.851852	0.111111	0 	0 	-0.037037	
4	0.555556	0.777778	0.666667	0.814815	-0.111111	0 	0 	-0.037037	
87	0.57671	0.721569	0.555556	0.777778	0.037037	0 	0 	-0.111111	
252	0.602976	0.679	0.592593	0.666667	0.037037	0 	0 	0.111111	
27	0.604938	0.753086	0.592593	0.666667	0.037037	0 	0 	0.111111	
219	0.651279	0.684097	0.62963	0.777778	0.037037	0 	0 	-0.111111	
1	0.688263	0.672327	0.666667	0.666667	0.111111	0 	0 	0.037037	
193	0.73432	0.71672	0.777778	0.703704	-0.111111	0 	0 	0.037037	
142	0.671022	0.741099	0.666667	0.740741	0.111111	0 	0 	0.037037	
129	0.802708	0.73342	0.777778	0.777778	0.037037	0 	0 	-0.111111	
276	0.816187	0.685871	0.814815	0.666667	0.037037	0 	0 	0.111111	
78	0.839506	0.765432	0.814815	0.666667	0.037037	0 	0 	0.111111	
180	0.884774	0.695473	0.851852	0.777778	0.037037	0 	0 	-0.111111	
92	0.903035	0.688864	0.888889	0.666667	0.111111	0 	0 	0.037037	
41	0.954186	0.711543	1	0.703704	-0.111111	0 	0 	0.037037	
233	0.902612	0.762047	0.888889	0.740741	0.111111	0 	0 	0.037037	
266	0.983419	0.750217	0.888889	0.740741	0.111111	0 	0 	0.037037	
198	0.971193	0.781893	1	0.777778	-0.037037	0 	0 	0.111111	
15	0.956923	0.848545	0.962963	0.888889	-0.037037	0 	0 	-0.111111	
147	0.900262	0.827592	0.925926	0.777778	-0.037037	0 	0 	0.111111	
106	0.867365	0.879928	0.888889	0.888889	-0.111111	0 	0 	-0.037037	
244	0.807273	0.847789	0.777778	0.851852	0.111111	0 	0 	-0.037037	
238	0.842331	0.816318	0.777778	0.851852	0.111111	0 	0 	-0.037037	
46	0.877331	0.794295	0.888889	0.814815	-0.111111	0 	0 	-0.037037	
59	0.772663	0.808031	0.777778	0.777778	-0.037037	0 	0 	0.111111	
284	0.741699	0.868328	0.777778	0.777778	-0.037037	0 	0 	0.111111	
110	0.72219	0.820599	0.740741	0.888889	-0.037037	0 	0 	-0.111111	
170	0.689414	0.87134	0.703704	0.777778	-0.037037	0 	0 	0.111111	
258	0.680917	0.888892	0.666667	0.888889	0.111111	0 	0 	0.037037	
216	0.761317	0.90535	0.666667	0.888889	0.111111	0 	0 	0.037037	
84	0.683128	0.946502	0.777778	0.925926	-0.111111	0 	0 	0.037037	
33	0.716049	0.975309	0.666667	0.962963	0.111111	0 	0 	0.037037	
215	0.787069	0.932247	0.777778	1	0.037037	0 	0 	-0.111111	
155	0.831085	0.897005	0.814815	0.888889	0.037037	0 	0 	0.111111	
302	0.878461	0.975724	0.851852	1	0.037037	0 	0 	-0.111111	
23	0.862223	0.925353	0.851852	1	0.037037	0 	0 	-0.111111	
64	0.929461	0.913795	0.888889	0.888889	0.111111	0 	0 	0.037037	
175	0.988218	0.951228	1	0.925926	-0.111111	0 	0 	0.037037	
289	0.890261	0.94513	1	0.925926	-0.111111	0 	0 	0.037037	
124	0.99177	0.995885	0.888889	0.962963	0.111111	0 	0 	0.037037	
