0	3.08295e-05	0.0044411	0	0	0.111111	0 	0 	0.037037	
366	0.0919067	0.0274348	0	0	0.111111	0 	0 	0.037037	
192	0.0398031	0.0404188	0.111111	0.037037	-0.111111	0 	0 	0.037037	
306	0.0137174	0.0685871	0.111111	0.037037	-0.111111	0 	0 	0.037037	
531	0.0269804	0.0924778	0	0.0740741	0.111111	0 	0 	0.037037	
417	0.0589849	0.109739	0	0.0740741	0.111111	0 	0 	0.037037	
141	0.0818634	0.0830346	0	0.0740741	0.111111	0 	0 	0.037037	
329	0.129108	0.0867275	0.111111	0.111111	0.037037	0 	0 	-0.111111	
131	0.135612	0.0716221	0.111111	0.111111	0.037037	0 	0 	-0.111111	
278	0.152698	0.0144753	0.148148	0	0.037037	0 	0 	0.111111	
503	0.148299	0.0494068	0.148148	0	0.037037	0 	0 	0.111111	
80	0.17284	0.0987654	0.148148	0	0.037037	0 	0 	0.111111	
461	0.189811	0.0653922	0.185185	0.111111	0.037037	0 	0 	-0.111111	
182	0.194956	0.0449697	0.185185	0.111111	0.037037	0 	0 	-0.111111	
457	0.248131	0.00333396	0.222222	0	0.111111	0 	0 	0.037037	
91	0.267967	0.0174258	0.222222	0	0.111111	0 	0 	0.037037	
544	0.23761	0.00689223	0.222222	0	0.111111	0 	0 	0.037037	
40	0.319683	0.0481985	0.333333	0.037037	-0.111111	0 	0 	0.037037	
397	0.291908	0.0402893	0.333333	0.037037	-0.111111	0 	0 	0.037037	
232	0.242185	0.0857608	0.222222	0.0740741	0.111111	0 	0 	0.037037	
265	0.32144	0.0808219	0.222222	0.0740741	0.111111	0 	0 	0.037037	
200	0.306703	0.119216	0.333333	0.111111	-0.037037	0 	0 	0.111111	
425	0.316235	0.183544	0.333333	0.111111	-0.037037	0 	0 	0.111111	
17	0.259259	0.185185	0.296296	0.222222	-0.037037	0 	0 	-0.111111	
521	0.295433	0.207691	0.296296	0.222222	-0.037037	0 	0 	-0.111111	
323	0.280435	0.142224	0.296296	0.222222	-0.037037	0 	0 	-0.111111	
149	0.226831	0.155331	0.259259	0.111111	-0.037037	0 	0 	0.111111	
374	0.255288	0.161982	0.259259	0.111111	-0.037037	0 	0 	0.111111	
105	0.203827	0.205889	0.222222	0.222222	-0.111111	0 	0 	-0.037037	
435	0.182442	0.196159	0.222222	0.222222	-0.111111	0 	0 	-0.037037	
549	0.113855	0.219479	0.222222	0.222222	-0.111111	0 	0 	-0.037037	
243	0.13962	0.155399	0.111111	0.185185	0.111111	0 	0 	-0.037037	
237	0.167754	0.162332	0.111111	0.185185	0.111111	0 	0 	-0.037037	
384	0.218652	0.122288	0.222222	0.148148	-0.111111	0 	0 	-0.037037	
45	0.205642	0.130238	0.222222	0.148148	-0.111111	0 	0 	-0.037037	
508	0.0984147	0.127789	0.111111	0.111111	-0.037037	0 	0 	0.111111	
58	0.106826	0.169453	0.111111	0.111111	-0.037037	0 	0 	0.111111	
283	0.0754458	0.20439	0.111111	0.111111	-0.037037	0 	0 	0.111111	
334	0.0621639	0.182274	0.0740741	0.222222	-0.037037	0 	0 	-0.111111	
109	0.0664213	0.139635	0.0740741	0.222222	-0.037037	0 	0 	-0.111111	
475	0.0119568	0.1353	0.037037	0.111111	-0.037037	0 	0 	0.111111	
169	0.0365503	0.22194	0.037037	0.111111	-0.037037	0 	0 	0.111111	
260	0.00644718	0.236204	0	0.222222	0.111111	0 	0 	0.037037	
218	0.0945578	0.240462	0	0.222222	0.111111	0 	0 	0.037037	
443	0.0962329	0.267769	0.111111	0.259259	-0.111111	0 	0 	0.037037	
86	0.0191482	0.270847	0.111111	0.259259	-0.111111	0 	0 	0.037037	
392	0.0259167	0.304047	0	0.296296	0.111111	0 	0 	0.037037	
35	0.0501661	0.31459	0	0.296296	0.111111	0 	0 	0.037037	
214	0.111429	0.295285	0.111111	0.333333	0.037037	0 	0 	-0.111111	
412	0.133059	0.257888	0.111111	0.333333	0.037037	0 	0 	-0.111111	
154	0.161218	0.229685	0.148148	0.222222	0.037037	0 	0 	0.111111	
352	0.165981	0.286694	0.148148	0.222222	0.037037	0 	0 	0.111111	
301	0.192233	0.320216	0.185185	0.333333	0.037037	0 	0 	-0.111111	
22	0.190022	0.295483	0.185185	0.333333	0.037037	0 	0 	-0.111111	
526	0.21262	0.24417	0.185185	0.333333	0.037037	0 	0 	-0.111111	
63	0.24414	0.246831	0.222222	0.222222	0.111111	0 	0 	0.037037	
348	0.301846	0.237033	0.222222	0.222222	0.111111	0 	0 	0.037037	
174	0.296179	0.289288	0.333333	0.259259	-0.111111	0 	0 	0.037037	
288	0.223594	0.278464	0.333333	0.259259	-0.111111	0 	0 	0.037037	
486	0.247895	0.296618	0.222222	0.296296	0.111111	0 	0 	0.037037	
480	0.268861	0.319616	0.222222	0.296296	0.111111	0 	0 	0.037037	
123	0.325103	0.329218	0.222222	0.296296	0.111111	0 	0 	0.037037	
229	0.355504	0.309927	0.333333	0.333333	0.037037	0 	0 	-0.111111	
454	0.367627	0.233196	0.333333	0.333333	0.037037	0 	0 	-0.111111	
97	0.38339	0.226313	0.37037	0.222222	0.037037	0 	0 	0.111111	
403	0.396675	0.261559	0.37037	0.222222	0.037037	0 	0 	0.111111	
262	0.433471	0.303155	0.407407	0.333333	0.037037	0 	0 	-0.111111	
37	0.420162	0.277749	0.407407	0.333333	0.037037	0 	0 	-0.111111	
541	0.408945	0.258738	0.407407	0.333333	0.037037	0 	0 	-0.111111	
120	0.442916	0.218552	0.444444	0.222222	-0.111111	0 	0 	-0.037037	
477	0.379941	0.193773	0.444444	0.222222	-0.111111	0 	0 	-0.037037	
492	0.349241	0.20938	0.444444	0.222222	-0.111111	0 	0 	-0.037037	
294	0.338205	0.17284	0.333333	0.185185	0.111111	0 	0 	-0.037037	
171	0.401304	0.171066	0.333333	0.185185	0.111111	0 	0 	-0.037037	
345	0.422478	0.137201	0.444444	0.148148	-0.111111	0 	0 	-0.037037	
69	0.37062	0.144503	0.444444	0.148148	-0.111111	0 	0 	-0.037037	
371	0.359035	0.0943714	0.333333	0.111111	0.037037	0 	0 	-0.111111	
146	0.337583	0.0412269	0.333333	0.111111	0.037037	0 	0 	-0.111111	
320	0.38118	0.0295442	0.37037	0	0.037037	0 	0 	0.111111	
518	0.396827	0.0611843	0.37037	0	0.037037	0 	0 	0.111111	
14	0.379574	0.078367	0.37037	0	0.037037	0 	0 	0.111111	
431	0.429355	0.0727023	0.407407	0.111111	0.037037	0 	0 	-0.111111	
206	0.415638	0.00411523	0.407407	0.111111	0.037037	0 	0 	-0.111111	
472	0.454047	0.0233196	0.444444	0	0.111111	0 	0 	0.037037	
115	0.510288	0.0329218	0.444444	0	0.111111	0 	0 	0.037037	
505	0.527122	0.00310392	0.444444	0	0.111111	0 	0 	0.037037	
55	0.546283	0.0625706	0.555556	0.037037	-0.111111	0 	0 	0.037037	
340	0.489247	0.0529185	0.555556	0.037037	-0.111111	0 	0 	0.037037	
166	0.477986	0.102501	0.444444	0.0740741	0.111111	0 	0 	0.037037	
280	0.51989	0.0932785	0.444444	0.0740741	0.111111	0 	0 	0.037037	
224	0.539483	0.133255	0.555556	0.111111	-0.037037	0 	0 	0.111111	
449	0.548354	0.162965	0.555556	0.111111	-0.037037	0 	0 	0.111111	
32	0.49302	0.20682	0.518519	0.222222	-0.037037	0 	0 	-0.111111	
257	0.50236	0.115866	0.518519	0.222222	-0.037037	0 	0 	-0.111111	
83	0.460936	0.168876	0.481481	0.111111	-0.037037	0 	0 	0.111111	
389	0.478602	0.188015	0.481481	0.111111	-0.037037	0 	0 	0.111111	
6	0.446989	0.228069	0.444444	0.222222	0.111111	0 	0 	0.037037	
363	0.536351	0.249657	0.444444	0.222222	0.111111	0 	0 	0.037037	
189	0.489953	0.26289	0.555556	0.259259	-0.111111	0 	0 	0.037037	
312	0.458162	0.290809	0.555556	0.259259	-0.111111	0 	0 	0.037037	
537	0.465872	0.319332	0.444444	0.296296	0.111111	0 	0 	0.037037	
414	0.503429	0.331962	0.444444	0.296296	0.111111	0 	0 	0.037037	
138	0.522634	0.304527	0.444444	0.296296	0.111111	0 	0 	0.037037	
326	0.560675	0.324434	0.555556	0.333333	0.037037	0 	0 	-0.111111	
128	0.584362	0.292181	0.555556	0.333333	0.037037	0 	0 	-0.111111	
275	0.597593	0.240073	0.592593	0.222222	0.037037	0 	0 	0.111111	
500	0.603211	0.26624	0.592593	0.222222	0.037037	0 	0 	0.111111	
77	0.615581	0.321503	0.592593	0.222222	0.037037	0 	0 	0.111111	
467	0.641546	0.282695	0.62963	0.333333	0.037037	0 	0 	-0.111111	
188	0.662551	0.251029	0.62963	0.333333	0.037037	0 	0 	-0.111111	
298	0.640031	0.209905	0.666667	0.222222	-0.111111	0 	0 	-0.037037	
211	0.563786	0.1893	0.666667	0.222222	-0.111111	0 	0 	-0.037037	
358	0.591753	0.177882	0.555556	0.185185	0.111111	0 	0 	-0.037037	
19	0.62963	0.148148	0.555556	0.185185	0.111111	0 	0 	-0.037037	
523	0.649633	0.136967	0.666667	0.148148	-0.111111	0 	0 	-0.037037	
160	0.600507	0.120631	0.666667	0.148148	-0.111111	0 	0 	-0.037037	
409	0.577503	0.146776	0.666667	0.148148	-0.111111	0 	0 	-0.037037	
555	0.557343	0.109995	0.555556	0.111111	0.037037	0 	0 	-0.111111	
249	0.576882	0.0458565	0.555556	0.111111	0.037037	0 	0 	-0.111111	
51	0.567901	0.0123457	0.555556	0.111111	0.037037	0 	0 	-0.111111	
234	0.613169	0.0534979	0.592593	0	0.037037	0 	0 	0.111111	
432	0.626886	0.085048	0.592593	0	0.037037	0 	0 	0.111111	
102	0.646394	0.0973239	0.62963	0.111111	0.037037	0 	0 	-0.111111	
381	0.654453	0.00222843	0.62963	0.111111	0.037037	0 	0 	-0.111111	
406	0.686318	0.0354322	0.666667	0	0.111111	0 	0 	0.037037	
157	0.667409	0.0180487	0.666667	0	0.111111	0 	0 	0.037037	
529	0.771055	0.0202839	0.666667	0	0.111111	0 	0 	0.037037	
25	0.743291	0.040401	0.777778	0.037037	-0.111111	0 	0 	0.037037	
355	0.723502	0.0643734	0.777778	0.037037	-0.111111	0 	0 	0.037037	
208	0.677406	0.0769966	0.666667	0.0740741	0.111111	0 	0 	0.037037	
304	0.748569	0.107785	0.666667	0.0740741	0.111111	0 	0 	0.037037	
489	0.788971	0.0853714	0.777778	0.111111	0.037037	0 	0 	-0.111111	
291	0.78274	0.0613075	0.777778	0.111111	0.037037	0 	0 	-0.111111	
66	0.802469	0.0246914	0.777778	0.111111	0.037037	0 	0 	-0.111111	
177	0.847737	0.0658436	0.814815	0	0.037037	0 	0 	0.111111	
483	0.824417	0.0973937	0.814815	0	0.037037	0 	0 	0.111111	
117	0.87831	0.104733	0.851852	0.111111	0.037037	0 	0 	-0.111111	
342	0.857621	0.036231	0.851852	0.111111	0.037037	0 	0 	-0.111111	
254	0.953398	0.00587365	0.888889	0	0.111111	0 	0 	0.037037	
221	0.983539	0.0164609	0.888889	0	0.111111	0 	0 	0.037037	
446	0.974637	0.0416245	1	0.037037	-0.111111	0 	0 	0.037037	
560	0.930966	0.0726765	1	0.037037	-0.111111	0 	0 	0.037037	
89	0.93127	0.0544133	1	0.037037	-0.111111	0 	0 	0.037037	
395	0.936469	0.0755621	0.888889	0.0740741	0.111111	0 	0 	0.037037	
29	0.939694	0.0826985	0.888889	0.0740741	0.111111	0 	0 	0.037037	
360	0.98912	0.180992	1	0.111111	-0.037037	0 	0 	0.111111	
135	0.967891	0.187987	1	0.111111	-0.037037	0 	0 	0.111111	
420	0.945454	0.219927	0.962963	0.222222	-0.037037	0 	0 	-0.111111	
195	0.962381	0.151613	0.962963	0.222222	-0.037037	0 	0 	-0.111111	
3	0.895021	0.116224	0.925926	0.111111	-0.037037	0 	0 	0.111111	
309	0.899321	0.200687	0.925926	0.111111	-0.037037	0 	0 	0.111111	
534	0.922755	0.210964	0.925926	0.111111	-0.037037	0 	0 	0.111111	
268	0.887942	0.188159	0.888889	0.222222	-0.111111	0 	0 	-0.037037	
226	0.800681	0.203862	0.888889	0.222222	-0.111111	0 	0 	-0.037037	
400	0.844993	0.150892	0.777778	0.185185	0.111111	0 	0 	-0.037037	
43	0.864198	0.160494	0.777778	0.185185	0.111111	0 	0 	-0.037037	
547	0.875313	0.127434	0.888889	0.148148	-0.111111	0 	0 	-0.037037	
94	0.835595	0.131291	0.888889	0.148148	-0.111111	0 	0 	-0.037037	
451	0.812071	0.122085	0.888889	0.148148	-0.111111	0 	0 	-0.037037	
185	0.774383	0.153496	0.777778	0.111111	-0.037037	0 	0 	0.111111	
464	0.750343	0.171468	0.777778	0.111111	-0.037037	0 	0 	0.111111	
74	0.732951	0.208339	0.740741	0.222222	-0.037037	0 	0 	-0.111111	
497	0.7184	0.158601	0.740741	0.222222	-0.037037	0 	0 	-0.111111	
272	0.705075	0.130316	0.740741	0.222222	-0.037037	0 	0 	-0.111111	
134	0.702053	0.184879	0.703704	0.111111	-0.037037	0 	0 	0.111111	
332	0.671284	0.196678	0.703704	0.111111	-0.037037	0 	0 	0.111111	
48	0.684377	0.242382	0.666667	0.222222	0.111111	0 	0 	0.037037	
378	0.770919	0.224966	0.666667	0.222222	0.111111	0 	0 	0.037037	
240	0.710749	0.275444	0.777778	0.259259	-0.111111	0 	0 	0.037037	
246	0.69273	0.266118	0.777778	0.259259	-0.111111	0 	0 	0.037037	
552	0.688401	0.298355	0.666667	0.296296	0.111111	0 	0 	0.037037	
438	0.739396	0.310015	0.666667	0.296296	0.111111	0 	0 	0.037037	
99	0.757202	0.316872	0.666667	0.296296	0.111111	0 	0 	0.037037	
377	0.79561	0.323731	0.777778	0.333333	0.037037	0 	0 	-0.111111	
152	0.781893	0.26749	0.777778	0.333333	0.037037	0 	0 	-0.111111	
317	0.830627	0.238936	0.814815	0.222222	0.037037	0 	0 	0.111111	
515	0.837474	0.279197	0.814815	0.222222	0.037037	0 	0 	0.111111	
11	0.819082	0.290514	0.814815	0.222222	0.037037	0 	0 	0.111111	
428	0.862416	0.288752	0.851852	0.333333	0.037037	0 	0 	-0.111111	
203	0.85947	0.232065	0.851852	0.333333	0.037037	0 	0 	-0.111111	
469	0.89813	0.252689	0.888889	0.222222	0.111111	0 	0 	0.037037	
112	0.954733	0.255144	0.888889	0.222222	0.111111	0 	0 	0.037037	
511	0.979162	0.233207	0.888889	0.222222	0.111111	0 	0 	0.037037	
61	0.996776	0.291284	1	0.259259	-0.111111	0 	0 	0.037037	
337	0.932061	0.273067	1	0.259259	-0.111111	0 	0 	0.037037	
163	0.916908	0.326583	0.888889	0.296296	0.111111	0 	0 	0.037037	
286	0.964335	0.315501	0.888889	0.296296	0.111111	0 	0 	0.037037	
383	0.993821	0.338463	1	0.333333	-0.037037	0 	0 	0.111111	
104	0.985824	0.443122	1	0.333333	-0.037037	0 	0 	0.111111	
434	0.957933	0.407306	0.962963	0.444444	-0.037037	0 	0 	-0.111111	
236	0.946502	0.386831	0.962963	0.444444	-0.037037	0 	0 	-0.111111	
53	0.901235	0.345679	0.925926	0.333333	-0.037037	0 	0 	0.111111	
251	0.925922	0.382209	0.925926	0.333333	-0.037037	0 	0 	0.111111	
557	0.891632	0.441701	0.925926	0.333333	-0.037037	0 	0 	0.111111	
408	0.910837	0.48011	0.888889	0.444444	0.111111	0 	0 	0.037037	
159	0.902346	0.455597	0.888889	0.444444	0.111111	0 	0 	0.037037	
522	0.990601	0.462434	0.888889	0.444444	0.111111	0 	0 	0.037037	
18	0.969396	0.49765	1	0.481481	-0.111111	0 	0 	0.037037	
357	0.942301	0.512525	1	0.481481	-0.111111	0 	0 	0.037037	
210	0.892503	0.534274	0.888889	0.518519	0.111111	0 	0 	0.037037	
297	0.97668	0.550069	0.888889	0.518519	0.111111	0 	0 	0.037037	
187	0.984458	0.574264	1	0.555556	-0.037037	0 	0 	0.111111	
466	0.972565	0.615912	1	0.555556	-0.037037	0 	0 	0.111111	
76	0.951473	0.655605	0.962963	0.666667	-0.037037	0 	0 	-0.111111	
499	0.935735	0.604993	0.962963	0.666667	-0.037037	0 	0 	-0.111111	
274	0.927298	0.57476	0.962963	0.666667	-0.037037	0 	0 	-0.111111	
127	0.914175	0.611084	0.925926	0.555556	-0.037037	0 	0 	0.111111	
325	0.894803	0.646633	0.925926	0.555556	-0.037037	0 	0 	0.111111	
140	0.852124	0.637118	0.888889	0.666667	-0.111111	0 	0 	-0.037037	
416	0.836763	0.665295	0.888889	0.666667	-0.111111	0 	0 	-0.037037	
539	0.80574	0.653303	0.888889	0.666667	-0.111111	0 	0 	-0.037037	
314	0.790619	0.629226	0.777778	0.62963	0.111111	0 	0 	-0.037037	
191	0.823045	0.596708	0.777778	0.62963	0.111111	0 	0 	-0.037037	
365	0.869275	0.585444	0.888889	0.592593	-0.111111	0 	0 	-0.037037	
8	0.885508	0.558504	0.888889	0.592593	-0.111111	0 	0 	-0.037037	
388	0.807434	0.524244	0.777778	0.555556	0.037037	0 	0 	-0.111111	
82	0.796138	0.502039	0.777778	0.555556	0.037037	0 	0 	-0.111111	
256	0.815352	0.472094	0.814815	0.444444	0.037037	0 	0 	0.111111	
31	0.828003	0.535336	0.814815	0.444444	0.037037	0 	0 	0.111111	
448	0.854705	0.496287	0.851852	0.555556	0.037037	0 	0 	-0.111111	
223	0.873154	0.472501	0.851852	0.555556	0.037037	0 	0 	-0.111111	
279	0.850765	0.426881	0.888889	0.444444	-0.111111	0 	0 	-0.037037	
165	0.8107	0.436214	0.888889	0.444444	-0.111111	0 	0 	-0.037037	
339	0.821036	0.400271	0.777778	0.407407	0.111111	0 	0 	-0.037037	
54	0.875993	0.390033	0.777778	0.407407	0.111111	0 	0 	-0.037037	
504	0.874346	0.359482	0.888889	0.37037	-0.111111	0 	0 	-0.037037	
114	0.842719	0.366827	0.888889	0.37037	-0.111111	0 	0 	-0.037037	
471	0.78738	0.356653	0.888889	0.37037	-0.111111	0 	0 	-0.037037	
205	0.761836	0.336744	0.777778	0.333333	-0.037037	0 	0 	0.111111	
430	0.767243	0.411187	0.777778	0.333333	-0.037037	0 	0 	0.111111	
13	0.713816	0.403277	0.740741	0.444444	-0.037037	0 	0 	-0.111111	
517	0.729011	0.429859	0.740741	0.444444	-0.037037	0 	0 	-0.111111	
319	0.717421	0.364883	0.740741	0.444444	-0.037037	0 	0 	-0.111111	
145	0.670782	0.378601	0.703704	0.333333	-0.037037	0 	0 	0.111111	
370	0.685215	0.436842	0.703704	0.333333	-0.037037	0 	0 	0.111111	
71	0.694665	0.468592	0.666667	0.444444	0.111111	0 	0 	0.037037	
347	0.747461	0.461775	0.666667	0.444444	0.111111	0 	0 	0.037037	
173	0.735968	0.511241	0.777778	0.481481	-0.111111	0 	0 	0.037037	
296	0.763522	0.483005	0.777778	0.481481	-0.111111	0 	0 	0.037037	
494	0.676433	0.527401	0.666667	0.518519	0.111111	0 	0 	0.037037	
479	0.713306	0.541838	0.666667	0.518519	0.111111	0 	0 	0.037037	
122	0.769547	0.55144	0.666667	0.518519	0.111111	0 	0 	0.037037	
540	0.743484	0.589849	0.777778	0.555556	-0.037037	0 	0 	0.111111	
36	0.753094	0.598745	0.777778	0.555556	-0.037037	0 	0 	0.111111	
261	0.766804	0.636488	0.777778	0.555556	-0.037037	0 	0 	0.111111	
402	0.735037	0.629704	0.740741	0.666667	-0.037037	0 	0 	-0.111111	
96	0.720165	0.576132	0.740741	0.666667	-0.037037	0 	0 	-0.111111	
453	0.701792	0.560525	0.703704	0.555556	-0.037037	0 	0 	0.111111	
228	0.698371	0.613838	0.703704	0.555556	-0.037037	0 	0 	0.111111	
125	0.652475	0.659879	0.666667	0.666667	-0.111111	0 	0 	-0.037037	
482	0.666377	0.657697	0.666667	0.666667	-0.111111	0 	0 	-0.037037	
488	0.570785	0.642766	0.666667	0.666667	-0.111111	0 	0 	-0.037037	
290	0.569476	0.608424	0.555556	0.62963	0.111111	0 	0 	-0.037037	
176	0.625514	0.621399	0.555556	0.62963	0.111111	0 	0 	-0.037037	
350	0.64748	0.573552	0.666667	0.592593	-0.111111	0 	0 	-0.037037	
65	0.580247	0.580247	0.666667	0.592593	-0.111111	0 	0 	-0.037037	
525	0.542317	0.581734	0.555556	0.555556	-0.037037	0 	0 	0.111111	
21	0.518519	0.592593	0.555556	0.555556	-0.037037	0 	0 	0.111111	
300	0.532236	0.66118	0.555556	0.555556	-0.037037	0 	0 	0.111111	
351	0.496516	0.62695	0.518519	0.666667	-0.037037	0 	0 	-0.111111	
153	0.485597	0.563786	0.518519	0.666667	-0.037037	0 	0 	-0.111111	
411	0.478811	0.590821	0.481481	0.555556	-0.037037	0 	0 	0.111111	
213	0.455702	0.636011	0.481481	0.555556	-0.037037	0 	0 	0.111111	
34	0.380923	0.637604	0.444444	0.666667	-0.111111	0 	0 	-0.037037	
391	0.36399	0.637351	0.444444	0.666667	-0.111111	0 	0 	-0.037037	
85	0.347381	0.607948	0.333333	0.62963	0.111111	0 	0 	-0.037037	
442	0.43942	0.605992	0.333333	0.62963	0.111111	0 	0 	-0.037037	
217	0.430963	0.568491	0.444444	0.592593	-0.111111	0 	0 	-0.037037	
259	0.396433	0.562414	0.444444	0.592593	-0.111111	0 	0 	-0.037037	
168	0.366255	0.547325	0.333333	0.555556	0.037037	0 	0 	-0.111111	
474	0.343071	0.48138	0.333333	0.555556	0.037037	0 	0 	-0.111111	
108	0.4017	0.477319	0.37037	0.444444	0.037037	0 	0 	0.111111	
333	0.374835	0.517179	0.37037	0.444444	0.037037	0 	0 	0.111111	
282	0.408038	0.534225	0.407407	0.555556	0.037037	0 	0 	-0.111111	
57	0.432099	0.506173	0.407407	0.555556	0.037037	0 	0 	-0.111111	
507	0.414261	0.455623	0.407407	0.555556	0.037037	0 	0 	-0.111111	
47	0.466596	0.456921	0.444444	0.444444	0.111111	0 	0 	0.037037	
386	0.548697	0.447188	0.444444	0.444444	0.111111	0 	0 	0.037037	
239	0.510242	0.496534	0.555556	0.481481	-0.111111	0 	0 	0.037037	
245	0.469821	0.489514	0.555556	0.481481	-0.111111	0 	0 	0.037037	
551	0.450558	0.552961	0.444444	0.518519	0.111111	0 	0 	0.037037	
437	0.516023	0.529697	0.444444	0.518519	0.111111	0 	0 	0.037037	
107	0.535065	0.536814	0.444444	0.518519	0.111111	0 	0 	0.037037	
373	0.573969	0.538758	0.555556	0.555556	0.037037	0 	0 	-0.111111	
148	0.557091	0.479992	0.555556	0.555556	0.037037	0 	0 	-0.111111	
322	0.604822	0.477748	0.592593	0.444444	0.037037	0 	0 	0.111111	
520	0.620027	0.503429	0.592593	0.444444	0.037037	0 	0 	0.111111	
16	0.601741	0.491227	0.592593	0.444444	0.037037	0 	0 	0.111111	
424	0.651578	0.517147	0.62963	0.555556	0.037037	0 	0 	-0.111111	
199	0.634648	0.448809	0.62963	0.555556	0.037037	0 	0 	-0.111111	
264	0.655973	0.411521	0.666667	0.444444	-0.111111	0 	0 	-0.037037	
231	0.576521	0.423128	0.666667	0.444444	-0.111111	0 	0 	-0.037037	
396	0.622407	0.375408	0.555556	0.407407	0.111111	0 	0 	-0.037037	
39	0.644321	0.384077	0.555556	0.407407	0.111111	0 	0 	-0.037037	
543	0.627901	0.369779	0.666667	0.37037	-0.111111	0 	0 	-0.037037	
90	0.609053	0.353909	0.666667	0.37037	-0.111111	0 	0 	-0.037037	
456	0.589035	0.344481	0.666667	0.37037	-0.111111	0 	0 	-0.037037	
181	0.548382	0.38715	0.555556	0.333333	-0.037037	0 	0 	0.111111	
460	0.528121	0.39369	0.555556	0.333333	-0.037037	0 	0 	0.111111	
79	0.512916	0.424142	0.518519	0.444444	-0.037037	0 	0 	-0.111111	
502	0.497409	0.378483	0.518519	0.444444	-0.037037	0 	0 	-0.111111	
277	0.481848	0.350739	0.518519	0.444444	-0.037037	0 	0 	-0.111111	
130	0.473251	0.403292	0.481481	0.333333	-0.037037	0 	0 	0.111111	
328	0.449931	0.422497	0.481481	0.333333	-0.037037	0 	0 	0.111111	
143	0.415819	0.413919	0.444444	0.444444	-0.111111	0 	0 	-0.037037	
419	0.391557	0.44218	0.444444	0.444444	-0.111111	0 	0 	-0.037037	
533	0.360768	0.429355	0.444444	0.444444	-0.111111	0 	0 	-0.037037	
308	0.347485	0.398889	0.333333	0.407407	0.111111	0 	0 	-0.037037	
194	0.37878	0.370737	0.333333	0.407407	0.111111	0 	0 	-0.037037	
368	0.425839	0.361895	0.444444	0.37037	-0.111111	0 	0 	-0.037037	
2	0.336382	0.334052	0.444444	0.37037	-0.111111	0 	0 	-0.037037	
220	0.317511	0.355307	0.333333	0.333333	-0.037037	0 	0 	0.111111	
445	0.330126	0.377005	0.333333	0.333333	-0.037037	0 	0 	0.111111	
28	0.292105	0.434447	0.296296	0.444444	-0.037037	0 	0 	-0.111111	
559	0.26653	0.409088	0.296296	0.444444	-0.037037	0 	0 	-0.111111	
253	0.283028	0.33837	0.296296	0.444444	-0.037037	0 	0 	-0.111111	
88	0.230424	0.388627	0.259259	0.333333	-0.037037	0 	0 	0.111111	
394	0.255082	0.411652	0.259259	0.333333	-0.037037	0 	0 	0.111111	
5	0.223007	0.467479	0.222222	0.444444	0.111111	0 	0 	0.037037	
362	0.314129	0.471879	0.222222	0.444444	0.111111	0 	0 	0.037037	
197	0.266884	0.487325	0.333333	0.481481	-0.111111	0 	0 	0.037037	
311	0.236741	0.51301	0.333333	0.481481	-0.111111	0 	0 	0.037037	
536	0.247979	0.544607	0.222222	0.518519	0.111111	0 	0 	0.037037	
422	0.280452	0.552558	0.222222	0.518519	0.111111	0 	0 	0.037037	
137	0.303885	0.526599	0.222222	0.518519	0.111111	0 	0 	0.037037	
510	0.310317	0.564734	0.333333	0.555556	-0.037037	0 	0 	0.111111	
60	0.325907	0.616385	0.333333	0.555556	-0.037037	0 	0 	0.111111	
285	0.297668	0.648834	0.333333	0.555556	-0.037037	0 	0 	0.111111	
336	0.292766	0.655782	0.296296	0.666667	-0.037037	0 	0 	-0.111111	
111	0.287257	0.585851	0.296296	0.666667	-0.037037	0 	0 	-0.111111	
468	0.247895	0.577086	0.259259	0.555556	-0.037037	0 	0 	0.111111	
162	0.2555	0.65563	0.259259	0.555556	-0.037037	0 	0 	0.111111	
10	0.148148	0.62963	0.222222	0.666667	-0.111111	0 	0 	-0.037037	
376	0.12866	0.662162	0.222222	0.666667	-0.111111	0 	0 	-0.037037	
151	0.123637	0.622768	0.111111	0.62963	0.111111	0 	0 	-0.037037	
514	0.175583	0.61454	0.111111	0.62963	0.111111	0 	0 	-0.037037	
427	0.207225	0.627283	0.111111	0.62963	0.111111	0 	0 	-0.037037	
202	0.21902	0.590185	0.222222	0.592593	-0.111111	0 	0 	-0.037037	
316	0.161866	0.587106	0.222222	0.592593	-0.111111	0 	0 	-0.037037	
225	0.134719	0.534834	0.111111	0.555556	0.037037	0 	0 	-0.111111	
450	0.14808	0.454904	0.111111	0.555556	0.037037	0 	0 	-0.111111	
93	0.160324	0.461093	0.148148	0.444444	0.037037	0 	0 	0.111111	
399	0.178326	0.484225	0.148148	0.444444	0.037037	0 	0 	0.111111	
267	0.211248	0.525377	0.185185	0.555556	0.037037	0 	0 	-0.111111	
42	0.197531	0.493827	0.185185	0.555556	0.037037	0 	0 	-0.111111	
546	0.203705	0.490502	0.185185	0.555556	0.037037	0 	0 	-0.111111	
119	0.216558	0.437522	0.222222	0.444444	-0.111111	0 	0 	-0.037037	
485	0.155266	0.426542	0.222222	0.444444	-0.111111	0 	0 	-0.037037	
491	0.125955	0.413786	0.222222	0.444444	-0.111111	0 	0 	-0.037037	
293	0.127618	0.387876	0.111111	0.407407	0.111111	0 	0 	-0.037037	
179	0.120969	0.393873	0.111111	0.407407	0.111111	0 	0 	-0.037037	
344	0.180269	0.348889	0.222222	0.37037	-0.111111	0 	0 	-0.037037	
68	0.135802	0.358025	0.222222	0.37037	-0.111111	0 	0 	-0.037037	
528	0.108568	0.343795	0.111111	0.333333	-0.037037	0 	0 	0.111111	
24	0.0740741	0.37037	0.111111	0.333333	-0.037037	0 	0 	0.111111	
303	0.0832766	0.439627	0.111111	0.333333	-0.037037	0 	0 	0.111111	
354	0.0659271	0.397667	0.0740741	0.444444	-0.037037	0 	0 	-0.111111	
156	0.0604679	0.34379	0.0740741	0.444444	-0.037037	0 	0 	-0.111111	
405	0.0208154	0.375135	0.037037	0.333333	-0.037037	0 	0 	0.111111	
207	0.0360354	0.364009	0.037037	0.333333	-0.037037	0 	0 	0.111111	
271	0.0210979	0.445449	0	0.444444	0.111111	0 	0 	0.037037	
184	0.106996	0.473251	0	0.444444	0.111111	0 	0 	0.037037	
463	0.0972906	0.504756	0.111111	0.481481	-0.111111	0 	0 	0.037037	
496	0.0471538	0.489479	0.111111	0.481481	-0.111111	0 	0 	0.037037	
133	0.0288066	0.514403	0.111111	0.481481	-0.111111	0 	0 	0.037037	
331	0.00978351	0.525191	0	0.518519	0.111111	0 	0 	0.037037	
73	0.0617284	0.54321	0	0.518519	0.111111	0 	0 	0.037037	
380	0.104854	0.571621	0.111111	0.555556	-0.037037	0 	0 	0.111111	
101	0.0889771	0.650383	0.111111	0.555556	-0.037037	0 	0 	0.111111	
440	0.0739059	0.593289	0.0740741	0.666667	-0.037037	0 	0 	-0.111111	
242	0.0591047	0.597565	0.0740741	0.666667	-0.037037	0 	0 	-0.111111	
50	0.0165711	0.57068	0.037037	0.555556	-0.037037	0 	0 	0.111111	
248	0.034513	0.644008	0.037037	0.555556	-0.037037	0 	0 	0.111111	
554	0.0247577	0.582872	0.037037	0.555556	-0.037037	0 	0 	0.111111	
318	0.0449651	0.689717	0	0.666667	0.111111	0 	0 	0.037037	
204	0.0823045	0.670782	0	0.666667	0.111111	0 	0 	0.037037	
429	0.0943558	0.737003	0.111111	0.703704	-0.111111	0 	0 	0.037037	
516	0.0752787	0.723284	0.111111	0.703704	-0.111111	0 	0 	0.037037	
144	0.00411523	0.711934	0.111111	0.703704	-0.111111	0 	0 	0.037037	
369	0.0213549	0.74621	0	0.740741	0.111111	0 	0 	0.037037	
12	0.0415204	0.741442	0	0.740741	0.111111	0 	0 	0.037037	
167	0.144033	0.769547	0.111111	0.777778	0.037037	0 	0 	-0.111111	
473	0.11342	0.686695	0.111111	0.777778	0.037037	0 	0 	-0.111111	
116	0.154121	0.691764	0.148148	0.666667	0.037037	0 	0 	0.111111	
341	0.152065	0.708418	0.148148	0.666667	0.037037	0 	0 	0.111111	
281	0.192388	0.755713	0.185185	0.777778	0.037037	0 	0 	-0.111111	
56	0.191647	0.727801	0.185185	0.777778	0.037037	0 	0 	-0.111111	
506	0.200565	0.777492	0.185185	0.777778	0.037037	0 	0 	-0.111111	
52	0.23564	0.677876	0.222222	0.666667	0.111111	0 	0 	0.037037	
382	0.326475	0.66941	0.222222	0.666667	0.111111	0 	0 	0.037037	
235	0.279736	0.721224	0.333333	0.703704	-0.111111	0 	0 	0.037037	
250	0.248285	0.710562	0.333333	0.703704	-0.111111	0 	0 	0.037037	
556	0.225986	0.770904	0.222222	0.740741	0.111111	0 	0 	0.037037	
433	0.295588	0.753152	0.222222	0.740741	0.111111	0 	0 	0.037037	
103	0.312757	0.761317	0.222222	0.740741	0.111111	0 	0 	0.037037	
524	0.324346	0.827229	0.333333	0.777778	-0.037037	0 	0 	0.111111	
20	0.33155	0.795306	0.333333	0.777778	-0.037037	0 	0 	0.111111	
299	0.310014	0.883402	0.333333	0.777778	-0.037037	0 	0 	0.111111	
359	0.275201	0.849749	0.296296	0.888889	-0.037037	0 	0 	-0.111111	
161	0.263374	0.786008	0.296296	0.888889	-0.037037	0 	0 	-0.111111	
410	0.258266	0.833184	0.259259	0.777778	-0.037037	0 	0 	0.111111	
212	0.230453	0.855967	0.259259	0.777778	-0.037037	0 	0 	0.111111	
30	0.161755	0.863221	0.222222	0.888889	-0.111111	0 	0 	-0.037037	
387	0.141289	0.854595	0.222222	0.888889	-0.111111	0 	0 	-0.037037	
81	0.123096	0.82437	0.111111	0.851852	0.111111	0 	0 	-0.037037	
447	0.219479	0.825789	0.111111	0.851852	0.111111	0 	0 	-0.037037	
222	0.205147	0.813595	0.222222	0.814815	-0.111111	0 	0 	-0.037037	
255	0.174211	0.784636	0.222222	0.814815	-0.111111	0 	0 	-0.037037	
346	0.079561	0.792867	0.111111	0.777778	-0.037037	0 	0 	0.111111	
121	0.104667	0.882792	0.111111	0.777778	-0.037037	0 	0 	0.111111	
478	0.0518652	0.874099	0.0740741	0.888889	-0.037037	0 	0 	-0.111111	
172	0.0687438	0.862852	0.0740741	0.888889	-0.037037	0 	0 	-0.111111	
70	0.0134379	0.800306	0.037037	0.777778	-0.037037	0 	0 	0.111111	
295	0.0361045	0.807382	0.037037	0.777778	-0.037037	0 	0 	0.111111	
493	0.033038	0.837844	0.037037	0.777778	-0.037037	0 	0 	0.111111	
455	0.0022322	0.915448	0	0.888889	0.111111	0 	0 	0.037037	
98	0.049926	0.912777	0	0.888889	0.111111	0 	0 	0.037037	
542	0.063057	0.921553	0	0.888889	0.111111	0 	0 	0.037037	
38	0.0835001	0.925927	0.111111	0.925926	-0.111111	0 	0 	0.037037	
404	0.0989383	0.948776	0.111111	0.925926	-0.111111	0 	0 	0.037037	
230	0.00154002	0.980351	0	0.962963	0.111111	0 	0 	0.037037	
263	0.101016	0.969743	0	0.962963	0.111111	0 	0 	0.037037	
538	0.13281	0.976386	0.111111	1	0.037037	0 	0 	-0.111111	
313	0.123711	0.950897	0.111111	1	0.037037	0 	0 	-0.111111	
7	0.120237	0.89671	0.111111	1	0.037037	0 	0 	-0.111111	
190	0.161543	0.902365	0.148148	0.888889	0.037037	0 	0 	0.111111	
415	0.170096	0.998628	0.148148	0.888889	0.037037	0 	0 	0.111111	
139	0.187524	0.949544	0.185185	1	0.037037	0 	0 	-0.111111	
364	0.203018	0.916324	0.185185	1	0.037037	0 	0 	-0.111111	
273	0.235946	0.889042	0.222222	0.888889	0.111111	0 	0 	0.037037	
186	0.331865	0.917632	0.222222	0.888889	0.111111	0 	0 	0.037037	
465	0.304066	0.947678	0.333333	0.925926	-0.111111	0 	0 	0.037037	
498	0.270438	0.935423	0.333333	0.925926	-0.111111	0 	0 	0.037037	
126	0.251286	0.962872	0.333333	0.925926	-0.111111	0 	0 	0.037037	
324	0.254504	0.971284	0.222222	0.962963	0.111111	0 	0 	0.037037	
75	0.277172	0.989097	0.222222	0.962963	0.111111	0 	0 	0.037037	
553	0.333674	0.994814	0.333333	1	0.037037	0 	0 	-0.111111	
247	0.35782	0.935728	0.333333	1	0.037037	0 	0 	-0.111111	
49	0.346775	0.902892	0.333333	1	0.037037	0 	0 	-0.111111	
241	0.393282	0.952204	0.37037	0.888889	0.037037	0 	0 	0.111111	
439	0.404274	0.971472	0.37037	0.888889	0.037037	0 	0 	0.111111	
100	0.425891	0.985074	0.407407	1	0.037037	0 	0 	-0.111111	
379	0.437586	0.891632	0.407407	1	0.037037	0 	0 	-0.111111	
72	0.394708	0.876698	0.444444	0.888889	-0.111111	0 	0 	-0.037037	
330	0.33844	0.870086	0.444444	0.888889	-0.111111	0 	0 	-0.037037	
132	0.36369	0.848248	0.333333	0.851852	0.111111	0 	0 	-0.037037	
495	0.38546	0.824417	0.333333	0.851852	0.111111	0 	0 	-0.037037	
462	0.41701	0.838134	0.333333	0.851852	0.111111	0 	0 	-0.037037	
183	0.425958	0.804316	0.444444	0.814815	-0.111111	0 	0 	-0.037037	
270	0.372342	0.807079	0.444444	0.814815	-0.111111	0 	0 	-0.037037	
209	0.342925	0.747454	0.333333	0.777778	0.037037	0 	0 	-0.111111	
407	0.352171	0.702307	0.333333	0.777778	0.037037	0 	0 	-0.111111	
158	0.38452	0.67709	0.37037	0.666667	0.037037	0 	0 	0.111111	
356	0.370765	0.684716	0.37037	0.666667	0.037037	0 	0 	0.111111	
305	0.421283	0.755095	0.407407	0.777778	0.037037	0 	0 	-0.111111	
26	0.407407	0.703704	0.407407	0.777778	0.037037	0 	0 	-0.111111	
530	0.43052	0.688409	0.407407	0.777778	0.037037	0 	0 	-0.111111	
67	0.468329	0.695341	0.444444	0.666667	0.111111	0 	0 	0.037037	
343	0.52384	0.680209	0.444444	0.666667	0.111111	0 	0 	0.037037	
178	0.551579	0.710742	0.555556	0.703704	-0.111111	0 	0 	0.037037	
292	0.445816	0.722908	0.555556	0.703704	-0.111111	0 	0 	0.037037	
490	0.460057	0.742764	0.444444	0.740741	0.111111	0 	0 	0.037037	
484	0.491316	0.761373	0.444444	0.740741	0.111111	0 	0 	0.037037	
118	0.547325	0.773663	0.444444	0.740741	0.111111	0 	0 	0.037037	
548	0.519913	0.811641	0.555556	0.777778	-0.037037	0 	0 	0.111111	
44	0.530864	0.82716	0.555556	0.777778	-0.037037	0 	0 	0.111111	
269	0.546823	0.849895	0.555556	0.777778	-0.037037	0 	0 	0.111111	
401	0.51166	0.817558	0.518519	0.888889	-0.037037	0 	0 	-0.111111	
95	0.497942	0.798354	0.518519	0.888889	-0.037037	0 	0 	-0.111111	
452	0.474325	0.784385	0.481481	0.777778	-0.037037	0 	0 	0.111111	
227	0.459839	0.865571	0.481481	0.777778	-0.037037	0 	0 	0.111111	
315	0.495337	0.921243	0.444444	0.888889	0.111111	0 	0 	0.037037	
201	0.484627	0.893395	0.444444	0.888889	0.111111	0 	0 	0.037037	
426	0.538475	0.948328	0.555556	0.925926	-0.111111	0 	0 	0.037037	
513	0.519303	0.937247	0.555556	0.925926	-0.111111	0 	0 	0.037037	
150	0.444568	0.933357	0.555556	0.925926	-0.111111	0 	0 	0.037037	
375	0.475427	0.990277	0.444444	0.962963	0.111111	0 	0 	0.037037	
9	0.489087	0.963463	0.444444	0.962963	0.111111	0 	0 	0.037037	
164	0.588477	0.99177	0.555556	1	0.037037	0 	0 	-0.111111	
470	0.564371	0.924132	0.555556	1	0.037037	0 	0 	-0.111111	
113	0.621399	0.921811	0.592593	0.888889	0.037037	0 	0 	0.111111	
338	0.599947	0.955611	0.592593	0.888889	0.037037	0 	0 	0.111111	
287	0.630974	0.975294	0.62963	1	0.037037	0 	0 	-0.111111	
62	0.636325	0.984553	0.62963	1	0.037037	0 	0 	-0.111111	
512	0.632065	0.897825	0.62963	1	0.037037	0 	0 	-0.111111	
136	0.633364	0.861514	0.666667	0.888889	-0.111111	0 	0 	-0.037037	
421	0.614897	0.883422	0.666667	0.888889	-0.111111	0 	0 	-0.037037	
535	0.577133	0.873756	0.666667	0.888889	-0.111111	0 	0 	-0.037037	
310	0.574052	0.830268	0.555556	0.851852	0.111111	0 	0 	-0.037037	
196	0.600823	0.81893	0.555556	0.851852	0.111111	0 	0 	-0.037037	
361	0.659238	0.795841	0.666667	0.814815	-0.111111	0 	0 	-0.037037	
4	0.554801	0.780416	0.666667	0.814815	-0.111111	0 	0 	-0.037037	
393	0.585734	0.743484	0.555556	0.777778	0.037037	0 	0 	-0.111111	
87	0.565312	0.723362	0.555556	0.777778	0.037037	0 	0 	-0.111111	
252	0.618656	0.673525	0.592593	0.666667	0.037037	0 	0 	0.111111	
558	0.595336	0.737997	0.592593	0.666667	0.037037	0 	0 	0.111111	
27	0.605804	0.758678	0.592593	0.666667	0.037037	0 	0 	0.111111	
444	0.669916	0.715047	0.62963	0.777778	0.037037	0 	0 	-0.111111	
219	0.651562	0.683738	0.62963	0.777778	0.037037	0 	0 	-0.111111	
1	0.667123	0.672325	0.666667	0.666667	0.111111	0 	0 	0.037037	
367	0.759267	0.69806	0.666667	0.666667	0.111111	0 	0 	0.037037	
193	0.711934	0.707819	0.777778	0.703704	-0.111111	0 	0 	0.037037	
307	0.680384	0.735254	0.777778	0.703704	-0.111111	0 	0 	0.037037	
532	0.683431	0.769832	0.666667	0.740741	0.111111	0 	0 	0.037037	
418	0.725652	0.776406	0.666667	0.740741	0.111111	0 	0 	0.037037	
142	0.744856	0.748971	0.666667	0.740741	0.111111	0 	0 	0.037037	
327	0.781222	0.722151	0.777778	0.777778	0.037037	0 	0 	-0.111111	
129	0.802888	0.731749	0.777778	0.777778	0.037037	0 	0 	-0.111111	
276	0.818071	0.749963	0.814815	0.666667	0.037037	0 	0 	0.111111	
501	0.829273	0.713905	0.814815	0.666667	0.037037	0 	0 	0.111111	
78	0.839506	0.765432	0.814815	0.666667	0.037037	0 	0 	0.111111	
459	0.858755	0.712913	0.851852	0.777778	0.037037	0 	0 	-0.111111	
180	0.884774	0.695473	0.851852	0.777778	0.037037	0 	0 	-0.111111	
458	0.923182	0.677641	0.888889	0.666667	0.111111	0 	0 	0.037037	
92	0.930424	0.683233	0.888889	0.666667	0.111111	0 	0 	0.037037	
545	0.965706	0.70096	0.888889	0.666667	0.111111	0 	0 	0.037037	
41	0.982815	0.734941	1	0.703704	-0.111111	0 	0 	0.037037	
398	0.954276	0.707507	1	0.703704	-0.111111	0 	0 	0.037037	
233	0.900865	0.767132	0.888889	0.740741	0.111111	0 	0 	0.037037	
266	0.982967	0.748555	0.888889	0.740741	0.111111	0 	0 	0.037037	
198	0.976907	0.790727	1	0.777778	-0.037037	0 	0 	0.111111	
423	0.995318	0.860456	1	0.777778	-0.037037	0 	0 	0.111111	
15	0.929695	0.866216	0.962963	0.888889	-0.037037	0 	0 	-0.111111	
519	0.953998	0.811309	0.962963	0.888889	-0.037037	0 	0 	-0.111111	
321	0.939643	0.809328	0.962963	0.888889	-0.037037	0 	0 	-0.111111	
147	0.900911	0.820698	0.925926	0.777778	-0.037037	0 	0 	0.111111	
372	0.906722	0.879287	0.925926	0.777778	-0.037037	0 	0 	0.111111	
106	0.847492	0.88539	0.888889	0.888889	-0.111111	0 	0 	-0.037037	
436	0.849108	0.862826	0.888889	0.888889	-0.111111	0 	0 	-0.037037	
550	0.780521	0.886145	0.888889	0.888889	-0.111111	0 	0 	-0.037037	
244	0.794855	0.827198	0.777778	0.851852	0.111111	0 	0 	-0.037037	
238	0.838127	0.843127	0.777778	0.851852	0.111111	0 	0 	-0.037037	
385	0.881401	0.801881	0.888889	0.814815	-0.111111	0 	0 	-0.037037	
46	0.868085	0.804318	0.888889	0.814815	-0.111111	0 	0 	-0.037037	
509	0.756159	0.783371	0.777778	0.777778	-0.037037	0 	0 	0.111111	
59	0.77052	0.84774	0.777778	0.777778	-0.037037	0 	0 	0.111111	
284	0.742451	0.869281	0.777778	0.777778	-0.037037	0 	0 	0.111111	
335	0.705551	0.836061	0.740741	0.888889	-0.037037	0 	0 	-0.111111	
110	0.738551	0.852259	0.740741	0.888889	-0.037037	0 	0 	-0.111111	
476	0.692103	0.802294	0.703704	0.777778	-0.037037	0 	0 	0.111111	
170	0.700636	0.884209	0.703704	0.777778	-0.037037	0 	0 	0.111111	
258	0.667122	0.903214	0.666667	0.888889	0.111111	0 	0 	0.037037	
216	0.679808	0.916114	0.666667	0.888889	0.111111	0 	0 	0.037037	
441	0.760521	0.939098	0.777778	0.925926	-0.111111	0 	0 	0.037037	
84	0.682938	0.939037	0.777778	0.925926	-0.111111	0 	0 	0.037037	
390	0.717676	0.966394	0.666667	0.962963	0.111111	0 	0 	0.037037	
33	0.70758	0.98512	0.666667	0.962963	0.111111	0 	0 	0.037037	
215	0.793072	0.959723	0.777778	1	0.037037	0 	0 	-0.111111	
413	0.799726	0.924554	0.777778	1	0.037037	0 	0 	-0.111111	
155	0.822614	0.899503	0.814815	0.888889	0.037037	0 	0 	0.111111	
353	0.821604	0.96424	0.814815	0.888889	0.037037	0 	0 	0.111111	
302	0.869841	0.975222	0.851852	1	0.037037	0 	0 	-0.111111	
23	0.856513	0.933929	0.851852	1	0.037037	0 	0 	-0.111111	
527	0.876538	0.909125	0.851852	1	0.037037	0 	0 	-0.111111	
64	0.914815	0.91635	0.888889	0.888889	0.111111	0 	0 	0.037037	
349	0.96845	0.903978	0.888889	0.888889	0.111111	0 	0 	0.037037	
175	0.991843	0.93472	1	0.925926	-0.111111	0 	0 	0.037037	
289	0.890261	0.94513	1	0.925926	-0.111111	0 	0 	0.037037	
487	0.911351	0.971229	0.888889	0.962963	0.111111	0 	0 	0.037037	
481	0.930474	0.992155	0.888889	0.962963	0.111111	0 	0 	0.037037	
124	0.99177	0.995885	0.888889	0.962963	0.111111	0 	0 	0.037037	
