0	0.0179637	0.00237068	0	0	0.111111	0 	0 	0.037037	
192	0.0399855	0.0410338	0.111111	0.037037	-0.111111	0 	0 	0.037037	
141	0.0806535	0.0877949	0	0.0740741	0.111111	0 	0 	0.037037	
131	0.119087	0.0717777	0.111111	0.111111	0.037037	0 	0 	-0.111111	
80	0.148428	0.0141068	0.148148	0	0.037037	0 	0 	0.111111	
182	0.217446	0.0335882	0.185185	0.111111	0.037037	0 	0 	-0.111111	
91	0.26955	0.0181268	0.222222	0	0.111111	0 	0 	0.037037	
40	0.290908	0.0647832	0.333333	0.037037	-0.111111	0 	0 	0.037037	
232	0.239794	0.0909099	0.222222	0.0740741	0.111111	0 	0 	0.037037	
200	0.317833	0.120092	0.333333	0.111111	-0.037037	0 	0 	0.111111	
17	0.282276	0.187119	0.296296	0.222222	-0.037037	0 	0 	-0.111111	
149	0.256782	0.156666	0.259259	0.111111	-0.037037	0 	0 	0.111111	
105	0.198506	0.207252	0.222222	0.222222	-0.111111	0 	0 	-0.037037	
243	0.138602	0.156876	0.111111	0.185185	0.111111	0 	0 	-0.037037	
237	0.168748	0.167614	0.111111	0.185185	0.111111	0 	0 	-0.037037	
45	0.204058	0.137473	0.222222	0.148148	-0.111111	0 	0 	-0.037037	
58	0.0968718	0.112971	0.111111	0.111111	-0.037037	0 	0 	0.111111	
109	0.0589318	0.194388	0.0740741	0.222222	-0.037037	0 	0 	-0.111111	
169	0.0324709	0.212395	0.037037	0.111111	-0.037037	0 	0 	0.111111	
218	0.0833237	0.235395	0	0.222222	0.111111	0 	0 	0.037037	
86	0.0164609	0.279835	0.111111	0.259259	-0.111111	0 	0 	0.037037	
35	0.0493133	0.317883	0	0.296296	0.111111	0 	0 	0.037037	
214	0.129822	0.287653	0.111111	0.333333	0.037037	0 	0 	-0.111111	
154	0.164953	0.258994	0.148148	0.222222	0.037037	0 	0 	0.111111	
22	0.187236	0.298904	0.185185	0.333333	0.037037	0 	0 	-0.111111	
63	0.245211	0.23759	0.222222	0.222222	0.111111	0 	0 	0.037037	
174	0.299175	0.268309	0.333333	0.259259	-0.111111	0 	0 	0.037037	
123	0.325103	0.329218	0.222222	0.296296	0.111111	0 	0 	0.037037	
229	0.35398	0.308519	0.333333	0.333333	0.037037	0 	0 	-0.111111	
97	0.386831	0.242798	0.37037	0.222222	0.037037	0 	0 	0.111111	
37	0.416455	0.278717	0.407407	0.333333	0.037037	0 	0 	-0.111111	
120	0.43734	0.220672	0.444444	0.222222	-0.111111	0 	0 	-0.037037	
171	0.403292	0.176955	0.333333	0.185185	0.111111	0 	0 	-0.037037	
69	0.35804	0.139088	0.444444	0.148148	-0.111111	0 	0 	-0.037037	
146	0.365018	0.0494629	0.333333	0.111111	0.037037	0 	0 	-0.111111	
14	0.380944	0.0710498	0.37037	0	0.037037	0 	0 	0.111111	
206	0.417744	0.0032314	0.407407	0.111111	0.037037	0 	0 	-0.111111	
115	0.510288	0.0329218	0.444444	0	0.111111	0 	0 	0.037037	
55	0.548372	0.0616117	0.555556	0.037037	-0.111111	0 	0 	0.037037	
166	0.479143	0.102498	0.444444	0.0740741	0.111111	0 	0 	0.037037	
224	0.547684	0.133051	0.555556	0.111111	-0.037037	0 	0 	0.111111	
32	0.501918	0.197154	0.518519	0.222222	-0.037037	0 	0 	-0.111111	
83	0.460563	0.167549	0.481481	0.111111	-0.037037	0 	0 	0.111111	
6	0.452425	0.222246	0.444444	0.222222	0.111111	0 	0 	0.037037	
189	0.488095	0.263363	0.555556	0.259259	-0.111111	0 	0 	0.037037	
138	0.518157	0.303863	0.444444	0.296296	0.111111	0 	0 	0.037037	
128	0.583775	0.295665	0.555556	0.333333	0.037037	0 	0 	-0.111111	
77	0.6178	0.308808	0.592593	0.222222	0.037037	0 	0 	0.111111	
188	0.660472	0.248331	0.62963	0.333333	0.037037	0 	0 	-0.111111	
211	0.561286	0.187924	0.666667	0.222222	-0.111111	0 	0 	-0.037037	
19	0.62963	0.148148	0.555556	0.185185	0.111111	0 	0 	-0.037037	
160	0.648211	0.116124	0.666667	0.148148	-0.111111	0 	0 	-0.037037	
51	0.576635	0.0114603	0.555556	0.111111	0.037037	0 	0 	-0.111111	
234	0.613169	0.0534979	0.592593	0	0.037037	0 	0 	0.111111	
102	0.634329	0.0883926	0.62963	0.111111	0.037037	0 	0 	-0.111111	
157	0.707819	0.00823045	0.666667	0	0.111111	0 	0 	0.037037	
25	0.753677	0.0414692	0.777778	0.037037	-0.111111	0 	0 	0.037037	
208	0.712381	0.0771278	0.666667	0.0740741	0.111111	0 	0 	0.037037	
66	0.802469	0.0246914	0.777778	0.111111	0.037037	0 	0 	-0.111111	
177	0.847737	0.0658436	0.814815	0	0.037037	0 	0 	0.111111	
117	0.886546	0.104467	0.851852	0.111111	0.037037	0 	0 	-0.111111	
221	0.95349	0.0134262	0.888889	0	0.111111	0 	0 	0.037037	
89	0.90535	0.0576132	1	0.037037	-0.111111	0 	0 	0.037037	
29	0.937045	0.0867177	0.888889	0.0740741	0.111111	0 	0 	0.037037	
135	0.980907	0.196326	1	0.111111	-0.037037	0 	0 	0.111111	
195	0.940214	0.173667	0.962963	0.222222	-0.037037	0 	0 	-0.111111	
3	0.907767	0.150549	0.925926	0.111111	-0.037037	0 	0 	0.111111	
226	0.799787	0.203527	0.888889	0.222222	-0.111111	0 	0 	-0.037037	
43	0.844532	0.157664	0.777778	0.185185	0.111111	0 	0 	-0.037037	
94	0.830506	0.138517	0.888889	0.148148	-0.111111	0 	0 	-0.037037	
185	0.77649	0.120771	0.777778	0.111111	-0.037037	0 	0 	0.111111	
74	0.730634	0.21843	0.740741	0.222222	-0.037037	0 	0 	-0.111111	
134	0.702442	0.178068	0.703704	0.111111	-0.037037	0 	0 	0.111111	
48	0.679119	0.237371	0.666667	0.222222	0.111111	0 	0 	0.037037	
240	0.72428	0.27572	0.777778	0.259259	-0.111111	0 	0 	0.037037	
99	0.7571	0.322271	0.666667	0.296296	0.111111	0 	0 	0.037037	
152	0.78332	0.261396	0.777778	0.333333	0.037037	0 	0 	-0.111111	
11	0.823066	0.290548	0.814815	0.222222	0.037037	0 	0 	0.111111	
203	0.87074	0.228834	0.851852	0.333333	0.037037	0 	0 	-0.111111	
112	0.953358	0.253511	0.888889	0.222222	0.111111	0 	0 	0.037037	
61	0.985488	0.281705	1	0.259259	-0.111111	0 	0 	0.037037	
163	0.92421	0.326041	0.888889	0.296296	0.111111	0 	0 	0.037037	
104	0.995332	0.409639	1	0.333333	-0.037037	0 	0 	0.111111	
236	0.962197	0.401568	0.962963	0.444444	-0.037037	0 	0 	-0.111111	
53	0.895668	0.344969	0.925926	0.333333	-0.037037	0 	0 	0.111111	
159	0.936797	0.444559	0.888889	0.444444	0.111111	0 	0 	0.037037	
18	0.97234	0.501129	1	0.481481	-0.111111	0 	0 	0.037037	
210	0.897296	0.529994	0.888889	0.518519	0.111111	0 	0 	0.037037	
187	0.986438	0.584462	1	0.555556	-0.037037	0 	0 	0.111111	
76	0.949254	0.613066	0.962963	0.666667	-0.037037	0 	0 	-0.111111	
127	0.92234	0.628759	0.925926	0.555556	-0.037037	0 	0 	0.111111	
140	0.863911	0.637221	0.888889	0.666667	-0.111111	0 	0 	-0.037037	
191	0.820479	0.606485	0.777778	0.62963	0.111111	0 	0 	-0.037037	
8	0.796677	0.560546	0.888889	0.592593	-0.111111	0 	0 	-0.037037	
82	0.788028	0.474187	0.777778	0.555556	0.037037	0 	0 	-0.111111	
31	0.831693	0.524038	0.814815	0.444444	0.037037	0 	0 	0.111111	
223	0.864444	0.467484	0.851852	0.555556	0.037037	0 	0 	-0.111111	
165	0.810696	0.434403	0.888889	0.444444	-0.111111	0 	0 	-0.037037	
54	0.872114	0.394855	0.777778	0.407407	0.111111	0 	0 	-0.037037	
114	0.842961	0.367589	0.888889	0.37037	-0.111111	0 	0 	-0.037037	
205	0.747793	0.336469	0.777778	0.333333	-0.037037	0 	0 	0.111111	
13	0.702067	0.409077	0.740741	0.444444	-0.037037	0 	0 	-0.111111	
145	0.688422	0.36047	0.703704	0.333333	-0.037037	0 	0 	0.111111	
71	0.675008	0.469959	0.666667	0.444444	0.111111	0 	0 	0.037037	
173	0.736284	0.508505	0.777778	0.481481	-0.111111	0 	0 	0.037037	
122	0.763186	0.545606	0.666667	0.518519	0.111111	0 	0 	0.037037	
36	0.753086	0.604938	0.777778	0.555556	-0.037037	0 	0 	0.111111	
96	0.717146	0.577974	0.740741	0.666667	-0.037037	0 	0 	-0.111111	
228	0.696663	0.653176	0.703704	0.555556	-0.037037	0 	0 	0.111111	
125	0.654494	0.660609	0.666667	0.666667	-0.111111	0 	0 	-0.037037	
176	0.629967	0.619981	0.555556	0.62963	0.111111	0 	0 	-0.037037	
65	0.589572	0.576855	0.666667	0.592593	-0.111111	0 	0 	-0.037037	
21	0.518519	0.592593	0.555556	0.555556	-0.037037	0 	0 	0.111111	
153	0.485597	0.563786	0.518519	0.666667	-0.037037	0 	0 	-0.111111	
213	0.455392	0.636143	0.481481	0.555556	-0.037037	0 	0 	0.111111	
34	0.382716	0.641975	0.444444	0.666667	-0.111111	0 	0 	-0.037037	
85	0.363721	0.625766	0.333333	0.62963	0.111111	0 	0 	-0.037037	
217	0.393122	0.571426	0.444444	0.592593	-0.111111	0 	0 	-0.037037	
168	0.339023	0.555059	0.333333	0.555556	0.037037	0 	0 	-0.111111	
108	0.399177	0.477366	0.37037	0.444444	0.037037	0 	0 	0.111111	
57	0.432099	0.506173	0.407407	0.555556	0.037037	0 	0 	-0.111111	
47	0.446986	0.450552	0.444444	0.444444	0.111111	0 	0 	0.037037	
239	0.537232	0.482463	0.555556	0.481481	-0.111111	0 	0 	0.037037	
245	0.468956	0.485701	0.555556	0.481481	-0.111111	0 	0 	0.037037	
107	0.534979	0.539095	0.444444	0.518519	0.111111	0 	0 	0.037037	
148	0.563874	0.537372	0.555556	0.555556	0.037037	0 	0 	-0.111111	
16	0.602438	0.513559	0.592593	0.444444	0.037037	0 	0 	0.111111	
199	0.643578	0.449742	0.62963	0.555556	0.037037	0 	0 	-0.111111	
231	0.57834	0.42777	0.666667	0.444444	-0.111111	0 	0 	-0.037037	
39	0.644197	0.380021	0.555556	0.407407	0.111111	0 	0 	-0.037037	
90	0.606357	0.35959	0.666667	0.37037	-0.111111	0 	0 	-0.037037	
181	0.549261	0.350097	0.555556	0.333333	-0.037037	0 	0 	0.111111	
79	0.507678	0.389562	0.518519	0.444444	-0.037037	0 	0 	-0.111111	
130	0.476372	0.411028	0.481481	0.333333	-0.037037	0 	0 	0.111111	
143	0.424646	0.421661	0.444444	0.444444	-0.111111	0 	0 	-0.037037	
194	0.374349	0.371369	0.333333	0.407407	0.111111	0 	0 	-0.037037	
2	0.335905	0.340243	0.444444	0.37037	-0.111111	0 	0 	-0.037037	
220	0.327006	0.389648	0.333333	0.333333	-0.037037	0 	0 	0.111111	
28	0.293872	0.433282	0.296296	0.444444	-0.037037	0 	0 	-0.111111	
88	0.250282	0.385835	0.259259	0.333333	-0.037037	0 	0 	0.111111	
5	0.238962	0.444596	0.222222	0.444444	0.111111	0 	0 	0.037037	
197	0.26755	0.492103	0.333333	0.481481	-0.111111	0 	0 	0.037037	
137	0.310306	0.527404	0.222222	0.518519	0.111111	0 	0 	0.037037	
60	0.326299	0.639789	0.333333	0.555556	-0.037037	0 	0 	0.111111	
111	0.288774	0.608491	0.296296	0.666667	-0.037037	0 	0 	-0.111111	
162	0.25681	0.663847	0.259259	0.555556	-0.037037	0 	0 	0.111111	
10	0.144886	0.641184	0.222222	0.666667	-0.111111	0 	0 	-0.037037	
151	0.126213	0.593504	0.111111	0.62963	0.111111	0 	0 	-0.037037	
202	0.208375	0.586342	0.222222	0.592593	-0.111111	0 	0 	-0.037037	
225	0.132599	0.532699	0.111111	0.555556	0.037037	0 	0 	-0.111111	
93	0.164609	0.465021	0.148148	0.444444	0.037037	0 	0 	0.111111	
42	0.188646	0.49812	0.185185	0.555556	0.037037	0 	0 	-0.111111	
119	0.22119	0.435229	0.222222	0.444444	-0.111111	0 	0 	-0.037037	
179	0.18107	0.399177	0.111111	0.407407	0.111111	0 	0 	-0.037037	
68	0.134612	0.363378	0.222222	0.37037	-0.111111	0 	0 	-0.037037	
24	0.0991135	0.372504	0.111111	0.333333	-0.037037	0 	0 	0.111111	
156	0.0620368	0.347055	0.0740741	0.444444	-0.037037	0 	0 	-0.111111	
207	0.00823045	0.411523	0.037037	0.333333	-0.037037	0 	0 	0.111111	
184	0.106996	0.473251	0	0.444444	0.111111	0 	0 	0.037037	
133	0.0288066	0.514403	0.111111	0.481481	-0.111111	0 	0 	0.037037	
73	0.0624472	0.544685	0	0.518519	0.111111	0 	0 	0.037037	
101	0.090535	0.650206	0.111111	0.555556	-0.037037	0 	0 	0.111111	
242	0.0511245	0.626613	0.0740741	0.666667	-0.037037	0 	0 	-0.111111	
50	0.0234583	0.568594	0.037037	0.555556	-0.037037	0 	0 	0.111111	
204	0.0689138	0.670681	0	0.666667	0.111111	0 	0 	0.037037	
144	0.00411523	0.711934	0.111111	0.703704	-0.111111	0 	0 	0.037037	
12	0.0459467	0.744676	0	0.740741	0.111111	0 	0 	0.037037	
167	0.143866	0.764103	0.111111	0.777778	0.037037	0 	0 	-0.111111	
116	0.176653	0.698355	0.148148	0.666667	0.037037	0 	0 	0.111111	
56	0.192655	0.723895	0.185185	0.777778	0.037037	0 	0 	-0.111111	
52	0.225245	0.679801	0.222222	0.666667	0.111111	0 	0 	0.037037	
235	0.279835	0.720165	0.333333	0.703704	-0.111111	0 	0 	0.037037	
103	0.312757	0.761317	0.222222	0.740741	0.111111	0 	0 	0.037037	
20	0.294839	0.811105	0.333333	0.777778	-0.037037	0 	0 	0.111111	
161	0.257107	0.785909	0.296296	0.888889	-0.037037	0 	0 	-0.111111	
212	0.230453	0.855967	0.259259	0.777778	-0.037037	0 	0 	0.111111	
30	0.19742	0.872657	0.222222	0.888889	-0.111111	0 	0 	-0.037037	
81	0.129668	0.835151	0.111111	0.851852	0.111111	0 	0 	-0.037037	
222	0.207236	0.805966	0.222222	0.814815	-0.111111	0 	0 	-0.037037	
121	0.0977824	0.883129	0.111111	0.777778	-0.037037	0 	0 	0.111111	
172	0.0690854	0.833796	0.0740741	0.888889	-0.037037	0 	0 	-0.111111	
70	0.0364019	0.795621	0.037037	0.777778	-0.037037	0 	0 	0.111111	
98	0.0412784	0.914029	0	0.888889	0.111111	0 	0 	0.037037	
38	0.0620969	0.937074	0.111111	0.925926	-0.111111	0 	0 	0.037037	
230	0.0127963	0.963022	0	0.962963	0.111111	0 	0 	0.037037	
7	0.120552	0.905116	0.111111	1	0.037037	0 	0 	-0.111111	
190	0.150193	0.921328	0.148148	0.888889	0.037037	0 	0 	0.111111	
139	0.217477	0.977093	0.185185	1	0.037037	0 	0 	-0.111111	
186	0.329218	0.917695	0.222222	0.888889	0.111111	0 	0 	0.037037	
126	0.245029	0.962319	0.333333	0.925926	-0.111111	0 	0 	0.037037	
75	0.289028	0.995399	0.222222	0.962963	0.111111	0 	0 	0.037037	
49	0.346062	0.897655	0.333333	1	0.037037	0 	0 	-0.111111	
241	0.383356	0.949851	0.37037	0.888889	0.037037	0 	0 	0.111111	
100	0.418428	0.985304	0.407407	1	0.037037	0 	0 	-0.111111	
72	0.404039	0.882988	0.444444	0.888889	-0.111111	0 	0 	-0.037037	
132	0.357834	0.844372	0.333333	0.851852	0.111111	0 	0 	-0.037037	
183	0.43743	0.805553	0.444444	0.814815	-0.111111	0 	0 	-0.037037	
209	0.340491	0.757289	0.333333	0.777778	0.037037	0 	0 	-0.111111	
158	0.370957	0.693594	0.37037	0.666667	0.037037	0 	0 	0.111111	
26	0.41369	0.742686	0.407407	0.777778	0.037037	0 	0 	-0.111111	
67	0.469136	0.691358	0.444444	0.666667	0.111111	0 	0 	0.037037	
178	0.513931	0.736564	0.555556	0.703704	-0.111111	0 	0 	0.037037	
118	0.543775	0.770462	0.444444	0.740741	0.111111	0 	0 	0.037037	
44	0.531983	0.831265	0.555556	0.777778	-0.037037	0 	0 	0.111111	
95	0.497192	0.790161	0.518519	0.888889	-0.037037	0 	0 	-0.111111	
227	0.478556	0.867902	0.481481	0.777778	-0.037037	0 	0 	0.111111	
201	0.52462	0.893176	0.444444	0.888889	0.111111	0 	0 	0.037037	
150	0.459197	0.931927	0.555556	0.925926	-0.111111	0 	0 	0.037037	
9	0.490886	0.96438	0.444444	0.962963	0.111111	0 	0 	0.037037	
164	0.578454	0.992145	0.555556	1	0.037037	0 	0 	-0.111111	
113	0.617658	0.917685	0.592593	0.888889	0.037037	0 	0 	0.111111	
62	0.631829	0.983394	0.62963	1	0.037037	0 	0 	-0.111111	
136	0.651495	0.853569	0.666667	0.888889	-0.111111	0 	0 	-0.037037	
196	0.599131	0.818835	0.555556	0.851852	0.111111	0 	0 	-0.037037	
4	0.557182	0.779608	0.666667	0.814815	-0.111111	0 	0 	-0.037037	
87	0.568405	0.721926	0.555556	0.777778	0.037037	0 	0 	-0.111111	
27	0.613525	0.757023	0.592593	0.666667	0.037037	0 	0 	0.111111	
219	0.64937	0.681998	0.62963	0.777778	0.037037	0 	0 	-0.111111	
1	0.686049	0.666733	0.666667	0.666667	0.111111	0 	0 	0.037037	
193	0.714769	0.711309	0.777778	0.703704	-0.111111	0 	0 	0.037037	
142	0.744856	0.748971	0.666667	0.740741	0.111111	0 	0 	0.037037	
129	0.806584	0.736626	0.777778	0.777778	0.037037	0 	0 	-0.111111	
78	0.831569	0.686259	0.814815	0.666667	0.037037	0 	0 	0.111111	
180	0.887536	0.703933	0.851852	0.777778	0.037037	0 	0 	-0.111111	
92	0.902273	0.687421	0.888889	0.666667	0.111111	0 	0 	0.037037	
41	0.969964	0.712713	1	0.703704	-0.111111	0 	0 	0.037037	
233	0.930003	0.76232	0.888889	0.740741	0.111111	0 	0 	0.037037	
198	0.964184	0.796582	1	0.777778	-0.037037	0 	0 	0.111111	
15	0.961763	0.841161	0.962963	0.888889	-0.037037	0 	0 	-0.111111	
147	0.905658	0.812134	0.925926	0.777778	-0.037037	0 	0 	0.111111	
106	0.850358	0.871795	0.888889	0.888889	-0.111111	0 	0 	-0.037037	
244	0.788315	0.848752	0.777778	0.851852	0.111111	0 	0 	-0.037037	
238	0.835391	0.831276	0.777778	0.851852	0.111111	0 	0 	-0.037037	
46	0.883661	0.806639	0.888889	0.814815	-0.111111	0 	0 	-0.037037	
59	0.770333	0.789645	0.777778	0.777778	-0.037037	0 	0 	0.111111	
110	0.726974	0.87668	0.740741	0.888889	-0.037037	0 	0 	-0.111111	
170	0.699588	0.880658	0.703704	0.777778	-0.037037	0 	0 	0.111111	
216	0.681705	0.89809	0.666667	0.888889	0.111111	0 	0 	0.037037	
84	0.748916	0.928352	0.777778	0.925926	-0.111111	0 	0 	0.037037	
33	0.690359	0.969103	0.666667	0.962963	0.111111	0 	0 	0.037037	
215	0.787833	0.960183	0.777778	1	0.037037	0 	0 	-0.111111	
155	0.81484	0.935419	0.814815	0.888889	0.037037	0 	0 	0.111111	
23	0.855131	0.920058	0.851852	1	0.037037	0 	0 	-0.111111	
64	0.92481	0.913951	0.888889	0.888889	0.111111	0 	0 	0.037037	
175	0.959098	0.951662	1	0.925926	-0.111111	0 	0 	0.037037	
124	0.99177	0.995885	0.888889	0.962963	0.111111	0 	0 	0.037037	
