0	0.0244602	0.00063968	0	0	0.111111	0 	0 	0.111111	
80	0.164587	0.0694223	0.111111	0.111111	0.111111	0 	0 	-0.111111	
91	0.263227	0.015014	0.222222	0	0.111111	0 	0 	0.111111	
40	0.308653	0.0435549	0.222222	0	0.111111	0 	0 	0.111111	
17	0.331811	0.11152	0.333333	0.111111	-0.111111	0 	0 	0.111111	
105	0.206037	0.218304	0.222222	0.222222	-0.111111	0 	0 	-0.111111	
45	0.129117	0.143435	0.222222	0.222222	-0.111111	0 	0 	-0.111111	
58	0.0969024	0.174923	0.111111	0.111111	-0.111111	0 	0 	0.111111	
109	0.0777398	0.147704	0.111111	0.111111	-0.111111	0 	0 	0.111111	
86	0.0164984	0.26259	0	0.222222	0.111111	0 	0 	0.111111	
35	0.0488399	0.312983	0	0.222222	0.111111	0 	0 	0.111111	
22	0.188412	0.280935	0.111111	0.333333	0.111111	0 	0 	-0.111111	
63	0.290956	0.229809	0.222222	0.222222	0.111111	0 	0 	0.111111	
97	0.360734	0.320312	0.333333	0.333333	0.111111	0 	0 	-0.111111	
37	0.418506	0.261975	0.333333	0.333333	0.111111	0 	0 	-0.111111	
69	0.357971	0.130481	0.444444	0.222222	-0.111111	0 	0 	-0.111111	
14	0.392867	0.0779899	0.333333	0.111111	0.111111	0 	0 	-0.111111	
55	0.54321	0.0617284	0.444444	0	0.111111	0 	0 	0.111111	
32	0.501048	0.188935	0.555556	0.111111	-0.111111	0 	0 	0.111111	
83	0.462146	0.168762	0.555556	0.111111	-0.111111	0 	0 	0.111111	
6	0.489692	0.249001	0.444444	0.222222	0.111111	0 	0 	0.111111	
77	0.567663	0.278942	0.555556	0.333333	0.111111	0 	0 	-0.111111	
19	0.622857	0.157346	0.666667	0.222222	-0.111111	0 	0 	-0.111111	
51	0.57517	0.00621932	0.555556	0.111111	0.111111	0 	0 	-0.111111	
102	0.658254	0.0961956	0.555556	0.111111	0.111111	0 	0 	-0.111111	
25	0.743017	0.0380122	0.666667	0	0.111111	0 	0 	0.111111	
66	0.793125	0.104348	0.777778	0.111111	0.111111	0 	0 	-0.111111	
89	0.945828	0.00726414	0.888889	0	0.111111	0 	0 	0.111111	
29	0.914067	0.0510624	0.888889	0	0.111111	0 	0 	0.111111	
3	0.99182	0.185677	1	0.111111	-0.111111	0 	0 	0.111111	
43	0.859692	0.148792	0.888889	0.222222	-0.111111	0 	0 	-0.111111	
94	0.827397	0.136242	0.888889	0.222222	-0.111111	0 	0 	-0.111111	
74	0.724652	0.209059	0.777778	0.111111	-0.111111	0 	0 	0.111111	
48	0.682198	0.225025	0.666667	0.222222	0.111111	0 	0 	0.111111	
99	0.756972	0.308671	0.666667	0.222222	0.111111	0 	0 	0.111111	
11	0.820491	0.292783	0.777778	0.333333	0.111111	0 	0 	-0.111111	
112	0.94325	0.25718	0.888889	0.222222	0.111111	0 	0 	0.111111	
61	0.90235	0.241571	0.888889	0.222222	0.111111	0 	0 	0.111111	
104	0.991998	0.436805	1	0.333333	-0.111111	0 	0 	0.111111	
53	0.901235	0.345679	1	0.333333	-0.111111	0 	0 	0.111111	
18	0.969787	0.488607	0.888889	0.444444	0.111111	0 	0 	0.111111	
76	0.954031	0.638915	1	0.555556	-0.111111	0 	0 	0.111111	
8	0.86338	0.564335	0.888889	0.666667	-0.111111	0 	0 	-0.111111	
82	0.787663	0.468135	0.777778	0.555556	0.111111	0 	0 	-0.111111	
31	0.821248	0.541291	0.777778	0.555556	0.111111	0 	0 	-0.111111	
54	0.84679	0.425726	0.888889	0.444444	-0.111111	0 	0 	-0.111111	
13	0.708591	0.4053	0.777778	0.333333	-0.111111	0 	0 	0.111111	
71	0.6818	0.45548	0.666667	0.444444	0.111111	0 	0 	0.111111	
36	0.75589	0.614397	0.777778	0.555556	-0.111111	0 	0 	0.111111	
96	0.7426	0.585329	0.777778	0.555556	-0.111111	0 	0 	0.111111	
65	0.632045	0.637498	0.666667	0.666667	-0.111111	0 	0 	-0.111111	
21	0.515787	0.592805	0.555556	0.555556	-0.111111	0 	0 	0.111111	
34	0.381953	0.644444	0.444444	0.666667	-0.111111	0 	0 	-0.111111	
85	0.349561	0.613833	0.444444	0.666667	-0.111111	0 	0 	-0.111111	
108	0.39979	0.480688	0.333333	0.555556	0.111111	0 	0 	-0.111111	
57	0.433846	0.508053	0.333333	0.555556	0.111111	0 	0 	-0.111111	
47	0.469716	0.445726	0.444444	0.444444	0.111111	0 	0 	0.111111	
107	0.534979	0.539095	0.444444	0.444444	0.111111	0 	0 	0.111111	
16	0.592593	0.518519	0.555556	0.555556	0.111111	0 	0 	-0.111111	
39	0.651805	0.379555	0.666667	0.444444	-0.111111	0 	0 	-0.111111	
90	0.608473	0.354653	0.666667	0.444444	-0.111111	0 	0 	-0.111111	
79	0.536501	0.33636	0.555556	0.333333	-0.111111	0 	0 	0.111111	
2	0.431665	0.387803	0.444444	0.444444	-0.111111	0 	0 	-0.111111	
28	0.2716	0.423649	0.333333	0.333333	-0.111111	0 	0 	0.111111	
88	0.237992	0.397107	0.333333	0.333333	-0.111111	0 	0 	0.111111	
5	0.222222	0.444444	0.222222	0.444444	0.111111	0 	0 	0.111111	
60	0.306628	0.569579	0.333333	0.555556	-0.111111	0 	0 	0.111111	
111	0.269569	0.580955	0.333333	0.555556	-0.111111	0 	0 	0.111111	
10	0.172518	0.627921	0.222222	0.666667	-0.111111	0 	0 	-0.111111	
93	0.155187	0.482236	0.111111	0.555556	0.111111	0 	0 	-0.111111	
42	0.184327	0.492397	0.111111	0.555556	0.111111	0 	0 	-0.111111	
68	0.137616	0.36414	0.222222	0.444444	-0.111111	0 	0 	-0.111111	
24	0.0826564	0.349488	0.111111	0.333333	-0.111111	0 	0 	0.111111	
73	0.0588334	0.533804	0	0.444444	0.111111	0 	0 	0.111111	
101	0.0918853	0.655875	0.111111	0.555556	-0.111111	0 	0 	0.111111	
50	0.0118006	0.576395	0.111111	0.555556	-0.111111	0 	0 	0.111111	
12	0.0269619	0.746141	0	0.666667	0.111111	0 	0 	0.111111	
56	0.210345	0.740202	0.111111	0.777778	0.111111	0 	0 	-0.111111	
52	0.252903	0.71288	0.222222	0.666667	0.111111	0 	0 	0.111111	
103	0.318195	0.775671	0.222222	0.666667	0.111111	0 	0 	0.111111	
20	0.294553	0.805394	0.333333	0.777778	-0.111111	0 	0 	0.111111	
30	0.181435	0.869767	0.222222	0.888889	-0.111111	0 	0 	-0.111111	
81	0.124728	0.823329	0.222222	0.888889	-0.111111	0 	0 	-0.111111	
70	0.110402	0.858849	0.111111	0.777778	-0.111111	0 	0 	0.111111	
98	0.0623557	0.918969	0	0.888889	0.111111	0 	0 	0.111111	
38	0.037443	0.925093	0	0.888889	0.111111	0 	0 	0.111111	
7	0.129112	0.889343	0.111111	1	0.111111	0 	0 	-0.111111	
75	0.25906	0.979765	0.222222	0.888889	0.111111	0 	0 	0.111111	
49	0.369251	0.990918	0.333333	1	0.111111	0 	0 	-0.111111	
100	0.347443	0.927433	0.333333	1	0.111111	0 	0 	-0.111111	
72	0.440347	0.882281	0.444444	0.888889	-0.111111	0 	0 	-0.111111	
26	0.405686	0.699047	0.333333	0.777778	0.111111	0 	0 	-0.111111	
67	0.458821	0.682594	0.444444	0.666667	0.111111	0 	0 	0.111111	
44	0.529983	0.831058	0.555556	0.777778	-0.111111	0 	0 	0.111111	
95	0.501701	0.797527	0.555556	0.777778	-0.111111	0 	0 	0.111111	
9	0.487858	0.961698	0.444444	0.888889	0.111111	0 	0 	0.111111	
113	0.602129	0.911547	0.555556	1	0.111111	0 	0 	-0.111111	
62	0.646785	0.950518	0.555556	1	0.111111	0 	0 	-0.111111	
4	0.555556	0.777778	0.666667	0.888889	-0.111111	0 	0 	-0.111111	
87	0.576392	0.72272	0.555556	0.777778	0.111111	0 	0 	-0.111111	
27	0.621526	0.766371	0.555556	0.777778	0.111111	0 	0 	-0.111111	
1	0.694776	0.669238	0.666667	0.666667	0.111111	0 	0 	0.111111	
78	0.835522	0.744313	0.777778	0.777778	0.111111	0 	0 	-0.111111	
92	0.929073	0.667036	0.888889	0.666667	0.111111	0 	0 	0.111111	
41	0.904765	0.710446	0.888889	0.666667	0.111111	0 	0 	0.111111	
15	0.965418	0.804316	1	0.777778	-0.111111	0 	0 	0.111111	
106	0.859578	0.883999	0.888889	0.888889	-0.111111	0 	0 	-0.111111	
46	0.878002	0.850587	0.888889	0.888889	-0.111111	0 	0 	-0.111111	
59	0.770082	0.843023	0.777778	0.777778	-0.111111	0 	0 	0.111111	
110	0.775848	0.790191	0.777778	0.777778	-0.111111	0 	0 	0.111111	
84	0.691758	0.88942	0.666667	0.888889	0.111111	0 	0 	0.111111	
33	0.722483	0.968355	0.666667	0.888889	0.111111	0 	0 	0.111111	
23	0.80563	0.948565	0.777778	1	0.111111	0 	0 	-0.111111	
64	0.935215	0.924159	0.888889	0.888889	0.111111	0 	0 	0.111111	
