0	0.0248873	0.0041495	0	0	0.111111	0 	0 	0.037037	
366	0.0919067	0.0274348	0	0	0.111111	0 	0 	0.037037	
192	0.0452675	0.0411523	0.111111	0.037037	-0.111111	0 	0 	0.037037	
306	0.0188931	0.0681897	0.111111	0.037037	-0.111111	0 	0 	0.037037	
417	0.00765118	0.0950947	0	0.0740741	0.111111	0 	0 	0.037037	
141	0.0818357	0.0779458	0	0.0740741	0.111111	0 	0 	0.037037	
329	0.124673	0.0493418	0.111111	0.111111	0.037037	0 	0 	-0.111111	
131	0.137163	0.0692081	0.111111	0.111111	0.037037	0 	0 	-0.111111	
278	0.163208	0.0173671	0.148148	0	0.037037	0 	0 	0.111111	
80	0.17284	0.0987654	0.148148	0	0.037037	0 	0 	0.111111	
461	0.200952	0.0719334	0.185185	0.111111	0.037037	0 	0 	-0.111111	
182	0.223578	0.0258001	0.185185	0.111111	0.037037	0 	0 	-0.111111	
457	0.248437	0.00638781	0.222222	0	0.111111	0 	0 	0.037037	
91	0.263429	0.00317684	0.222222	0	0.111111	0 	0 	0.037037	
40	0.308642	0.0493827	0.333333	0.037037	-0.111111	0 	0 	0.037037	
397	0.289438	0.0397805	0.333333	0.037037	-0.111111	0 	0 	0.037037	
232	0.225716	0.0896784	0.222222	0.0740741	0.111111	0 	0 	0.037037	
265	0.318121	0.0807688	0.222222	0.0740741	0.111111	0 	0 	0.037037	
200	0.306134	0.118385	0.333333	0.111111	-0.037037	0 	0 	0.111111	
425	0.325412	0.188104	0.333333	0.111111	-0.037037	0 	0 	0.111111	
17	0.264232	0.183808	0.296296	0.222222	-0.037037	0 	0 	-0.111111	
323	0.272977	0.142661	0.296296	0.222222	-0.037037	0 	0 	-0.111111	
149	0.250158	0.138738	0.259259	0.111111	-0.037037	0 	0 	0.111111	
374	0.240055	0.21262	0.259259	0.111111	-0.037037	0 	0 	0.111111	
105	0.207261	0.206242	0.222222	0.222222	-0.111111	0 	0 	-0.037037	
435	0.175437	0.194841	0.222222	0.222222	-0.111111	0 	0 	-0.037037	
243	0.140425	0.155215	0.111111	0.185185	0.111111	0 	0 	-0.037037	
237	0.168067	0.168744	0.111111	0.185185	0.111111	0 	0 	-0.037037	
384	0.217141	0.138744	0.222222	0.148148	-0.111111	0 	0 	-0.037037	
45	0.125856	0.13279	0.222222	0.148148	-0.111111	0 	0 	-0.037037	
58	0.0953359	0.171139	0.111111	0.111111	-0.037037	0 	0 	0.111111	
283	0.108721	0.112409	0.111111	0.111111	-0.037037	0 	0 	0.111111	
334	0.0611201	0.209906	0.0740741	0.222222	-0.037037	0 	0 	-0.111111	
109	0.0704646	0.11218	0.0740741	0.222222	-0.037037	0 	0 	-0.111111	
475	0.0273619	0.156761	0.037037	0.111111	-0.037037	0 	0 	0.111111	
169	0.034992	0.213047	0.037037	0.111111	-0.037037	0 	0 	0.111111	
260	0.00629777	0.236122	0	0.222222	0.111111	0 	0 	0.037037	
218	0.0946502	0.238683	0	0.222222	0.111111	0 	0 	0.037037	
443	0.108368	0.270233	0.111111	0.259259	-0.111111	0 	0 	0.037037	
86	0.0161256	0.273129	0.111111	0.259259	-0.111111	0 	0 	0.037037	
392	0.0249638	0.301144	0	0.296296	0.111111	0 	0 	0.037037	
35	0.0501875	0.305008	0	0.296296	0.111111	0 	0 	0.037037	
214	0.116913	0.309324	0.111111	0.333333	0.037037	0 	0 	-0.111111	
412	0.133059	0.257888	0.111111	0.333333	0.037037	0 	0 	-0.111111	
154	0.156538	0.222284	0.148148	0.222222	0.037037	0 	0 	0.111111	
352	0.16417	0.282197	0.148148	0.222222	0.037037	0 	0 	0.111111	
301	0.193839	0.32377	0.185185	0.333333	0.037037	0 	0 	-0.111111	
22	0.189695	0.259904	0.185185	0.333333	0.037037	0 	0 	-0.111111	
63	0.244082	0.244211	0.222222	0.222222	0.111111	0 	0 	0.037037	
348	0.299055	0.237744	0.222222	0.222222	0.111111	0 	0 	0.037037	
174	0.292181	0.288066	0.333333	0.259259	-0.111111	0 	0 	0.037037	
288	0.22281	0.280933	0.333333	0.259259	-0.111111	0 	0 	0.037037	
486	0.2431	0.299513	0.222222	0.296296	0.111111	0 	0 	0.037037	
480	0.26795	0.323921	0.222222	0.296296	0.111111	0 	0 	0.037037	
123	0.325103	0.329218	0.222222	0.296296	0.111111	0 	0 	0.037037	
229	0.354042	0.314662	0.333333	0.333333	0.037037	0 	0 	-0.111111	
454	0.367627	0.233196	0.333333	0.333333	0.037037	0 	0 	-0.111111	
97	0.384912	0.24055	0.37037	0.222222	0.037037	0 	0 	0.111111	
403	0.400549	0.262003	0.37037	0.222222	0.037037	0 	0 	0.111111	
262	0.433471	0.303155	0.407407	0.333333	0.037037	0 	0 	-0.111111	
37	0.422324	0.270842	0.407407	0.333333	0.037037	0 	0 	-0.111111	
120	0.442717	0.210384	0.444444	0.222222	-0.111111	0 	0 	-0.037037	
477	0.388957	0.208507	0.444444	0.222222	-0.111111	0 	0 	-0.037037	
492	0.348253	0.19512	0.444444	0.222222	-0.111111	0 	0 	-0.037037	
294	0.345031	0.163376	0.333333	0.185185	0.111111	0 	0 	-0.037037	
171	0.404698	0.175159	0.333333	0.185185	0.111111	0 	0 	-0.037037	
345	0.424132	0.126779	0.444444	0.148148	-0.111111	0 	0 	-0.037037	
69	0.373139	0.13768	0.444444	0.148148	-0.111111	0 	0 	-0.037037	
371	0.360857	0.0991516	0.333333	0.111111	0.037037	0 	0 	-0.111111	
146	0.337449	0.0452675	0.333333	0.111111	0.037037	0 	0 	-0.111111	
320	0.384088	0.0315501	0.37037	0	0.037037	0 	0 	0.111111	
14	0.374516	0.0874058	0.37037	0	0.037037	0 	0 	0.111111	
431	0.427271	0.0718206	0.407407	0.111111	0.037037	0 	0 	-0.111111	
206	0.4138	0.00248585	0.407407	0.111111	0.037037	0 	0 	-0.111111	
472	0.454047	0.0233196	0.444444	0	0.111111	0 	0 	0.037037	
115	0.516537	0.030595	0.444444	0	0.111111	0 	0 	0.037037	
55	0.54526	0.0662911	0.555556	0.037037	-0.111111	0 	0 	0.037037	
340	0.540434	0.060575	0.555556	0.037037	-0.111111	0 	0 	0.037037	
166	0.477366	0.102881	0.444444	0.0740741	0.111111	0 	0 	0.037037	
280	0.516327	0.0934841	0.444444	0.0740741	0.111111	0 	0 	0.037037	
224	0.546336	0.131836	0.555556	0.111111	-0.037037	0 	0 	0.111111	
449	0.552411	0.161956	0.555556	0.111111	-0.037037	0 	0 	0.111111	
32	0.493827	0.197531	0.518519	0.222222	-0.037037	0 	0 	-0.111111	
257	0.509973	0.116583	0.518519	0.222222	-0.037037	0 	0 	-0.111111	
83	0.473294	0.169419	0.481481	0.111111	-0.037037	0 	0 	0.111111	
389	0.472257	0.157004	0.481481	0.111111	-0.037037	0 	0 	0.111111	
6	0.463429	0.230727	0.444444	0.222222	0.111111	0 	0 	0.037037	
363	0.535861	0.248626	0.444444	0.222222	0.111111	0 	0 	0.037037	
189	0.489712	0.263374	0.555556	0.259259	-0.111111	0 	0 	0.037037	
312	0.461952	0.286737	0.555556	0.259259	-0.111111	0 	0 	0.037037	
414	0.504326	0.323927	0.444444	0.296296	0.111111	0 	0 	0.037037	
138	0.524622	0.318431	0.444444	0.296296	0.111111	0 	0 	0.037037	
326	0.559881	0.295722	0.555556	0.333333	0.037037	0 	0 	-0.111111	
128	0.584265	0.283479	0.555556	0.333333	0.037037	0 	0 	-0.111111	
275	0.608609	0.244367	0.592593	0.222222	0.037037	0 	0 	0.111111	
77	0.617869	0.322279	0.592593	0.222222	0.037037	0 	0 	0.111111	
467	0.631423	0.277521	0.62963	0.333333	0.037037	0 	0 	-0.111111	
188	0.662551	0.251029	0.62963	0.333333	0.037037	0 	0 	-0.111111	
298	0.648825	0.210834	0.666667	0.222222	-0.111111	0 	0 	-0.037037	
211	0.563786	0.1893	0.666667	0.222222	-0.111111	0 	0 	-0.037037	
358	0.597625	0.176541	0.555556	0.185185	0.111111	0 	0 	-0.037037	
19	0.625301	0.148375	0.555556	0.185185	0.111111	0 	0 	-0.037037	
160	0.62594	0.120834	0.666667	0.148148	-0.111111	0 	0 	-0.037037	
409	0.577503	0.146776	0.666667	0.148148	-0.111111	0 	0 	-0.037037	
249	0.57578	0.0474801	0.555556	0.111111	0.037037	0 	0 	-0.111111	
51	0.567901	0.0123457	0.555556	0.111111	0.037037	0 	0 	-0.111111	
234	0.610272	0.0533127	0.592593	0	0.037037	0 	0 	0.111111	
432	0.593117	0.0626905	0.592593	0	0.037037	0 	0 	0.111111	
102	0.642239	0.0892031	0.62963	0.111111	0.037037	0 	0 	-0.111111	
381	0.66014	0.00721011	0.62963	0.111111	0.037037	0 	0 	-0.111111	
406	0.688615	0.0356653	0.666667	0	0.111111	0 	0 	0.037037	
157	0.707969	0.0171406	0.666667	0	0.111111	0 	0 	0.037037	
25	0.742178	0.0409115	0.777778	0.037037	-0.111111	0 	0 	0.037037	
355	0.719486	0.0626193	0.777778	0.037037	-0.111111	0 	0 	0.037037	
208	0.686183	0.0761629	0.666667	0.0740741	0.111111	0 	0 	0.037037	
304	0.754458	0.105624	0.666667	0.0740741	0.111111	0 	0 	0.037037	
489	0.797736	0.0853418	0.777778	0.111111	0.037037	0 	0 	-0.111111	
291	0.785108	0.109352	0.777778	0.111111	0.037037	0 	0 	-0.111111	
66	0.803759	0.0206807	0.777778	0.111111	0.037037	0 	0 	-0.111111	
177	0.828318	0.061647	0.814815	0	0.037037	0 	0 	0.111111	
483	0.825318	0.0893552	0.814815	0	0.037037	0 	0 	0.111111	
117	0.857041	0.104808	0.851852	0.111111	0.037037	0 	0 	-0.111111	
342	0.854222	0.00924215	0.851852	0.111111	0.037037	0 	0 	-0.111111	
254	0.958846	0.00592573	0.888889	0	0.111111	0 	0 	0.037037	
221	0.898557	0.0318914	0.888889	0	0.111111	0 	0 	0.037037	
446	0.986078	0.0527039	1	0.037037	-0.111111	0 	0 	0.037037	
89	0.968206	0.0457997	1	0.037037	-0.111111	0 	0 	0.037037	
395	0.942242	0.0752355	0.888889	0.0740741	0.111111	0 	0 	0.037037	
29	0.931096	0.0840243	0.888889	0.0740741	0.111111	0 	0 	0.037037	
360	0.979799	0.129644	1	0.111111	-0.037037	0 	0 	0.111111	
135	0.975365	0.196292	1	0.111111	-0.037037	0 	0 	0.111111	
420	0.948755	0.220569	0.962963	0.222222	-0.037037	0 	0 	-0.111111	
195	0.961682	0.181272	0.962963	0.222222	-0.037037	0 	0 	-0.111111	
3	0.905024	0.116235	0.925926	0.111111	-0.037037	0 	0 	0.111111	
309	0.898274	0.179494	0.925926	0.111111	-0.037037	0 	0 	0.111111	
268	0.888608	0.216287	0.888889	0.222222	-0.111111	0 	0 	-0.037037	
226	0.805954	0.208488	0.888889	0.222222	-0.111111	0 	0 	-0.037037	
400	0.820309	0.154688	0.777778	0.185185	0.111111	0 	0 	-0.037037	
43	0.86791	0.161422	0.777778	0.185185	0.111111	0 	0 	-0.037037	
94	0.847557	0.129005	0.888889	0.148148	-0.111111	0 	0 	-0.037037	
451	0.887592	0.146071	0.888889	0.148148	-0.111111	0 	0 	-0.037037	
185	0.767952	0.151818	0.777778	0.111111	-0.037037	0 	0 	0.111111	
464	0.752167	0.171869	0.777778	0.111111	-0.037037	0 	0 	0.111111	
74	0.729981	0.211987	0.740741	0.222222	-0.037037	0 	0 	-0.111111	
272	0.732385	0.187065	0.740741	0.222222	-0.037037	0 	0 	-0.111111	
134	0.70113	0.136974	0.703704	0.111111	-0.037037	0 	0 	0.111111	
332	0.6706	0.197729	0.703704	0.111111	-0.037037	0 	0 	0.111111	
48	0.6783	0.22438	0.666667	0.222222	0.111111	0 	0 	0.037037	
378	0.772858	0.232731	0.666667	0.222222	0.111111	0 	0 	0.037037	
240	0.726375	0.275823	0.777778	0.259259	-0.111111	0 	0 	0.037037	
246	0.69273	0.266118	0.777778	0.259259	-0.111111	0 	0 	0.037037	
438	0.737997	0.30727	0.666667	0.296296	0.111111	0 	0 	0.037037	
99	0.756523	0.321671	0.666667	0.296296	0.111111	0 	0 	0.037037	
377	0.786463	0.323386	0.777778	0.333333	0.037037	0 	0 	-0.111111	
152	0.780939	0.259589	0.777778	0.333333	0.037037	0 	0 	-0.111111	
317	0.831816	0.238046	0.814815	0.222222	0.037037	0 	0 	0.111111	
11	0.815657	0.304828	0.814815	0.222222	0.037037	0 	0 	0.111111	
428	0.878162	0.295291	0.851852	0.333333	0.037037	0 	0 	-0.111111	
203	0.870009	0.2954	0.851852	0.333333	0.037037	0 	0 	-0.111111	
469	0.900151	0.244241	0.888889	0.222222	0.111111	0 	0 	0.037037	
112	0.954733	0.255144	0.888889	0.222222	0.111111	0 	0 	0.037037	
61	0.992105	0.281339	1	0.259259	-0.111111	0 	0 	0.037037	
337	0.931413	0.274348	1	0.259259	-0.111111	0 	0 	0.037037	
163	0.928113	0.326852	0.888889	0.296296	0.111111	0 	0 	0.037037	
286	0.964335	0.315501	0.888889	0.296296	0.111111	0 	0 	0.037037	
383	0.984611	0.33524	1	0.333333	-0.037037	0 	0 	0.111111	
104	0.99704	0.431834	1	0.333333	-0.037037	0 	0 	0.111111	
434	0.953772	0.411042	0.962963	0.444444	-0.037037	0 	0 	-0.111111	
236	0.945062	0.394512	0.962963	0.444444	-0.037037	0 	0 	-0.111111	
53	0.901235	0.345679	0.925926	0.333333	-0.037037	0 	0 	0.111111	
251	0.925294	0.379219	0.925926	0.333333	-0.037037	0 	0 	0.111111	
408	0.908247	0.480497	0.888889	0.444444	0.111111	0 	0 	0.037037	
159	0.912001	0.469905	0.888889	0.444444	0.111111	0 	0 	0.037037	
18	0.975575	0.482127	1	0.481481	-0.111111	0 	0 	0.037037	
357	0.943759	0.508916	1	0.481481	-0.111111	0 	0 	0.037037	
210	0.899502	0.536977	0.888889	0.518519	0.111111	0 	0 	0.037037	
297	0.977516	0.545033	0.888889	0.518519	0.111111	0 	0 	0.037037	
187	0.999894	0.588893	1	0.555556	-0.037037	0 	0 	0.111111	
466	0.972565	0.615912	1	0.555556	-0.037037	0 	0 	0.111111	
76	0.958861	0.63049	0.962963	0.666667	-0.037037	0 	0 	-0.111111	
274	0.927298	0.57476	0.962963	0.666667	-0.037037	0 	0 	-0.111111	
127	0.922944	0.614733	0.925926	0.555556	-0.037037	0 	0 	0.111111	
325	0.894376	0.644719	0.925926	0.555556	-0.037037	0 	0 	0.111111	
140	0.866709	0.629655	0.888889	0.666667	-0.111111	0 	0 	-0.037037	
416	0.833549	0.662939	0.888889	0.666667	-0.111111	0 	0 	-0.037037	
314	0.800653	0.62538	0.777778	0.62963	0.111111	0 	0 	-0.037037	
191	0.823045	0.596708	0.777778	0.62963	0.111111	0 	0 	-0.037037	
365	0.848478	0.589077	0.888889	0.592593	-0.111111	0 	0 	-0.037037	
8	0.780607	0.555857	0.888889	0.592593	-0.111111	0 	0 	-0.037037	
388	0.807692	0.521718	0.777778	0.555556	0.037037	0 	0 	-0.111111	
82	0.794239	0.502058	0.777778	0.555556	0.037037	0 	0 	-0.111111	
256	0.837807	0.455529	0.814815	0.444444	0.037037	0 	0 	0.111111	
31	0.82716	0.530864	0.814815	0.444444	0.037037	0 	0 	0.111111	
448	0.887357	0.497676	0.851852	0.555556	0.037037	0 	0 	-0.111111	
223	0.871416	0.45858	0.851852	0.555556	0.037037	0 	0 	-0.111111	
279	0.851157	0.425122	0.888889	0.444444	-0.111111	0 	0 	-0.037037	
165	0.803958	0.4434	0.888889	0.444444	-0.111111	0 	0 	-0.037037	
339	0.820302	0.38546	0.777778	0.407407	0.111111	0 	0 	-0.037037	
54	0.876543	0.395062	0.777778	0.407407	0.111111	0 	0 	-0.037037	
114	0.843746	0.367194	0.888889	0.37037	-0.111111	0 	0 	-0.037037	
471	0.786504	0.350621	0.888889	0.37037	-0.111111	0 	0 	-0.037037	
205	0.748971	0.337449	0.777778	0.333333	-0.037037	0 	0 	0.111111	
430	0.765486	0.411224	0.777778	0.333333	-0.037037	0 	0 	0.111111	
13	0.703704	0.407407	0.740741	0.444444	-0.037037	0 	0 	-0.111111	
319	0.714949	0.364461	0.740741	0.444444	-0.037037	0 	0 	-0.111111	
145	0.677417	0.377408	0.703704	0.333333	-0.037037	0 	0 	0.111111	
370	0.68285	0.43322	0.703704	0.333333	-0.037037	0 	0 	0.111111	
71	0.688412	0.468813	0.666667	0.444444	0.111111	0 	0 	0.037037	
347	0.746228	0.459534	0.666667	0.444444	0.111111	0 	0 	0.037037	
173	0.736547	0.507597	0.777778	0.481481	-0.111111	0 	0 	0.037037	
296	0.670123	0.497235	0.777778	0.481481	-0.111111	0 	0 	0.037037	
479	0.714977	0.537879	0.666667	0.518519	0.111111	0 	0 	0.037037	
122	0.769547	0.55144	0.666667	0.518519	0.111111	0 	0 	0.037037	
36	0.748656	0.611602	0.777778	0.555556	-0.037037	0 	0 	0.111111	
261	0.77139	0.636902	0.777778	0.555556	-0.037037	0 	0 	0.111111	
402	0.73296	0.591331	0.740741	0.666667	-0.037037	0 	0 	-0.111111	
96	0.72006	0.574656	0.740741	0.666667	-0.037037	0 	0 	-0.111111	
453	0.703639	0.560555	0.703704	0.555556	-0.037037	0 	0 	0.111111	
228	0.699461	0.655879	0.703704	0.555556	-0.037037	0 	0 	0.111111	
125	0.660088	0.654048	0.666667	0.666667	-0.111111	0 	0 	-0.037037	
482	0.602195	0.652949	0.666667	0.666667	-0.111111	0 	0 	-0.037037	
488	0.569313	0.642576	0.666667	0.666667	-0.111111	0 	0 	-0.037037	
290	0.565539	0.60609	0.555556	0.62963	0.111111	0 	0 	-0.037037	
176	0.622986	0.621239	0.555556	0.62963	0.111111	0 	0 	-0.037037	
350	0.637761	0.568236	0.666667	0.592593	-0.111111	0 	0 	-0.037037	
65	0.582755	0.578479	0.666667	0.592593	-0.111111	0 	0 	-0.037037	
21	0.54462	0.58367	0.555556	0.555556	-0.037037	0 	0 	0.111111	
300	0.533019	0.660456	0.555556	0.555556	-0.037037	0 	0 	0.111111	
351	0.496304	0.628111	0.518519	0.666667	-0.037037	0 	0 	-0.111111	
153	0.485597	0.563786	0.518519	0.666667	-0.037037	0 	0 	-0.111111	
411	0.480494	0.59989	0.481481	0.555556	-0.037037	0 	0 	0.111111	
213	0.457264	0.637469	0.481481	0.555556	-0.037037	0 	0 	0.111111	
34	0.393308	0.655431	0.444444	0.666667	-0.111111	0 	0 	-0.037037	
391	0.364937	0.635267	0.444444	0.666667	-0.111111	0 	0 	-0.037037	
85	0.349967	0.614348	0.333333	0.62963	0.111111	0 	0 	-0.037037	
442	0.438605	0.608783	0.333333	0.62963	0.111111	0 	0 	-0.037037	
217	0.431126	0.570138	0.444444	0.592593	-0.111111	0 	0 	-0.037037	
259	0.3952	0.560401	0.444444	0.592593	-0.111111	0 	0 	-0.037037	
168	0.366255	0.547325	0.333333	0.555556	0.037037	0 	0 	-0.111111	
474	0.339902	0.517555	0.333333	0.555556	0.037037	0 	0 	-0.111111	
108	0.397628	0.47649	0.37037	0.444444	0.037037	0 	0 	0.111111	
333	0.376505	0.490082	0.37037	0.444444	0.037037	0 	0 	0.111111	
282	0.415164	0.542291	0.407407	0.555556	0.037037	0 	0 	-0.111111	
57	0.416699	0.501895	0.407407	0.555556	0.037037	0 	0 	-0.111111	
47	0.460704	0.458465	0.444444	0.444444	0.111111	0 	0 	0.037037	
386	0.548697	0.447188	0.444444	0.444444	0.111111	0 	0 	0.037037	
239	0.503143	0.497602	0.555556	0.481481	-0.111111	0 	0 	0.037037	
245	0.468276	0.489612	0.555556	0.481481	-0.111111	0 	0 	0.037037	
437	0.514862	0.528077	0.444444	0.518519	0.111111	0 	0 	0.037037	
107	0.535577	0.540026	0.444444	0.518519	0.111111	0 	0 	0.037037	
373	0.574607	0.549533	0.555556	0.555556	0.037037	0 	0 	-0.111111	
148	0.55882	0.505796	0.555556	0.555556	0.037037	0 	0 	-0.111111	
322	0.60631	0.475995	0.592593	0.444444	0.037037	0 	0 	0.111111	
16	0.597438	0.482072	0.592593	0.444444	0.037037	0 	0 	0.111111	
424	0.652798	0.519949	0.62963	0.555556	0.037037	0 	0 	-0.111111	
199	0.63786	0.44856	0.62963	0.555556	0.037037	0 	0 	-0.111111	
264	0.653127	0.411539	0.666667	0.444444	-0.111111	0 	0 	-0.037037	
231	0.665473	0.439113	0.666667	0.444444	-0.111111	0 	0 	-0.037037	
396	0.622737	0.376244	0.555556	0.407407	0.111111	0 	0 	-0.037037	
39	0.640897	0.380271	0.555556	0.407407	0.111111	0 	0 	-0.037037	
90	0.612283	0.356498	0.666667	0.37037	-0.111111	0 	0 	-0.037037	
456	0.592021	0.344156	0.666667	0.37037	-0.111111	0 	0 	-0.037037	
181	0.550191	0.398375	0.555556	0.333333	-0.037037	0 	0 	0.111111	
460	0.528121	0.39369	0.555556	0.333333	-0.037037	0 	0 	0.111111	
79	0.517299	0.425658	0.518519	0.444444	-0.037037	0 	0 	-0.111111	
277	0.482853	0.352538	0.518519	0.444444	-0.037037	0 	0 	-0.111111	
130	0.475293	0.403894	0.481481	0.333333	-0.037037	0 	0 	0.111111	
328	0.452371	0.425671	0.481481	0.333333	-0.037037	0 	0 	0.111111	
143	0.40511	0.413508	0.444444	0.444444	-0.111111	0 	0 	-0.037037	
419	0.382902	0.431973	0.444444	0.444444	-0.111111	0 	0 	-0.037037	
308	0.347195	0.393729	0.333333	0.407407	0.111111	0 	0 	-0.037037	
194	0.378601	0.374486	0.333333	0.407407	0.111111	0 	0 	-0.037037	
368	0.443262	0.365482	0.444444	0.37037	-0.111111	0 	0 	-0.037037	
2	0.430772	0.343971	0.444444	0.37037	-0.111111	0 	0 	-0.037037	
220	0.31878	0.359078	0.333333	0.333333	-0.037037	0 	0 	0.111111	
445	0.330663	0.378467	0.333333	0.333333	-0.037037	0 	0 	0.111111	
28	0.287472	0.421599	0.296296	0.444444	-0.037037	0 	0 	-0.111111	
253	0.287066	0.344134	0.296296	0.444444	-0.037037	0 	0 	-0.111111	
88	0.238683	0.390947	0.259259	0.333333	-0.037037	0 	0 	0.111111	
394	0.252401	0.410151	0.259259	0.333333	-0.037037	0 	0 	0.111111	
5	0.223278	0.445088	0.222222	0.444444	0.111111	0 	0 	0.037037	
362	0.311156	0.462251	0.222222	0.444444	0.111111	0 	0 	0.037037	
197	0.267134	0.484952	0.333333	0.481481	-0.111111	0 	0 	0.037037	
311	0.230611	0.510918	0.333333	0.481481	-0.111111	0 	0 	0.037037	
422	0.281858	0.553141	0.222222	0.518519	0.111111	0 	0 	0.037037	
137	0.303463	0.53233	0.222222	0.518519	0.111111	0 	0 	0.037037	
60	0.320308	0.617863	0.333333	0.555556	-0.037037	0 	0 	0.111111	
285	0.297668	0.648834	0.333333	0.555556	-0.037037	0 	0 	0.111111	
336	0.264223	0.60319	0.296296	0.666667	-0.037037	0 	0 	-0.111111	
111	0.284594	0.587148	0.296296	0.666667	-0.037037	0 	0 	-0.111111	
468	0.244395	0.581704	0.259259	0.555556	-0.037037	0 	0 	0.111111	
162	0.255144	0.658436	0.259259	0.555556	-0.037037	0 	0 	0.111111	
10	0.143621	0.637516	0.222222	0.666667	-0.111111	0 	0 	-0.037037	
376	0.13894	0.664156	0.222222	0.666667	-0.111111	0 	0 	-0.037037	
151	0.127887	0.625999	0.111111	0.62963	0.111111	0 	0 	-0.037037	
427	0.207661	0.62696	0.111111	0.62963	0.111111	0 	0 	-0.037037	
202	0.191446	0.562221	0.222222	0.592593	-0.111111	0 	0 	-0.037037	
316	0.161358	0.588117	0.222222	0.592593	-0.111111	0 	0 	-0.037037	
225	0.131029	0.535506	0.111111	0.555556	0.037037	0 	0 	-0.111111	
450	0.145405	0.455418	0.111111	0.555556	0.037037	0 	0 	-0.111111	
93	0.164222	0.472423	0.148148	0.444444	0.037037	0 	0 	0.111111	
399	0.17778	0.484995	0.148148	0.444444	0.037037	0 	0 	0.111111	
267	0.211248	0.525377	0.185185	0.555556	0.037037	0 	0 	-0.111111	
42	0.191808	0.517678	0.185185	0.555556	0.037037	0 	0 	-0.111111	
119	0.21255	0.43682	0.222222	0.444444	-0.111111	0 	0 	-0.037037	
485	0.198336	0.431698	0.222222	0.444444	-0.111111	0 	0 	-0.037037	
491	0.122703	0.423475	0.222222	0.444444	-0.111111	0 	0 	-0.037037	
293	0.111695	0.385884	0.111111	0.407407	0.111111	0 	0 	-0.037037	
179	0.18107	0.399177	0.111111	0.407407	0.111111	0 	0 	-0.037037	
344	0.197727	0.351336	0.222222	0.37037	-0.111111	0 	0 	-0.037037	
68	0.134663	0.361832	0.222222	0.37037	-0.111111	0 	0 	-0.037037	
24	0.0740741	0.37037	0.111111	0.333333	-0.037037	0 	0 	0.111111	
303	0.0869472	0.439358	0.111111	0.333333	-0.037037	0 	0 	0.111111	
354	0.0707207	0.383846	0.0740741	0.444444	-0.037037	0 	0 	-0.111111	
156	0.0400842	0.334359	0.0740741	0.444444	-0.037037	0 	0 	-0.111111	
405	0.0313316	0.348814	0.037037	0.333333	-0.037037	0 	0 	0.111111	
207	0.00473966	0.411589	0.037037	0.333333	-0.037037	0 	0 	0.111111	
271	0.0503211	0.453385	0	0.444444	0.111111	0 	0 	0.037037	
184	0.106996	0.473251	0	0.444444	0.111111	0 	0 	0.037037	
463	0.0751445	0.500551	0.111111	0.481481	-0.111111	0 	0 	0.037037	
133	0.0988968	0.499201	0.111111	0.481481	-0.111111	0 	0 	0.037037	
331	0.0176052	0.524788	0	0.518519	0.111111	0 	0 	0.037037	
73	0.0611048	0.544018	0	0.518519	0.111111	0 	0 	0.037037	
380	0.105738	0.580158	0.111111	0.555556	-0.037037	0 	0 	0.111111	
101	0.0915393	0.645216	0.111111	0.555556	-0.037037	0 	0 	0.111111	
440	0.0661522	0.628176	0.0740741	0.666667	-0.037037	0 	0 	-0.111111	
242	0.0576132	0.609053	0.0740741	0.666667	-0.037037	0 	0 	-0.111111	
50	0.0259042	0.568996	0.037037	0.555556	-0.037037	0 	0 	0.111111	
248	0.0325704	0.58287	0.037037	0.555556	-0.037037	0 	0 	0.111111	
318	0.0537417	0.698962	0	0.666667	0.111111	0 	0 	0.037037	
204	0.0821324	0.680541	0	0.666667	0.111111	0 	0 	0.037037	
429	0.0896571	0.736905	0.111111	0.703704	-0.111111	0 	0 	0.037037	
144	0.0109959	0.709627	0.111111	0.703704	-0.111111	0 	0 	0.037037	
369	0.00850748	0.745974	0	0.740741	0.111111	0 	0 	0.037037	
12	0.0181836	0.747323	0	0.740741	0.111111	0 	0 	0.037037	
167	0.143638	0.765641	0.111111	0.777778	0.037037	0 	0 	-0.111111	
473	0.111436	0.694676	0.111111	0.777778	0.037037	0 	0 	-0.111111	
116	0.176955	0.699588	0.148148	0.666667	0.037037	0 	0 	0.111111	
341	0.164682	0.723897	0.148148	0.666667	0.037037	0 	0 	0.111111	
281	0.200455	0.7551	0.185185	0.777778	0.037037	0 	0 	-0.111111	
56	0.20818	0.727413	0.185185	0.777778	0.037037	0 	0 	-0.111111	
52	0.235875	0.67975	0.222222	0.666667	0.111111	0 	0 	0.037037	
382	0.326475	0.66941	0.222222	0.666667	0.111111	0 	0 	0.037037	
235	0.279835	0.720165	0.333333	0.703704	-0.111111	0 	0 	0.037037	
250	0.330666	0.712654	0.333333	0.703704	-0.111111	0 	0 	0.037037	
433	0.293673	0.756929	0.222222	0.740741	0.111111	0 	0 	0.037037	
103	0.312757	0.761317	0.222222	0.740741	0.111111	0 	0 	0.037037	
20	0.296296	0.814815	0.333333	0.777778	-0.037037	0 	0 	0.111111	
299	0.310014	0.883402	0.333333	0.777778	-0.037037	0 	0 	0.111111	
359	0.271341	0.852997	0.296296	0.888889	-0.037037	0 	0 	-0.111111	
161	0.262933	0.785726	0.296296	0.888889	-0.037037	0 	0 	-0.111111	
410	0.257889	0.825609	0.259259	0.777778	-0.037037	0 	0 	0.111111	
212	0.230453	0.855967	0.259259	0.777778	-0.037037	0 	0 	0.111111	
30	0.169093	0.876072	0.222222	0.888889	-0.111111	0 	0 	-0.037037	
387	0.141289	0.854595	0.222222	0.888889	-0.111111	0 	0 	-0.037037	
81	0.127572	0.835391	0.111111	0.851852	0.111111	0 	0 	-0.037037	
447	0.219479	0.825789	0.111111	0.851852	0.111111	0 	0 	-0.037037	
222	0.204409	0.787593	0.222222	0.814815	-0.111111	0 	0 	-0.037037	
255	0.218132	0.79914	0.222222	0.814815	-0.111111	0 	0 	-0.037037	
346	0.079714	0.797585	0.111111	0.777778	-0.037037	0 	0 	0.111111	
121	0.105494	0.882859	0.111111	0.777778	-0.037037	0 	0 	0.111111	
478	0.0507925	0.876096	0.0740741	0.888889	-0.037037	0 	0 	-0.111111	
172	0.0686681	0.83652	0.0740741	0.888889	-0.037037	0 	0 	-0.111111	
70	0.0361308	0.778719	0.037037	0.777778	-0.037037	0 	0 	0.111111	
295	0.0111783	0.838587	0.037037	0.777778	-0.037037	0 	0 	0.111111	
493	0.0312053	0.803157	0.037037	0.777778	-0.037037	0 	0 	0.111111	
455	0.0122409	0.90527	0	0.888889	0.111111	0 	0 	0.037037	
98	0.0625293	0.910479	0	0.888889	0.111111	0 	0 	0.037037	
38	0.0854638	0.926451	0.111111	0.925926	-0.111111	0 	0 	0.037037	
404	0.0672154	0.928669	0.111111	0.925926	-0.111111	0 	0 	0.037037	
230	0.0273791	0.962993	0	0.962963	0.111111	0 	0 	0.037037	
263	0.100966	0.9647	0	0.962963	0.111111	0 	0 	0.037037	
313	0.119963	0.986619	0.111111	1	0.037037	0 	0 	-0.111111	
7	0.120332	0.948993	0.111111	1	0.037037	0 	0 	-0.111111	
190	0.159561	0.952173	0.148148	0.888889	0.037037	0 	0 	0.111111	
415	0.170096	0.998628	0.148148	0.888889	0.037037	0 	0 	0.111111	
139	0.199613	0.942926	0.185185	1	0.037037	0 	0 	-0.111111	
364	0.194023	0.911575	0.185185	1	0.037037	0 	0 	-0.111111	
273	0.241827	0.904843	0.222222	0.888889	0.111111	0 	0 	0.037037	
186	0.329351	0.920905	0.222222	0.888889	0.111111	0 	0 	0.037037	
465	0.311596	0.950525	0.333333	0.925926	-0.111111	0 	0 	0.037037	
126	0.251595	0.95527	0.333333	0.925926	-0.111111	0 	0 	0.037037	
324	0.25835	0.97184	0.222222	0.962963	0.111111	0 	0 	0.037037	
75	0.280232	0.988339	0.222222	0.962963	0.111111	0 	0 	0.037037	
247	0.335958	0.982587	0.333333	1	0.037037	0 	0 	-0.111111	
49	0.345122	0.901513	0.333333	1	0.037037	0 	0 	-0.111111	
241	0.38315	0.94003	0.37037	0.888889	0.037037	0 	0 	0.111111	
439	0.400978	0.974426	0.37037	0.888889	0.037037	0 	0 	0.111111	
100	0.420898	0.97357	0.407407	1	0.037037	0 	0 	-0.111111	
379	0.439229	0.88934	0.407407	1	0.037037	0 	0 	-0.111111	
72	0.394489	0.873187	0.444444	0.888889	-0.111111	0 	0 	-0.037037	
330	0.33882	0.866941	0.444444	0.888889	-0.111111	0 	0 	-0.037037	
132	0.355961	0.847461	0.333333	0.851852	0.111111	0 	0 	-0.037037	
462	0.418376	0.836474	0.333333	0.851852	0.111111	0 	0 	-0.037037	
183	0.426116	0.811038	0.444444	0.814815	-0.111111	0 	0 	-0.037037	
270	0.371742	0.796982	0.444444	0.814815	-0.111111	0 	0 	-0.037037	
209	0.34286	0.759181	0.333333	0.777778	0.037037	0 	0 	-0.111111	
407	0.362758	0.700847	0.333333	0.777778	0.037037	0 	0 	-0.111111	
158	0.371034	0.677004	0.37037	0.666667	0.037037	0 	0 	0.111111	
356	0.370384	0.687708	0.37037	0.666667	0.037037	0 	0 	0.111111	
305	0.422594	0.77044	0.407407	0.777778	0.037037	0 	0 	-0.111111	
26	0.410248	0.707741	0.407407	0.777778	0.037037	0 	0 	-0.111111	
67	0.472244	0.695839	0.444444	0.666667	0.111111	0 	0 	0.037037	
343	0.521661	0.672001	0.444444	0.666667	0.111111	0 	0 	0.037037	
178	0.513979	0.732233	0.555556	0.703704	-0.111111	0 	0 	0.037037	
292	0.446426	0.726826	0.555556	0.703704	-0.111111	0 	0 	0.037037	
490	0.458728	0.743796	0.444444	0.740741	0.111111	0 	0 	0.037037	
484	0.492125	0.757894	0.444444	0.740741	0.111111	0 	0 	0.037037	
118	0.547325	0.773663	0.444444	0.740741	0.111111	0 	0 	0.037037	
44	0.530864	0.82716	0.555556	0.777778	-0.037037	0 	0 	0.111111	
269	0.55035	0.848218	0.555556	0.777778	-0.037037	0 	0 	0.111111	
401	0.508756	0.817101	0.518519	0.888889	-0.037037	0 	0 	-0.111111	
95	0.497247	0.792867	0.518519	0.888889	-0.037037	0 	0 	-0.111111	
452	0.4807	0.865873	0.481481	0.777778	-0.037037	0 	0 	0.111111	
227	0.464227	0.876721	0.481481	0.777778	-0.037037	0 	0 	0.111111	
315	0.495621	0.918145	0.444444	0.888889	0.111111	0 	0 	0.037037	
201	0.526749	0.893004	0.444444	0.888889	0.111111	0 	0 	0.037037	
426	0.540849	0.93257	0.555556	0.925926	-0.111111	0 	0 	0.037037	
150	0.445126	0.931607	0.555556	0.925926	-0.111111	0 	0 	0.037037	
375	0.470039	0.991121	0.444444	0.962963	0.111111	0 	0 	0.037037	
9	0.481481	0.962963	0.444444	0.962963	0.111111	0 	0 	0.037037	
164	0.588477	0.99177	0.555556	1	0.037037	0 	0 	-0.111111	
470	0.56018	0.915074	0.555556	1	0.037037	0 	0 	-0.111111	
113	0.620295	0.923454	0.592593	0.888889	0.037037	0 	0 	0.111111	
338	0.603291	0.942454	0.592593	0.888889	0.037037	0 	0 	0.111111	
287	0.629982	0.9851	0.62963	1	0.037037	0 	0 	-0.111111	
62	0.652431	0.947196	0.62963	1	0.037037	0 	0 	-0.111111	
136	0.633745	0.860082	0.666667	0.888889	-0.111111	0 	0 	-0.037037	
421	0.649717	0.885101	0.666667	0.888889	-0.111111	0 	0 	-0.037037	
310	0.574348	0.843868	0.555556	0.851852	0.111111	0 	0 	-0.037037	
196	0.598653	0.817485	0.555556	0.851852	0.111111	0 	0 	-0.037037	
361	0.647496	0.801566	0.666667	0.814815	-0.111111	0 	0 	-0.037037	
4	0.555556	0.777778	0.666667	0.814815	-0.111111	0 	0 	-0.037037	
393	0.585047	0.739604	0.555556	0.777778	0.037037	0 	0 	-0.111111	
87	0.573448	0.723867	0.555556	0.777778	0.037037	0 	0 	-0.111111	
252	0.618656	0.673525	0.592593	0.666667	0.037037	0 	0 	0.111111	
27	0.607551	0.749747	0.592593	0.666667	0.037037	0 	0 	0.111111	
444	0.663923	0.714678	0.62963	0.777778	0.037037	0 	0 	-0.111111	
219	0.635493	0.768844	0.62963	0.777778	0.037037	0 	0 	-0.111111	
1	0.667074	0.683676	0.666667	0.666667	0.111111	0 	0 	0.037037	
367	0.761376	0.692989	0.666667	0.666667	0.111111	0 	0 	0.037037	
193	0.711934	0.707819	0.777778	0.703704	-0.111111	0 	0 	0.037037	
307	0.680384	0.735254	0.777778	0.703704	-0.111111	0 	0 	0.037037	
418	0.725817	0.776844	0.666667	0.740741	0.111111	0 	0 	0.037037	
142	0.744794	0.749498	0.666667	0.740741	0.111111	0 	0 	0.037037	
327	0.783042	0.726136	0.777778	0.777778	0.037037	0 	0 	-0.111111	
129	0.806968	0.736629	0.777778	0.777778	0.037037	0 	0 	-0.111111	
276	0.815068	0.699303	0.814815	0.666667	0.037037	0 	0 	0.111111	
78	0.817938	0.684498	0.814815	0.666667	0.037037	0 	0 	0.111111	
459	0.854888	0.761472	0.851852	0.777778	0.037037	0 	0 	-0.111111	
180	0.884774	0.695473	0.851852	0.777778	0.037037	0 	0 	-0.111111	
458	0.923755	0.66817	0.888889	0.666667	0.111111	0 	0 	0.037037	
92	0.932473	0.688501	0.888889	0.666667	0.111111	0 	0 	0.037037	
41	0.98706	0.720643	1	0.703704	-0.111111	0 	0 	0.037037	
398	0.954777	0.705811	1	0.703704	-0.111111	0 	0 	0.037037	
233	0.88907	0.764364	0.888889	0.740741	0.111111	0 	0 	0.037037	
266	0.988121	0.748577	0.888889	0.740741	0.111111	0 	0 	0.037037	
198	0.995756	0.785501	1	0.777778	-0.037037	0 	0 	0.111111	
423	0.983022	0.850633	1	0.777778	-0.037037	0 	0 	0.111111	
15	0.955518	0.783555	0.962963	0.888889	-0.037037	0 	0 	-0.111111	
321	0.939643	0.809328	0.962963	0.888889	-0.037037	0 	0 	-0.111111	
147	0.917598	0.805587	0.925926	0.777778	-0.037037	0 	0 	0.111111	
372	0.906722	0.879287	0.925926	0.777778	-0.037037	0 	0 	0.111111	
106	0.866991	0.875235	0.888889	0.888889	-0.111111	0 	0 	-0.037037	
436	0.849108	0.862826	0.888889	0.888889	-0.111111	0 	0 	-0.037037	
244	0.802745	0.824308	0.777778	0.851852	0.111111	0 	0 	-0.037037	
238	0.842281	0.839334	0.777778	0.851852	0.111111	0 	0 	-0.037037	
385	0.88185	0.782441	0.888889	0.814815	-0.111111	0 	0 	-0.037037	
46	0.870924	0.809917	0.888889	0.814815	-0.111111	0 	0 	-0.037037	
59	0.764029	0.831004	0.777778	0.777778	-0.037037	0 	0 	0.111111	
284	0.742112	0.871056	0.777778	0.777778	-0.037037	0 	0 	0.111111	
335	0.708511	0.831936	0.740741	0.888889	-0.037037	0 	0 	-0.111111	
110	0.731621	0.848732	0.740741	0.888889	-0.037037	0 	0 	-0.111111	
476	0.69536	0.790361	0.703704	0.777778	-0.037037	0 	0 	0.111111	
170	0.692629	0.885971	0.703704	0.777778	-0.037037	0 	0 	0.111111	
258	0.682123	0.89454	0.666667	0.888889	0.111111	0 	0 	0.037037	
216	0.761317	0.90535	0.666667	0.888889	0.111111	0 	0 	0.037037	
441	0.773976	0.936597	0.777778	0.925926	-0.111111	0 	0 	0.037037	
84	0.746501	0.938067	0.777778	0.925926	-0.111111	0 	0 	0.037037	
390	0.680716	0.96751	0.666667	0.962963	0.111111	0 	0 	0.037037	
33	0.700778	0.979053	0.666667	0.962963	0.111111	0 	0 	0.037037	
215	0.788086	0.963123	0.777778	1	0.037037	0 	0 	-0.111111	
413	0.799726	0.924554	0.777778	1	0.037037	0 	0 	-0.111111	
155	0.82032	0.915879	0.814815	0.888889	0.037037	0 	0 	0.111111	
353	0.822579	0.892618	0.814815	0.888889	0.037037	0 	0 	0.111111	
302	0.854432	0.979417	0.851852	1	0.037037	0 	0 	-0.111111	
23	0.854816	0.921896	0.851852	1	0.037037	0 	0 	-0.111111	
64	0.901223	0.898647	0.888889	0.888889	0.111111	0 	0 	0.037037	
349	0.969159	0.908412	0.888889	0.888889	0.111111	0 	0 	0.037037	
175	0.958848	0.954733	1	0.925926	-0.111111	0 	0 	0.037037	
289	0.992971	0.935568	1	0.925926	-0.111111	0 	0 	0.037037	
487	0.893678	0.991901	0.888889	0.962963	0.111111	0 	0 	0.037037	
481	0.930242	0.980585	0.888889	0.962963	0.111111	0 	0 	0.037037	
124	0.930154	0.976624	0.888889	0.962963	0.111111	0 	0 	0.037037	
