0	0.0169007	0.00436193	0	0	0.111111	0 	0 	0.037037	
366	0.0919067	0.0274348	0	0	0.111111	0 	0 	0.037037	
591	0.106383	0.0379427	0.111111	0.037037	-0.111111	0 	0 	0.037037	
192	0.0388039	0.0403836	0.111111	0.037037	-0.111111	0 	0 	0.037037	
306	0.0137174	0.0685871	0.111111	0.037037	-0.111111	0 	0 	0.037037	
531	0.0284673	0.110198	0	0.0740741	0.111111	0 	0 	0.037037	
417	0.0542614	0.0969149	0	0.0740741	0.111111	0 	0 	0.037037	
141	0.0786792	0.082572	0	0.0740741	0.111111	0 	0 	0.037037	
329	0.131744	0.0746334	0.111111	0.111111	0.037037	0 	0 	-0.111111	
131	0.139918	0.0699588	0.111111	0.111111	0.037037	0 	0 	-0.111111	
635	0.1127	0.0145089	0.111111	0.111111	0.037037	0 	0 	-0.111111	
278	0.17138	0.0146097	0.148148	0	0.037037	0 	0 	0.111111	
503	0.152688	0.0497859	0.148148	0	0.037037	0 	0 	0.111111	
80	0.17284	0.0987654	0.148148	0	0.037037	0 	0 	0.111111	
686	0.191228	0.0886144	0.185185	0.111111	0.037037	0 	0 	-0.111111	
461	0.189123	0.0700873	0.185185	0.111111	0.037037	0 	0 	-0.111111	
182	0.222713	0.0283376	0.185185	0.111111	0.037037	0 	0 	-0.111111	
457	0.2443	0.00806951	0.222222	0	0.111111	0 	0 	0.037037	
91	0.268614	0.020106	0.222222	0	0.111111	0 	0 	0.037037	
544	0.29904	0.0342936	0.222222	0	0.111111	0 	0 	0.037037	
40	0.319791	0.0498988	0.333333	0.037037	-0.111111	0 	0 	0.037037	
397	0.291806	0.0400026	0.333333	0.037037	-0.111111	0 	0 	0.037037	
655	0.231192	0.0621388	0.333333	0.037037	-0.111111	0 	0 	0.037037	
232	0.242798	0.090535	0.222222	0.0740741	0.111111	0 	0 	0.037037	
595	0.266118	0.104252	0.222222	0.0740741	0.111111	0 	0 	0.037037	
265	0.320898	0.08167	0.222222	0.0740741	0.111111	0 	0 	0.037037	
200	0.306514	0.120625	0.333333	0.111111	-0.037037	0 	0 	0.111111	
425	0.315612	0.187629	0.333333	0.111111	-0.037037	0 	0 	0.111111	
704	0.332215	0.194037	0.333333	0.111111	-0.037037	0 	0 	0.111111	
17	0.259259	0.185185	0.296296	0.222222	-0.037037	0 	0 	-0.111111	
521	0.295421	0.168148	0.296296	0.222222	-0.037037	0 	0 	-0.111111	
323	0.274782	0.13897	0.296296	0.222222	-0.037037	0 	0 	-0.111111	
572	0.253772	0.128944	0.259259	0.111111	-0.037037	0 	0 	0.111111	
149	0.226993	0.160227	0.259259	0.111111	-0.037037	0 	0 	0.111111	
374	0.241311	0.213439	0.259259	0.111111	-0.037037	0 	0 	0.111111	
105	0.20371	0.21021	0.222222	0.222222	-0.111111	0 	0 	-0.037037	
435	0.182442	0.196159	0.222222	0.222222	-0.111111	0 	0 	-0.037037	
549	0.117147	0.217724	0.222222	0.222222	-0.111111	0 	0 	-0.037037	
243	0.138117	0.155604	0.111111	0.185185	0.111111	0 	0 	-0.037037	
237	0.166128	0.162264	0.111111	0.185185	0.111111	0 	0 	-0.037037	
609	0.192044	0.178326	0.111111	0.185185	0.111111	0 	0 	-0.037037	
384	0.216622	0.121118	0.222222	0.148148	-0.111111	0 	0 	-0.037037	
660	0.163859	0.139804	0.222222	0.148148	-0.111111	0 	0 	-0.037037	
45	0.123457	0.123457	0.222222	0.148148	-0.111111	0 	0 	-0.037037	
508	0.0888605	0.129294	0.111111	0.111111	-0.037037	0 	0 	0.111111	
58	0.106702	0.183367	0.111111	0.111111	-0.037037	0 	0 	0.111111	
283	0.074129	0.198579	0.111111	0.111111	-0.037037	0 	0 	0.111111	
640	0.0669137	0.194579	0.0740741	0.222222	-0.037037	0 	0 	-0.111111	
334	0.0470984	0.168763	0.0740741	0.222222	-0.037037	0 	0 	-0.111111	
109	0.0606307	0.144219	0.0740741	0.222222	-0.037037	0 	0 	-0.111111	
475	0.0325788	0.13861	0.037037	0.111111	-0.037037	0 	0 	0.111111	
700	0.0214725	0.149565	0.037037	0.111111	-0.037037	0 	0 	0.111111	
169	0.0329218	0.213992	0.037037	0.111111	-0.037037	0 	0 	0.111111	
617	0.00685871	0.252401	0	0.222222	0.111111	0 	0 	0.037037	
260	0.0631001	0.229081	0	0.222222	0.111111	0 	0 	0.037037	
218	0.0946502	0.238683	0	0.222222	0.111111	0 	0 	0.037037	
443	0.0832473	0.268065	0.111111	0.259259	-0.111111	0 	0 	0.037037	
566	0.0397805	0.293553	0.111111	0.259259	-0.111111	0 	0 	0.037037	
86	0.0173332	0.270646	0.111111	0.259259	-0.111111	0 	0 	0.037037	
392	0.0263761	0.300141	0	0.296296	0.111111	0 	0 	0.037037	
35	0.0413359	0.308623	0	0.296296	0.111111	0 	0 	0.037037	
668	0.0842322	0.327467	0	0.296296	0.111111	0 	0 	0.037037	
214	0.119805	0.308918	0.111111	0.333333	0.037037	0 	0 	-0.111111	
412	0.133059	0.257888	0.111111	0.333333	0.037037	0 	0 	-0.111111	
154	0.150075	0.231625	0.148148	0.222222	0.037037	0 	0 	0.111111	
352	0.152189	0.290399	0.148148	0.222222	0.037037	0 	0 	0.111111	
577	0.179698	0.314129	0.148148	0.222222	0.037037	0 	0 	0.111111	
301	0.189357	0.295813	0.185185	0.333333	0.037037	0 	0 	-0.111111	
22	0.185739	0.267452	0.185185	0.333333	0.037037	0 	0 	-0.111111	
526	0.2173	0.245098	0.185185	0.333333	0.037037	0 	0 	-0.111111	
63	0.25204	0.244941	0.222222	0.222222	0.111111	0 	0 	0.037037	
678	0.282343	0.227715	0.222222	0.222222	0.111111	0 	0 	0.037037	
348	0.300518	0.236439	0.222222	0.222222	0.111111	0 	0 	0.037037	
627	0.31281	0.262201	0.333333	0.259259	-0.111111	0 	0 	0.037037	
174	0.293921	0.28636	0.333333	0.259259	-0.111111	0 	0 	0.037037	
288	0.223594	0.278464	0.333333	0.259259	-0.111111	0 	0 	0.037037	
486	0.244345	0.300911	0.222222	0.296296	0.111111	0 	0 	0.037037	
480	0.268861	0.319616	0.222222	0.296296	0.111111	0 	0 	0.037037	
123	0.325103	0.329218	0.222222	0.296296	0.111111	0 	0 	0.037037	
229	0.355866	0.319686	0.333333	0.333333	0.037037	0 	0 	-0.111111	
652	0.344307	0.285322	0.333333	0.333333	0.037037	0 	0 	-0.111111	
454	0.367627	0.233196	0.333333	0.333333	0.037037	0 	0 	-0.111111	
97	0.388913	0.241561	0.37037	0.222222	0.037037	0 	0 	0.111111	
403	0.399001	0.261074	0.37037	0.222222	0.037037	0 	0 	0.111111	
601	0.377229	0.326475	0.37037	0.222222	0.037037	0 	0 	0.111111	
262	0.433471	0.303155	0.407407	0.333333	0.037037	0 	0 	-0.111111	
37	0.420805	0.275196	0.407407	0.333333	0.037037	0 	0 	-0.111111	
541	0.410712	0.25884	0.407407	0.333333	0.037037	0 	0 	-0.111111	
120	0.435909	0.220682	0.444444	0.222222	-0.111111	0 	0 	-0.037037	
477	0.379973	0.208505	0.444444	0.222222	-0.111111	0 	0 	-0.037037	
492	0.443073	0.211681	0.444444	0.222222	-0.111111	0 	0 	-0.037037	
294	0.347025	0.171384	0.333333	0.185185	0.111111	0 	0 	-0.037037	
171	0.403292	0.176955	0.333333	0.185185	0.111111	0 	0 	-0.037037	
624	0.426612	0.153635	0.333333	0.185185	0.111111	0 	0 	-0.037037	
345	0.412894	0.1262	0.444444	0.148148	-0.111111	0 	0 	-0.037037	
675	0.39369	0.112483	0.444444	0.148148	-0.111111	0 	0 	-0.037037	
69	0.359913	0.136163	0.444444	0.148148	-0.111111	0 	0 	-0.037037	
371	0.351166	0.101509	0.333333	0.111111	0.037037	0 	0 	-0.111111	
146	0.337449	0.0452675	0.333333	0.111111	0.037037	0 	0 	-0.111111	
569	0.364883	0.0178326	0.333333	0.111111	0.037037	0 	0 	-0.111111	
320	0.384088	0.0315501	0.37037	0	0.037037	0 	0 	0.111111	
518	0.397805	0.0589849	0.37037	0	0.037037	0 	0 	0.111111	
14	0.374833	0.0728265	0.37037	0	0.037037	0 	0 	0.111111	
431	0.416823	0.0848214	0.407407	0.111111	0.037037	0 	0 	-0.111111	
206	0.41656	0.00362872	0.407407	0.111111	0.037037	0 	0 	-0.111111	
472	0.454047	0.0233196	0.444444	0	0.111111	0 	0 	0.037037	
115	0.516191	0.0326072	0.444444	0	0.111111	0 	0 	0.037037	
505	0.533608	0.00960219	0.444444	0	0.111111	0 	0 	0.037037	
55	0.541915	0.0627957	0.555556	0.037037	-0.111111	0 	0 	0.037037	
340	0.489241	0.0501988	0.555556	0.037037	-0.111111	0 	0 	0.037037	
697	0.467764	0.0384088	0.555556	0.037037	-0.111111	0 	0 	0.037037	
166	0.480864	0.102453	0.444444	0.0740741	0.111111	0 	0 	0.037037	
646	0.500939	0.0748738	0.444444	0.0740741	0.111111	0 	0 	0.037037	
280	0.51989	0.0932785	0.444444	0.0740741	0.111111	0 	0 	0.037037	
224	0.539823	0.134365	0.555556	0.111111	-0.037037	0 	0 	0.111111	
449	0.550857	0.161989	0.555556	0.111111	-0.037037	0 	0 	0.111111	
674	0.530493	0.211067	0.555556	0.111111	-0.037037	0 	0 	0.111111	
32	0.509918	0.19284	0.518519	0.222222	-0.037037	0 	0 	-0.111111	
563	0.483225	0.178972	0.518519	0.222222	-0.037037	0 	0 	-0.111111	
257	0.511153	0.111296	0.518519	0.222222	-0.037037	0 	0 	-0.111111	
614	0.459765	0.142812	0.481481	0.111111	-0.037037	0 	0 	0.111111	
83	0.462253	0.168451	0.481481	0.111111	-0.037037	0 	0 	0.111111	
389	0.474623	0.187929	0.481481	0.111111	-0.037037	0 	0 	0.111111	
6	0.446993	0.222247	0.444444	0.222222	0.111111	0 	0 	0.037037	
363	0.536351	0.249657	0.444444	0.222222	0.111111	0 	0 	0.037037	
588	0.547663	0.277181	0.555556	0.259259	-0.111111	0 	0 	0.037037	
189	0.490317	0.262679	0.555556	0.259259	-0.111111	0 	0 	0.037037	
312	0.458694	0.29141	0.555556	0.259259	-0.111111	0 	0 	0.037037	
537	0.465444	0.32397	0.444444	0.296296	0.111111	0 	0 	0.037037	
414	0.50443	0.327575	0.444444	0.296296	0.111111	0 	0 	0.037037	
138	0.522634	0.304527	0.444444	0.296296	0.111111	0 	0 	0.037037	
326	0.560461	0.30749	0.555556	0.333333	0.037037	0 	0 	-0.111111	
128	0.584362	0.292181	0.555556	0.333333	0.037037	0 	0 	-0.111111	
632	0.57476	0.227709	0.555556	0.333333	0.037037	0 	0 	-0.111111	
275	0.617822	0.238347	0.592593	0.222222	0.037037	0 	0 	0.111111	
500	0.606401	0.270182	0.592593	0.222222	0.037037	0 	0 	0.111111	
77	0.611106	0.311932	0.592593	0.222222	0.037037	0 	0 	0.111111	
692	0.652949	0.297668	0.62963	0.333333	0.037037	0 	0 	-0.111111	
467	0.638394	0.294362	0.62963	0.333333	0.037037	0 	0 	-0.111111	
188	0.662551	0.251029	0.62963	0.333333	0.037037	0 	0 	-0.111111	
298	0.644914	0.212061	0.666667	0.222222	-0.111111	0 	0 	-0.037037	
583	0.625889	0.200858	0.666667	0.222222	-0.111111	0 	0 	-0.037037	
211	0.563786	0.1893	0.666667	0.222222	-0.111111	0 	0 	-0.037037	
358	0.600266	0.176624	0.555556	0.185185	0.111111	0 	0 	-0.037037	
19	0.62963	0.148148	0.555556	0.185185	0.111111	0 	0 	-0.037037	
523	0.65033	0.146281	0.666667	0.148148	-0.111111	0 	0 	-0.037037	
160	0.597365	0.11432	0.666667	0.148148	-0.111111	0 	0 	-0.037037	
409	0.577503	0.146776	0.666667	0.148148	-0.111111	0 	0 	-0.037037	
555	0.560028	0.108875	0.555556	0.111111	0.037037	0 	0 	-0.111111	
249	0.581619	0.0438957	0.555556	0.111111	0.037037	0 	0 	-0.111111	
51	0.564356	0.00372574	0.555556	0.111111	0.037037	0 	0 	-0.111111	
657	0.594664	0.0263214	0.592593	0	0.037037	0 	0 	0.111111	
234	0.613169	0.0534979	0.592593	0	0.037037	0 	0 	0.111111	
432	0.626886	0.085048	0.592593	0	0.037037	0 	0 	0.111111	
102	0.641422	0.0893882	0.62963	0.111111	0.037037	0 	0 	-0.111111	
606	0.636795	0.0624369	0.62963	0.111111	0.037037	0 	0 	-0.111111	
381	0.656711	0.0131255	0.62963	0.111111	0.037037	0 	0 	-0.111111	
406	0.686274	0.0353174	0.666667	0	0.111111	0 	0 	0.037037	
157	0.689077	0.0166167	0.666667	0	0.111111	0 	0 	0.037037	
529	0.772914	0.0227299	0.666667	0	0.111111	0 	0 	0.037037	
25	0.743311	0.0432251	0.777778	0.037037	-0.111111	0 	0 	0.037037	
355	0.721536	0.0644719	0.777778	0.037037	-0.111111	0 	0 	0.037037	
208	0.684519	0.0745694	0.666667	0.0740741	0.111111	0 	0 	0.037037	
580	0.73494	0.0957402	0.666667	0.0740741	0.111111	0 	0 	0.037037	
304	0.754205	0.10396	0.666667	0.0740741	0.111111	0 	0 	0.037037	
489	0.794447	0.0821833	0.777778	0.111111	0.037037	0 	0 	-0.111111	
291	0.778292	0.0514827	0.777778	0.111111	0.037037	0 	0 	-0.111111	
66	0.802469	0.0246914	0.777778	0.111111	0.037037	0 	0 	-0.111111	
681	0.828009	0.000878353	0.814815	0	0.037037	0 	0 	0.111111	
177	0.847737	0.0658436	0.814815	0	0.037037	0 	0 	0.111111	
483	0.82457	0.0987285	0.814815	0	0.037037	0 	0 	0.111111	
117	0.880888	0.109083	0.851852	0.111111	0.037037	0 	0 	-0.111111	
621	0.855545	0.0420622	0.851852	0.111111	0.037037	0 	0 	-0.111111	
342	0.85335	0.00981311	0.851852	0.111111	0.037037	0 	0 	-0.111111	
620	0.90316	0.035023	0.888889	0	0.111111	0 	0 	0.037037	
254	0.969581	0.00836306	0.888889	0	0.111111	0 	0 	0.037037	
221	0.89425	0.0300829	0.888889	0	0.111111	0 	0 	0.037037	
446	0.992081	0.0499939	1	0.037037	-0.111111	0 	0 	0.037037	
560	0.928669	0.0713306	1	0.037037	-0.111111	0 	0 	0.037037	
89	0.90535	0.0576132	1	0.037037	-0.111111	0 	0 	0.037037	
395	0.932325	0.076154	0.888889	0.0740741	0.111111	0 	0 	0.037037	
29	0.938272	0.0864198	0.888889	0.0740741	0.111111	0 	0 	0.037037	
671	0.975153	0.0878179	0.888889	0.0740741	0.111111	0 	0 	0.037037	
360	0.99171	0.145236	1	0.111111	-0.037037	0 	0 	0.111111	
585	0.998651	0.166315	1	0.111111	-0.037037	0 	0 	0.111111	
135	0.967078	0.193416	1	0.111111	-0.037037	0 	0 	0.111111	
420	0.949035	0.220164	0.962963	0.222222	-0.037037	0 	0 	-0.111111	
195	0.959315	0.18694	0.962963	0.222222	-0.037037	0 	0 	-0.111111	
3	0.918105	0.117739	0.925926	0.111111	-0.037037	0 	0 	0.111111	
309	0.902606	0.179698	0.925926	0.111111	-0.037037	0 	0 	0.111111	
534	0.922243	0.144536	0.925926	0.111111	-0.037037	0 	0 	0.111111	
268	0.877969	0.187822	0.888889	0.222222	-0.111111	0 	0 	-0.037037	
598	0.888404	0.212412	0.888889	0.222222	-0.111111	0 	0 	-0.037037	
226	0.798206	0.206677	0.888889	0.222222	-0.111111	0 	0 	-0.037037	
649	0.790584	0.173352	0.777778	0.185185	0.111111	0 	0 	-0.037037	
400	0.844993	0.150892	0.777778	0.185185	0.111111	0 	0 	-0.037037	
43	0.869936	0.157613	0.777778	0.185185	0.111111	0 	0 	-0.037037	
547	0.887606	0.138078	0.888889	0.148148	-0.111111	0 	0 	-0.037037	
94	0.831276	0.131687	0.888889	0.148148	-0.111111	0 	0 	-0.037037	
451	0.812071	0.122085	0.888889	0.148148	-0.111111	0 	0 	-0.037037	
185	0.768323	0.123008	0.777778	0.111111	-0.037037	0 	0 	0.111111	
464	0.749738	0.171185	0.777778	0.111111	-0.037037	0 	0 	0.111111	
689	0.76641	0.174595	0.777778	0.111111	-0.037037	0 	0 	0.111111	
74	0.730926	0.206937	0.740741	0.222222	-0.037037	0 	0 	-0.111111	
497	0.718793	0.15775	0.740741	0.222222	-0.037037	0 	0 	-0.111111	
272	0.705075	0.130316	0.740741	0.222222	-0.037037	0 	0 	-0.111111	
638	0.702131	0.115495	0.703704	0.111111	-0.037037	0 	0 	0.111111	
134	0.699853	0.15223	0.703704	0.111111	-0.037037	0 	0 	0.111111	
332	0.671396	0.201795	0.703704	0.111111	-0.037037	0 	0 	0.111111	
48	0.679012	0.234568	0.666667	0.222222	0.111111	0 	0 	0.037037	
663	0.714678	0.248285	0.666667	0.222222	0.111111	0 	0 	0.037037	
378	0.770919	0.224966	0.666667	0.222222	0.111111	0 	0 	0.037037	
603	0.747599	0.289438	0.777778	0.259259	-0.111111	0 	0 	0.037037	
240	0.72626	0.276703	0.777778	0.259259	-0.111111	0 	0 	0.037037	
246	0.69273	0.266118	0.777778	0.259259	-0.111111	0 	0 	0.037037	
552	0.677393	0.30885	0.666667	0.296296	0.111111	0 	0 	0.037037	
438	0.740078	0.308164	0.666667	0.296296	0.111111	0 	0 	0.037037	
99	0.757202	0.316872	0.666667	0.296296	0.111111	0 	0 	0.037037	
377	0.800467	0.326061	0.777778	0.333333	0.037037	0 	0 	-0.111111	
152	0.781893	0.26749	0.777778	0.333333	0.037037	0 	0 	-0.111111	
575	0.809328	0.240055	0.777778	0.333333	0.037037	0 	0 	-0.111111	
317	0.821304	0.242929	0.814815	0.222222	0.037037	0 	0 	0.111111	
515	0.84225	0.281207	0.814815	0.222222	0.037037	0 	0 	0.111111	
11	0.817604	0.291301	0.814815	0.222222	0.037037	0 	0 	0.111111	
707	0.861318	0.331227	0.851852	0.333333	0.037037	0 	0 	-0.111111	
428	0.8738	0.294925	0.851852	0.333333	0.037037	0 	0 	-0.111111	
203	0.857388	0.232345	0.851852	0.333333	0.037037	0 	0 	-0.111111	
469	0.895471	0.237563	0.888889	0.222222	0.111111	0 	0 	0.037037	
112	0.954634	0.257665	0.888889	0.222222	0.111111	0 	0 	0.037037	
511	0.978052	0.231824	0.888889	0.222222	0.111111	0 	0 	0.037037	
61	0.983166	0.281712	1	0.259259	-0.111111	0 	0 	0.037037	
337	0.931413	0.274348	1	0.259259	-0.111111	0 	0 	0.037037	
694	0.910271	0.259662	1	0.259259	-0.111111	0 	0 	0.037037	
163	0.894553	0.323937	0.888889	0.296296	0.111111	0 	0 	0.037037	
643	0.945299	0.299323	0.888889	0.296296	0.111111	0 	0 	0.037037	
286	0.963422	0.308714	0.888889	0.296296	0.111111	0 	0 	0.037037	
383	0.993141	0.336077	1	0.333333	-0.037037	0 	0 	0.111111	
608	0.967804	0.399034	1	0.333333	-0.037037	0 	0 	0.111111	
104	0.995324	0.419754	1	0.333333	-0.037037	0 	0 	0.111111	
434	0.962376	0.419798	0.962963	0.444444	-0.037037	0 	0 	-0.111111	
236	0.947642	0.384589	0.962963	0.444444	-0.037037	0 	0 	-0.111111	
659	0.935842	0.359637	0.962963	0.444444	-0.037037	0 	0 	-0.111111	
53	0.922103	0.341509	0.925926	0.333333	-0.037037	0 	0 	0.111111	
251	0.918591	0.394586	0.925926	0.333333	-0.037037	0 	0 	0.111111	
557	0.893071	0.441209	0.925926	0.333333	-0.037037	0 	0 	0.111111	
408	0.912782	0.480246	0.888889	0.444444	0.111111	0 	0 	0.037037	
159	0.93015	0.454061	0.888889	0.444444	0.111111	0 	0 	0.037037	
522	0.984758	0.466408	0.888889	0.444444	0.111111	0 	0 	0.037037	
18	0.962517	0.48591	1	0.481481	-0.111111	0 	0 	0.037037	
357	0.953257	0.512829	1	0.481481	-0.111111	0 	0 	0.037037	
210	0.90242	0.532133	0.888889	0.518519	0.111111	0 	0 	0.037037	
582	0.95674	0.535838	0.888889	0.518519	0.111111	0 	0 	0.037037	
297	0.97668	0.550069	0.888889	0.518519	0.111111	0 	0 	0.037037	
187	0.995079	0.570621	1	0.555556	-0.037037	0 	0 	0.111111	
466	0.972367	0.612917	1	0.555556	-0.037037	0 	0 	0.111111	
691	0.985949	0.622812	1	0.555556	-0.037037	0 	0 	0.111111	
76	0.950617	0.654321	0.962963	0.666667	-0.037037	0 	0 	-0.111111	
499	0.933414	0.599798	0.962963	0.666667	-0.037037	0 	0 	-0.111111	
274	0.926273	0.57545	0.962963	0.666667	-0.037037	0 	0 	-0.111111	
631	0.907612	0.561538	0.925926	0.555556	-0.037037	0 	0 	0.111111	
127	0.913251	0.629735	0.925926	0.555556	-0.037037	0 	0 	0.111111	
325	0.894896	0.640299	0.925926	0.555556	-0.037037	0 	0 	0.111111	
140	0.85099	0.637399	0.888889	0.666667	-0.111111	0 	0 	-0.037037	
416	0.833978	0.663633	0.888889	0.666667	-0.111111	0 	0 	-0.037037	
539	0.805213	0.651578	0.888889	0.666667	-0.111111	0 	0 	-0.037037	
314	0.785834	0.620621	0.777778	0.62963	0.111111	0 	0 	-0.037037	
191	0.819557	0.595647	0.777778	0.62963	0.111111	0 	0 	-0.037037	
590	0.883402	0.610425	0.777778	0.62963	0.111111	0 	0 	-0.037037	
365	0.849182	0.588488	0.888889	0.592593	-0.111111	0 	0 	-0.037037	
8	0.777778	0.555556	0.888889	0.592593	-0.111111	0 	0 	-0.037037	
388	0.809527	0.522171	0.777778	0.555556	0.037037	0 	0 	-0.111111	
82	0.796115	0.504625	0.777778	0.555556	0.037037	0 	0 	-0.111111	
613	0.785804	0.476958	0.777778	0.555556	0.037037	0 	0 	-0.111111	
256	0.836828	0.451734	0.814815	0.444444	0.037037	0 	0 	0.111111	
562	0.832469	0.507405	0.814815	0.444444	0.037037	0 	0 	0.111111	
31	0.826152	0.534565	0.814815	0.444444	0.037037	0 	0 	0.111111	
673	0.867788	0.552408	0.851852	0.555556	0.037037	0 	0 	-0.111111	
448	0.886145	0.492455	0.851852	0.555556	0.037037	0 	0 	-0.111111	
223	0.872428	0.460905	0.851852	0.555556	0.037037	0 	0 	-0.111111	
279	0.862688	0.430443	0.888889	0.444444	-0.111111	0 	0 	-0.037037	
645	0.834852	0.416786	0.888889	0.444444	-0.111111	0 	0 	-0.037037	
165	0.811301	0.432502	0.888889	0.444444	-0.111111	0 	0 	-0.037037	
696	0.792671	0.403489	0.777778	0.407407	0.111111	0 	0 	-0.037037	
339	0.819439	0.3858	0.777778	0.407407	0.111111	0 	0 	-0.037037	
54	0.876543	0.395062	0.777778	0.407407	0.111111	0 	0 	-0.037037	
504	0.866941	0.342936	0.888889	0.37037	-0.111111	0 	0 	-0.037037	
114	0.843621	0.366255	0.888889	0.37037	-0.111111	0 	0 	-0.037037	
471	0.78738	0.356653	0.888889	0.37037	-0.111111	0 	0 	-0.037037	
205	0.748696	0.336461	0.777778	0.333333	-0.037037	0 	0 	0.111111	
430	0.762375	0.403069	0.777778	0.333333	-0.037037	0 	0 	0.111111	
13	0.707307	0.411182	0.740741	0.444444	-0.037037	0 	0 	-0.111111	
517	0.731542	0.375772	0.740741	0.444444	-0.037037	0 	0 	-0.111111	
319	0.719785	0.36505	0.740741	0.444444	-0.037037	0 	0 	-0.111111	
568	0.694637	0.346435	0.703704	0.333333	-0.037037	0 	0 	0.111111	
145	0.670782	0.378601	0.703704	0.333333	-0.037037	0 	0 	0.111111	
370	0.683902	0.43669	0.703704	0.333333	-0.037037	0 	0 	0.111111	
71	0.688652	0.471062	0.666667	0.444444	0.111111	0 	0 	0.037037	
677	0.727023	0.445816	0.666667	0.444444	0.111111	0 	0 	0.037037	
347	0.747336	0.461732	0.666667	0.444444	0.111111	0 	0 	0.037037	
626	0.776671	0.496433	0.777778	0.481481	-0.111111	0 	0 	0.037037	
173	0.739018	0.512628	0.777778	0.481481	-0.111111	0 	0 	0.037037	
296	0.668038	0.500686	0.777778	0.481481	-0.111111	0 	0 	0.037037	
494	0.68042	0.535723	0.666667	0.518519	0.111111	0 	0 	0.037037	
479	0.713306	0.541838	0.666667	0.518519	0.111111	0 	0 	0.037037	
122	0.769016	0.547587	0.666667	0.518519	0.111111	0 	0 	0.037037	
540	0.747233	0.590204	0.777778	0.555556	-0.037037	0 	0 	0.111111	
36	0.75024	0.611979	0.777778	0.555556	-0.037037	0 	0 	0.111111	
261	0.764474	0.635689	0.777778	0.555556	-0.037037	0 	0 	0.111111	
600	0.710562	0.659808	0.740741	0.666667	-0.037037	0 	0 	-0.111111	
402	0.732583	0.592422	0.740741	0.666667	-0.037037	0 	0 	-0.111111	
96	0.723004	0.573571	0.740741	0.666667	-0.037037	0 	0 	-0.111111	
453	0.702742	0.573645	0.703704	0.555556	-0.037037	0 	0 	0.111111	
651	0.69625	0.612644	0.703704	0.555556	-0.037037	0 	0 	0.111111	
228	0.686865	0.646531	0.703704	0.555556	-0.037037	0 	0 	0.111111	
125	0.659672	0.657526	0.666667	0.666667	-0.111111	0 	0 	-0.037037	
482	0.602569	0.654632	0.666667	0.666667	-0.111111	0 	0 	-0.037037	
488	0.570645	0.639232	0.666667	0.666667	-0.111111	0 	0 	-0.037037	
290	0.563654	0.607429	0.555556	0.62963	0.111111	0 	0 	-0.037037	
176	0.625514	0.621399	0.555556	0.62963	0.111111	0 	0 	-0.037037	
629	0.647325	0.597831	0.555556	0.62963	0.111111	0 	0 	-0.037037	
350	0.631235	0.583422	0.666667	0.592593	-0.111111	0 	0 	-0.037037	
680	0.617209	0.558959	0.666667	0.592593	-0.111111	0 	0 	-0.037037	
65	0.580247	0.580247	0.666667	0.592593	-0.111111	0 	0 	-0.037037	
525	0.553051	0.573246	0.555556	0.555556	-0.037037	0 	0 	0.111111	
21	0.518519	0.592593	0.555556	0.555556	-0.037037	0 	0 	0.111111	
300	0.533273	0.660179	0.555556	0.555556	-0.037037	0 	0 	0.111111	
576	0.509141	0.639543	0.518519	0.666667	-0.037037	0 	0 	-0.111111	
351	0.496545	0.619313	0.518519	0.666667	-0.037037	0 	0 	-0.111111	
153	0.485597	0.563786	0.518519	0.666667	-0.037037	0 	0 	-0.111111	
411	0.473601	0.602642	0.481481	0.555556	-0.037037	0 	0 	0.111111	
213	0.452675	0.633745	0.481481	0.555556	-0.037037	0 	0 	0.111111	
667	0.430165	0.653122	0.444444	0.666667	-0.111111	0 	0 	-0.037037	
34	0.381263	0.642256	0.444444	0.666667	-0.111111	0 	0 	-0.037037	
391	0.363512	0.632373	0.444444	0.666667	-0.111111	0 	0 	-0.037037	
85	0.349896	0.60839	0.333333	0.62963	0.111111	0 	0 	-0.037037	
565	0.374207	0.62575	0.333333	0.62963	0.111111	0 	0 	-0.037037	
442	0.441701	0.603567	0.333333	0.62963	0.111111	0 	0 	-0.037037	
217	0.427884	0.581594	0.444444	0.592593	-0.111111	0 	0 	-0.037037	
259	0.392878	0.562327	0.444444	0.592593	-0.111111	0 	0 	-0.037037	
616	0.340376	0.589562	0.444444	0.592593	-0.111111	0 	0 	-0.037037	
168	0.366255	0.547325	0.333333	0.555556	0.037037	0 	0 	-0.111111	
699	0.35724	0.483818	0.333333	0.555556	0.037037	0 	0 	-0.111111	
474	0.341908	0.460818	0.333333	0.555556	0.037037	0 	0 	-0.111111	
108	0.39932	0.480816	0.37037	0.444444	0.037037	0 	0 	0.111111	
333	0.383714	0.481371	0.37037	0.444444	0.037037	0 	0 	0.111111	
639	0.391888	0.523262	0.37037	0.444444	0.037037	0 	0 	0.111111	
282	0.414796	0.536658	0.407407	0.555556	0.037037	0 	0 	-0.111111	
57	0.432099	0.506173	0.407407	0.555556	0.037037	0 	0 	-0.111111	
507	0.424536	0.452934	0.407407	0.555556	0.037037	0 	0 	-0.111111	
47	0.459012	0.455159	0.444444	0.444444	0.111111	0 	0 	0.037037	
662	0.492455	0.470508	0.444444	0.444444	0.111111	0 	0 	0.037037	
386	0.548697	0.447188	0.444444	0.444444	0.111111	0 	0 	0.037037	
611	0.525377	0.51166	0.555556	0.481481	-0.111111	0 	0 	0.037037	
239	0.502888	0.499908	0.555556	0.481481	-0.111111	0 	0 	0.037037	
245	0.470508	0.48834	0.555556	0.481481	-0.111111	0 	0 	0.037037	
551	0.456114	0.53208	0.444444	0.518519	0.111111	0 	0 	0.037037	
437	0.516108	0.529642	0.444444	0.518519	0.111111	0 	0 	0.037037	
107	0.5358	0.539987	0.444444	0.518519	0.111111	0 	0 	0.037037	
373	0.573388	0.545953	0.555556	0.555556	0.037037	0 	0 	-0.111111	
148	0.556568	0.490283	0.555556	0.555556	0.037037	0 	0 	-0.111111	
571	0.587106	0.462277	0.555556	0.555556	0.037037	0 	0 	-0.111111	
322	0.60631	0.475995	0.592593	0.444444	0.037037	0 	0 	0.111111	
520	0.620027	0.503429	0.592593	0.444444	0.037037	0 	0 	0.111111	
16	0.594566	0.518827	0.592593	0.444444	0.037037	0 	0 	0.111111	
703	0.665295	0.532236	0.62963	0.555556	0.037037	0 	0 	-0.111111	
424	0.651343	0.514685	0.62963	0.555556	0.037037	0 	0 	-0.111111	
199	0.63786	0.44856	0.62963	0.555556	0.037037	0 	0 	-0.111111	
264	0.662645	0.415744	0.666667	0.444444	-0.111111	0 	0 	-0.037037	
594	0.599451	0.437586	0.666667	0.444444	-0.111111	0 	0 	-0.037037	
231	0.576132	0.423868	0.666667	0.444444	-0.111111	0 	0 	-0.037037	
654	0.563971	0.393316	0.555556	0.407407	0.111111	0 	0 	-0.037037	
396	0.622771	0.373114	0.555556	0.407407	0.111111	0 	0 	-0.037037	
39	0.641975	0.382716	0.555556	0.407407	0.111111	0 	0 	-0.037037	
543	0.6473	0.365151	0.666667	0.37037	-0.111111	0 	0 	-0.037037	
90	0.609053	0.353909	0.666667	0.37037	-0.111111	0 	0 	-0.037037	
456	0.589849	0.344307	0.666667	0.37037	-0.111111	0 	0 	-0.037037	
181	0.543796	0.357543	0.555556	0.333333	-0.037037	0 	0 	0.111111	
460	0.529923	0.393677	0.555556	0.333333	-0.037037	0 	0 	0.111111	
685	0.541838	0.408779	0.555556	0.333333	-0.037037	0 	0 	0.111111	
79	0.504246	0.426481	0.518519	0.444444	-0.037037	0 	0 	-0.111111	
502	0.496571	0.379973	0.518519	0.444444	-0.037037	0 	0 	-0.111111	
277	0.482853	0.352538	0.518519	0.444444	-0.037037	0 	0 	-0.111111	
634	0.459022	0.339245	0.481481	0.333333	-0.037037	0 	0 	0.111111	
130	0.476417	0.402495	0.481481	0.333333	-0.037037	0 	0 	0.111111	
328	0.449931	0.422497	0.481481	0.333333	-0.037037	0 	0 	0.111111	
143	0.413349	0.412418	0.444444	0.444444	-0.111111	0 	0 	-0.037037	
419	0.399086	0.4333	0.444444	0.444444	-0.111111	0 	0 	-0.037037	
533	0.360768	0.429355	0.444444	0.444444	-0.111111	0 	0 	-0.037037	
308	0.349193	0.390323	0.333333	0.407407	0.111111	0 	0 	-0.037037	
194	0.378601	0.374486	0.333333	0.407407	0.111111	0 	0 	-0.037037	
593	0.439195	0.391014	0.333333	0.407407	0.111111	0 	0 	-0.037037	
368	0.422284	0.362341	0.444444	0.37037	-0.111111	0 	0 	-0.037037	
2	0.333333	0.333333	0.444444	0.37037	-0.111111	0 	0 	-0.037037	
220	0.328927	0.348706	0.333333	0.333333	-0.037037	0 	0 	0.111111	
445	0.33056	0.384339	0.333333	0.333333	-0.037037	0 	0 	0.111111	
670	0.30727	0.433471	0.333333	0.333333	-0.037037	0 	0 	0.111111	
28	0.280428	0.421392	0.296296	0.444444	-0.037037	0 	0 	-0.111111	
559	0.261957	0.40607	0.296296	0.444444	-0.037037	0 	0 	-0.111111	
253	0.285853	0.344263	0.296296	0.444444	-0.037037	0 	0 	-0.111111	
619	0.229081	0.363512	0.259259	0.333333	-0.037037	0 	0 	0.111111	
88	0.238318	0.38416	0.259259	0.333333	-0.037037	0 	0 	0.111111	
394	0.254949	0.413277	0.259259	0.333333	-0.037037	0 	0 	0.111111	
5	0.222446	0.44796	0.222222	0.444444	0.111111	0 	0 	0.037037	
362	0.314129	0.471879	0.222222	0.444444	0.111111	0 	0 	0.037037	
587	0.330804	0.500912	0.333333	0.481481	-0.111111	0 	0 	0.037037	
197	0.267302	0.489608	0.333333	0.481481	-0.111111	0 	0 	0.037037	
311	0.23594	0.513032	0.333333	0.481481	-0.111111	0 	0 	0.037037	
536	0.244109	0.543071	0.222222	0.518519	0.111111	0 	0 	0.037037	
422	0.270686	0.553854	0.222222	0.518519	0.111111	0 	0 	0.037037	
137	0.30429	0.528107	0.222222	0.518519	0.111111	0 	0 	0.037037	
510	0.318792	0.568927	0.333333	0.555556	-0.037037	0 	0 	0.111111	
60	0.327997	0.556892	0.333333	0.555556	-0.037037	0 	0 	0.111111	
285	0.297668	0.648834	0.333333	0.555556	-0.037037	0 	0 	0.111111	
642	0.287375	0.619285	0.296296	0.666667	-0.037037	0 	0 	-0.111111	
336	0.285523	0.653682	0.296296	0.666667	-0.037037	0 	0 	-0.111111	
111	0.289229	0.589962	0.296296	0.666667	-0.037037	0 	0 	-0.111111	
468	0.251765	0.574047	0.259259	0.555556	-0.037037	0 	0 	0.111111	
693	0.255372	0.604295	0.259259	0.555556	-0.037037	0 	0 	0.111111	
162	0.256532	0.665444	0.259259	0.555556	-0.037037	0 	0 	0.111111	
706	0.221024	0.642672	0.222222	0.666667	-0.111111	0 	0 	-0.037037	
10	0.148148	0.62963	0.222222	0.666667	-0.111111	0 	0 	-0.037037	
376	0.128944	0.657064	0.222222	0.666667	-0.111111	0 	0 	-0.037037	
151	0.115226	0.600823	0.111111	0.62963	0.111111	0 	0 	-0.037037	
514	0.175583	0.61454	0.111111	0.62963	0.111111	0 	0 	-0.037037	
427	0.207133	0.628258	0.111111	0.62963	0.111111	0 	0 	-0.037037	
202	0.196439	0.560956	0.222222	0.592593	-0.111111	0 	0 	-0.037037	
316	0.167977	0.585923	0.222222	0.592593	-0.111111	0 	0 	-0.037037	
574	0.142661	0.573388	0.222222	0.592593	-0.111111	0 	0 	-0.037037	
225	0.131687	0.534979	0.111111	0.555556	0.037037	0 	0 	-0.111111	
648	0.122085	0.507545	0.111111	0.555556	0.037037	0 	0 	-0.111111	
450	0.13323	0.444543	0.111111	0.555556	0.037037	0 	0 	-0.111111	
93	0.164609	0.465021	0.148148	0.444444	0.037037	0 	0 	0.111111	
399	0.178326	0.484225	0.148148	0.444444	0.037037	0 	0 	0.111111	
597	0.148931	0.458783	0.148148	0.444444	0.037037	0 	0 	0.111111	
267	0.211248	0.525377	0.185185	0.555556	0.037037	0 	0 	-0.111111	
42	0.198848	0.489435	0.185185	0.555556	0.037037	0 	0 	-0.111111	
546	0.187929	0.478738	0.185185	0.555556	0.037037	0 	0 	-0.111111	
119	0.216309	0.441474	0.222222	0.444444	-0.111111	0 	0 	-0.037037	
485	0.154346	0.432174	0.222222	0.444444	-0.111111	0 	0 	-0.037037	
491	0.126315	0.415945	0.222222	0.444444	-0.111111	0 	0 	-0.037037	
293	0.113053	0.391733	0.111111	0.407407	0.111111	0 	0 	-0.037037	
179	0.18107	0.399177	0.111111	0.407407	0.111111	0 	0 	-0.037037	
623	0.212899	0.376415	0.111111	0.407407	0.111111	0 	0 	-0.037037	
344	0.207296	0.356542	0.222222	0.37037	-0.111111	0 	0 	-0.037037	
683	0.167807	0.334356	0.222222	0.37037	-0.111111	0 	0 	-0.037037	
68	0.139646	0.361478	0.222222	0.37037	-0.111111	0 	0 	-0.037037	
528	0.0988331	0.349025	0.111111	0.333333	-0.037037	0 	0 	0.111111	
24	0.0740741	0.37037	0.111111	0.333333	-0.037037	0 	0 	0.111111	
303	0.108997	0.385901	0.111111	0.333333	-0.037037	0 	0 	0.111111	
579	0.0730624	0.423457	0.0740741	0.444444	-0.037037	0 	0 	-0.111111	
354	0.0548697	0.397805	0.0740741	0.444444	-0.037037	0 	0 	-0.111111	
156	0.041155	0.339365	0.0740741	0.444444	-0.037037	0 	0 	-0.111111	
405	0.0149065	0.361722	0.037037	0.333333	-0.037037	0 	0 	0.111111	
207	0.00530617	0.414118	0.037037	0.333333	-0.037037	0 	0 	0.111111	
637	0.0106192	0.450553	0	0.444444	0.111111	0 	0 	0.037037	
271	0.0211869	0.45343	0	0.444444	0.111111	0 	0 	0.037037	
184	0.106996	0.473251	0	0.444444	0.111111	0 	0 	0.037037	
463	0.0867215	0.49073	0.111111	0.481481	-0.111111	0 	0 	0.037037	
496	0.0521262	0.491084	0.111111	0.481481	-0.111111	0 	0 	0.037037	
133	0.0288066	0.514403	0.111111	0.481481	-0.111111	0 	0 	0.037037	
331	0.00753433	0.54677	0	0.518519	0.111111	0 	0 	0.037037	
73	0.0617284	0.54321	0	0.518519	0.111111	0 	0 	0.037037	
688	0.0973937	0.51989	0	0.518519	0.111111	0 	0 	0.037037	
380	0.0992441	0.565037	0.111111	0.555556	-0.037037	0 	0 	0.111111	
605	0.0809328	0.622771	0.111111	0.555556	-0.037037	0 	0 	0.111111	
101	0.0926899	0.654991	0.111111	0.555556	-0.037037	0 	0 	0.111111	
440	0.0667154	0.628217	0.0740741	0.666667	-0.037037	0 	0 	-0.111111	
242	0.0576132	0.609053	0.0740741	0.666667	-0.037037	0 	0 	-0.111111	
665	0.0465905	0.579017	0.0740741	0.666667	-0.037037	0 	0 	-0.111111	
50	0.0149096	0.570949	0.037037	0.555556	-0.037037	0 	0 	0.111111	
248	0.0347055	0.60615	0.037037	0.555556	-0.037037	0 	0 	0.111111	
554	0.00274348	0.663923	0.037037	0.555556	-0.037037	0 	0 	0.111111	
567	0.0315501	0.684499	0	0.666667	0.111111	0 	0 	0.037037	
318	0.0507545	0.698217	0	0.666667	0.111111	0 	0 	0.037037	
204	0.0823045	0.670782	0	0.666667	0.111111	0 	0 	0.037037	
429	0.0990927	0.729524	0.111111	0.703704	-0.111111	0 	0 	0.037037	
516	0.0644719	0.725652	0.111111	0.703704	-0.111111	0 	0 	0.037037	
144	0.00411523	0.711934	0.111111	0.703704	-0.111111	0 	0 	0.037037	
369	0.00871512	0.777223	0	0.740741	0.111111	0 	0 	0.037037	
12	0.0190075	0.740855	0	0.740741	0.111111	0 	0 	0.037037	
708	0.105986	0.747914	0	0.740741	0.111111	0 	0 	0.037037	
167	0.144714	0.769422	0.111111	0.777778	0.037037	0 	0 	-0.111111	
698	0.133913	0.708272	0.111111	0.777778	0.037037	0 	0 	-0.111111	
473	0.120882	0.77047	0.111111	0.777778	0.037037	0 	0 	-0.111111	
116	0.176955	0.699588	0.148148	0.666667	0.037037	0 	0 	0.111111	
341	0.150511	0.721631	0.148148	0.666667	0.037037	0 	0 	0.111111	
647	0.161614	0.746149	0.148148	0.666667	0.037037	0 	0 	0.111111	
281	0.204001	0.756284	0.185185	0.777778	0.037037	0 	0 	-0.111111	
56	0.192935	0.72785	0.185185	0.777778	0.037037	0 	0 	-0.111111	
506	0.199073	0.676298	0.185185	0.777778	0.037037	0 	0 	-0.111111	
52	0.234806	0.684616	0.222222	0.666667	0.111111	0 	0 	0.037037	
658	0.270233	0.69273	0.222222	0.666667	0.111111	0 	0 	0.037037	
382	0.326475	0.66941	0.222222	0.666667	0.111111	0 	0 	0.037037	
607	0.309931	0.708511	0.333333	0.703704	-0.111111	0 	0 	0.037037	
235	0.278604	0.719805	0.333333	0.703704	-0.111111	0 	0 	0.037037	
250	0.248051	0.713909	0.333333	0.703704	-0.111111	0 	0 	0.037037	
556	0.236709	0.752061	0.222222	0.740741	0.111111	0 	0 	0.037037	
433	0.293553	0.751715	0.222222	0.740741	0.111111	0 	0 	0.037037	
103	0.311406	0.76828	0.222222	0.740741	0.111111	0 	0 	0.037037	
524	0.315769	0.811684	0.333333	0.777778	-0.037037	0 	0 	0.111111	
20	0.296296	0.814815	0.333333	0.777778	-0.037037	0 	0 	0.111111	
299	0.310014	0.883402	0.333333	0.777778	-0.037037	0 	0 	0.111111	
584	0.296285	0.874872	0.296296	0.888889	-0.037037	0 	0 	-0.111111	
359	0.277092	0.84225	0.296296	0.888889	-0.037037	0 	0 	-0.111111	
161	0.263374	0.786008	0.296296	0.888889	-0.037037	0 	0 	-0.111111	
410	0.258223	0.831876	0.259259	0.777778	-0.037037	0 	0 	0.111111	
212	0.230453	0.855967	0.259259	0.777778	-0.037037	0 	0 	0.111111	
672	0.200628	0.881882	0.222222	0.888889	-0.111111	0 	0 	-0.037037	
30	0.166778	0.862412	0.222222	0.888889	-0.111111	0 	0 	-0.037037	
387	0.141289	0.854595	0.222222	0.888889	-0.111111	0 	0 	-0.037037	
81	0.124612	0.834457	0.111111	0.851852	0.111111	0 	0 	-0.037037	
561	0.154965	0.849054	0.111111	0.851852	0.111111	0 	0 	-0.037037	
447	0.219479	0.825789	0.111111	0.851852	0.111111	0 	0 	-0.037037	
222	0.207804	0.805581	0.222222	0.814815	-0.111111	0 	0 	-0.037037	
255	0.171068	0.787712	0.222222	0.814815	-0.111111	0 	0 	-0.037037	
612	0.212857	0.805019	0.222222	0.814815	-0.111111	0 	0 	-0.037037	
346	0.0744948	0.787083	0.111111	0.777778	-0.037037	0 	0 	0.111111	
625	0.101799	0.819762	0.111111	0.777778	-0.037037	0 	0 	0.111111	
121	0.102881	0.884774	0.111111	0.777778	-0.037037	0 	0 	0.111111	
478	0.0540775	0.876618	0.0740741	0.888889	-0.037037	0 	0 	-0.111111	
172	0.0730797	0.836641	0.0740741	0.888889	-0.037037	0 	0 	-0.111111	
676	0.0723252	0.807685	0.0740741	0.888889	-0.037037	0 	0 	-0.111111	
70	0.0348773	0.795337	0.037037	0.777778	-0.037037	0 	0 	0.111111	
295	0.0324609	0.831276	0.037037	0.777778	-0.037037	0 	0 	0.111111	
493	0.0324537	0.862724	0.037037	0.777778	-0.037037	0 	0 	0.111111	
455	0.011751	0.905244	0	0.888889	0.111111	0 	0 	0.037037	
98	0.0443555	0.908202	0	0.888889	0.111111	0 	0 	0.037037	
542	0.0768176	0.923182	0	0.888889	0.111111	0 	0 	0.037037	
38	0.0843805	0.938636	0.111111	0.925926	-0.111111	0 	0 	0.037037	
404	0.0965013	0.926283	0.111111	0.925926	-0.111111	0 	0 	0.037037	
653	0.0109739	0.951989	0.111111	0.925926	-0.111111	0 	0 	0.037037	
230	0.0290171	0.98127	0	0.962963	0.111111	0 	0 	0.037037	
602	0.0438957	0.993141	0	0.962963	0.111111	0 	0 	0.037037	
263	0.0997333	0.979279	0	0.962963	0.111111	0 	0 	0.037037	
538	0.138546	0.984911	0.111111	1	0.037037	0 	0 	-0.111111	
313	0.12783	0.951634	0.111111	1	0.037037	0 	0 	-0.111111	
7	0.120172	0.898507	0.111111	1	0.037037	0 	0 	-0.111111	
190	0.153402	0.929988	0.148148	0.888889	0.037037	0 	0 	0.111111	
415	0.163743	0.997825	0.148148	0.888889	0.037037	0 	0 	0.111111	
139	0.185314	0.972466	0.185185	1	0.037037	0 	0 	-0.111111	
589	0.216735	0.943759	0.185185	1	0.037037	0 	0 	-0.111111	
364	0.185527	0.915876	0.185185	1	0.037037	0 	0 	-0.111111	
630	0.238104	0.889494	0.222222	0.888889	0.111111	0 	0 	0.037037	
273	0.249562	0.902387	0.222222	0.888889	0.111111	0 	0 	0.037037	
186	0.329218	0.917695	0.222222	0.888889	0.111111	0 	0 	0.037037	
465	0.304184	0.956303	0.333333	0.925926	-0.111111	0 	0 	0.037037	
498	0.277124	0.939332	0.333333	0.925926	-0.111111	0 	0 	0.037037	
126	0.251845	0.961547	0.333333	0.925926	-0.111111	0 	0 	0.037037	
324	0.227709	0.978052	0.222222	0.962963	0.111111	0 	0 	0.037037	
75	0.283951	0.987654	0.222222	0.962963	0.111111	0 	0 	0.037037	
690	0.318426	0.966816	0.222222	0.962963	0.111111	0 	0 	0.037037	
553	0.336077	0.997257	0.333333	1	0.037037	0 	0 	-0.111111	
247	0.355992	0.932224	0.333333	1	0.037037	0 	0 	-0.111111	
49	0.345679	0.901235	0.333333	1	0.037037	0 	0 	-0.111111	
664	0.371257	0.91759	0.37037	0.888889	0.037037	0 	0 	0.111111	
241	0.383113	0.938949	0.37037	0.888889	0.037037	0 	0 	0.111111	
439	0.402609	0.973558	0.37037	0.888889	0.037037	0 	0 	0.111111	
100	0.423868	0.983539	0.407407	1	0.037037	0 	0 	-0.111111	
604	0.407512	0.957632	0.407407	1	0.037037	0 	0 	-0.111111	
379	0.437586	0.891632	0.407407	1	0.037037	0 	0 	-0.111111	
687	0.436452	0.853809	0.444444	0.888889	-0.111111	0 	0 	-0.037037	
72	0.395062	0.876543	0.444444	0.888889	-0.111111	0 	0 	-0.037037	
330	0.338254	0.868129	0.444444	0.888889	-0.111111	0 	0 	-0.037037	
132	0.366198	0.843687	0.333333	0.851852	0.111111	0 	0 	-0.037037	
495	0.386331	0.822743	0.333333	0.851852	0.111111	0 	0 	-0.037037	
462	0.414917	0.836182	0.333333	0.851852	0.111111	0 	0 	-0.037037	
183	0.437216	0.800247	0.444444	0.814815	-0.111111	0 	0 	-0.037037	
270	0.371742	0.796982	0.444444	0.814815	-0.111111	0 	0 	-0.037037	
636	0.354084	0.778476	0.444444	0.814815	-0.111111	0 	0 	-0.037037	
209	0.341059	0.748021	0.333333	0.777778	0.037037	0 	0 	-0.111111	
407	0.350339	0.702447	0.333333	0.777778	0.037037	0 	0 	-0.111111	
158	0.38292	0.674148	0.37037	0.666667	0.037037	0 	0 	0.111111	
356	0.37445	0.73746	0.37037	0.666667	0.037037	0 	0 	0.111111	
581	0.40192	0.758573	0.37037	0.666667	0.037037	0 	0 	0.111111	
305	0.425182	0.770476	0.407407	0.777778	0.037037	0 	0 	-0.111111	
26	0.407407	0.703704	0.407407	0.777778	0.037037	0 	0 	-0.111111	
530	0.433342	0.687504	0.407407	0.777778	0.037037	0 	0 	-0.111111	
67	0.47498	0.690182	0.444444	0.666667	0.111111	0 	0 	0.037037	
682	0.493034	0.668552	0.444444	0.666667	0.111111	0 	0 	0.037037	
343	0.525253	0.679892	0.444444	0.666667	0.111111	0 	0 	0.037037	
622	0.537567	0.712451	0.555556	0.703704	-0.111111	0 	0 	0.037037	
178	0.514403	0.73251	0.555556	0.703704	-0.111111	0 	0 	0.037037	
292	0.445816	0.722908	0.555556	0.703704	-0.111111	0 	0 	0.037037	
490	0.465223	0.742743	0.444444	0.740741	0.111111	0 	0 	0.037037	
484	0.490853	0.759674	0.444444	0.740741	0.111111	0 	0 	0.037037	
118	0.547325	0.773663	0.444444	0.740741	0.111111	0 	0 	0.037037	
548	0.537179	0.817056	0.555556	0.777778	-0.037037	0 	0 	0.111111	
44	0.528144	0.827111	0.555556	0.777778	-0.037037	0 	0 	0.111111	
269	0.542836	0.858695	0.555556	0.777778	-0.037037	0 	0 	0.111111	
599	0.487453	0.882014	0.518519	0.888889	-0.037037	0 	0 	-0.111111	
401	0.51166	0.817558	0.518519	0.888889	-0.037037	0 	0 	-0.111111	
95	0.497942	0.798354	0.518519	0.888889	-0.037037	0 	0 	-0.111111	
452	0.472261	0.785552	0.481481	0.777778	-0.037037	0 	0 	0.111111	
650	0.455418	0.840878	0.481481	0.777778	-0.037037	0 	0 	0.111111	
227	0.461497	0.867472	0.481481	0.777778	-0.037037	0 	0 	0.111111	
573	0.475995	0.906722	0.444444	0.888889	0.111111	0 	0 	0.037037	
315	0.494679	0.922038	0.444444	0.888889	0.111111	0 	0 	0.037037	
201	0.522703	0.891335	0.444444	0.888889	0.111111	0 	0 	0.037037	
426	0.540668	0.953582	0.555556	0.925926	-0.111111	0 	0 	0.037037	
513	0.51123	0.950949	0.555556	0.925926	-0.111111	0 	0 	0.037037	
150	0.44856	0.934156	0.555556	0.925926	-0.111111	0 	0 	0.037037	
375	0.466973	0.991906	0.444444	0.962963	0.111111	0 	0 	0.037037	
9	0.481481	0.962963	0.444444	0.962963	0.111111	0 	0 	0.037037	
705	0.554184	0.97668	0.444444	0.962963	0.111111	0 	0 	0.037037	
164	0.588477	0.99177	0.555556	1	0.037037	0 	0 	-0.111111	
695	0.578875	0.927298	0.555556	1	0.037037	0 	0 	-0.111111	
470	0.565867	0.90379	0.555556	1	0.037037	0 	0 	-0.111111	
113	0.621399	0.921811	0.592593	0.888889	0.037037	0 	0 	0.111111	
338	0.59327	0.93674	0.592593	0.888889	0.037037	0 	0 	0.111111	
644	0.604621	0.969694	0.592593	0.888889	0.037037	0 	0 	0.111111	
287	0.62995	0.994639	0.62963	1	0.037037	0 	0 	-0.111111	
62	0.635978	0.947652	0.62963	1	0.037037	0 	0 	-0.111111	
512	0.644719	0.898491	0.62963	1	0.037037	0 	0 	-0.111111	
136	0.633745	0.860082	0.666667	0.888889	-0.111111	0 	0 	-0.037037	
421	0.61454	0.887517	0.666667	0.888889	-0.111111	0 	0 	-0.037037	
535	0.652523	0.874298	0.666667	0.888889	-0.111111	0 	0 	-0.037037	
310	0.574008	0.844018	0.555556	0.851852	0.111111	0 	0 	-0.037037	
196	0.600823	0.81893	0.555556	0.851852	0.111111	0 	0 	-0.037037	
586	0.66118	0.832647	0.555556	0.851852	0.111111	0 	0 	-0.037037	
361	0.642949	0.800844	0.666667	0.814815	-0.111111	0 	0 	-0.037037	
4	0.555556	0.777778	0.666667	0.814815	-0.111111	0 	0 	-0.037037	
393	0.585734	0.743484	0.555556	0.777778	0.037037	0 	0 	-0.111111	
87	0.574732	0.722914	0.555556	0.777778	0.037037	0 	0 	-0.111111	
618	0.562414	0.696845	0.555556	0.777778	0.037037	0 	0 	-0.111111	
252	0.618656	0.673525	0.592593	0.666667	0.037037	0 	0 	0.111111	
558	0.599424	0.738384	0.592593	0.666667	0.037037	0 	0 	0.111111	
27	0.604938	0.753086	0.592593	0.666667	0.037037	0 	0 	0.111111	
669	0.632388	0.766237	0.62963	0.777778	0.037037	0 	0 	-0.111111	
444	0.66405	0.717251	0.62963	0.777778	0.037037	0 	0 	-0.111111	
219	0.652569	0.682144	0.62963	0.777778	0.037037	0 	0 	-0.111111	
1	0.667831	0.683005	0.666667	0.666667	0.111111	0 	0 	0.037037	
367	0.758573	0.694102	0.666667	0.666667	0.111111	0 	0 	0.037037	
592	0.771001	0.720876	0.777778	0.703704	-0.111111	0 	0 	0.037037	
193	0.711934	0.707819	0.777778	0.703704	-0.111111	0 	0 	0.037037	
307	0.680384	0.735254	0.777778	0.703704	-0.111111	0 	0 	0.037037	
532	0.701549	0.763804	0.666667	0.740741	0.111111	0 	0 	0.037037	
418	0.725652	0.776406	0.666667	0.740741	0.111111	0 	0 	0.037037	
142	0.744856	0.748971	0.666667	0.740741	0.111111	0 	0 	0.037037	
327	0.783265	0.75583	0.777778	0.777778	0.037037	0 	0 	-0.111111	
129	0.806584	0.736626	0.777778	0.777778	0.037037	0 	0 	-0.111111	
633	0.796982	0.672154	0.777778	0.777778	0.037037	0 	0 	-0.111111	
276	0.822062	0.708191	0.814815	0.666667	0.037037	0 	0 	0.111111	
501	0.829904	0.713306	0.814815	0.666667	0.037037	0 	0 	0.111111	
78	0.821318	0.686323	0.814815	0.666667	0.037037	0 	0 	0.111111	
684	0.855213	0.770498	0.851852	0.777778	0.037037	0 	0 	-0.111111	
459	0.859812	0.719439	0.851852	0.777778	0.037037	0 	0 	-0.111111	
180	0.884774	0.695473	0.851852	0.777778	0.037037	0 	0 	-0.111111	
458	0.914824	0.666676	0.888889	0.666667	0.111111	0 	0 	0.037037	
92	0.902476	0.676799	0.888889	0.666667	0.111111	0 	0 	0.037037	
545	0.966983	0.698737	0.888889	0.666667	0.111111	0 	0 	0.037037	
41	0.978608	0.737485	1	0.703704	-0.111111	0 	0 	0.037037	
398	0.954976	0.704138	1	0.703704	-0.111111	0 	0 	0.037037	
656	0.899863	0.729767	1	0.703704	-0.111111	0 	0 	0.037037	
233	0.902259	0.743898	0.888889	0.740741	0.111111	0 	0 	0.037037	
596	0.932785	0.770919	0.888889	0.740741	0.111111	0 	0 	0.037037	
266	0.989021	0.748586	0.888889	0.740741	0.111111	0 	0 	0.037037	
198	0.9959	0.778927	1	0.777778	-0.037037	0 	0 	0.111111	
423	0.986172	0.849455	1	0.777778	-0.037037	0 	0 	0.111111	
702	0.995249	0.865279	1	0.777778	-0.037037	0 	0 	0.111111	
15	0.929961	0.85862	0.962963	0.888889	-0.037037	0 	0 	-0.111111	
519	0.954572	0.824227	0.962963	0.888889	-0.037037	0 	0 	-0.111111	
321	0.939643	0.809328	0.962963	0.888889	-0.037037	0 	0 	-0.111111	
570	0.913726	0.795987	0.925926	0.777778	-0.037037	0 	0 	0.111111	
147	0.889517	0.8191	0.925926	0.777778	-0.037037	0 	0 	0.111111	
372	0.906722	0.879287	0.925926	0.777778	-0.037037	0 	0 	0.111111	
106	0.869793	0.88101	0.888889	0.888889	-0.111111	0 	0 	-0.037037	
436	0.849108	0.862826	0.888889	0.888889	-0.111111	0 	0 	-0.037037	
550	0.883655	0.876159	0.888889	0.888889	-0.111111	0 	0 	-0.037037	
244	0.804312	0.815079	0.777778	0.851852	0.111111	0 	0 	-0.037037	
238	0.842322	0.840308	0.777778	0.851852	0.111111	0 	0 	-0.037037	
610	0.850104	0.84723	0.777778	0.851852	0.111111	0 	0 	-0.037037	
385	0.872656	0.783576	0.888889	0.814815	-0.111111	0 	0 	-0.037037	
661	0.823048	0.803296	0.888889	0.814815	-0.111111	0 	0 	-0.037037	
46	0.790123	0.790123	0.888889	0.814815	-0.111111	0 	0 	-0.037037	
509	0.753815	0.783479	0.777778	0.777778	-0.037037	0 	0 	0.111111	
59	0.776652	0.839399	0.777778	0.777778	-0.037037	0 	0 	0.111111	
284	0.741841	0.865834	0.777778	0.777778	-0.037037	0 	0 	0.111111	
641	0.722908	0.857339	0.740741	0.888889	-0.037037	0 	0 	-0.111111	
335	0.707551	0.838417	0.740741	0.888889	-0.037037	0 	0 	-0.111111	
110	0.730496	0.811779	0.740741	0.888889	-0.037037	0 	0 	-0.111111	
476	0.681161	0.806192	0.703704	0.777778	-0.037037	0 	0 	0.111111	
701	0.695029	0.791216	0.703704	0.777778	-0.037037	0 	0 	0.111111	
170	0.692064	0.884212	0.703704	0.777778	-0.037037	0 	0 	0.111111	
615	0.666955	0.903425	0.666667	0.888889	0.111111	0 	0 	0.037037	
258	0.734153	0.890725	0.666667	0.888889	0.111111	0 	0 	0.037037	
216	0.761317	0.90535	0.666667	0.888889	0.111111	0 	0 	0.037037	
441	0.77113	0.934771	0.777778	0.925926	-0.111111	0 	0 	0.037037	
564	0.754734	0.934564	0.777778	0.925926	-0.111111	0 	0 	0.037037	
84	0.683128	0.946502	0.777778	0.925926	-0.111111	0 	0 	0.037037	
390	0.692518	0.964969	0.666667	0.962963	0.111111	0 	0 	0.037037	
33	0.705917	0.983807	0.666667	0.962963	0.111111	0 	0 	0.037037	
666	0.751715	0.989026	0.666667	0.962963	0.111111	0 	0 	0.037037	
215	0.782854	0.96424	0.777778	1	0.037037	0 	0 	-0.111111	
413	0.799726	0.924554	0.777778	1	0.037037	0 	0 	-0.111111	
155	0.815108	0.918111	0.814815	0.888889	0.037037	0 	0 	0.111111	
353	0.822668	0.942263	0.814815	0.888889	0.037037	0 	0 	0.111111	
578	0.846365	0.980796	0.814815	0.888889	0.037037	0 	0 	0.111111	
302	0.857319	0.991348	0.851852	1	0.037037	0 	0 	-0.111111	
23	0.854714	0.967019	0.851852	1	0.037037	0 	0 	-0.111111	
527	0.880073	0.921575	0.851852	1	0.037037	0 	0 	-0.111111	
64	0.915338	0.916631	0.888889	0.888889	0.111111	0 	0 	0.037037	
679	0.930108	0.89836	0.888889	0.888889	0.111111	0 	0 	0.037037	
349	0.96845	0.903978	0.888889	0.888889	0.111111	0 	0 	0.037037	
628	0.962109	0.929992	1	0.925926	-0.111111	0 	0 	0.037037	
175	0.946479	0.956701	1	0.925926	-0.111111	0 	0 	0.037037	
289	0.890261	0.94513	1	0.925926	-0.111111	0 	0 	0.037037	
487	0.900546	0.973338	0.888889	0.962963	0.111111	0 	0 	0.037037	
481	0.943538	0.975499	0.888889	0.962963	0.111111	0 	0 	0.037037	
124	0.99177	0.995885	0.888889	0.962963	0.111111	0 	0 	0.037037	
