0	0.023651	0.0108311	0	0	0.111111	0 	0 	0.111111	
141	0.0366426	0.0838568	0	0	0.111111	0 	0 	0.111111	
131	0.14409	0.110231	0.111111	0.111111	0.111111	0 	0 	-0.111111	
80	0.166589	0.109821	0.111111	0.111111	0.111111	0 	0 	-0.111111	
91	0.275705	0.0255722	0.222222	0	0.111111	0 	0 	0.111111	
40	0.308538	0.0462907	0.222222	0	0.111111	0 	0 	0.111111	
17	0.271872	0.183368	0.333333	0.111111	-0.111111	0 	0 	0.111111	
149	0.238305	0.153372	0.333333	0.111111	-0.111111	0 	0 	0.111111	
105	0.206162	0.216521	0.222222	0.222222	-0.111111	0 	0 	-0.111111	
45	0.106048	0.114528	0.222222	0.222222	-0.111111	0 	0 	-0.111111	
58	0.105394	0.201357	0.111111	0.111111	-0.111111	0 	0 	0.111111	
109	0.0714999	0.162019	0.111111	0.111111	-0.111111	0 	0 	0.111111	
86	0.00973257	0.262466	0	0.222222	0.111111	0 	0 	0.111111	
35	0.0428207	0.311143	0	0.222222	0.111111	0 	0 	0.111111	
22	0.185185	0.259259	0.111111	0.333333	0.111111	0 	0 	-0.111111	
63	0.24754	0.285769	0.222222	0.222222	0.111111	0 	0 	0.111111	
123	0.326062	0.32819	0.222222	0.222222	0.111111	0 	0 	0.111111	
97	0.38658	0.240676	0.333333	0.333333	0.111111	0 	0 	-0.111111	
37	0.422108	0.265417	0.333333	0.333333	0.111111	0 	0 	-0.111111	
120	0.436689	0.20033	0.444444	0.222222	-0.111111	0 	0 	-0.111111	
69	0.359612	0.137714	0.444444	0.222222	-0.111111	0 	0 	-0.111111	
146	0.380445	0.0438634	0.333333	0.111111	0.111111	0 	0 	-0.111111	
14	0.37342	0.0807395	0.333333	0.111111	0.111111	0 	0 	-0.111111	
115	0.503022	0.0323138	0.444444	0	0.111111	0 	0 	0.111111	
55	0.559308	0.0620214	0.444444	0	0.111111	0 	0 	0.111111	
32	0.554053	0.120804	0.555556	0.111111	-0.111111	0 	0 	0.111111	
83	0.460428	0.167873	0.555556	0.111111	-0.111111	0 	0 	0.111111	
6	0.476694	0.235237	0.444444	0.222222	0.111111	0 	0 	0.111111	
138	0.525616	0.298097	0.444444	0.222222	0.111111	0 	0 	0.111111	
128	0.585068	0.272677	0.555556	0.333333	0.111111	0 	0 	-0.111111	
77	0.6186	0.310489	0.555556	0.333333	0.111111	0 	0 	-0.111111	
19	0.634268	0.152023	0.666667	0.222222	-0.111111	0 	0 	-0.111111	
51	0.599759	0.00111625	0.555556	0.111111	0.111111	0 	0 	-0.111111	
102	0.655583	0.0933664	0.555556	0.111111	0.111111	0 	0 	-0.111111	
25	0.719951	0.0586115	0.666667	0	0.111111	0 	0 	0.111111	
66	0.805782	0.030127	0.777778	0.111111	0.111111	0 	0 	-0.111111	
117	0.787769	0.102041	0.777778	0.111111	0.111111	0 	0 	-0.111111	
89	0.916958	0.0541836	0.888889	0	0.111111	0 	0 	0.111111	
29	0.903064	0.0889993	0.888889	0	0.111111	0 	0 	0.111111	
135	0.965587	0.179848	1	0.111111	-0.111111	0 	0 	0.111111	
3	0.984189	0.145237	1	0.111111	-0.111111	0 	0 	0.111111	
43	0.876439	0.162298	0.888889	0.222222	-0.111111	0 	0 	-0.111111	
94	0.844882	0.138234	0.888889	0.222222	-0.111111	0 	0 	-0.111111	
74	0.734524	0.212327	0.777778	0.111111	-0.111111	0 	0 	0.111111	
134	0.696041	0.179271	0.777778	0.111111	-0.111111	0 	0 	0.111111	
48	0.676297	0.224517	0.666667	0.222222	0.111111	0 	0 	0.111111	
99	0.757359	0.308482	0.666667	0.222222	0.111111	0 	0 	0.111111	
152	0.781134	0.264699	0.777778	0.333333	0.111111	0 	0 	-0.111111	
11	0.823557	0.292489	0.777778	0.333333	0.111111	0 	0 	-0.111111	
112	0.929324	0.244537	0.888889	0.222222	0.111111	0 	0 	0.111111	
61	0.984886	0.282177	0.888889	0.222222	0.111111	0 	0 	0.111111	
104	0.97274	0.427476	1	0.333333	-0.111111	0 	0 	0.111111	
53	0.905999	0.342466	1	0.333333	-0.111111	0 	0 	0.111111	
18	0.942907	0.476311	0.888889	0.444444	0.111111	0 	0 	0.111111	
76	0.950617	0.654321	1	0.555556	-0.111111	0 	0 	0.111111	
127	0.957454	0.624376	1	0.555556	-0.111111	0 	0 	0.111111	
140	0.849954	0.637231	0.888889	0.666667	-0.111111	0 	0 	-0.111111	
8	0.871832	0.566566	0.888889	0.666667	-0.111111	0 	0 	-0.111111	
82	0.792039	0.501168	0.777778	0.555556	0.111111	0 	0 	-0.111111	
31	0.82716	0.530864	0.777778	0.555556	0.111111	0 	0 	-0.111111	
54	0.869419	0.437201	0.888889	0.444444	-0.111111	0 	0 	-0.111111	
114	0.837489	0.365125	0.888889	0.444444	-0.111111	0 	0 	-0.111111	
13	0.702262	0.400187	0.777778	0.333333	-0.111111	0 	0 	0.111111	
145	0.760514	0.378754	0.777778	0.333333	-0.111111	0 	0 	0.111111	
71	0.682606	0.461963	0.666667	0.444444	0.111111	0 	0 	0.111111	
122	0.774141	0.545477	0.666667	0.444444	0.111111	0 	0 	0.111111	
36	0.724064	0.601033	0.777778	0.555556	-0.111111	0 	0 	0.111111	
96	0.717733	0.575131	0.777778	0.555556	-0.111111	0 	0 	0.111111	
125	0.650607	0.665637	0.666667	0.666667	-0.111111	0 	0 	-0.111111	
65	0.63478	0.6088	0.666667	0.666667	-0.111111	0 	0 	-0.111111	
21	0.514575	0.591386	0.555556	0.555556	-0.111111	0 	0 	0.111111	
153	0.488197	0.563703	0.555556	0.555556	-0.111111	0 	0 	0.111111	
34	0.391441	0.641622	0.444444	0.666667	-0.111111	0 	0 	-0.111111	
85	0.414683	0.645765	0.444444	0.666667	-0.111111	0 	0 	-0.111111	
108	0.405834	0.475492	0.333333	0.555556	0.111111	0 	0 	-0.111111	
57	0.357216	0.526252	0.333333	0.555556	0.111111	0 	0 	-0.111111	
47	0.4522	0.461851	0.444444	0.444444	0.111111	0 	0 	0.111111	
107	0.535894	0.536164	0.444444	0.444444	0.111111	0 	0 	0.111111	
148	0.560314	0.493311	0.555556	0.555556	0.111111	0 	0 	-0.111111	
16	0.597247	0.513766	0.555556	0.555556	0.111111	0 	0 	-0.111111	
39	0.649836	0.342196	0.666667	0.444444	-0.111111	0 	0 	-0.111111	
90	0.602558	0.379878	0.666667	0.444444	-0.111111	0 	0 	-0.111111	
79	0.506173	0.432099	0.555556	0.333333	-0.111111	0 	0 	0.111111	
130	0.47164	0.402521	0.555556	0.333333	-0.111111	0 	0 	0.111111	
143	0.417397	0.411417	0.444444	0.444444	-0.111111	0 	0 	-0.111111	
2	0.336914	0.334639	0.444444	0.444444	-0.111111	0 	0 	-0.111111	
28	0.307696	0.363042	0.333333	0.333333	-0.111111	0 	0 	0.111111	
88	0.238683	0.390947	0.333333	0.333333	-0.111111	0 	0 	0.111111	
5	0.224421	0.448451	0.222222	0.444444	0.111111	0 	0 	0.111111	
137	0.261551	0.499138	0.222222	0.444444	0.111111	0 	0 	0.111111	
60	0.325408	0.620622	0.333333	0.555556	-0.111111	0 	0 	0.111111	
111	0.288456	0.585359	0.333333	0.555556	-0.111111	0 	0 	0.111111	
10	0.139395	0.628252	0.222222	0.666667	-0.111111	0 	0 	-0.111111	
151	0.111788	0.59911	0.222222	0.666667	-0.111111	0 	0 	-0.111111	
93	0.158722	0.463934	0.111111	0.555556	0.111111	0 	0 	-0.111111	
42	0.126881	0.500616	0.111111	0.555556	0.111111	0 	0 	-0.111111	
119	0.186882	0.422174	0.222222	0.444444	-0.111111	0 	0 	-0.111111	
68	0.139636	0.354853	0.222222	0.444444	-0.111111	0 	0 	-0.111111	
24	0.0619709	0.366115	0.111111	0.333333	-0.111111	0 	0 	0.111111	
133	0.0463197	0.512533	0	0.444444	0.111111	0 	0 	0.111111	
73	0.0778056	0.543307	0	0.444444	0.111111	0 	0 	0.111111	
101	0.0893039	0.657329	0.111111	0.555556	-0.111111	0 	0 	0.111111	
50	0.0122464	0.570859	0.111111	0.555556	-0.111111	0 	0 	0.111111	
144	0.00466088	0.711007	0	0.666667	0.111111	0 	0 	0.111111	
12	0.0280183	0.76189	0	0.666667	0.111111	0 	0 	0.111111	
116	0.178682	0.697288	0.111111	0.777778	0.111111	0 	0 	-0.111111	
56	0.206226	0.726714	0.111111	0.777778	0.111111	0 	0 	-0.111111	
52	0.266813	0.668815	0.222222	0.666667	0.111111	0 	0 	0.111111	
103	0.312757	0.761317	0.222222	0.666667	0.111111	0 	0 	0.111111	
20	0.291071	0.804456	0.333333	0.777778	-0.111111	0 	0 	0.111111	
30	0.214737	0.866028	0.222222	0.888889	-0.111111	0 	0 	-0.111111	
81	0.193007	0.818993	0.222222	0.888889	-0.111111	0 	0 	-0.111111	
121	0.0944033	0.83485	0.111111	0.777778	-0.111111	0 	0 	0.111111	
70	0.0798951	0.795795	0.111111	0.777778	-0.111111	0 	0 	0.111111	
98	0.0457295	0.919493	0	0.888889	0.111111	0 	0 	0.111111	
38	0.0253225	0.925946	0	0.888889	0.111111	0 	0 	0.111111	
7	0.127032	0.897885	0.111111	1	0.111111	0 	0 	-0.111111	
139	0.159859	0.954466	0.111111	1	0.111111	0 	0 	-0.111111	
126	0.254759	0.94674	0.222222	0.888889	0.111111	0 	0 	0.111111	
75	0.282619	0.997223	0.222222	0.888889	0.111111	0 	0 	0.111111	
49	0.345572	0.889048	0.333333	1	0.111111	0 	0 	-0.111111	
100	0.42592	0.983225	0.333333	1	0.111111	0 	0 	-0.111111	
72	0.394518	0.880384	0.444444	0.888889	-0.111111	0 	0 	-0.111111	
132	0.36491	0.847331	0.444444	0.888889	-0.111111	0 	0 	-0.111111	
26	0.348697	0.74452	0.333333	0.777778	0.111111	0 	0 	-0.111111	
67	0.460437	0.690868	0.444444	0.666667	0.111111	0 	0 	0.111111	
118	0.552174	0.765053	0.444444	0.666667	0.111111	0 	0 	0.111111	
44	0.531666	0.842607	0.555556	0.777778	-0.111111	0 	0 	0.111111	
95	0.494622	0.792297	0.555556	0.777778	-0.111111	0 	0 	0.111111	
150	0.46054	0.929263	0.444444	0.888889	0.111111	0 	0 	0.111111	
9	0.482754	0.959068	0.444444	0.888889	0.111111	0 	0 	0.111111	
113	0.580721	0.91931	0.555556	1	0.111111	0 	0 	-0.111111	
62	0.651943	0.954131	0.555556	1	0.111111	0 	0 	-0.111111	
136	0.623706	0.876622	0.666667	0.888889	-0.111111	0 	0 	-0.111111	
4	0.5568	0.778889	0.666667	0.888889	-0.111111	0 	0 	-0.111111	
87	0.575856	0.714507	0.555556	0.777778	0.111111	0 	0 	-0.111111	
27	0.612539	0.755012	0.555556	0.777778	0.111111	0 	0 	-0.111111	
1	0.698706	0.680309	0.666667	0.666667	0.111111	0 	0 	0.111111	
142	0.755184	0.748959	0.666667	0.666667	0.111111	0 	0 	0.111111	
129	0.801244	0.730191	0.777778	0.777778	0.111111	0 	0 	-0.111111	
78	0.829637	0.774935	0.777778	0.777778	0.111111	0 	0 	-0.111111	
92	0.942672	0.692348	0.888889	0.666667	0.111111	0 	0 	0.111111	
41	0.898347	0.713766	0.888889	0.666667	0.111111	0 	0 	0.111111	
15	0.994007	0.888883	1	0.777778	-0.111111	0 	0 	0.111111	
147	0.970914	0.818509	1	0.777778	-0.111111	0 	0 	0.111111	
106	0.875712	0.85615	0.888889	0.888889	-0.111111	0 	0 	-0.111111	
46	0.863198	0.88388	0.888889	0.888889	-0.111111	0 	0 	-0.111111	
59	0.768544	0.842608	0.777778	0.777778	-0.111111	0 	0 	0.111111	
110	0.741194	0.813779	0.777778	0.777778	-0.111111	0 	0 	0.111111	
84	0.674895	0.947456	0.666667	0.888889	0.111111	0 	0 	0.111111	
33	0.707386	0.978959	0.666667	0.888889	0.111111	0 	0 	0.111111	
23	0.809708	0.913166	0.777778	1	0.111111	0 	0 	-0.111111	
64	0.930422	0.971078	0.888889	0.888889	0.111111	0 	0 	0.111111	
124	0.912549	0.990141	0.888889	0.888889	0.111111	0 	0 	0.111111	
