0	0.3352410538101406	0.09191752203207128	0.3333333333333333	0.	0.1111111111111111	0.	0.	0.3333333333333333
1	0.6721883519175466	0.5549360331671394	0.6666666666666666	0.3333333333333333	0.1111111111111111	0.	0.	0.3333333333333333
2	0.21377266308356407	0.796472616776514	0.	0.7777777777777778	0.3333333333333333	0.	0.	0.1111111111111111
3	0.8567760209501981	0.9982515182188345	0.6666666666666666	0.8888888888888888	0.3333333333333333	0.	0.	0.1111111111111111
4	0.332219768067042	0.17985644274998577	0.	0.1111111111111111	0.3333333333333333	0.	0.	0.1111111111111111
5	0.5288052709743667	0.659142186807093	0.3333333333333333	0.5555555555555556	0.3333333333333333	0.	0.	0.1111111111111111
6	0.054203053950165926	0.40415759563334114	0.	0.3333333333333333	0.1111111111111111	0.	0.	0.3333333333333333
7	0.6218201158001567	0.6925944779686997	0.5555555555555556	0.6666666666666666	0.1111111111111111	0.	0.	0.3333333333333333
8	0.9301489920253889	0.2847369265834914	0.6666666666666666	0.2222222222222222	0.3333333333333333	0.	0.	0.1111111111111111
9	0.7990783703749855	0.015327717992736307	0.6666666666666666	0.	0.3333333333333333	0.	0.	0.1111111111111111
10	0.2370046231602377	0.4606240361576057	0.2222222222222222	0.3333333333333333	0.1111111111111111	0.	0.	0.3333333333333333
11	0.4690303339463631	0.8441389135376024	0.4444444444444444	0.6666666666666666	0.1111111111111111	0.	0.	0.3333333333333333
12	0.08360285594841974	0.9027389256121661	0.	0.8888888888888888	0.3333333333333333	0.	0.	0.1111111111111111
13	0.6389514357013438	0.21812195035112517	0.5555555555555556	0.	0.1111111111111111	0.	0.	0.3333333333333333
14	0.9923851187953044	0.5896475495904916	0.8888888888888888	0.3333333333333333	0.1111111111111111	0.	0.	0.3333333333333333
15	0.3894419430150479	0.4270331875331801	0.3333333333333333	0.3333333333333333	0.3333333333333333	0.	0.	0.1111111111111111
16	0.735999382486626	0.7328447377667385	0.6666666666666666	0.6666666666666666	0.3333333333333333	0.	0.	0.1111111111111111
17	0.11683207768256848	0.296350082816606	0.	0.2222222222222222	0.3333333333333333	0.	0.	0.1111111111111111
18	0.02386473593725361	0.07349596491440767	0.	0.	0.3333333333333333	0.	0.	0.1111111111111111
19	0.590362079860641	0.5096310157549084	0.3333333333333333	0.4444444444444444	0.3333333333333333	0.	0.	0.1111111111111111
20	0.9039254219721972	0.8555041789060706	0.6666666666666666	0.7777777777777778	0.3333333333333333	0.	0.	0.1111111111111111
21	0.4111124489340057	0.9540193936413104	0.3333333333333333	0.6666666666666666	0.1111111111111111	0.	0.	0.3333333333333333
22	0.7453007258649829	0.1327071458353699	0.6666666666666666	0.1111111111111111	0.3333333333333333	0.	0.	0.1111111111111111
23	0.1796447683488418	0.6206193980274147	0.1111111111111111	0.3333333333333333	0.1111111111111111	0.	0.	0.3333333333333333
24	0.8352523709710148	0.33966042255447143	0.7777777777777778	0.3333333333333333	0.1111111111111111	0.	0.	0.3333333333333333
25	0.2838982185752872	0.7442635564893936	0.	0.6666666666666666	0.3333333333333333	0.	0.	0.1111111111111111
26	0.5021309606919973	0.2276566999015893	0.4444444444444444	0.	0.1111111111111111	0.	0.	0.3333333333333333