0	0.7704990808234374	0.8486909821987585	0.7407407407407407	0.7777777777777778	0.037037037037037035	0.	0.	0.1111111111111111
1	0.45512060411446126	0.08311510597468685	0.4444444444444444	0.07407407407407407	0.1111111111111111	0.	0.	0.037037037037037035
2	0.252684230991545	0.48377764553386843	0.2222222222222222	0.48148148148148145	0.1111111111111111	0.	0.	0.037037037037037035
3	0.05075928926068406	0.3167431403797886	0.	0.2962962962962963	0.1111111111111111	0.	0.	0.037037037037037035
4	0.874107125501047	0.39151956760173656	0.7777777777777778	0.37037037037037035	0.1111111111111111	0.	0.	0.037037037037037035
5	0.665188928611362	0.7198193992952878	0.6296296296296297	0.6666666666666666	0.037037037037037035	0.	0.	0.1111111111111111
6	0.3951679428773491	0.5838402676736076	0.3333333333333333	0.5555555555555556	0.1111111111111111	0.	0.	0.037037037037037035
7	0.2001964829829466	0.9296092460062603	0.18518518518518517	0.8888888888888888	0.037037037037037035	0.	0.	0.1111111111111111
8	0.9508878642020746	0.18217348850643778	0.9259259259259259	0.1111111111111111	0.037037037037037035	0.	0.	0.1111111111111111
9	0.02715371789917561	0.42384753774169476	0.	0.3333333333333333	0.037037037037037035	0.	0.	0.1111111111111111
10	0.8198150089750845	0.7525810231476942	0.8148148148148148	0.6666666666666666	0.037037037037037035	0.	0.	0.1111111111111111
11	0.6090138261462298	0.2573432093313991	0.5925925925925926	0.2222222222222222	0.037037037037037035	0.	0.	0.1111111111111111
12	0.336878940855397	0.9866649222743268	0.3333333333333333	0.8888888888888888	0.037037037037037035	0.	0.	0.1111111111111111
13	0.1659025335303489	0.2020386708733587	0.1111111111111111	0.18518518518518517	0.1111111111111111	0.	0.	0.037037037037037035
14	0.8951584118894306	0.6218399788005704	0.8888888888888888	0.5555555555555556	0.037037037037037035	0.	0.	0.1111111111111111
15	0.7200687502444748	0.02704107973322323	0.6666666666666666	0.	0.1111111111111111	0.	0.	0.037037037037037035
16	0.54782385726292	0.5538005631911738	0.4444444444444444	0.5185185185185185	0.1111111111111111	0.	0.	0.037037037037037035
17	0.3194390251604203	0.8560742356607782	0.2962962962962963	0.7777777777777778	0.037037037037037035	0.	0.	0.1111111111111111
18	0.43426935188930244	0.1289681979967078	0.3333333333333333	0.1111111111111111	0.1111111111111111	0.	0.	0.037037037037037035
19	0.11940464253556808	0.649470925805028	0.1111111111111111	0.6296296296296297	0.1111111111111111	0.	0.	0.037037037037037035
20	0.9770714639032251	0.9066371362374348	0.8888888888888888	0.8888888888888888	0.1111111111111111	0.	0.	0.037037037037037035
21	0.6811751335467787	0.4749219583307411	0.6666666666666666	0.4444444444444444	0.1111111111111111	0.	0.	0.037037037037037035
22	0.4881655953582431	0.8056840621388336	0.48148148148148145	0.7777777777777778	0.037037037037037035	0.	0.	0.1111111111111111
23	0.2624993425855354	0.06138578110496715	0.2222222222222222	0.037037037037037035	0.1111111111111111	0.	0.	0.037037037037037035
24	0.10683840385805368	0.6990547824812298	0.	0.6666666666666666	0.1111111111111111	0.	0.	0.037037037037037035
25	0.8102392979014591	0.2714684827454578	0.7777777777777778	0.2222222222222222	0.037037037037037035	0.	0.	0.1111111111111111
26	0.5861515935467213	0.3631982019412505	0.5555555555555556	0.3333333333333333	0.1111111111111111	0.	0.	0.037037037037037035
27	0.015452322485023068	0.08877449259874672	0.	0.07407407407407407	0.1111111111111111	0.	0.	0.037037037037037035
28	0.8497160854425881	0.5020969468309836	0.8148148148148148	0.4444444444444444	0.037037037037037035	0.	0.	0.1111111111111111
29	0.5964509885966993	0.8270486687312674	0.5555555555555556	0.8148148148148148	0.1111111111111111	0.	0.	0.037037037037037035
30	0.36665388133357085	0.406162227178095	0.3333333333333333	0.37037037037037035	0.1111111111111111	0.	0.	0.037037037037037035
31	0.1549508076395688	0.7369144605737842	0.14814814814814814	0.6666666666666666	0.037037037037037035	0.	0.	0.1111111111111111
32	0.9188709041147278	0.33322556154225486	0.8888888888888888	0.2962962962962963	0.1111111111111111	0.	0.	0.037037037037037035
33	0.7045156793449817	0.9478354580949038	0.6666666666666666	0.9259259259259259	0.1111111111111111	0.	0.	0.037037037037037035
34	0.5415761193776202	0.1497732807483671	0.5185185185185185	0.1111111111111111	0.037037037037037035	0.	0.	0.1111111111111111
35	0.3045331150086214	0.5563211707163995	0.2962962962962963	0.5555555555555556	0.037037037037037035	0.	0.	0.1111111111111111
36	0.42746831337565105	0.7572978542185465	0.4074074074074074	0.6666666666666666	0.037037037037037035	0.	0.	0.1111111111111111
37	0.1433832573234573	0.22792538040839996	0.1111111111111111	0.2222222222222222	0.037037037037037035	0.	0.	0.1111111111111111
38	0.9684565254540956	0.4360908258520111	0.9629629629629629	0.3333333333333333	0.037037037037037035	0.	0.	0.1111111111111111
39	0.6704498515393007	0.2132152411794617	0.6666666666666666	0.1111111111111111	0.037037037037037035	0.	0.	0.1111111111111111
40	0.5083714102000767	0.5941847076652675	0.48148148148148145	0.5555555555555556	0.037037037037037035	0.	0.	0.1111111111111111
41	0.2916616816653012	0.9975268955552493	0.2222222222222222	0.9629629629629629	0.1111111111111111	0.	0.	0.037037037037037035
42	0.09435080755370168	0.5261042797696054	0.	0.5185185185185185	0.1111111111111111	0.	0.	0.037037037037037035
43	0.802295195595605	0.8760866396339025	0.7777777777777778	0.8518518518518519	0.1111111111111111	0.	0.	0.037037037037037035
44	0.5737737582588204	0.004386019966021983	0.5555555555555556	0.	0.037037037037037035	0.	0.	0.1111111111111111
45	0.7594061113272716	0.6630417448056032	0.7407407407407407	0.5555555555555556	0.037037037037037035	0.	0.	0.1111111111111111
46	0.47377745940535426	0.9145327787073577	0.4444444444444444	0.8888888888888888	0.1111111111111111	0.	0.	0.037037037037037035
47	0.24686656500847406	0.1367454781153818	0.2222222222222222	0.1111111111111111	0.037037037037037035	0.	0.	0.1111111111111111
48	0.04268768208246896	0.7828360759033921	0.037037037037037035	0.7777777777777778	0.037037037037037035	0.	0.	0.1111111111111111
49	0.8579082928505966	0.06700888931732947	0.8518518518518519	0.	0.037037037037037035	0.	0.	0.1111111111111111
50	0.6526036726983739	0.4556005503364071	0.6296296296296297	0.4444444444444444	0.037037037037037035	0.	0.	0.1111111111111111
51	0.39161074071812096	0.27383322431010265	0.37037037037037035	0.2222222222222222	0.037037037037037035	0.	0.	0.1111111111111111
52	0.19350799573569616	0.33935326361464924	0.1111111111111111	0.3333333333333333	0.1111111111111111	0.	0.	0.037037037037037035
53	0.9476132585233508	0.6702924076205306	0.8888888888888888	0.6666666666666666	0.1111111111111111	0.	0.	0.037037037037037035
54	0.41838845200225494	0.5128159565837177	0.4074074074074074	0.4444444444444444	0.037037037037037035	0.	0.	0.1111111111111111
55	0.13118175671223556	0.8303650765357431	0.1111111111111111	0.8148148148148148	0.1111111111111111	0.	0.	0.037037037037037035
56	0.9912651221018239	0.1105485862244455	0.8888888888888888	0.07407407407407407	0.1111111111111111	0.	0.	0.037037037037037035
57	0.7024956949725667	0.7118330577847506	0.6666666666666666	0.7037037037037037	0.1111111111111111	0.	0.	0.037037037037037035
58	0.4968409272747574	0.2973816605072048	0.4444444444444444	0.2962962962962963	0.1111111111111111	0.	0.	0.037037037037037035
59	0.2722544022876051	0.37656003526442294	0.25925925925925924	0.3333333333333333	0.037037037037037035	0.	0.	0.1111111111111111
60	0.08290133996156994	0.16853049641711987	0.07407407407407407	0.1111111111111111	0.037037037037037035	0.	0.	0.1111111111111111
61	0.7898554138334863	0.5785366503938308	0.7777777777777778	0.5555555555555556	0.1111111111111111	0.	0.	0.037037037037037035
62	0.5627366763592446	0.9566665269132594	0.5555555555555556	0.8888888888888888	0.037037037037037035	0.	0.	0.1111111111111111
63	0.7431036341842348	0.2348315914701145	0.6666666666666666	0.2222222222222222	0.1111111111111111	0.	0.	0.037037037037037035
64	0.4603943735493383	0.40979557399367866	0.4444444444444444	0.3333333333333333	0.037037037037037035	0.	0.	0.1111111111111111
65	0.22701183639945968	0.7678846811498053	0.2222222222222222	0.7407407407407407	0.1111111111111111	0.	0.	0.037037037037037035
66	0.06872014625604032	0.6083513418241887	0.037037037037037035	0.5555555555555556	0.037037037037037035	0.	0.	0.1111111111111111
67	0.8837546913185241	0.9684687800116151	0.8518518518518519	0.8888888888888888	0.037037037037037035	0.	0.	0.1111111111111111
68	0.6302637494218846	0.18713911041154727	0.5555555555555556	0.18518518518518517	0.1111111111111111	0.	0.	0.037037037037037035
69	0.380898579682501	0.8859216606894531	0.3333333333333333	0.8518518518518519	0.1111111111111111	0.	0.	0.037037037037037035
70	0.21519970858674256	0.01259471677899135	0.18518518518518517	0.	0.037037037037037035	0.	0.	0.1111111111111111
71	0.9381493011331159	0.5385222480235594	0.8888888888888888	0.5185185185185185	0.1111111111111111	0.	0.	0.037037037037037035
72	0.0029376892351194155	0.8913786582584864	0.	0.8888888888888888	0.1111111111111111	0.	0.	0.037037037037037035
73	0.8370363929478873	0.12207838858001129	0.7777777777777778	0.1111111111111111	0.1111111111111111	0.	0.	0.037037037037037035
74	0.6280283057856895	0.6357470982043665	0.5555555555555556	0.6296296296296297	0.1111111111111111	0.	0.	0.037037037037037035
75	0.35485692652667106	0.03737728835847227	0.3333333333333333	0.	0.037037037037037035	0.	0.	0.1111111111111111
76	0.17811018594149086	0.4683334692364881	0.14814814814814814	0.4444444444444444	0.037037037037037035	0.	0.	0.1111111111111111
77	0.9072031534535937	0.7968590737078955	0.8888888888888888	0.7777777777777778	0.037037037037037035	0.	0.	0.1111111111111111
78	0.7385041097641414	0.35105937655592945	0.7037037037037037	0.3333333333333333	0.037037037037037035	0.	0.	0.1111111111111111
79	0.5262900038997852	0.6902519620397947	0.4444444444444444	0.6666666666666666	0.1111111111111111	0.	0.	0.037037037037037035
80	0.33268653050854347	0.29103083480268216	0.2222222222222222	0.25925925925925924	0.1111111111111111	0.	0.	0.037037037037037035
81	0.9929228497773125	0.8799389595525496	0.9629629629629629	0.7777777777777778	0.037037037037037035	0.	0.	0.1111111111111111
82	0.4078202534094679	0.02005941146803932	0.4074074074074074	0.	0.037037037037037035	0.	0.	0.1111111111111111
83	0.1356729466451459	0.5407638365765419	0.1111111111111111	0.4444444444444444	0.037037037037037035	0.	0.	0.1111111111111111
84	0.2795314283614635	0.2414257995873144	0.2222222222222222	0.2222222222222222	0.1111111111111111	0.	0.	0.037037037037037035
85	0.6944436771902376	0.41547133128865915	0.6666666666666666	0.3333333333333333	0.037037037037037035	0.	0.	0.1111111111111111
86	0.49991071845454194	0.7701419443169063	0.4444444444444444	0.7407407407407407	0.1111111111111111	0.	0.	0.037037037037037035
87	0.5673215835864925	0.611124876946471	0.5555555555555556	0.5925925925925926	0.1111111111111111	0.	0.	0.037037037037037035
88	0.07661030286913917	0.9720011125517248	0.	0.9629629629629629	0.1111111111111111	0.	0.	0.037037037037037035
89	0.7779131156552401	0.19217881289357067	0.7777777777777778	0.18518518518518517	0.1111111111111111	0.	0.	0.037037037037037035
90	0.23373536567568226	0.3571228839508623	0.2222222222222222	0.3333333333333333	0.037037037037037035	0.	0.	0.1111111111111111
91	0.7477315110886317	0.6794500139786532	0.6666666666666666	0.6666666666666666	0.1111111111111111	0.	0.	0.037037037037037035
92	0.4613256072095179	0.295427055571481	0.4444444444444444	0.25925925925925924	0.1111111111111111	0.	0.	0.037037037037037035
93	0.6365833454926025	0.8958700830783027	0.6296296296296297	0.8888888888888888	0.037037037037037035	0.	0.	0.1111111111111111
94	0.0700005225244209	0.11170322486480569	0.037037037037037035	0.1111111111111111	0.037037037037037035	0.	0.	0.1111111111111111
95	0.8859136745346475	0.6395283910758783	0.7777777777777778	0.6296296296296297	0.1111111111111111	0.	0.	0.037037037037037035
96	0.9284222738496758	0.04184755700930417	0.8888888888888888	0.037037037037037035	0.1111111111111111	0.	0.	0.037037037037037035
97	0.37408193194449246	0.45829123060826726	0.37037037037037035	0.4444444444444444	0.037037037037037035	0.	0.	0.1111111111111111
98	0.22153164353335647	0.8021165395823967	0.1111111111111111	0.7777777777777778	0.1111111111111111	0.	0.	0.037037037037037035
99	0.6189274233247897	0.17031549751963	0.5555555555555556	0.14814814814814814	0.1111111111111111	0.	0.	0.037037037037037035
100	0.00743263649813489	0.5689810105353857	0.	0.5555555555555556	0.037037037037037035	0.	0.	0.1111111111111111
101	0.8293187792656984	0.9629037361865838	0.8148148148148148	0.8888888888888888	0.037037037037037035	0.	0.	0.1111111111111111
102	0.9098286848737109	0.5182355116312223	0.8888888888888888	0.48148148148148145	0.1111111111111111	0.	0.	0.037037037037037035
103	0.3464111049291114	0.8315789927155864	0.3333333333333333	0.8148148148148148	0.1111111111111111	0.	0.	0.037037037037037035
104	0.1847691307828585	0.1014728375228842	0.14814814814814814	0.	0.037037037037037035	0.	0.	0.1111111111111111
105	0.3232930107971996	0.7147005003479135	0.2222222222222222	0.7037037037037037	0.1111111111111111	0.	0.	0.037037037037037035
106	0.7292634119479071	0.30406903182655365	0.6666666666666666	0.2962962962962963	0.1111111111111111	0.	0.	0.037037037037037035
107	0.5271696312719623	0.3811212567713905	0.5185185185185185	0.3333333333333333	0.037037037037037035	0.	0.	0.1111111111111111
108	0.2558036831139305	0.03213722906637496	0.2222222222222222	0.	0.1111111111111111	0.	0.	0.037037037037037035
109	0.7769710823597319	0.5460673953496902	0.6666666666666666	0.5185185185185185	0.1111111111111111	0.	0.	0.037037037037037035
110	0.44467609627808463	0.8627637252642395	0.4444444444444444	0.7777777777777778	0.037037037037037035	0.	0.	0.1111111111111111
111	0.6550440314993252	0.42601433503430425	0.5555555555555556	0.4074074074074074	0.1111111111111111	0.	0.	0.037037037037037035
112	0.054175128220094376	0.7411096069659169	0.	0.7407407407407407	0.1111111111111111	0.	0.	0.037037037037037035
113	0.8671917151323747	0.24707067226552037	0.8518518518518519	0.2222222222222222	0.037037037037037035	0.	0.	0.1111111111111111
114	0.9562883744815742	0.9756453519249295	0.8888888888888888	0.9629629629629629	0.1111111111111111	0.	0.	0.037037037037037035
115	0.3998507136260415	0.20714722963451726	0.3333333333333333	0.18518518518518517	0.1111111111111111	0.	0.	0.037037037037037035
116	0.2032975734882554	0.62890898541679	0.1111111111111111	0.5925925925925926	0.1111111111111111	0.	0.	0.037037037037037035
117	0.6107404677470909	0.6999801018095698	0.5925925925925926	0.6666666666666666	0.037037037037037035	0.	0.	0.1111111111111111
118	0.031909948022048634	0.2615729064689021	0.	0.25925925925925924	0.1111111111111111	0.	0.	0.037037037037037035
119	0.8249362610934773	0.3673798066300342	0.7777777777777778	0.3333333333333333	0.1111111111111111	0.	0.	0.037037037037037035
120	0.8971855779505078	0.13458305849521898	0.8888888888888888	0.1111111111111111	0.037037037037037035	0.	0.	0.1111111111111111
121	0.3400768830616321	0.6516165609059119	0.3333333333333333	0.6296296296296297	0.1111111111111111	0.	0.	0.037037037037037035
122	0.170026701057276	0.9112426481226534	0.14814814814814814	0.8888888888888888	0.037037037037037035	0.	0.	0.1111111111111111
123	0.3111738032006872	0.4784792052303322	0.2222222222222222	0.4444444444444444	0.1111111111111111	0.	0.	0.037037037037037035
124	0.7240604226277769	0.8077952376958566	0.7037037037037037	0.7777777777777778	0.037037037037037035	0.	0.	0.1111111111111111
125	0.5542641163720176	0.04944905396231293	0.4444444444444444	0.037037037037037035	0.1111111111111111	0.	0.	0.037037037037037035
126	0.983418807602954	0.5862762118052735	0.9629629629629629	0.5555555555555556	0.037037037037037035	0.	0.	0.1111111111111111
127	0.43684669019488354	0.9322433443455111	0.4074074074074074	0.8888888888888888	0.037037037037037035	0.	0.	0.1111111111111111
128	0.11402893820620828	0.17331132169419158	0.1111111111111111	0.14814814814814814	0.1111111111111111	0.	0.	0.037037037037037035
129	0.2653197071016724	0.8412298873881533	0.25925925925925924	0.7777777777777778	0.037037037037037035	0.	0.	0.1111111111111111
130	0.685280057555242	0.07463183755364057	0.6666666666666666	0.07407407407407407	0.1111111111111111	0.	0.	0.037037037037037035
131	0.4935319549744653	0.48851361171384333	0.4444444444444444	0.48148148148148145	0.1111111111111111	0.	0.	0.037037037037037035
132	0.5897405209253143	0.3209359637146088	0.5555555555555556	0.2222222222222222	0.037037037037037035	0.	0.	0.1111111111111111
133	0.10934530706591859	0.3866494181898228	0.07407407407407407	0.3333333333333333	0.037037037037037035	0.	0.	0.1111111111111111
134	0.8130737547715673	0.7231867775583752	0.7777777777777778	0.6666666666666666	0.037037037037037035	0.	0.	0.1111111111111111
135	0.6004671330982015	0.529030981804028	0.5925925925925926	0.4444444444444444	0.037037037037037035	0.	0.	0.1111111111111111
136	0.01954496182226095	0.8663766179903819	0.	0.7777777777777778	0.037037037037037035	0.	0.	0.1111111111111111
137	0.8397906922952302	0.008581028695499203	0.8148148148148148	0.	0.037037037037037035	0.	0.	0.1111111111111111
138	0.9225029336707761	0.7641919199924745	0.8888888888888888	0.7407407407407407	0.1111111111111111	0.	0.	0.037037037037037035
139	0.35999026542622187	0.23160185005083708	0.3333333333333333	0.2222222222222222	0.037037037037037035	0.	0.	0.1111111111111111
140	0.1601345138632218	0.43834630542733116	0.1111111111111111	0.4074074074074074	0.1111111111111111	0.	0.	0.037037037037037035
141	0.2999750261874594	0.2178056213576596	0.2962962962962963	0.1111111111111111	0.037037037037037035	0.	0.	0.1111111111111111
142	0.710864545077446	0.5994541579343265	0.7037037037037037	0.5555555555555556	0.037037037037037035	0.	0.	0.1111111111111111
143	0.5318026851526	0.9911298177796338	0.4444444444444444	0.9629629629629629	0.1111111111111111	0.	0.	0.037037037037037035
144	0.972676471773627	0.2797476800459048	0.8888888888888888	0.25925925925925924	0.1111111111111111	0.	0.	0.037037037037037035
145	0.43121264296375406	0.3426263068222324	0.3333333333333333	0.3333333333333333	0.1111111111111111	0.	0.	0.037037037037037035
146	0.1468996407845292	0.674256131043188	0.1111111111111111	0.6666666666666666	0.037037037037037035	0.	0.	0.1111111111111111
147	0.2947853144304577	0.6576294428592633	0.25925925925925924	0.5555555555555556	0.037037037037037035	0.	0.	0.1111111111111111
148	0.6729418820180159	0.9183041357767046	0.6666666666666666	0.8888888888888888	0.1111111111111111	0.	0.	0.037037037037037035
149	0.5118139729224973	0.14385407823212298	0.48148148148148145	0.1111111111111111	0.037037037037037035	0.	0.	0.1111111111111111
150	0.5782331257481154	0.7871362718075897	0.5555555555555556	0.7777777777777778	0.1111111111111111	0.	0.	0.037037037037037035
151	0.09831069965257654	0.07094606277607929	0.	0.037037037037037035	0.1111111111111111	0.	0.	0.037037037037037035
152	0.7923848111192693	0.44673403596542016	0.7777777777777778	0.4444444444444444	0.037037037037037035	0.	0.	0.1111111111111111
153	0.23637580940296277	0.9405334952913826	0.2222222222222222	0.9259259259259259	0.1111111111111111	0.	0.	0.037037037037037035
154	0.7644293321478581	0.1548051906636943	0.7407407407407407	0.1111111111111111	0.037037037037037035	0.	0.	0.1111111111111111
155	0.4789703417053918	0.5633877759796712	0.4444444444444444	0.5555555555555556	0.037037037037037035	0.	0.	0.1111111111111111
156	0.6425651079422734	0.0934380998453939	0.6296296296296297	0.	0.037037037037037035	0.	0.	0.1111111111111111
157	0.04773309842508958	0.49475446388519045	0.	0.48148148148148145	0.1111111111111111	0.	0.	0.037037037037037035
158	0.8637190085903449	0.8161922010961755	0.7777777777777778	0.8148148148148148	0.1111111111111111	0.	0.	0.037037037037037035
159	0.9399971297508394	0.3988552371064711	0.9259259259259259	0.3333333333333333	0.037037037037037035	0.	0.	0.1111111111111111
160	0.38582981001468575	0.7293596932092046	0.37037037037037035	0.6666666666666666	0.037037037037037035	0.	0.	0.1111111111111111
161	0.18722457569007578	0.3228372407187444	0.18518518518518517	0.2222222222222222	0.037037037037037035	0.	0.	0.1111111111111111
162	0.8436929527837475	0.7805912049564661	0.7777777777777778	0.7777777777777778	0.1111111111111111	0.	0.	0.037037037037037035
163	0.6040873245262633	0.0655485733314774	0.5925925925925926	0.	0.037037037037037035	0.	0.	0.1111111111111111
164	0.024000136623302505	0.448770995003657	0.	0.4444444444444444	0.1111111111111111	0.	0.	0.037037037037037035
165	0.1518182646590313	0.2829162329959615	0.14814814814814814	0.2222222222222222	0.037037037037037035	0.	0.	0.1111111111111111
166	0.9147874864546293	0.33715782732733407	0.8888888888888888	0.3333333333333333	0.037037037037037035	0.	0.	0.1111111111111111
167	0.3648056982345092	0.6785140085866753	0.3333333333333333	0.6666666666666666	0.037037037037037035	0.	0.	0.1111111111111111
168	0.5355068275699791	0.6592966150533147	0.5185185185185185	0.5555555555555556	0.037037037037037035	0.	0.	0.1111111111111111
169	0.3027425273834704	0.9224432689550741	0.2222222222222222	0.8888888888888888	0.1111111111111111	0.	0.	0.037037037037037035
170	0.713947308381342	0.1462457414498454	0.7037037037037037	0.1111111111111111	0.037037037037037035	0.	0.	0.1111111111111111
171	0.1363764131397466	0.4017169167667158	0.1111111111111111	0.37037037037037035	0.1111111111111111	0.	0.	0.037037037037037035
172	0.9665931392355107	0.736544643615893	0.8888888888888888	0.7037037037037037	0.1111111111111111	0.	0.	0.037037037037037035
173	0.42155097790917295	0.3278839072103558	0.4074074074074074	0.2222222222222222	0.037037037037037035	0.	0.	0.1111111111111111
174	0.5162804377820778	0.9430074360367657	0.4444444444444444	0.9259259259259259	0.1111111111111111	0.	0.	0.037037037037037035
175	0.28720377512093836	0.1573757017619513	0.25925925925925924	0.1111111111111111	0.037037037037037035	0.	0.	0.1111111111111111
176	0.678412201030149	0.5675935447664635	0.6666666666666666	0.5555555555555556	0.037037037037037035	0.	0.	0.1111111111111111
177	0.7959578212533135	0.09554995769295344	0.7777777777777778	0.	0.037037037037037035	0.	0.	0.1111111111111111
178	0.5680204960283691	0.5003180020249265	0.5555555555555556	0.4444444444444444	0.037037037037037035	0.	0.	0.1111111111111111
179	0.09035844857790505	0.8223257013475437	0.07407407407407407	0.7777777777777778	0.037037037037037035	0.	0.	0.1111111111111111
180	0.47216850732951293	0.2208494545229555	0.4444444444444444	0.1111111111111111	0.037037037037037035	0.	0.	0.1111111111111111
181	0.24164971908167027	0.604582088412297	0.2222222222222222	0.5555555555555556	0.037037037037037035	0.	0.	0.1111111111111111
182	0.7569862685639565	0.9937836560833002	0.6666666666666666	0.9629629629629629	0.1111111111111111	0.	0.	0.037037037037037035
183	0.8558597211069718	0.5199735241674325	0.8518518518518519	0.4444444444444444	0.037037037037037035	0.	0.	0.1111111111111111
184	0.6469152745300468	0.8714848988450548	0.5555555555555556	0.8518518518518519	0.1111111111111111	0.	0.	0.037037037037037035
185	0.03859629633578827	0.0027664351708220226	0.	0.	0.1111111111111111	0.	0.	0.037037037037037035
186	0.1910587869467757	0.7557248183295402	0.18518518518518517	0.6666666666666666	0.037037037037037035	0.	0.	0.1111111111111111
187	0.9443390279753635	0.2240596323580949	0.8888888888888888	0.2222222222222222	0.1111111111111111	0.	0.	0.037037037037037035
188	0.3897833455404403	0.4435259265116805	0.3333333333333333	0.4074074074074074	0.1111111111111111	0.	0.	0.037037037037037035
189	0.126413652324929	0.04546339399549241	0.1111111111111111	0.	0.037037037037037035	0.	0.	0.1111111111111111
190	0.9970298146346444	0.4639291814360734	0.8888888888888888	0.4444444444444444	0.1111111111111111	0.	0.	0.037037037037037035
191	0.4124814463972932	0.7905326332220217	0.3333333333333333	0.7777777777777778	0.1111111111111111	0.	0.	0.037037037037037035
192	0.5045877675991128	0.3492263526964196	0.48148148148148145	0.3333333333333333	0.037037037037037035	0.	0.	0.1111111111111111
193	0.2801759726583106	0.6869610700085267	0.2222222222222222	0.6666666666666666	0.1111111111111111	0.	0.	0.037037037037037035
194	0.696251575894325	0.2863493761511754	0.6666666666666666	0.25925925925925924	0.1111111111111111	0.	0.	0.037037037037037035
195	0.7824721586506833	0.9006737216385751	0.7777777777777778	0.8888888888888888	0.037037037037037035	0.	0.	0.1111111111111111
196	0.5587716227711781	0.11792135237328659	0.5555555555555556	0.1111111111111111	0.1111111111111111	0.	0.	0.037037037037037035
197	0.08138966892206193	0.6336122592972446	0.07407407407407407	0.5555555555555556	0.037037037037037035	0.	0.	0.1111111111111111
198	0.4683500567260912	0.7048223057024051	0.4444444444444444	0.7037037037037037	0.1111111111111111	0.	0.	0.037037037037037035
199	0.22472817211619728	0.3055537597031942	0.2222222222222222	0.2962962962962963	0.1111111111111111	0.	0.	0.037037037037037035
200	0.7490244232625841	0.37332660964832626	0.7407407407407407	0.3333333333333333	0.037037037037037035	0.	0.	0.1111111111111111
201	0.8777788001811127	0.162026926252731	0.7777777777777778	0.14814814814814814	0.1111111111111111	0.	0.	0.037037037037037035
202	0.6399731619081543	0.5724201669674728	0.5555555555555556	0.5555555555555556	0.1111111111111111	0.	0.	0.037037037037037035
203	0.06197842658066887	0.9527632477210913	0.	0.9259259259259259	0.1111111111111111	0.	0.	0.037037037037037035
204	0.21282670037963147	0.5099587681676107	0.18518518518518517	0.4444444444444444	0.037037037037037035	0.	0.	0.1111111111111111
205	0.930436287104406	0.8385289056476997	0.9259259259259259	0.7777777777777778	0.037037037037037035	0.	0.	0.1111111111111111
206	0.3765265118266198	0.1054726758828356	0.37037037037037035	0.	0.037037037037037035	0.	0.	0.1111111111111111
207	0.8325154498131528	0.6135973894418026	0.7777777777777778	0.5925925925925926	0.1111111111111111	0.	0.	0.037037037037037035
208	0.6215877068219108	0.9640365406693809	0.5925925925925926	0.8888888888888888	0.037037037037037035	0.	0.	0.1111111111111111
209	0.00954668662348418	0.1940461861668172	0.	0.1111111111111111	0.037037037037037035	0.	0.	0.1111111111111111
210	0.1756966558713247	0.8823118438632708	0.1111111111111111	0.8518518518518519	0.1111111111111111	0.	0.	0.037037037037037035
211	0.9028944758090306	0.0235075968495478	0.8888888888888888	0.	0.1111111111111111	0.	0.	0.037037037037037035
212	0.3525694025267035	0.5323007615462828	0.3333333333333333	0.4444444444444444	0.037037037037037035	0.	0.	0.1111111111111111
213	0.521268956428373	0.24687809339548547	0.4444444444444444	0.2222222222222222	0.1111111111111111	0.	0.	0.037037037037037035
214	0.32879559965657873	0.4176085259479742	0.2962962962962963	0.3333333333333333	0.037037037037037035	0.	0.	0.1111111111111111
215	0.733893383045452	0.7758271745233725	0.6666666666666666	0.7407407407407407	0.1111111111111111	0.	0.	0.037037037037037035
216	0.4508096163184596	0.47263737945121087	0.4444444444444444	0.4444444444444444	0.1111111111111111	0.	0.	0.037037037037037035
217	0.24908646739124837	0.813428819455132	0.2222222222222222	0.7777777777777778	0.037037037037037035	0.	0.	0.1111111111111111
218	0.7686822185596901	0.05683093854130157	0.6666666666666666	0.037037037037037035	0.1111111111111111	0.	0.	0.037037037037037035
219	0.8706004782312893	0.6949748468259251	0.8518518518518519	0.6666666666666666	0.037037037037037035	0.	0.	0.1111111111111111
220	0.6605050668861243	0.2665561552166643	0.6296296296296297	0.2222222222222222	0.037037037037037035	0.	0.	0.1111111111111111
221	0.06030200861851337	0.361165642945642	0.037037037037037035	0.3333333333333333	0.037037037037037035	0.	0.	0.1111111111111111
222	0.2073671276585478	0.1262456557032188	0.1111111111111111	0.1111111111111111	0.1111111111111111	0.	0.	0.037037037037037035
223	0.9611600734587545	0.6440799486644256	0.9259259259259259	0.5555555555555556	0.037037037037037035	0.	0.	0.1111111111111111
224	0.40693104385607237	0.9032688149851568	0.37037037037037035	0.8888888888888888	0.037037037037037035	0.	0.	0.1111111111111111
225	0.8169673760680565	0.3106528859912724	0.8148148148148148	0.2222222222222222	0.037037037037037035	0.	0.	0.1111111111111111
226	0.6156724535030981	0.3892970203751924	0.5555555555555556	0.37037037037037035	0.1111111111111111	0.	0.	0.037037037037037035
227	0.03470833383483407	0.726499023648695	0.	0.7037037037037037	0.1111111111111111	0.	0.	0.037037037037037035
228	0.16371936470642706	0.5925333701181715	0.1111111111111111	0.5555555555555556	0.1111111111111111	0.	0.	0.037037037037037035
229	0.8923021638813393	0.9381477033859198	0.8888888888888888	0.9259259259259259	0.1111111111111111	0.	0.	0.037037037037037035
230	0.3431205957721044	0.1780527685686409	0.3333333333333333	0.14814814814814814	0.1111111111111111	0.	0.	0.037037037037037035
231	0.543728894007978	0.8476451521213513	0.5185185185185185	0.7777777777777778	0.037037037037037035	0.	0.	0.1111111111111111
232	0.31594289101558937	0.07835935508993348	0.2222222222222222	0.07407407407407407	0.1111111111111111	0.	0.	0.037037037037037035
233	0.7272209180105255	0.49186007213641886	0.6666666666666666	0.48148148148148145	0.1111111111111111	0.	0.	0.037037037037037035
234	0.1172588129861833	0.9823909803593273	0.1111111111111111	0.8888888888888888	0.037037037037037035	0.	0.	0.1111111111111111
235	0.9875243674408074	0.19911870914670868	0.9629629629629629	0.1111111111111111	0.037037037037037035	0.	0.	0.1111111111111111
236	0.440639434018163	0.6187864068627854	0.3333333333333333	0.5925925925925926	0.1111111111111111	0.	0.	0.037037037037037035
237	0.48225621765364773	0.03674277880882374	0.4444444444444444	0.	0.1111111111111111	0.	0.	0.037037037037037035
238	0.2712014825834366	0.550258688047859	0.2222222222222222	0.5185185185185185	0.1111111111111111	0.	0.	0.037037037037037035
239	0.6876738880993978	0.8544808515104974	0.6666666666666666	0.7777777777777778	0.037037037037037035	0.	0.	0.1111111111111111
240	0.8048929570165299	0.43024440300058575	0.7777777777777778	0.4074074074074074	0.1111111111111111	0.	0.	0.037037037037037035
241	0.5821694078411703	0.7463192746456249	0.5555555555555556	0.6666666666666666	0.037037037037037035	0.	0.	0.1111111111111111
242	0.10161128313479569	0.2538562022206317	0.	0.2222222222222222	0.1111111111111111	0.	0.	0.037037037037037035