0	0.9137524181553203	0.3961700530161343	0	0	1	0	0	1
1	0.05466868411632544	0.6905889481751183	0.	0.	1.	0.	0.	1.
2	0.5831821722091042	0.2740060563325894	0.	0.	1.	0.	0.	1.
3	0.3940185139081102	0.8475922277134221	0.	0.6666666666666666	1.	0.	0.	0.3333333333333333
4	0.7414333052134129	0.09492609204775435	0.	0.	1.	0.	0.	0.3333333333333333
5	0.1590961459621374	0.4830623959763436	0.	0.3333333333333333	1.	0.	0.	0.3333333333333333
6	0.3084759489836894	0.2094294131838408	0.	0.	1.	0.	0.	0.3333333333333333
7	0.5182585873338602	0.6096536098963694	0.	0.3333333333333333	1.	0.	0.	0.3333333333333333
8	0.8441561084636733	0.9385679642427653	0.	0.6666666666666666	1.	0.	0.	0.3333333333333333
9	0.09657944893392909	0.2561694699975802	0.	0.	0.3333333333333333	0.	0.	0.3333333333333333
10	0.6265680956280039	0.3574896585640656	0.3333333333333333	0.3333333333333333	0.3333333333333333	0.	0.	0.3333333333333333
11	0.9271106920384551	0.7486391278598588	0.6666666666666666	0.6666666666666666	0.3333333333333333	0.	0.	0.3333333333333333
12	0.6783112796769679	0.4727131300482149	0.6666666666666666	0.3333333333333333	0.3333333333333333	0.	0.	0.3333333333333333
13	0.1905237567339914	0.7797822320818625	0.	0.6666666666666666	0.3333333333333333	0.	0.	0.3333333333333333
14	0.4374225614760057	0.04806897207407806	0.3333333333333333	0.	0.3333333333333333	0.	0.	0.3333333333333333
15	0.5476135027024861	0.9178031357723744	0.3333333333333333	0.6666666666666666	0.3333333333333333	0.	0.	0.3333333333333333
16	0.8607346525753831	0.1686264120119884	0.6666666666666666	0.	0.3333333333333333	0.	0.	0.3333333333333333
17	0.2343447414659924	0.5895457678457131	0.	0.3333333333333333	0.3333333333333333	0.	0.	0.3333333333333333
18	0.6563350817858612	0.7116890084423663	0.3333333333333333	0.6666666666666666	0.3333333333333333	0.	0.	0.3333333333333333
19	0.9728729533799472	0.3095802994559743	0.6666666666666666	0.	0.3333333333333333	0.	0.	0.3333333333333333
20	0.03103682090838859	0.4313439000038706	0.	0.3333333333333333	0.3333333333333333	0.	0.	0.3333333333333333
21	0.1342682033525594	0.01383676948484777	0.	0.	0.3333333333333333	0.	0.	0.3333333333333333
22	0.3366365108962182	0.5251067081964956	0.3333333333333333	0.3333333333333333	0.3333333333333333	0.	0.	0.3333333333333333
23	0.7190432959608735	0.8793256345648083	0.6666666666666666	0.6666666666666666	0.3333333333333333	0.	0.	0.3333333333333333
24	0.8147136921299999	0.6348483107717103	0.6666666666666666	0.3333333333333333	0.3333333333333333	0.	0.	0.3333333333333333
25	0.2838650401545146	0.9957458316046883	0.	0.6666666666666666	0.3333333333333333	0.	0.	0.3333333333333333
26	0.4458655119468053	0.1338590286414442	0.3333333333333333	0.	0.3333333333333333	0.	0.	0.3333333333333333
27	0.2507448050843795	0.7241640370066574	0.	0.6666666666666666	0.3333333333333333	0.	0.	0.1111111111111111
28	0.5387876556007342	0.3317537653513209	0.4444444444444444	0.	0.1111111111111111	0.	0.	0.3333333333333333
29	0.887606107825994	0.4403682910706012	0.7777777777777778	0.3333333333333333	0.1111111111111111	0.	0.	0.3333333333333333
30	0.9615756890613668	0.02511855535859385	0.6666666666666666	0.	0.3333333333333333	0.	0.	0.1111111111111111
31	0.07596578954638956	0.5327728764839108	0.	0.3333333333333333	0.1111111111111111	0.	0.	0.3333333333333333
32	0.6083430691589813	0.8633075134030921	0.5555555555555556	0.6666666666666666	0.1111111111111111	0.	0.	0.3333333333333333
33	0.4214141730640374	0.652970678756917	0.3333333333333333	0.5555555555555556	0.3333333333333333	0.	0.	0.1111111111111111
34	0.6917325669199011	0.9662003696109801	0.6666666666666666	0.8888888888888888	0.3333333333333333	0.	0.	0.1111111111111111
35	0.2167642988718304	0.1444190879297214	0.	0.1111111111111111	0.3333333333333333	0.	0.	0.1111111111111111
36	0.4774837958213063	0.3755251648551814	0.3333333333333333	0.3333333333333333	0.3333333333333333	0.	0.	0.1111111111111111
37	0.7978386450283996	0.7004202480370108	0.6666666666666666	0.6666666666666666	0.3333333333333333	0.	0.	0.1111111111111111
38	0.2691252432272195	0.2911045531547335	0.	0.2222222222222222	0.3333333333333333	0.	0.	0.1111111111111111
39	0.02007726975603158	0.824752221610045	0.	0.7777777777777778	0.3333333333333333	0.	0.	0.1111111111111111
40	0.6427344691450568	0.1041120121725588	0.5555555555555556	0.	0.1111111111111111	0.	0.	0.3333333333333333
41	0.9897094480548584	0.494982564882709	0.8888888888888888	0.3333333333333333	0.1111111111111111	0.	0.	0.3333333333333333
42	0.7066977752605818	0.2130487502430466	0.6666666666666666	0.1111111111111111	0.3333333333333333	0.	0.	0.1111111111111111
43	0.1207590150624859	0.6197371326946005	0.1111111111111111	0.3333333333333333	0.1111111111111111	0.	0.	0.3333333333333333
44	0.3598179393139943	0.95160870544459	0.3333333333333333	0.6666666666666666	0.1111111111111111	0.	0.	0.3333333333333333
45	0.8371143263583736	0.2294059938924225	0.6666666666666666	0.2222222222222222	0.3333333333333333	0.	0.	0.1111111111111111
46	0.3276152645607754	0.3650144094469924	0.2222222222222222	0.3333333333333333	0.1111111111111111	0.	0.	0.3333333333333333
47	0.499194383943213	0.7638699201579915	0.4444444444444444	0.6666666666666666	0.1111111111111111	0.	0.	0.3333333333333333
48	0.574539130789234	0.446383658695277	0.3333333333333333	0.4444444444444444	0.3333333333333333	0.	0.	0.1111111111111111
49	0.9096716694299563	0.7967984006132417	0.6666666666666666	0.7777777777777778	0.3333333333333333	0.	0.	0.1111111111111111
50	0.03856514413722709	0.05594452612098857	0.	0.	0.3333333333333333	0.	0.	0.1111111111111111
51	0.1750383504712714	0.8908031182281293	0.	0.8888888888888888	0.3333333333333333	0.	0.	0.1111111111111111
52	0.3705579236930858	0.1812965386729112	0.3333333333333333	0.	0.1111111111111111	0.	0.	0.3333333333333333
53	0.7754323726538892	0.5559206644506266	0.6666666666666666	0.3333333333333333	0.1111111111111111	0.	0.	0.3333333333333333
54	0.3477002752600074	0.2410770794313875	0.3333333333333333	0.	0.1111111111111111	0.	0.	0.3333333333333333
55	0.7399401128042388	0.3341583671378826	0.6666666666666666	0.3333333333333333	0.1111111111111111	0.	0.	0.3333333333333333
56	0.1460368177206377	0.7727988249652606	0.	0.6666666666666666	0.3333333333333333	0.	0.	0.1111111111111111
57	0.2962105290203172	0.4673866358162591	0.2222222222222222	0.3333333333333333	0.1111111111111111	0.	0.	0.3333333333333333
58	0.4616585331568942	0.8060094742863914	0.4444444444444444	0.6666666666666666	0.1111111111111111	0.	0.	0.3333333333333333
59	0.7812893852050934	0.07065244898117232	0.6666666666666666	0.	0.3333333333333333	0.	0.	0.1111111111111111
60	0.9833243512322344	0.9018808217961853	0.6666666666666666	0.8888888888888888	0.3333333333333333	0.	0.	0.1111111111111111
61	0.008060233661691204	0.1572424623795947	0.	0.1111111111111111	0.3333333333333333	0.	0.	0.1111111111111111
62	0.6321438521888122	0.5727884429640133	0.3333333333333333	0.5555555555555556	0.3333333333333333	0.	0.	0.1111111111111111
63	0.7621370071627781	0.7284026667297231	0.6666666666666666	0.6666666666666666	0.3333333333333333	0.	0.	0.1111111111111111
64	0.1623496961376936	0.3067126598631356	0.	0.2222222222222222	0.3333333333333333	0.	0.	0.1111111111111111
65	0.4007036198163834	0.4174292599171233	0.3333333333333333	0.3333333333333333	0.3333333333333333	0.	0.	0.1111111111111111
66	0.492199296150287	0.004006916801621885	0.4444444444444444	0.	0.1111111111111111	0.	0.	0.3333333333333333
67	0.8191067793526016	0.5512990804503717	0.7777777777777778	0.3333333333333333	0.1111111111111111	0.	0.	0.3333333333333333
68	0.3147465999576152	0.8701151820943919	0.	0.7777777777777778	0.3333333333333333	0.	0.	0.1111111111111111
69	0.06296674292136711	0.6574572948480963	0.	0.3333333333333333	0.1111111111111111	0.	0.	0.3333333333333333
70	0.5588295408919377	0.9845362893717959	0.5555555555555556	0.6666666666666666	0.1111111111111111	0.	0.	0.3333333333333333
71	0.9006714433216256	0.1186166528912379	0.6666666666666666	0.1111111111111111	0.3333333333333333	0.	0.	0.1111111111111111
72	0.2014250077517196	0.3880940784901716	0.1111111111111111	0.3333333333333333	0.1111111111111111	0.	0.	0.3333333333333333
73	0.4175004590425779	0.6750807948793505	0.3333333333333333	0.6666666666666666	0.1111111111111111	0.	0.	0.3333333333333333
74	0.6803696142840465	0.2592712221440273	0.6666666666666666	0.2222222222222222	0.3333333333333333	0.	0.	0.1111111111111111
75	0.8713947693836778	0.8328997136063533	0.6666666666666666	0.7777777777777778	0.3333333333333333	0.	0.	0.1111111111111111
76	0.2415307535959118	0.08363752542783043	0.	0.	0.3333333333333333	0.	0.	0.1111111111111111
77	0.5238031848129746	0.5164332777454111	0.3333333333333333	0.4444444444444444	0.3333333333333333	0.	0.	0.1111111111111111
78	0.6023678844030712	0.1944967207624031	0.5555555555555556	0.	0.1111111111111111	0.	0.	0.3333333333333333
79	0.950012223884559	0.6039361924402507	0.8888888888888888	0.3333333333333333	0.1111111111111111	0.	0.	0.3333333333333333
80	0.1081765158441754	0.9325523737766659	0.	0.8888888888888888	0.3333333333333333	0.	0.	0.1111111111111111
81	0.4819389861093967	0.4794111358077055	0.4444444444444444	0.4444444444444444	0.1111111111111111	0.	0.	0.1111111111111111
82	0.824091557016232	0.7895861878384032	0.7777777777777778	0.7777777777777778	0.1111111111111111	0.	0.	0.1111111111111111
83	0.3200631059035187	0.04229354271451555	0.2222222222222222	0.	0.1111111111111111	0.	0.	0.1111111111111111
84	0.06845778962746943	0.9167388649218636	0.	0.8888888888888888	0.1111111111111111	0.	0.	0.1111111111111111
85	0.5607762809880713	0.1615372481414288	0.5555555555555556	0.1111111111111111	0.1111111111111111	0.	0.	0.1111111111111111
86	0.8892918317836652	0.5877891458996464	0.8888888888888888	0.5555555555555556	0.1111111111111111	0.	0.	0.1111111111111111
87	0.7538044664436939	0.2549509920214881	0.6666666666666666	0.2222222222222222	0.1111111111111111	0.	0.	0.1111111111111111
88	0.1673793578497772	0.3508647344668444	0.1111111111111111	0.3333333333333333	0.1111111111111111	0.	0.	0.1111111111111111
89	0.405842408436311	0.7440862392455105	0.3333333333333333	0.6666666666666666	0.1111111111111111	0.	0.	0.1111111111111111
90	0.8741295051468827	0.02170214595955456	0.7777777777777778	0.	0.1111111111111111	0.	0.	0.1111111111111111
91	0.2468733457546519	0.5188095864146892	0.2222222222222222	0.4444444444444444	0.1111111111111111	0.	0.	0.1111111111111111
92	0.5286642140739576	0.8851936816382471	0.4444444444444444	0.7777777777777778	0.1111111111111111	0.	0.	0.1111111111111111
93	0.5930906096192553	0.6304783052744878	0.5555555555555556	0.5555555555555556	0.1111111111111111	0.	0.	0.1111111111111111
94	0.9389491065352509	0.9910911276902893	0.8888888888888888	0.8888888888888888	0.1111111111111111	0.	0.	0.1111111111111111
95	0.1009670537412732	0.1284194075411088	0.	0.1111111111111111	0.1111111111111111	0.	0.	0.1111111111111111
96	0.2038218840821297	0.7045954083927313	0.1111111111111111	0.6666666666666666	0.1111111111111111	0.	0.	0.1111111111111111
97	0.4080520205355823	0.3199710939053269	0.3333333333333333	0.2222222222222222	0.1111111111111111	0.	0.	0.1111111111111111
98	0.6860583505862713	0.4243110375782595	0.6666666666666666	0.3333333333333333	0.1111111111111111	0.	0.	0.1111111111111111
99	0.2849716414112178	0.8415989583865298	0.2222222222222222	0.7777777777777778	0.1111111111111111	0.	0.	0.1111111111111111
100	0.4674369833513546	0.0942614094251823	0.4444444444444444	0.	0.1111111111111111	0.	0.	0.1111111111111111
101	0.7847552137766949	0.4902444158892519	0.7777777777777778	0.4444444444444444	0.1111111111111111	0.	0.	0.1111111111111111
102	0.9848921137811412	0.2031309732821074	0.8888888888888888	0.1111111111111111	0.1111111111111111	0.	0.	0.1111111111111111
103	0.01194098694145213	0.6049476232012087	0.	0.5555555555555556	0.1111111111111111	0.	0.	0.1111111111111111
104	0.6364774330077657	0.9502049645082142	0.5555555555555556	0.8888888888888888	0.1111111111111111	0.	0.	0.1111111111111111
105	0.3518494793220225	0.4070918785781272	0.3333333333333333	0.3333333333333333	0.1111111111111111	0.	0.	0.1111111111111111
106	0.7315127173531255	0.6863280523779078	0.6666666666666666	0.6666666666666666	0.1111111111111111	0.	0.	0.1111111111111111
107	0.1358056009612164	0.2803588325448632	0.1111111111111111	0.2222222222222222	0.1111111111111111	0.	0.	0.1111111111111111
108	0.6675485396609127	0.8223363297649443	0.6666666666666666	0.7777777777777778	0.1111111111111111	0.	0.	0.1111111111111111
109	0.1961269486016609	0.1028278613662411	0.1111111111111111	0.	0.1111111111111111	0.	0.	0.1111111111111111
110	0.4432210613758565	0.5036678239974723	0.3333333333333333	0.4444444444444444	0.1111111111111111	0.	0.	0.1111111111111111
111	0.5524427766303983	0.2182139554661843	0.4444444444444444	0.1111111111111111	0.1111111111111111	0.	0.	0.1111111111111111
112	0.8532440850506146	0.6279153742262024	0.7777777777777778	0.5555555555555556	0.1111111111111111	0.	0.	0.1111111111111111
113	0.2237763415415716	0.9620519812001993	0.2222222222222222	0.8888888888888888	0.1111111111111111	0.	0.	0.1111111111111111
114	0.08961900738984062	0.3703921615083536	0.	0.3333333333333333	0.1111111111111111	0.	0.	0.1111111111111111
115	0.6199933882863554	0.6973112384874409	0.5555555555555556	0.6666666666666666	0.1111111111111111	0.	0.	0.1111111111111111
116	0.9309932530009618	0.2848528170296813	0.8888888888888888	0.2222222222222222	0.1111111111111111	0.	0.	0.1111111111111111
117	0.126822581824439	0.456201230148844	0.1111111111111111	0.4444444444444444	0.1111111111111111	0.	0.	0.1111111111111111
118	0.3415254891178458	0.7928761558090955	0.3333333333333333	0.7777777777777778	0.1111111111111111	0.	0.	0.1111111111111111
119	0.7238290848370696	0.05049532197904312	0.6666666666666666	0.	0.1111111111111111	0.	0.	0.1111111111111111
120	0.8036377618290257	0.8988340108155715	0.7777777777777778	0.8888888888888888	0.1111111111111111	0.	0.	0.1111111111111111
121	0.2722037906122891	0.1807901818704964	0.2222222222222222	0.1111111111111111	0.1111111111111111	0.	0.	0.1111111111111111
122	0.4493989354634605	0.5663042014968565	0.4444444444444444	0.5555555555555556	0.1111111111111111	0.	0.	0.1111111111111111
123	0.6605226945891686	0.2227710445123103	0.5555555555555556	0.2222222222222222	0.1111111111111111	0.	0.	0.1111111111111111
124	0.965984252147628	0.3620076083964332	0.8888888888888888	0.3333333333333333	0.1111111111111111	0.	0.	0.1111111111111111
125	0.03644736937665335	0.75900604214043	0.	0.6666666666666666	0.1111111111111111	0.	0.	0.1111111111111111
126	0.3860161527664239	0.03456692331347848	0.3333333333333333	0.	0.1111111111111111	0.	0.	0.1111111111111111
127	0.7488939715490026	0.5406215002738278	0.6666666666666666	0.4444444444444444	0.1111111111111111	0.	0.	0.1111111111111111
128	0.1516797226832609	0.8581293025005706	0.1111111111111111	0.7777777777777778	0.1111111111111111	0.	0.	0.1111111111111111
129	0.2982743228120803	0.6465201147376591	0.2222222222222222	0.5555555555555556	0.1111111111111111	0.	0.	0.1111111111111111
130	0.508106506812378	0.9739546127446381	0.4444444444444444	0.8888888888888888	0.1111111111111111	0.	0.	0.1111111111111111
131	0.8481816759739484	0.1406777077640138	0.7777777777777778	0.1111111111111111	0.1111111111111111	0.	0.	0.1111111111111111
132	0.9208702313452847	0.7185804809960201	0.8888888888888888	0.6666666666666666	0.1111111111111111	0.	0.	0.1111111111111111
133	0.06116854771371337	0.3271441003558625	0.	0.2222222222222222	0.1111111111111111	0.	0.	0.1111111111111111
134	0.5870806194420622	0.4395764391283911	0.5555555555555556	0.3333333333333333	0.1111111111111111	0.	0.	0.1111111111111111
135	0.0213926149200987	0.01067880193261195	0.	0.	0.1111111111111111	0.	0.	0.1111111111111111
136	0.6481618141780828	0.5438628148204796	0.5555555555555556	0.4444444444444444	0.1111111111111111	0.	0.	0.1111111111111111
137	0.9957658976575191	0.8650456661831326	0.8888888888888888	0.7777777777777778	0.1111111111111111	0.	0.	0.1111111111111111
138	0.7098641152834503	0.664574804319827	0.6666666666666666	0.5555555555555556	0.1111111111111111	0.	0.	0.1111111111111111
139	0.1128399355254544	0.9822611653355278	0.1111111111111111	0.8888888888888888	0.1111111111111111	0.	0.	0.1111111111111111
140	0.3629914420969099	0.1125588782855175	0.3333333333333333	0.1111111111111111	0.1111111111111111	0.	0.	0.1111111111111111
141	0.4721127487916624	0.737336030086249	0.4444444444444444	0.6666666666666666	0.1111111111111111	0.	0.	0.1111111111111111
142	0.8023743662492082	0.3034290777188778	0.7777777777777778	0.2222222222222222	0.1111111111111111	0.	0.	0.1111111111111111
143	0.260352760193503	0.4121255996177666	0.2222222222222222	0.3333333333333333	0.1111111111111111	0.	0.	0.1111111111111111
144	0.5789943116130167	0.8274392933995462	0.5555555555555556	0.7777777777777778	0.1111111111111111	0.	0.	0.1111111111111111
145	0.9034985644929756	0.08012708727269541	0.8888888888888888	0.	0.1111111111111111	0.	0.	0.1111111111111111
146	0.04190738605980129	0.5108166164472869	0.	0.4444444444444444	0.1111111111111111	0.	0.	0.1111111111111111
147	0.1802212702970045	0.191936875938777	0.1111111111111111	0.1111111111111111	0.1111111111111111	0.	0.	0.1111111111111111
148	0.377680118857455	0.5977131813490638	0.3333333333333333	0.5555555555555556	0.1111111111111111	0.	0.	0.1111111111111111
149	0.767971201268432	0.9294456296381716	0.6666666666666666	0.8888888888888888	0.1111111111111111	0.	0.	0.1111111111111111
150	0.8299154780462149	0.3851816210990328	0.7777777777777778	0.3333333333333333	0.1111111111111111	0.	0.	0.1111111111111111
151	0.3292784540021234	0.6739655922878496	0.2222222222222222	0.6666666666666666	0.1111111111111111	0.	0.	0.1111111111111111
152	0.5051930393215041	0.2700657975095719	0.4444444444444444	0.2222222222222222	0.1111111111111111	0.	0.	0.1111111111111111
153	0.9507231465327414	0.4631308464431782	0.8888888888888888	0.4444444444444444	0.1111111111111111	0.	0.	0.1111111111111111
154	0.07863193661224596	0.811109962574368	0.	0.7777777777777778	0.1111111111111111	0.	0.	0.1111111111111111
155	0.6104458438524487	0.06911621462195477	0.5555555555555556	0.	0.1111111111111111	0.	0.	0.1111111111111111
156	0.4275511071382701	0.9096019097396438	0.3333333333333333	0.8888888888888888	0.1111111111111111	0.	0.	0.1111111111111111
157	0.698888440392561	0.1550180678922912	0.6666666666666666	0.1111111111111111	0.1111111111111111	0.	0.	0.1111111111111111
158	0.2212835788696073	0.5701645213365746	0.1111111111111111	0.5555555555555556	0.1111111111111111	0.	0.	0.1111111111111111
159	0.2539813005776952	0.2364731145302608	0.2222222222222222	0.2222222222222222	0.1111111111111111	0.	0.	0.1111111111111111
160	0.5394303939356186	0.3455959294914833	0.4444444444444444	0.3333333333333333	0.1111111111111111	0.	0.	0.1111111111111111
161	0.8778149280242807	0.7689020460316095	0.7777777777777778	0.6666666666666666	0.1111111111111111	0.	0.	0.1111111111111111
162	0.1812708585649084	0.6402483985989359	0.1111111111111111	0.5555555555555556	0.1111111111111111	0.	0.	0.1111111111111111
163	0.3810864857657713	0.997457481742359	0.3333333333333333	0.8888888888888888	0.1111111111111111	0.	0.	0.1111111111111111
164	0.7707641494063229	0.1264921776848341	0.6666666666666666	0.1111111111111111	0.1111111111111111	0.	0.	0.1111111111111111
165	0.8328290866413108	0.7148649512958516	0.7777777777777778	0.6666666666666666	0.1111111111111111	0.	0.	0.1111111111111111
166	0.3217900391771312	0.3136619240599843	0.2222222222222222	0.2222222222222222	0.1111111111111111	0.	0.	0.1111111111111111
167	0.4966212615564584	0.4214681781238128	0.4444444444444444	0.3333333333333333	0.1111111111111111	0.	0.	0.1111111111111111
168	0.5705125006953362	0.01674291332244606	0.5555555555555556	0.	0.1111111111111111	0.	0.	0.1111111111111111
169	0.9070720228910419	0.5293921957063384	0.8888888888888888	0.4444444444444444	0.1111111111111111	0.	0.	0.1111111111111111
170	0.0455071913693582	0.8846068343415191	0.	0.7777777777777778	0.1111111111111111	0.	0.	0.1111111111111111
171	0.4294768416339488	0.200416793134552	0.3333333333333333	0.1111111111111111	0.1111111111111111	0.	0.	0.1111111111111111
172	0.7034067963297626	0.6161905314202419	0.6666666666666666	0.5555555555555556	0.1111111111111111	0.	0.	0.1111111111111111
173	0.2120045936272961	0.943531817182751	0.1111111111111111	0.8888888888888888	0.1111111111111111	0.	0.	0.1111111111111111
174	0.2574817014044569	0.4022188778284603	0.2222222222222222	0.3333333333333333	0.1111111111111111	0.	0.	0.1111111111111111
175	0.5333366128019453	0.6802484565204983	0.4444444444444444	0.6666666666666666	0.1111111111111111	0.	0.	0.1111111111111111
176	0.8827210521296582	0.2777049082020371	0.7777777777777778	0.2222222222222222	0.1111111111111111	0.	0.	0.1111111111111111
177	0.9569904221904313	0.8486707380448671	0.8888888888888888	0.7777777777777778	0.1111111111111111	0.	0.	0.1111111111111111
178	0.08641034642508716	0.08738602705478836	0.	0.	0.1111111111111111	0.	0.	0.1111111111111111
179	0.6172461553352004	0.4858451846102543	0.5555555555555556	0.4444444444444444	0.1111111111111111	0.	0.	0.1111111111111111
180	0.7132965985183092	0.9248277263931697	0.6666666666666666	0.8888888888888888	0.1111111111111111	0.	0.	0.1111111111111111
181	0.1167351967283279	0.1696916757544023	0.1111111111111111	0.1111111111111111	0.1111111111111111	0.	0.	0.1111111111111111
182	0.3685828543432215	0.5818710773795274	0.3333333333333333	0.5555555555555556	0.1111111111111111	0.	0.	0.1111111111111111
183	0.4772586941488958	0.2472828465541825	0.4444444444444444	0.2222222222222222	0.1111111111111111	0.	0.	0.1111111111111111
184	0.7913603196138653	0.3480689762899969	0.7777777777777778	0.3333333333333333	0.1111111111111111	0.	0.	0.1111111111111111
185	0.2637728340003549	0.751123450090254	0.2222222222222222	0.6666666666666666	0.1111111111111111	0.	0.	0.1111111111111111
186	0.0146569790737113	0.474763621325493	0.	0.4444444444444444	0.1111111111111111	0.	0.	0.1111111111111111
187	0.6512877433284123	0.7826244884017995	0.5555555555555556	0.7777777777777778	0.1111111111111111	0.	0.	0.1111111111111111
188	0.9962525514923571	0.04091674149944093	0.8888888888888888	0.	0.1111111111111111	0.	0.	0.1111111111111111
189	0.5980361000817728	0.8940923798173204	0.5555555555555556	0.8888888888888888	0.1111111111111111	0.	0.	0.1111111111111111
190	0.9452575390249947	0.1760354849654497	0.8888888888888888	0.1111111111111111	0.1111111111111111	0.	0.	0.1111111111111111
191	0.1052355029163158	0.5604973119185409	0.	0.5555555555555556	0.1111111111111111	0.	0.	0.1111111111111111
192	0.2096785042947655	0.2337950114627692	0.1111111111111111	0.2222222222222222	0.1111111111111111	0.	0.	0.1111111111111111
193	0.4126038629137483	0.3689456943856507	0.3333333333333333	0.3333333333333333	0.1111111111111111	0.	0.	0.1111111111111111
194	0.6907189817383836	0.7532646094340492	0.6666666666666666	0.6666666666666666	0.1111111111111111	0.	0.	0.1111111111111111
195	0.8656193142123674	0.4507991763268187	0.7777777777777778	0.4444444444444444	0.1111111111111111	0.	0.	0.1111111111111111
196	0.2354314203552616	0.8011971242611969	0.2222222222222222	0.7777777777777778	0.1111111111111111	0.	0.	0.1111111111111111
197	0.5189507672114884	0.05769819348231046	0.4444444444444444	0.	0.1111111111111111	0.	0.	0.1111111111111111
198	0.9788582950586625	0.6441748954583556	0.8888888888888888	0.5555555555555556	0.1111111111111111	0.	0.	0.1111111111111111
199	0.0008768508884928902	0.9706062388111504	0.	0.8888888888888888	0.1111111111111111	0.	0.	0.1111111111111111
200	0.6411521255397518	0.1365534240842211	0.5555555555555556	0.1111111111111111	0.1111111111111111	0.	0.	0.1111111111111111
201	0.354674495115134	0.7276384677734481	0.3333333333333333	0.6666666666666666	0.1111111111111111	0.	0.	0.1111111111111111
202	0.735480499242947	0.3233761685054642	0.6666666666666666	0.2222222222222222	0.1111111111111111	0.	0.	0.1111111111111111
203	0.1411455310683547	0.435373096645903	0.1111111111111111	0.3333333333333333	0.1111111111111111	0.	0.	0.1111111111111111
204	0.2891181713761487	0.03090826721867051	0.2222222222222222	0.	0.1111111111111111	0.	0.	0.1111111111111111
205	0.4594634203768196	0.5357278673336591	0.4444444444444444	0.4444444444444444	0.1111111111111111	0.	0.	0.1111111111111111
206	0.7899300958241267	0.8535669719488344	0.7777777777777778	0.7777777777777778	0.1111111111111111	0.	0.	0.1111111111111111
207	0.07227567667439498	0.2148855417573609	0.	0.1111111111111111	0.1111111111111111	0.	0.	0.1111111111111111
208	0.5658219881430518	0.6214208872159056	0.5555555555555556	0.5555555555555556	0.1111111111111111	0.	0.	0.1111111111111111
209	0.8950211648030142	0.9580788536973841	0.8888888888888888	0.8888888888888888	0.1111111111111111	0.	0.	0.1111111111111111
210	0.7591526382419421	0.3818989759212245	0.6666666666666666	0.3333333333333333	0.1111111111111111	0.	0.	0.1111111111111111
211	0.1704099831436638	0.6925831629588044	0.1111111111111111	0.6666666666666666	0.1111111111111111	0.	0.	0.1111111111111111
212	0.3972118951784883	0.2957463047340276	0.3333333333333333	0.2222222222222222	0.1111111111111111	0.	0.	0.1111111111111111
213	0.4885948249370983	0.8157412087722599	0.4444444444444444	0.7777777777777778	0.1111111111111111	0.	0.	0.1111111111111111
214	0.8184194443400574	0.1100068595838599	0.7777777777777778	0.	0.1111111111111111	0.	0.	0.1111111111111111
215	0.31256175939282	0.4987249129889634	0.2222222222222222	0.4444444444444444	0.1111111111111111	0.	0.	0.1111111111111111
216	0.810619880079015	0.1890356019176191	0.7777777777777778	0.1111111111111111	0.1111111111111111	0.	0.	0.1111111111111111
217	0.2769037691929264	0.5930844741667755	0.2222222222222222	0.5555555555555556	0.1111111111111111	0.	0.	0.1111111111111111
218	0.4559388115720781	0.9359536084491047	0.4444444444444444	0.8888888888888888	0.1111111111111111	0.	0.	0.1111111111111111
219	0.6636962773885027	0.3911189357187904	0.5555555555555556	0.3333333333333333	0.1111111111111111	0.	0.	0.1111111111111111
220	0.9686312382926139	0.6677108198408508	0.8888888888888888	0.6666666666666666	0.1111111111111111	0.	0.	0.1111111111111111
221	0.02485557924807293	0.2657777116171055	0.	0.2222222222222222	0.1111111111111111	0.	0.	0.1111111111111111
222	0.1312322160982388	0.8362632536625255	0.1111111111111111	0.7777777777777778	0.1111111111111111	0.	0.	0.1111111111111111
223	0.3452649359836344	0.07652325533046343	0.3333333333333333	0.	0.1111111111111111	0.	0.	0.1111111111111111
224	0.7282302124191475	0.5083176236797671	0.6666666666666666	0.4444444444444444	0.1111111111111111	0.	0.	0.1111111111111111
225	0.3028100681238536	0.9058799597973767	0.2222222222222222	0.8888888888888888	0.1111111111111111	0.	0.	0.1111111111111111
226	0.5134260095022147	0.1500594013928537	0.4444444444444444	0.1111111111111111	0.1111111111111111	0.	0.	0.1111111111111111
227	0.8435605213091005	0.5785703398872123	0.7777777777777778	0.5555555555555556	0.1111111111111111	0.	0.	0.1111111111111111
228	0.9248730655887777	0.2437304212891022	0.8888888888888888	0.2222222222222222	0.1111111111111111	0.	0.	0.1111111111111111
229	0.04988832861306586	0.3407224185295992	0.	0.3333333333333333	0.1111111111111111	0.	0.	0.1111111111111111
230	0.5904633556951605	0.7754890019080363	0.5555555555555556	0.6666666666666666	0.1111111111111111	0.	0.	0.1111111111111111
231	0.3868757132253787	0.4591950375655016	0.3333333333333333	0.4444444444444444	0.1111111111111111	0.	0.	0.1111111111111111
232	0.750182880320853	0.8071358430400412	0.6666666666666666	0.7777777777777778	0.1111111111111111	0.	0.	0.1111111111111111
233	0.1533381137206711	0.06308010123508637	0.1111111111111111	0.	0.1111111111111111	0.	0.	0.1111111111111111
234	0.54630657216824	0.6592532384109401	0.4444444444444444	0.5555555555555556	0.1111111111111111	0.	0.	0.1111111111111111
235	0.8596606713453058	0.9791693773841682	0.7777777777777778	0.8888888888888888	0.1111111111111111	0.	0.	0.1111111111111111
236	0.2285190970716403	0.1210728317124876	0.2222222222222222	0.1111111111111111	0.1111111111111111	0.	0.	0.1111111111111111
237	0.09366294770228324	0.7357138882072222	0.	0.6666666666666666	0.1111111111111111	0.	0.	0.1111111111111111
238	0.6240922035144782	0.299957954297387	0.5555555555555556	0.2222222222222222	0.1111111111111111	0.	0.	0.1111111111111111
239	0.9346758692809697	0.4078449251385188	0.8888888888888888	0.3333333333333333	0.1111111111111111	0.	0.	0.1111111111111111
240	0.6708938006976015	0.004854021371423475	0.6666666666666666	0.	0.1111111111111111	0.	0.	0.1111111111111111
241	0.1882367197156679	0.5552558114705183	0.1111111111111111	0.4444444444444444	0.1111111111111111	0.	0.	0.1111111111111111
242	0.434615396227362	0.872641368398734	0.3333333333333333	0.7777777777777778	0.1111111111111111	0.	0.	0.1111111111111111
243	0.1494734437410373	0.379159351412964	0.1111111111111111	0.37037037037037035	0.1111111111111111	0.	0.	0.037037037037037035
244	0.3829743656123463	0.6935532596470395	0.37037037037037035	0.6666666666666666	0.037037037037037035	0.	0.	0.1111111111111111
245	0.7454391318988811	0.2927846157356949	0.6666666666666666	0.25925925925925924	0.1111111111111111	0.	0.	0.037037037037037035
246	0.8501063607918785	0.8166979341146823	0.7777777777777778	0.8148148148148148	0.1111111111111111	0.	0.	0.037037037037037035
247	0.2997491794159257	0.1077610206963869	0.2222222222222222	0.07407407407407407	0.1111111111111111	0.	0.	0.037037037037037035
248	0.5098413875231742	0.5001340442786959	0.4444444444444444	0.48148148148148145	0.1111111111111111	0.	0.	0.037037037037037035
249	0.5872773316333303	0.2162418690939876	0.5555555555555556	0.18518518518518517	0.1111111111111111	0.	0.	0.037037037037037035
250	0.9184891741747815	0.6240243960526999	0.8888888888888888	0.5555555555555556	0.037037037037037035	0.	0.	0.1111111111111111
251	0.05834346911201523	0.955964602240401	0.	0.9259259259259259	0.1111111111111111	0.	0.	0.037037037037037035
252	0.4416988995816034	0.2315066511621692	0.4074074074074074	0.2222222222222222	0.037037037037037035	0.	0.	0.1111111111111111
253	0.6684903070954171	0.3692985753953417	0.6666666666666666	0.3333333333333333	0.037037037037037035	0.	0.	0.1111111111111111
254	0.196366248456209	0.7551705807347393	0.18518518518518517	0.6666666666666666	0.037037037037037035	0.	0.	0.1111111111111111
255	0.2263361820632397	0.4516259765153171	0.2222222222222222	0.4444444444444444	0.1111111111111111	0.	0.	0.037037037037037035
256	0.5534144039552849	0.7988755950041317	0.5185185185185185	0.7777777777777778	0.037037037037037035	0.	0.	0.1111111111111111
257	0.8549429239574025	0.0592476744305591	0.8518518518518519	0.	0.037037037037037035	0.	0.	0.1111111111111111
258	0.9322505638914036	0.8947038119435479	0.8888888888888888	0.8888888888888888	0.1111111111111111	0.	0.	0.037037037037037035
259	0.08725893775156877	0.1737982018120196	0.07407407407407407	0.1111111111111111	0.037037037037037035	0.	0.	0.1111111111111111
260	0.6207834015717223	0.5617592284852028	0.5555555555555556	0.5555555555555556	0.1111111111111111	0.	0.	0.037037037037037035
261	0.7204572024239706	0.7249113103394316	0.6666666666666666	0.7037037037037037	0.1111111111111111	0.	0.	0.037037037037037035
262	0.1244901436623124	0.3245579843352064	0.1111111111111111	0.2222222222222222	0.037037037037037035	0.	0.	0.1111111111111111
263	0.3377982374425564	0.433092133992256	0.3333333333333333	0.4074074074074074	0.1111111111111111	0.	0.	0.037037037037037035
264	0.4506070930423438	0.03266290338093089	0.4444444444444444	0.	0.1111111111111111	0.	0.	0.037037037037037035
265	0.8047188774262272	0.536788741358144	0.7777777777777778	0.4444444444444444	0.037037037037037035	0.	0.	0.1111111111111111
266	0.2732570140346914	0.8549458183147356	0.25925925925925924	0.7777777777777778	0.037037037037037035	0.	0.	0.1111111111111111
267	0.03299169256550772	0.6457448614701429	0.	0.5555555555555556	0.037037037037037035	0.	0.	0.1111111111111111
268	0.6616670025076208	0.9675060577397598	0.6296296296296297	0.8888888888888888	0.037037037037037035	0.	0.	0.1111111111111111
269	0.9637866519754458	0.1377572168965316	0.9629629629629629	0.1111111111111111	0.037037037037037035	0.	0.	0.1111111111111111
270	0.6130373519472447	0.7329765790127498	0.5925925925925926	0.6666666666666666	0.037037037037037035	0.	0.	0.1111111111111111
271	0.9525076159132444	0.2963427195853169	0.8888888888888888	0.2962962962962963	0.1111111111111111	0.	0.	0.037037037037037035
272	0.0806018814697571	0.4090208696560014	0.07407407407407407	0.3333333333333333	0.037037037037037035	0.	0.	0.1111111111111111
273	0.2188287852788292	0.006398571415428332	0.18518518518518517	0.	0.037037037037037035	0.	0.	0.1111111111111111
274	0.4246851831662763	0.5527431617071755	0.4074074074074074	0.4444444444444444	0.037037037037037035	0.	0.	0.1111111111111111
275	0.6957301002907635	0.8741855321269116	0.6666666666666666	0.7777777777777778	0.037037037037037035	0.	0.	0.1111111111111111
276	0.8783247719938392	0.6598545764229488	0.7777777777777778	0.6296296296296297	0.1111111111111111	0.	0.	0.037037037037037035
277	0.2523067169704251	0.9761018946350392	0.2222222222222222	0.9629629629629629	0.1111111111111111	0.	0.	0.037037037037037035
278	0.5405441106308311	0.1223478210690779	0.5185185185185185	0.1111111111111111	0.037037037037037035	0.	0.	0.1111111111111111
279	0.9927384472086263	0.393567986195657	0.9629629629629629	0.3333333333333333	0.037037037037037035	0.	0.	0.1111111111111111
280	0.02256733251916369	0.6684880150122021	0.	0.6666666666666666	0.1111111111111111	0.	0.	0.037037037037037035
281	0.6496021019683345	0.2661951262985474	0.6296296296296297	0.2222222222222222	0.037037037037037035	0.	0.	0.1111111111111111
282	0.3639767384631018	0.8379733929525516	0.3333333333333333	0.8148148148148148	0.1111111111111111	0.	0.	0.037037037037037035
283	0.7111342873074876	0.0776801352909345	0.6666666666666666	0.07407407407407407	0.1111111111111111	0.	0.	0.037037037037037035
284	0.1150178146618363	0.5094427070083706	0.1111111111111111	0.4444444444444444	0.037037037037037035	0.	0.	0.1111111111111111
285	0.2612652932423165	0.1851926241309349	0.25925925925925924	0.1111111111111111	0.037037037037037035	0.	0.	0.1111111111111111
286	0.4699365078408815	0.5943408954123057	0.4444444444444444	0.5555555555555556	0.037037037037037035	0.	0.	0.1111111111111111
287	0.799718803720781	0.9379660962295329	0.7777777777777778	0.8888888888888888	0.037037037037037035	0.	0.	0.1111111111111111
288	0.04336487049690687	0.2450734082540138	0.	0.2222222222222222	0.1111111111111111	0.	0.	0.037037037037037035
289	0.5761498638756816	0.3387170642559038	0.5555555555555556	0.3333333333333333	0.1111111111111111	0.	0.	0.037037037037037035
290	0.9046296593776691	0.7772191194909501	0.8888888888888888	0.7407407407407407	0.1111111111111111	0.	0.	0.037037037037037035
291	0.7688532446202142	0.4604724317166062	0.6666666666666666	0.4444444444444444	0.1111111111111111	0.	0.	0.037037037037037035
292	0.1774154988827484	0.8088108508203689	0.1111111111111111	0.7777777777777778	0.1111111111111111	0.	0.	0.037037037037037035
293	0.3755836293246053	0.06342855466961807	0.37037037037037035	0.	0.037037037037037035	0.	0.	0.1111111111111111
294	0.5027667203906365	0.9079425696903018	0.4444444444444444	0.8888888888888888	0.1111111111111111	0.	0.	0.037037037037037035
295	0.828125793832241	0.1520094135582316	0.7777777777777778	0.14814814814814814	0.1111111111111111	0.	0.	0.037037037037037035
296	0.3312408291343621	0.5795117958599586	0.2962962962962963	0.5555555555555556	0.037037037037037035	0.	0.	0.1111111111111111
297	0.7828116683145618	0.2492109187338308	0.7777777777777778	0.2222222222222222	0.037037037037037035	0.	0.	0.1111111111111111
298	0.285402994436535	0.3485555810825138	0.25925925925925924	0.3333333333333333	0.037037037037037035	0.	0.	0.1111111111111111
299	0.4689077599782459	0.7526115489811726	0.4444444444444444	0.7407407407407407	0.1111111111111111	0.	0.	0.037037037037037035
300	0.6366640175295427	0.4772157494231029	0.6296296296296297	0.4444444444444444	0.037037037037037035	0.	0.	0.1111111111111111
301	0.986040705589356	0.7842663418523191	0.9629629629629629	0.7777777777777778	0.037037037037037035	0.	0.	0.1111111111111111
302	0.00886579680439496	0.03793449688545857	0.	0.037037037037037035	0.1111111111111111	0.	0.	0.037037037037037035
303	0.137601905888531	0.9226580708796741	0.1111111111111111	0.8888888888888888	0.037037037037037035	0.	0.	0.1111111111111111
304	0.3527618592211317	0.1714211153487376	0.3333333333333333	0.14814814814814814	0.1111111111111111	0.	0.	0.037037037037037035
305	0.7296409603846912	0.5835800689071627	0.7037037037037037	0.5555555555555556	0.037037037037037035	0.	0.	0.1111111111111111
306	0.3168923916497698	0.7120993963056336	0.2222222222222222	0.7037037037037037	0.1111111111111111	0.	0.	0.037037037037037035
307	0.4828772078701289	0.3142190766615168	0.4444444444444444	0.2962962962962963	0.1111111111111111	0.	0.	0.037037037037037035
308	0.8249343054233769	0.4233562395130148	0.7777777777777778	0.4074074074074074	0.1111111111111111	0.	0.	0.037037037037037035
309	0.8911840437019324	0.01918459970763188	0.8888888888888888	0.	0.1111111111111111	0.	0.	0.037037037037037035
310	0.06917718283092664	0.5299292237484116	0.	0.5185185185185185	0.1111111111111111	0.	0.	0.037037037037037035
311	0.5621270570781127	0.8812396118093108	0.5555555555555556	0.8518518518518519	0.1111111111111111	0.	0.	0.037037037037037035
312	0.4069950079485858	0.6419724314924742	0.3333333333333333	0.6296296296296297	0.1111111111111111	0.	0.	0.037037037037037035
313	0.7553522068197414	0.9999209919604088	0.6666666666666666	0.9629629629629629	0.1111111111111111	0.	0.	0.037037037037037035
314	0.1653213760032535	0.1242667317989989	0.1111111111111111	0.1111111111111111	0.1111111111111111	0.	0.	0.037037037037037035
315	0.530235305477954	0.4002523547483313	0.5185185185185185	0.3333333333333333	0.037037037037037035	0.	0.	0.1111111111111111
316	0.8758330977172454	0.6805402703761838	0.8518518518518519	0.6666666666666666	0.037037037037037035	0.	0.	0.1111111111111111
317	0.2436550888424145	0.2786867870928048	0.2222222222222222	0.25925925925925924	0.1111111111111111	0.	0.	0.037037037037037035
318	0.1021290065706015	0.8504085767819747	0.07407407407407407	0.7777777777777778	0.037037037037037035	0.	0.	0.1111111111111111
319	0.5952626965994047	0.08878971034492705	0.5925925925925926	0.	0.037037037037037035	0.	0.	0.1111111111111111
320	0.9408433739290438	0.4876738850019881	0.8888888888888888	0.48148148148148145	0.1111111111111111	0.	0.	0.037037037037037035
321	0.6833228877921667	0.1986265040652853	0.6666666666666666	0.1111111111111111	0.037037037037037035	0.	0.	0.1111111111111111
322	0.205364358861602	0.6144171292568542	0.1111111111111111	0.5925925925925926	0.1111111111111111	0.	0.	0.037037037037037035
323	0.4093799420436262	0.9449927664168186	0.4074074074074074	0.8888888888888888	0.037037037037037035	0.	0.	0.1111111111111111
324	0.8966776586769524	0.447525181526129	0.8888888888888888	0.4444444444444444	0.1111111111111111	0.	0.	0.037037037037037035
325	0.07404014453143701	0.797227768715144	0.037037037037037035	0.7777777777777778	0.037037037037037035	0.	0.	0.1111111111111111
326	0.5675134801659909	0.05683925164491408	0.5555555555555556	0.	0.037037037037037035	0.	0.	0.1111111111111111
327	0.3986989469728329	0.8929852038190301	0.37037037037037035	0.8888888888888888	0.037037037037037035	0.	0.	0.1111111111111111
328	0.7612971815058892	0.182964757103145	0.7407407407407407	0.1111111111111111	0.037037037037037035	0.	0.	0.1111111111111111
329	0.1715539787399663	0.5580765046562453	0.1111111111111111	0.5555555555555556	0.1111111111111111	0.	0.	0.037037037037037035
330	0.308685150619383	0.2264380507075694	0.2222222222222222	0.2222222222222222	0.1111111111111111	0.	0.	0.037037037037037035
331	0.4864514139484932	0.3634836841751719	0.48148148148148145	0.3333333333333333	0.037037037037037035	0.	0.	0.1111111111111111
332	0.8156843626994303	0.7641231764246383	0.8148148148148148	0.6666666666666666	0.037037037037037035	0.	0.	0.1111111111111111
333	0.1060752150015139	0.02716509829883227	0.	0.	0.1111111111111111	0.	0.	0.037037037037037035
334	0.5984769449471906	0.534703521234435	0.5925925925925926	0.4444444444444444	0.037037037037037035	0.	0.	0.1111111111111111
335	0.9429998000613402	0.8606027158259046	0.9259259259259259	0.7777777777777778	0.037037037037037035	0.	0.	0.1111111111111111
336	0.6877619956405214	0.6514160302967353	0.6666666666666666	0.5555555555555556	0.037037037037037035	0.	0.	0.1111111111111111
337	0.2066587509091016	0.964059545819908	0.18518518518518517	0.8888888888888888	0.037037037037037035	0.	0.	0.1111111111111111
338	0.4132306384033292	0.1458480529665533	0.3333333333333333	0.1111111111111111	0.1111111111111111	0.	0.	0.037037037037037035
339	0.5212267826134513	0.7204890971404802	0.4444444444444444	0.7037037037037037	0.1111111111111111	0.	0.	0.037037037037037035
340	0.8681570770856503	0.3331857692912743	0.8518518518518519	0.2222222222222222	0.037037037037037035	0.	0.	0.1111111111111111
341	0.2359410767594518	0.4419872185266209	0.2222222222222222	0.3333333333333333	0.037037037037037035	0.	0.	0.1111111111111111
342	0.6392204293906958	0.827134311250465	0.5555555555555556	0.8148148148148148	0.1111111111111111	0.	0.	0.037037037037037035
343	0.9763528304255483	0.1052659065741874	0.8888888888888888	0.07407407407407407	0.1111111111111111	0.	0.	0.037037037037037035
344	0.001845160543380554	0.4964097661167666	0.	0.48148148148148145	0.1111111111111111	0.	0.	0.037037037037037035
345	0.1421246575664028	0.2106056889520884	0.1111111111111111	0.18518518518518517	0.1111111111111111	0.	0.	0.037037037037037035
346	0.3563003229117636	0.6205560663227253	0.3333333333333333	0.5925925925925926	0.1111111111111111	0.	0.	0.037037037037037035
347	0.733192493423685	0.9525229584162064	0.6666666666666666	0.9259259259259259	0.1111111111111111	0.	0.	0.037037037037037035
348	0.7869090527114584	0.3758695348711926	0.7777777777777778	0.37037037037037035	0.1111111111111111	0.	0.	0.037037037037037035
349	0.2903422350144901	0.7020963338880097	0.2222222222222222	0.6666666666666666	0.1111111111111111	0.	0.	0.037037037037037035
350	0.4603219518074241	0.2887028345404141	0.4444444444444444	0.25925925925925924	0.1111111111111111	0.	0.	0.037037037037037035
351	0.2291605379359961	0.8348552219532543	0.2222222222222222	0.7777777777777778	0.037037037037037035	0.	0.	0.1111111111111111
352	0.543776307607727	0.08472205161732338	0.4444444444444444	0.07407407407407407	0.1111111111111111	0.	0.	0.037037037037037035
353	0.8560254678046554	0.5180078219008873	0.8518518518518519	0.4444444444444444	0.037037037037037035	0.	0.	0.1111111111111111
354	0.9368604852835579	0.1960639808426171	0.9259259259259259	0.1111111111111111	0.037037037037037035	0.	0.	0.1111111111111111
355	0.09177399494738649	0.6017698735253691	0.07407407407407407	0.5555555555555556	0.037037037037037035	0.	0.	0.1111111111111111
356	0.6248116603869136	0.933040670099063	0.5925925925925926	0.8888888888888888	0.037037037037037035	0.	0.	0.1111111111111111
357	0.4357819900089658	0.3889601779252654	0.3333333333333333	0.37037037037037035	0.1111111111111111	0.	0.	0.037037037037037035
358	0.6721675502299002	0.676488693227924	0.6666666666666666	0.6666666666666666	0.1111111111111111	0.	0.	0.037037037037037035
359	0.1864126009091894	0.2608606347266953	0.18518518518518517	0.2222222222222222	0.037037037037037035	0.	0.	0.1111111111111111
360	0.4529245354393221	0.4686037991139906	0.4444444444444444	0.4444444444444444	0.1111111111111111	0.	0.	0.037037037037037035
361	0.8072321535546527	0.8026363778607486	0.7777777777777778	0.7777777777777778	0.1111111111111111	0.	0.	0.037037037037037035
362	0.2771557520800094	0.0714569134038064	0.2222222222222222	0.037037037037037035	0.1111111111111111	0.	0.	0.037037037037037035
363	0.02711019412983774	0.9029598715931619	0.	0.8888888888888888	0.1111111111111111	0.	0.	0.037037037037037035
364	0.6646670391594425	0.1582997468503359	0.5555555555555556	0.14814814814814814	0.1111111111111111	0.	0.	0.037037037037037035
365	0.9700004998961219	0.5745675108060689	0.9629629629629629	0.5555555555555556	0.037037037037037035	0.	0.	0.1111111111111111
366	0.7243417715404653	0.2415156520025971	0.6666666666666666	0.2222222222222222	0.1111111111111111	0.	0.	0.037037037037037035
367	0.1287767651682803	0.3349525774134608	0.1111111111111111	0.3333333333333333	0.1111111111111111	0.	0.	0.037037037037037035
368	0.3427319930240791	0.7706728291629753	0.3333333333333333	0.6666666666666666	0.037037037037037035	0.	0.	0.1111111111111111
369	0.8400555216892517	0.0007110560088799709	0.8148148148148148	0.	0.037037037037037035	0.	0.	0.1111111111111111
370	0.3037405764739166	0.5486878495989922	0.2222222222222222	0.5185185185185185	0.1111111111111111	0.	0.	0.037037037037037035
371	0.510317452518625	0.8711641749713105	0.48148148148148145	0.7777777777777778	0.037037037037037035	0.	0.	0.1111111111111111
372	0.5916125661249337	0.6550395892975087	0.5555555555555556	0.6296296296296297	0.1111111111111111	0.	0.	0.037037037037037035
373	0.9223933180605048	0.9861566029186787	0.8888888888888888	0.9629629629629629	0.1111111111111111	0.	0.	0.037037037037037035
374	0.05174700848961381	0.1161377528486884	0.037037037037037035	0.1111111111111111	0.037037037037037035	0.	0.	0.1111111111111111
375	0.1543842234253474	0.7308961753612021	0.14814814814814814	0.6666666666666666	0.037037037037037035	0.	0.	0.1111111111111111
376	0.3887666319750752	0.3085812548924501	0.37037037037037035	0.2222222222222222	0.037037037037037035	0.	0.	0.1111111111111111
377	0.7512116901316837	0.4195333467077765	0.7407407407407407	0.3333333333333333	0.037037037037037035	0.	0.	0.1111111111111111
378	0.3693734742046645	0.01587675107876565	0.3333333333333333	0.	0.037037037037037035	0.	0.	0.1111111111111111
379	0.7144424456773288	0.5258694462078385	0.6666666666666666	0.5185185185185185	0.1111111111111111	0.	0.	0.037037037037037035
380	0.1180888301788637	0.8770124622913271	0.1111111111111111	0.8518518518518519	0.1111111111111111	0.	0.	0.037037037037037035
381	0.2650758506132253	0.635547511444772	0.25925925925925924	0.5555555555555556	0.037037037037037035	0.	0.	0.1111111111111111
382	0.4740491400976645	0.9918347159658525	0.4444444444444444	0.9629629629629629	0.1111111111111111	0.	0.	0.037037037037037035
383	0.792005960909999	0.1351914783904644	0.7777777777777778	0.1111111111111111	0.1111111111111111	0.	0.	0.037037037037037035
384	0.9978133371258018	0.7081225071707552	0.8888888888888888	0.7037037037037037	0.1111111111111111	0.	0.	0.037037037037037035
385	0.01513234457079355	0.3103821207556217	0.	0.2962962962962963	0.1111111111111111	0.	0.	0.037037037037037035
386	0.6528565710421165	0.4289980646841835	0.5555555555555556	0.4074074074074074	0.1111111111111111	0.	0.	0.037037037037037035
387	0.7721851196844333	0.8443690700106468	0.7407407407407407	0.7777777777777778	0.037037037037037035	0.	0.	0.1111111111111111
388	0.1827259416490661	0.09720226232020475	0.14814814814814814	0.	0.037037037037037035	0.	0.	0.1111111111111111
389	0.3817188426156435	0.4851353400327433	0.37037037037037035	0.4444444444444444	0.037037037037037035	0.	0.	0.1111111111111111
390	0.4942579086638514	0.2068251790369301	0.48148148148148145	0.1111111111111111	0.037037037037037035	0.	0.	0.1111111111111111
391	0.8350508552134595	0.6108083732935112	0.7777777777777778	0.5925925925925926	0.1111111111111111	0.	0.	0.037037037037037035
392	0.323232584634934	0.9408173057844307	0.2222222222222222	0.9259259259259259	0.1111111111111111	0.	0.	0.037037037037037035
393	0.04739712066871783	0.3966008889461015	0.037037037037037035	0.3333333333333333	0.037037037037037035	0.	0.	0.1111111111111111
394	0.5713671354123968	0.6881665775812905	0.5555555555555556	0.6666666666666666	0.037037037037037035	0.	0.	0.1111111111111111
395	0.9085296501531527	0.27467168624631	0.8888888888888888	0.25925925925925924	0.1111111111111111	0.	0.	0.037037037037037035
396	0.2130039952533331	0.4694077627887151	0.18518518518518517	0.4444444444444444	0.037037037037037035	0.	0.	0.1111111111111111
397	0.4318760556483286	0.7809445961783744	0.3333333333333333	0.7777777777777778	0.1111111111111111	0.	0.	0.037037037037037035
398	0.7001000842781963	0.04551094783907174	0.6666666666666666	0.037037037037037035	0.1111111111111111	0.	0.	0.037037037037037035
399	0.8846534185237683	0.9196694688321797	0.8518518518518519	0.8888888888888888	0.037037037037037035	0.	0.	0.1111111111111111
400	0.257997467449379	0.1649197908064176	0.2222222222222222	0.1111111111111111	0.037037037037037035	0.	0.	0.1111111111111111
401	0.533785949732428	0.5907895034775338	0.5185185185185185	0.5555555555555556	0.037037037037037035	0.	0.	0.1111111111111111
402	0.6135591880548854	0.2565197104654593	0.5925925925925926	0.2222222222222222	0.037037037037037035	0.	0.	0.1111111111111111
403	0.9581362366545703	0.3549445212744027	0.9259259259259259	0.3333333333333333	0.037037037037037035	0.	0.	0.1111111111111111
404	0.0835532509312726	0.7459559639689922	0.	0.7407407407407407	0.1111111111111111	0.	0.	0.037037037037037035
405	0.4994038849951824	0.6483030577834686	0.48148148148148145	0.5555555555555556	0.037037037037037035	0.	0.	0.1111111111111111
406	0.8391313630291762	0.9713750864632252	0.8148148148148148	0.8888888888888888	0.037037037037037035	0.	0.	0.1111111111111111
407	0.3281961777366573	0.1424871646372838	0.2962962962962963	0.1111111111111111	0.037037037037037035	0.	0.	0.1111111111111111
408	0.04101007936108408	0.7195234323293624	0.	0.7037037037037037	0.1111111111111111	0.	0.	0.037037037037037035
409	0.5748169262846258	0.3278539999984358	0.5555555555555556	0.2222222222222222	0.037037037037037035	0.	0.	0.1111111111111111
410	0.9121200926813484	0.4362477423507322	0.8888888888888888	0.3333333333333333	0.037037037037037035	0.	0.	0.1111111111111111
411	0.7776720778096655	0.03582456803586004	0.6666666666666666	0.	0.1111111111111111	0.	0.	0.037037037037037035
412	0.1764490795081999	0.5428476706093879	0.14814814814814814	0.4444444444444444	0.037037037037037035	0.	0.	0.1111111111111111
413	0.3728128595009164	0.8589654706327797	0.3333333333333333	0.8518518518518519	0.1111111111111111	0.	0.	0.037037037037037035
414	0.8859045294323605	0.2202219950220547	0.7777777777777778	0.18518518518518517	0.1111111111111111	0.	0.	0.037037037037037035
415	0.2472596073771411	0.6293977730227892	0.2222222222222222	0.5555555555555556	0.037037037037037035	0.	0.	0.1111111111111111
416	0.5362033515647817	0.9595784044004618	0.4444444444444444	0.9259259259259259	0.1111111111111111	0.	0.	0.037037037037037035
417	0.6059954984294424	0.3725851362153091	0.5555555555555556	0.37037037037037035	0.1111111111111111	0.	0.	0.037037037037037035
418	0.9628613498549375	0.698891409603963	0.8888888888888888	0.6666666666666666	0.1111111111111111	0.	0.	0.037037037037037035
419	0.07719171163058097	0.2861798669610373	0.	0.25925925925925924	0.1111111111111111	0.	0.	0.037037037037037035
420	0.2146550221990625	0.8202166922565626	0.1111111111111111	0.8148148148148148	0.1111111111111111	0.	0.	0.037037037037037035
421	0.4226207225710254	0.09970300082227539	0.4074074074074074	0.	0.037037037037037035	0.	0.	0.1111111111111111
422	0.6937279156997124	0.5050428708740802	0.6666666666666666	0.48148148148148145	0.1111111111111111	0.	0.	0.037037037037037035
423	0.2711970515667109	0.901179144916107	0.2222222222222222	0.8888888888888888	0.1111111111111111	0.	0.	0.037037037037037035
424	0.4795035083099765	0.177724186738439	0.4444444444444444	0.1111111111111111	0.037037037037037035	0.	0.	0.1111111111111111
425	0.7944257486082519	0.5667011947837379	0.7777777777777778	0.5555555555555556	0.1111111111111111	0.	0.	0.037037037037037035
426	0.9915429674999283	0.2238902496455215	0.8888888888888888	0.2222222222222222	0.1111111111111111	0.	0.	0.037037037037037035
427	0.01709512580786609	0.3585432622795539	0.	0.3333333333333333	0.037037037037037035	0.	0.	0.1111111111111111
428	0.6444634415467548	0.760300300827232	0.6296296296296297	0.6666666666666666	0.037037037037037035	0.	0.	0.1111111111111111
429	0.3618735103432625	0.453850981020263	0.3333333333333333	0.4444444444444444	0.037037037037037035	0.	0.	0.1111111111111111
430	0.7045421510132539	0.791364682659655	0.7037037037037037	0.7777777777777778	0.037037037037037035	0.	0.	0.1111111111111111
431	0.1222011905519019	0.05182564225886015	0.1111111111111111	0.	0.037037037037037035	0.	0.	0.1111111111111111
432	0.6813387120576372	0.9120512355418215	0.6666666666666666	0.8888888888888888	0.1111111111111111	0.	0.	0.037037037037037035
433	0.1975950691996915	0.152890905399	0.1111111111111111	0.14814814814814814	0.1111111111111111	0.	0.	0.037037037037037035
434	0.4196944567551425	0.5718551598510493	0.3333333333333333	0.5555555555555556	0.1111111111111111	0.	0.	0.037037037037037035
435	0.5241046557039476	0.2375521677688038	0.4444444444444444	0.2222222222222222	0.1111111111111111	0.	0.	0.037037037037037035
436	0.8690445684370263	0.3424587989029494	0.7777777777777778	0.3333333333333333	0.1111111111111111	0.	0.	0.037037037037037035
437	0.2387585004571093	0.7663733052246152	0.2222222222222222	0.7407407407407407	0.1111111111111111	0.	0.	0.037037037037037035
438	0.1093182907697653	0.4642342556470557	0.	0.4444444444444444	0.1111111111111111	0.	0.	0.037037037037037035
439	0.6047188803515586	0.8125697184452902	0.5555555555555556	0.7777777777777778	0.1111111111111111	0.	0.	0.037037037037037035
440	0.9478655089922206	0.06635684756810406	0.8888888888888888	0.037037037037037035	0.1111111111111111	0.	0.	0.037037037037037035
441	0.1478484677320891	0.6659688985456145	0.1111111111111111	0.6296296296296297	0.1111111111111111	0.	0.	0.037037037037037035
442	0.3495379099580869	0.9796980949038036	0.3333333333333333	0.8888888888888888	0.037037037037037035	0.	0.	0.1111111111111111
443	0.7372679180458453	0.1139375844075884	0.7037037037037037	0.1111111111111111	0.037037037037037035	0.	0.	0.1111111111111111
444	0.7782192464271036	0.739082654281956	0.7777777777777778	0.6666666666666666	0.037037037037037035	0.	0.	0.1111111111111111
445	0.2931399411179137	0.3004352660002622	0.2222222222222222	0.2962962962962963	0.1111111111111111	0.	0.	0.037037037037037035
446	0.4633971823828863	0.4134054192127837	0.4444444444444444	0.3333333333333333	0.037037037037037035	0.	0.	0.1111111111111111
447	0.6336559482617692	0.01222524741930552	0.6296296296296297	0.	0.037037037037037035	0.	0.	0.1111111111111111
448	0.9804354883598666	0.5457029816510298	0.8888888888888888	0.5185185185185185	0.1111111111111111	0.	0.	0.037037037037037035
449	0.005029487912980943	0.8656080800792822	0.	0.7777777777777778	0.037037037037037035	0.	0.	0.1111111111111111
450	0.4020715822285795	0.1933833267140396	0.3333333333333333	0.18518518518518517	0.1111111111111111	0.	0.	0.037037037037037035
451	0.7635626657147019	0.5986400080834823	0.7407407407407407	0.5555555555555556	0.037037037037037035	0.	0.	0.1111111111111111
452	0.164214286044123	0.9270198699618423	0.14814814814814814	0.8888888888888888	0.037037037037037035	0.	0.	0.1111111111111111
453	0.3167853589350734	0.3855167694379048	0.2962962962962963	0.3333333333333333	0.037037037037037035	0.	0.	0.1111111111111111
454	0.4935851022238183	0.6717547842442582	0.4444444444444444	0.6666666666666666	0.1111111111111111	0.	0.	0.037037037037037035
455	0.820931180367524	0.2703409963431232	0.8148148148148148	0.2222222222222222	0.037037037037037035	0.	0.	0.1111111111111111
456	0.8981612172814123	0.8292038369710488	0.8888888888888888	0.7777777777777778	0.037037037037037035	0.	0.	0.1111111111111111
457	0.0641016218083052	0.08129749172868346	0.	0.07407407407407407	0.1111111111111111	0.	0.	0.037037037037037035
458	0.5559373551872214	0.5127132421744478	0.5555555555555556	0.4444444444444444	0.037037037037037035	0.	0.	0.1111111111111111
459	0.03167467824174196	0.2047758647753569	0.	0.1111111111111111	0.037037037037037035	0.	0.	0.1111111111111111
460	0.6577260140725288	0.606450577613445	0.5555555555555556	0.5925925925925926	0.1111111111111111	0.	0.	0.037037037037037035
461	0.9749759208011325	0.9477319005018687	0.8888888888888888	0.9259259259259259	0.1111111111111111	0.	0.	0.037037037037037035
462	0.7164518265836993	0.4042479685855403	0.7037037037037037	0.3333333333333333	0.037037037037037035	0.	0.	0.1111111111111111
463	0.1349028359382063	0.6833635998017648	0.1111111111111111	0.6666666666666666	0.037037037037037035	0.	0.	0.1111111111111111
464	0.3336749354695762	0.2824582439675771	0.3333333333333333	0.2222222222222222	0.037037037037037035	0.	0.	0.1111111111111111
465	0.4480704916977171	0.8430131952400002	0.4444444444444444	0.7777777777777778	0.037037037037037035	0.	0.	0.1111111111111111
466	0.8119734756723205	0.09128796145489008	0.7777777777777778	0.	0.037037037037037035	0.	0.	0.1111111111111111
467	0.2806975859245276	0.4918802509005489	0.2222222222222222	0.48148148148148145	0.1111111111111111	0.	0.	0.037037037037037035
468	0.581543885081755	0.9136802536704935	0.5555555555555556	0.8888888888888888	0.037037037037037035	0.	0.	0.1111111111111111
469	0.9155846831494414	0.1623081280384563	0.8888888888888888	0.1111111111111111	0.037037037037037035	0.	0.	0.1111111111111111
470	0.05519031889233234	0.5857266375329296	0.037037037037037035	0.5555555555555556	0.037037037037037035	0.	0.	0.1111111111111111
471	0.1595223701931435	0.2513028438892572	0.14814814814814814	0.2222222222222222	0.037037037037037035	0.	0.	0.1111111111111111
472	0.3920004137932932	0.35156729324831	0.3333333333333333	0.3333333333333333	0.1111111111111111	0.	0.	0.037037037037037035
473	0.7434693126585431	0.7412593125226615	0.6666666666666666	0.7407407407407407	0.1111111111111111	0.	0.	0.037037037037037035
474	0.8452771384874622	0.4813526412813615	0.8148148148148148	0.4444444444444444	0.037037037037037035	0.	0.	0.1111111111111111
475	0.3051248622354956	0.786445383377749	0.2962962962962963	0.7777777777777778	0.037037037037037035	0.	0.	0.1111111111111111
476	0.515560477580558	0.04376908505046395	0.4444444444444444	0.037037037037037035	0.1111111111111111	0.	0.	0.037037037037037035
477	0.9278872186855353	0.6322999736856973	0.9259259259259259	0.5555555555555556	0.037037037037037035	0.	0.	0.1111111111111111
478	0.09748934918445507	0.9876732556255348	0.	0.9629629629629629	0.1111111111111111	0.	0.	0.037037037037037035
479	0.6275698968862056	0.1301379571589979	0.5555555555555556	0.1111111111111111	0.1111111111111111	0.	0.	0.037037037037037035
480	0.4377207835283074	0.7058056610251539	0.4074074074074074	0.6666666666666666	0.037037037037037035	0.	0.	0.1111111111111111
481	0.6749150903408553	0.3173398813194931	0.6666666666666666	0.2962962962962963	0.1111111111111111	0.	0.	0.037037037037037035
482	0.191671377160093	0.4258524377286269	0.1111111111111111	0.4074074074074074	0.1111111111111111	0.	0.	0.037037037037037035
483	0.2314751831998918	0.02296232625597317	0.2222222222222222	0.	0.1111111111111111	0.	0.	0.037037037037037035
484	0.5499737435586859	0.5203538482275091	0.4444444444444444	0.5185185185185185	0.1111111111111111	0.	0.	0.037037037037037035
485	0.8615013483880731	0.8870015442058874	0.7777777777777778	0.8518518518518519	0.1111111111111111	0.	0.	0.037037037037037035
486	0.5118283328582552	0.3831927631134311	0.48148148148148145	0.3333333333333333	0.037037037037037035	0.	0.	0.1111111111111111
487	0.8412477370722298	0.6726406296665086	0.8148148148148148	0.6666666666666666	0.037037037037037035	0.	0.	0.1111111111111111
488	0.3008060070187288	0.2685098489976869	0.2222222222222222	0.25925925925925924	0.1111111111111111	0.	0.	0.037037037037037035
489	0.05348353857110192	0.830498862266764	0.037037037037037035	0.7777777777777778	0.037037037037037035	0.	0.	0.1111111111111111
490	0.5889586555483732	0.07858216639991214	0.5555555555555556	0.	0.037037037037037035	0.	0.	0.1111111111111111
491	0.9240998316603402	0.5140967062620514	0.8888888888888888	0.48148148148148145	0.1111111111111111	0.	0.	0.037037037037037035
492	0.7524848829906189	0.189753664955667	0.7407407407407407	0.1111111111111111	0.037037037037037035	0.	0.	0.1111111111111111
493	0.1553220459643785	0.6008221083010403	0.1111111111111111	0.5925925925925926	0.1111111111111111	0.	0.	0.037037037037037035
494	0.3902402608001113	0.9281738908410356	0.37037037037037035	0.8888888888888888	0.037037037037037035	0.	0.	0.1111111111111111
495	0.8586995743531778	0.2350149701728002	0.8518518518518519	0.2222222222222222	0.037037037037037035	0.	0.	0.1111111111111111
496	0.2269711622470919	0.3440106244183005	0.2222222222222222	0.3333333333333333	0.037037037037037035	0.	0.	0.1111111111111111
497	0.5447532099934962	0.7678633399966275	0.4444444444444444	0.7407407407407407	0.1111111111111111	0.	0.	0.037037037037037035
498	0.622285355348531	0.4609485827512167	0.5925925925925926	0.4444444444444444	0.037037037037037035	0.	0.	0.1111111111111111
499	0.9373709272252764	0.8144477975711811	0.9259259259259259	0.7777777777777778	0.037037037037037035	0.	0.	0.1111111111111111
500	0.09295655673664349	0.06837569966517698	0.	0.037037037037037035	0.1111111111111111	0.	0.	0.037037037037037035
501	0.1875629255460811	0.9127712792013262	0.18518518518518517	0.8888888888888888	0.037037037037037035	0.	0.	0.1111111111111111
502	0.4332872785500338	0.1544769228764254	0.3333333333333333	0.14814814814814814	0.1111111111111111	0.	0.	0.037037037037037035
503	0.6740708422711565	0.5683984643362525	0.6666666666666666	0.5555555555555556	0.037037037037037035	0.	0.	0.1111111111111111
504	0.2788977800638038	0.7401372947693189	0.2222222222222222	0.7037037037037037	0.1111111111111111	0.	0.	0.037037037037037035
505	0.45421882423983	0.3022301314924347	0.4444444444444444	0.2962962962962963	0.1111111111111111	0.	0.	0.037037037037037035
506	0.8084734207229809	0.4147259628628813	0.7777777777777778	0.4074074074074074	0.1111111111111111	0.	0.	0.037037037037037035
507	0.9684117153993199	0.008705912815055065	0.8888888888888888	0.	0.1111111111111111	0.	0.	0.037037037037037035
508	0.02785850337409491	0.5463369913131604	0.	0.5185185185185185	0.1111111111111111	0.	0.	0.037037037037037035
509	0.666565697131556	0.8672046450972981	0.5555555555555556	0.8518518518518519	0.1111111111111111	0.	0.	0.037037037037037035
510	0.3437913295287798	0.6630221416434517	0.3333333333333333	0.6296296296296297	0.1111111111111111	0.	0.	0.037037037037037035
511	0.7265504526960284	0.9819236965205179	0.6666666666666666	0.9629629629629629	0.1111111111111111	0.	0.	0.037037037037037035
512	0.1298347482769985	0.1117920086737247	0.1111111111111111	0.1111111111111111	0.1111111111111111	0.	0.	0.037037037037037035
513	0.7018844168564353	0.7075412636045001	0.6666666666666666	0.7037037037037037	0.1111111111111111	0.	0.	0.037037037037037035
514	0.2102850545590702	0.3182492730785851	0.18518518518518517	0.2222222222222222	0.037037037037037035	0.	0.	0.1111111111111111
515	0.4282070395782983	0.4277753905782717	0.3333333333333333	0.4074074074074074	0.1111111111111111	0.	0.	0.037037037037037035
516	0.5318971518480187	0.02462644578063776	0.4444444444444444	0.	0.1111111111111111	0.	0.	0.037037037037037035
517	0.8816020982307934	0.5220512416764136	0.8518518518518519	0.4444444444444444	0.037037037037037035	0.	0.	0.1111111111111111
518	0.2560193772646168	0.8877602074026257	0.2222222222222222	0.7777777777777778	0.037037037037037035	0.	0.	0.1111111111111111
519	0.08491165267204027	0.6328073629580288	0.07407407407407407	0.5555555555555556	0.037037037037037035	0.	0.	0.1111111111111111
520	0.6146856617763101	0.9899466347876437	0.5925925925925926	0.8888888888888888	0.037037037037037035	0.	0.	0.1111111111111111
521	0.9555111509173004	0.1303680379175816	0.9259259259259259	0.1111111111111111	0.037037037037037035	0.	0.	0.1111111111111111
522	0.1160399426715228	0.4050838286975576	0.1111111111111111	0.37037037037037035	0.1111111111111111	0.	0.	0.037037037037037035
523	0.3662665184098373	0.6848702194822054	0.3333333333333333	0.6666666666666666	0.037037037037037035	0.	0.	0.1111111111111111
524	0.7148311034904162	0.2831404828806907	0.6666666666666666	0.25925925925925924	0.1111111111111111	0.	0.	0.037037037037037035
525	0.7935222685998244	0.8397308546408172	0.7777777777777778	0.8148148148148148	0.1111111111111111	0.	0.	0.037037037037037035
526	0.2667950111091483	0.092437473882114	0.2222222222222222	0.07407407407407407	0.1111111111111111	0.	0.	0.037037037037037035
527	0.4756370581801281	0.4932113859712085	0.4444444444444444	0.48148148148148145	0.1111111111111111	0.	0.	0.037037037037037035
528	0.6539971293739879	0.202879689893393	0.5555555555555556	0.18518518518518517	0.1111111111111111	0.	0.	0.037037037037037035
529	0.9991540018937924	0.6088228656727893	0.9629629629629629	0.5555555555555556	0.037037037037037035	0.	0.	0.1111111111111111
530	0.01306949204743789	0.9484949112573479	0.	0.9259259259259259	0.1111111111111111	0.	0.	0.037037037037037035
531	0.3786674767219139	0.2527325230511148	0.37037037037037035	0.2222222222222222	0.037037037037037035	0.	0.	0.1111111111111111
532	0.7731953510595048	0.3529408852027269	0.7407407407407407	0.3333333333333333	0.037037037037037035	0.	0.	0.1111111111111111
533	0.1850802380597205	0.7428409884640872	0.14814814814814814	0.6666666666666666	0.037037037037037035	0.	0.	0.1111111111111111
534	0.3239114895306083	0.4785034192310533	0.2222222222222222	0.4444444444444444	0.1111111111111111	0.	0.	0.037037037037037035
535	0.4957146075634288	0.7875890571875941	0.48148148148148145	0.7777777777777778	0.037037037037037035	0.	0.	0.1111111111111111
536	0.8320696198388207	0.04411850126319296	0.8148148148148148	0.	0.037037037037037035	0.	0.	0.1111111111111111
537	0.9058885989894045	0.9154406802682034	0.8888888888888888	0.8888888888888888	0.1111111111111111	0.	0.	0.037037037037037035
538	0.04815182348293407	0.1641759306471097	0.037037037037037035	0.1111111111111111	0.037037037037037035	0.	0.	0.1111111111111111
539	0.5689092908730149	0.586714902250132	0.5555555555555556	0.5555555555555556	0.1111111111111111	0.	0.	0.037037037037037035
540	0.003327500833338735	0.2251340446443623	0.	0.2222222222222222	0.1111111111111111	0.	0.	0.037037037037037035
541	0.6403006381351538	0.3594898306991709	0.5555555555555556	0.3333333333333333	0.1111111111111111	0.	0.	0.037037037037037035
542	0.9769403505485053	0.7572058439411379	0.8888888888888888	0.7407407407407407	0.1111111111111111	0.	0.	0.037037037037037035
543	0.7352232834541697	0.4544427420134027	0.6666666666666666	0.4444444444444444	0.1111111111111111	0.	0.	0.037037037037037035
544	0.1427913165084737	0.7915810677047939	0.1111111111111111	0.7777777777777778	0.1111111111111111	0.	0.	0.037037037037037035
545	0.3569931721740544	0.05291973600291439	0.3333333333333333	0.	0.037037037037037035	0.	0.	0.1111111111111111
546	0.4577970956684912	0.8972097824869213	0.4444444444444444	0.8888888888888888	0.1111111111111111	0.	0.	0.037037037037037035
547	0.7877183749050505	0.1786118501681343	0.7777777777777778	0.14814814814814814	0.1111111111111111	0.	0.	0.037037037037037035
548	0.2919850830776962	0.5641155063777056	0.25925925925925924	0.5555555555555556	0.037037037037037035	0.	0.	0.1111111111111111
549	0.5651098910603392	0.7167606770534017	0.5555555555555556	0.6666666666666666	0.037037037037037035	0.	0.	0.1111111111111111
550	0.8936596269348746	0.3260547275805024	0.8888888888888888	0.2962962962962963	0.1111111111111111	0.	0.	0.037037037037037035
551	0.07006458900353443	0.4376455500266533	0.037037037037037035	0.3333333333333333	0.037037037037037035	0.	0.	0.1111111111111111
552	0.1689008270287946	0.03362065086857087	0.14814814814814814	0.	0.037037037037037035	0.	0.	0.1111111111111111
553	0.3956512403245663	0.5398183651562114	0.37037037037037035	0.4444444444444444	0.037037037037037035	0.	0.	0.1111111111111111
554	0.7575938056974232	0.856390684248676	0.7407407407407407	0.7777777777777778	0.037037037037037035	0.	0.	0.1111111111111111
555	0.8165723221038351	0.6494842291799044	0.7777777777777778	0.6296296296296297	0.1111111111111111	0.	0.	0.037037037037037035
556	0.3101647815362014	0.9730716212413157	0.2222222222222222	0.9629629629629629	0.1111111111111111	0.	0.	0.037037037037037035
557	0.4879646758520645	0.1435034893056469	0.48148148148148145	0.1111111111111111	0.037037037037037035	0.	0.	0.1111111111111111
558	0.9439446545808956	0.3739156948235986	0.9259259259259259	0.3333333333333333	0.037037037037037035	0.	0.	0.1111111111111111
559	0.1038046562030607	0.6965809914439846	0.	0.6666666666666666	0.1111111111111111	0.	0.	0.037037037037037035
560	0.6006316511566842	0.2877970736338625	0.5925925925925926	0.2222222222222222	0.037037037037037035	0.	0.	0.1111111111111111
561	0.4154233722006375	0.8216656502129396	0.3333333333333333	0.8148148148148148	0.1111111111111111	0.	0.	0.037037037037037035
562	0.6889910779430495	0.1009747499441105	0.6666666666666666	0.07407407407407407	0.1111111111111111	0.	0.	0.037037037037037035
563	0.2075641143147353	0.502880678397299	0.18518518518518517	0.4444444444444444	0.037037037037037035	0.	0.	0.1111111111111111
564	0.237566123320511	0.2214086075349515	0.2222222222222222	0.1111111111111111	0.037037037037037035	0.	0.	0.1111111111111111
565	0.52256319618656	0.6266644052822238	0.5185185185185185	0.5555555555555556	0.037037037037037035	0.	0.	0.1111111111111111
566	0.8653811036135813	0.9609361040616862	0.8518518518518519	0.8888888888888888	0.037037037037037035	0.	0.	0.1111111111111111
567	0.1614224693211825	0.4573931512778957	0.14814814814814814	0.4444444444444444	0.037037037037037035	0.	0.	0.1111111111111111
568	0.4002948443269693	0.8106151169511326	0.3333333333333333	0.7777777777777778	0.1111111111111111	0.	0.	0.037037037037037035
569	0.7649267202282634	0.06571376937853864	0.6666666666666666	0.037037037037037035	0.1111111111111111	0.	0.	0.037037037037037035
570	0.8220088027748407	0.9092013905679969	0.8148148148148148	0.8888888888888888	0.037037037037037035	0.	0.	0.1111111111111111
571	0.3129272632076341	0.1484588845962317	0.2962962962962963	0.1111111111111111	0.037037037037037035	0.	0.	0.1111111111111111
572	0.4910522169105001	0.5770855965235231	0.48148148148148145	0.5555555555555556	0.037037037037037035	0.	0.	0.1111111111111111
573	0.557610235219129	0.2464245999131967	0.5555555555555556	0.2222222222222222	0.037037037037037035	0.	0.	0.1111111111111111
574	0.899777136808408	0.3394440392301158	0.8888888888888888	0.3333333333333333	0.037037037037037035	0.	0.	0.1111111111111111
575	0.06454540146946126	0.7747074557363778	0.	0.7407407407407407	0.1111111111111111	0.	0.	0.037037037037037035
576	0.416472925192486	0.0080213620297196	0.4074074074074074	0.	0.037037037037037035	0.	0.	0.1111111111111111
577	0.682850810711769	0.5539353650446711	0.6666666666666666	0.5185185185185185	0.1111111111111111	0.	0.	0.037037037037037035
578	0.2002179772858287	0.8763486391999606	0.1111111111111111	0.8518518518518519	0.1111111111111111	0.	0.	0.037037037037037035
579	0.2411550584426284	0.6612970831631296	0.2222222222222222	0.5555555555555556	0.037037037037037035	0.	0.	0.1111111111111111
580	0.5253892702613361	0.9778257365216427	0.4444444444444444	0.9629629629629629	0.1111111111111111	0.	0.	0.037037037037037035
581	0.8710484703697056	0.1206196032308107	0.7777777777777778	0.1111111111111111	0.1111111111111111	0.	0.	0.037037037037037035
582	0.9479449076495969	0.7351781085933566	0.8888888888888888	0.7037037037037037	0.1111111111111111	0.	0.	0.037037037037037035
583	0.1104995602508433	0.2986446035210423	0.	0.2962962962962963	0.1111111111111111	0.	0.	0.037037037037037035
584	0.6008263311029995	0.411401031158852	0.5555555555555556	0.4074074074074074	0.1111111111111111	0.	0.	0.037037037037037035
585	0.7390021310927621	0.838638123757053	0.7037037037037037	0.7777777777777778	0.037037037037037035	0.	0.	0.1111111111111111
586	0.1451255537494301	0.07523909678062139	0.1111111111111111	0.	0.037037037037037035	0.	0.	0.1111111111111111
587	0.3462219917164302	0.5062840270518922	0.3333333333333333	0.4444444444444444	0.037037037037037035	0.	0.	0.1111111111111111
588	0.4648636682368822	0.1875565474631708	0.4444444444444444	0.1111111111111111	0.037037037037037035	0.	0.	0.1111111111111111
589	0.7792143959978671	0.5959479486038919	0.7777777777777778	0.5925925925925926	0.1111111111111111	0.	0.	0.037037037037037035
590	0.2937001687590147	0.9347374311601436	0.2222222222222222	0.9259259259259259	0.1111111111111111	0.	0.	0.037037037037037035
591	0.006469728381694685	0.3950426070522047	0.	0.3333333333333333	0.037037037037037035	0.	0.	0.1111111111111111
592	0.630049751963428	0.6697582481240428	0.6296296296296297	0.6666666666666666	0.037037037037037035	0.	0.	0.1111111111111111
593	0.981219365332362	0.2645784659743864	0.8888888888888888	0.25925925925925924	0.1111111111111111	0.	0.	0.037037037037037035
594	0.6292092913375403	0.8517492424103569	0.5555555555555556	0.8148148148148148	0.1111111111111111	0.	0.	0.037037037037037035
595	0.9293481902897844	0.089779116801779	0.8888888888888888	0.07407407407407407	0.1111111111111111	0.	0.	0.037037037037037035
596	0.09596394113270555	0.4885760227995238	0.	0.48148148148148145	0.1111111111111111	0.	0.	0.037037037037037035
597	0.192727920833669	0.1994033542196061	0.1111111111111111	0.18518518518518517	0.1111111111111111	0.	0.	0.037037037037037035
598	0.4399458430983155	0.6154229141281512	0.3333333333333333	0.5925925925925926	0.1111111111111111	0.	0.	0.037037037037037035
599	0.6775811117895385	0.9456923232920016	0.6666666666666666	0.9259259259259259	0.1111111111111111	0.	0.	0.037037037037037035
600	0.8636341765600322	0.4012719196514496	0.7777777777777778	0.37037037037037035	0.1111111111111111	0.	0.	0.037037037037037035
601	0.2330731756075675	0.6825306185600318	0.2222222222222222	0.6666666666666666	0.1111111111111111	0.	0.	0.037037037037037035
602	0.5512588554224176	0.276799780543701	0.4444444444444444	0.25925925925925924	0.1111111111111111	0.	0.	0.037037037037037035
603	0.9722151969097329	0.4739398824102976	0.8888888888888888	0.4444444444444444	0.1111111111111111	0.	0.	0.037037037037037035
604	0.02981692500694424	0.7849150151684414	0.	0.7777777777777778	0.037037037037037035	0.	0.	0.1111111111111111
605	0.6552712067154851	0.0396983960236548	0.6296296296296297	0.	0.037037037037037035	0.	0.	0.1111111111111111
606	0.3359738458919416	0.9243327826852923	0.3333333333333333	0.8888888888888888	0.037037037037037035	0.	0.	0.1111111111111111
607	0.718569958406786	0.1715954272447716	0.7037037037037037	0.1111111111111111	0.037037037037037035	0.	0.	0.1111111111111111
608	0.1320947087717569	0.5816059649166705	0.1111111111111111	0.5555555555555556	0.1111111111111111	0.	0.	0.037037037037037035
609	0.2813906442619766	0.2509315711487835	0.2222222222222222	0.2222222222222222	0.1111111111111111	0.	0.	0.037037037037037035
610	0.444568658318946	0.3463079164440716	0.4444444444444444	0.3333333333333333	0.037037037037037035	0.	0.	0.1111111111111111
611	0.8131962470024828	0.7490923391337038	0.7777777777777778	0.6666666666666666	0.037037037037037035	0.	0.	0.1111111111111111
612	0.05690418109679962	0.01983970703211827	0.	0.	0.1111111111111111	0.	0.	0.037037037037037035
613	0.5816476440064239	0.5279768231359596	0.5555555555555556	0.4444444444444444	0.037037037037037035	0.	0.	0.1111111111111111
614	0.9166768410124019	0.8828883174185108	0.8888888888888888	0.7777777777777778	0.037037037037037035	0.	0.	0.1111111111111111
615	0.7439132514921447	0.6380603849099301	0.7407407407407407	0.5555555555555556	0.037037037037037035	0.	0.	0.1111111111111111
616	0.1566137243367804	0.9967553738060904	0.14814814814814814	0.8888888888888888	0.037037037037037035	0.	0.	0.1111111111111111
617	0.3924362718290135	0.1250372976530934	0.3333333333333333	0.1111111111111111	0.1111111111111111	0.	0.	0.037037037037037035
618	0.5159746752578178	0.7134135851033939	0.4444444444444444	0.7037037037037037	0.1111111111111111	0.	0.	0.037037037037037035
619	0.8476589054810332	0.316386786829611	0.8148148148148148	0.2222222222222222	0.037037037037037035	0.	0.	0.1111111111111111
620	0.3064831185700833	0.4202450600558368	0.2962962962962963	0.3333333333333333	0.037037037037037035	0.	0.	0.1111111111111111
621	0.7959260306441872	0.02989803498320744	0.7777777777777778	0.	0.037037037037037035	0.	0.	0.1111111111111111
622	0.2679926108227418	0.5383977940998022	0.2222222222222222	0.5185185185185185	0.1111111111111111	0.	0.	0.037037037037037035
623	0.4812672981784399	0.852563016270073	0.4444444444444444	0.7777777777777778	0.037037037037037035	0.	0.	0.1111111111111111
624	0.6450164375964811	0.6423059356230039	0.5555555555555556	0.6296296296296297	0.1111111111111111	0.	0.	0.037037037037037035
625	0.988090421653805	0.9688289803726239	0.8888888888888888	0.9629629629629629	0.1111111111111111	0.	0.	0.037037037037037035
626	0.01842139708482652	0.1395220624654848	0.	0.1111111111111111	0.037037037037037035	0.	0.	0.1111111111111111
627	0.1204122961774143	0.7260977395889182	0.1111111111111111	0.6666666666666666	0.037037037037037035	0.	0.	0.1111111111111111
628	0.3586042184430434	0.3211097000086642	0.3333333333333333	0.2222222222222222	0.037037037037037035	0.	0.	0.1111111111111111
629	0.706166896437254	0.4344187683544705	0.7037037037037037	0.3333333333333333	0.037037037037037035	0.	0.	0.1111111111111111
630	0.3254092015768428	0.8176645066389352	0.2962962962962963	0.7777777777777778	0.037037037037037035	0.	0.	0.1111111111111111
631	0.5014385123721907	0.1095663192970674	0.4444444444444444	0.07407407407407407	0.1111111111111111	0.	0.	0.037037037037037035
632	0.836552775434996	0.5014222053702483	0.8148148148148148	0.4444444444444444	0.037037037037037035	0.	0.	0.1111111111111111
633	0.9135128266280207	0.2169631723667907	0.8888888888888888	0.1111111111111111	0.037037037037037035	0.	0.	0.1111111111111111
634	0.03840625906253158	0.624347489444903	0.037037037037037035	0.5555555555555556	0.037037037037037035	0.	0.	0.1111111111111111
635	0.5723116836325436	0.9565697414624863	0.5555555555555556	0.8888888888888888	0.037037037037037035	0.	0.	0.1111111111111111
636	0.3735854515772224	0.3809348460487161	0.3333333333333333	0.37037037037037035	0.1111111111111111	0.	0.	0.037037037037037035
637	0.7736635778875047	0.6941551560531947	0.6666666666666666	0.6666666666666666	0.1111111111111111	0.	0.	0.037037037037037035
638	0.1732308303394868	0.2940211877470769	0.14814814814814814	0.2222222222222222	0.037037037037037035	0.	0.	0.1111111111111111
639	0.5370541635619759	0.4486621838595291	0.4444444444444444	0.4444444444444444	0.1111111111111111	0.	0.	0.037037037037037035
640	0.8870951505097089	0.8007952938527557	0.7777777777777778	0.7777777777777778	0.1111111111111111	0.	0.	0.037037037037037035
641	0.2495818172039597	0.06100687669102602	0.2222222222222222	0.037037037037037035	0.1111111111111111	0.	0.	0.037037037037037035
642	0.07449269072257732	0.8967518640106478	0.	0.8888888888888888	0.1111111111111111	0.	0.	0.037037037037037035
643	0.6074483350311398	0.1744423296793337	0.5555555555555556	0.14814814814814814	0.1111111111111111	0.	0.	0.037037037037037035
644	0.9600114601407499	0.5630167148955305	0.9259259259259259	0.5555555555555556	0.037037037037037035	0.	0.	0.1111111111111111
645	0.6947931871856508	0.2318677523531803	0.6666666666666666	0.2222222222222222	0.1111111111111111	0.	0.	0.037037037037037035
646	0.2155327334791527	0.3674116987653691	0.1111111111111111	0.3333333333333333	0.1111111111111111	0.	0.	0.037037037037037035
647	0.4197618469269961	0.7559126779516644	0.4074074074074074	0.6666666666666666	0.037037037037037035	0.	0.	0.1111111111111111
648	0.9016309038489357	0.6557290899157031	0.8888888888888888	0.5555555555555556	0.037037037037037035	0.	0.	0.1111111111111111
649	0.04482809632714082	0.9863309010484471	0.	0.9629629629629629	0.1111111111111111	0.	0.	0.037037037037037035
650	0.578252350337964	0.1166901973874008	0.5555555555555556	0.1111111111111111	0.1111111111111111	0.	0.	0.037037037037037035
651	0.3763585831758458	0.7314905046232596	0.37037037037037035	0.6666666666666666	0.037037037037037035	0.	0.	0.1111111111111111
652	0.766796974952969	0.3053478352990945	0.6666666666666666	0.2962962962962963	0.1111111111111111	0.	0.	0.037037037037037035
653	0.1796328527856116	0.416525803139269	0.1111111111111111	0.4074074074074074	0.1111111111111111	0.	0.	0.037037037037037035
654	0.3328111823223681	0.002732604573218635	0.2222222222222222	0.	0.1111111111111111	0.	0.	0.037037037037037035
655	0.5045016467021873	0.5492768891735099	0.4444444444444444	0.5185185185185185	0.1111111111111111	0.	0.	0.037037037037037035
656	0.829106388158354	0.8691902602669697	0.7777777777777778	0.8518518518518519	0.1111111111111111	0.	0.	0.037037037037037035
657	0.08170331607491897	0.1970099891473043	0.07407407407407407	0.1111111111111111	0.037037037037037035	0.	0.	0.1111111111111111
658	0.6095189310788706	0.6028019381976121	0.5555555555555556	0.5925925925925926	0.1111111111111111	0.	0.	0.037037037037037035
659	0.953835574418127	0.9300978675566812	0.8888888888888888	0.9259259259259259	0.1111111111111111	0.	0.	0.037037037037037035
660	0.6968690066707683	0.3897399775019815	0.6666666666666666	0.3333333333333333	0.037037037037037035	0.	0.	0.1111111111111111
661	0.2202386195084965	0.678487684905758	0.18518518518518517	0.6666666666666666	0.037037037037037035	0.	0.	0.1111111111111111
662	0.4258531234607298	0.2629075373106213	0.4074074074074074	0.2222222222222222	0.037037037037037035	0.	0.	0.1111111111111111
663	0.5430960450141121	0.8315637672258819	0.5185185185185185	0.7777777777777778	0.037037037037037035	0.	0.	0.1111111111111111
664	0.880588557789639	0.08511016824409615	0.8518518518518519	0.	0.037037037037037035	0.	0.	0.1111111111111111
665	0.2535138807970135	0.5149034171671459	0.2222222222222222	0.48148148148148145	0.1111111111111111	0.	0.	0.037037037037037035
666	0.6471322325959895	0.9044119321216385	0.6296296296296297	0.8888888888888888	0.037037037037037035	0.	0.	0.1111111111111111
667	0.9938446827989007	0.1602165883384655	0.9629629629629629	0.1111111111111111	0.037037037037037035	0.	0.	0.1111111111111111
668	0.02445787097577416	0.5748585855853724	0.	0.5555555555555556	0.037037037037037035	0.	0.	0.1111111111111111
669	0.1114187019675152	0.2390368182102005	0.1111111111111111	0.2222222222222222	0.037037037037037035	0.	0.	0.1111111111111111
670	0.3662462914637779	0.3364815896456111	0.3333333333333333	0.3333333333333333	0.1111111111111111	0.	0.	0.037037037037037035
671	0.7089724346853874	0.7719621225298696	0.6666666666666666	0.7407407407407407	0.1111111111111111	0.	0.	0.037037037037037035
672	0.8004471974807369	0.4661662142155488	0.7777777777777778	0.4444444444444444	0.037037037037037035	0.	0.	0.1111111111111111
673	0.2628577344034068	0.8048795323264382	0.25925925925925924	0.7777777777777778	0.037037037037037035	0.	0.	0.1111111111111111
674	0.4712259156398583	0.07358949034141903	0.4444444444444444	0.037037037037037035	0.1111111111111111	0.	0.	0.037037037037037035
675	0.2451174413751772	0.9210876540226899	0.2222222222222222	0.8888888888888888	0.1111111111111111	0.	0.	0.037037037037037035
676	0.5277815546817918	0.1664800318119813	0.5185185185185185	0.1111111111111111	0.037037037037037035	0.	0.	0.1111111111111111
677	0.8736520420150864	0.5925837167928755	0.7777777777777778	0.5555555555555556	0.1111111111111111	0.	0.	0.037037037037037035
678	0.9410496304443	0.2584835078250082	0.8888888888888888	0.2222222222222222	0.1111111111111111	0.	0.	0.037037037037037035
679	0.0992754619129088	0.3563189787827664	0.07407407407407407	0.3333333333333333	0.037037037037037035	0.	0.	0.1111111111111111
680	0.5965681111236565	0.7472425212906073	0.5925925925925926	0.6666666666666666	0.037037037037037035	0.	0.	0.1111111111111111
681	0.4108420536667418	0.4715653409853602	0.4074074074074074	0.4444444444444444	0.037037037037037035	0.	0.	0.1111111111111111
682	0.6847355225964831	0.7778871894752405	0.6666666666666666	0.7777777777777778	0.037037037037037035	0.	0.	0.1111111111111111
683	0.2021675626969744	0.04737664334870357	0.18518518518518517	0.	0.037037037037037035	0.	0.	0.1111111111111111
684	0.4651396388416962	0.6377951451091168	0.4444444444444444	0.5555555555555556	0.037037037037037035	0.	0.	0.1111111111111111
685	0.7842822969540983	0.9938914381990778	0.7777777777777778	0.8888888888888888	0.037037037037037035	0.	0.	0.1111111111111111
686	0.2869770171947033	0.1330579335123049	0.25925925925925924	0.1111111111111111	0.037037037037037035	0.	0.	0.1111111111111111
687	0.009707277854717006	0.7099433341189827	0.	0.7037037037037037	0.1111111111111111	0.	0.	0.037037037037037035
688	0.6349169691607783	0.3117596025404497	0.6296296296296297	0.2222222222222222	0.037037037037037035	0.	0.	0.1111111111111111
689	0.9867907046427101	0.429887441153549	0.9629629629629629	0.3333333333333333	0.037037037037037035	0.	0.	0.1111111111111111
690	0.7303234565548924	0.01364005471240491	0.6666666666666666	0.	0.1111111111111111	0.	0.	0.037037037037037035
691	0.1390018989591092	0.5234151516441868	0.1111111111111111	0.4444444444444444	0.037037037037037035	0.	0.	0.1111111111111111
692	0.3509389707746373	0.8782006536228049	0.3333333333333333	0.8518518518518519	0.1111111111111111	0.	0.	0.037037037037037035
693	0.8261741271338217	0.2083326281348704	0.7777777777777778	0.18518518518518517	0.1111111111111111	0.	0.	0.037037037037037035
694	0.3192466975247318	0.6122939873734969	0.2962962962962963	0.5555555555555556	0.037037037037037035	0.	0.	0.1111111111111111
695	0.4850456863679195	0.9413331036638419	0.4444444444444444	0.9259259259259259	0.1111111111111111	0.	0.	0.037037037037037035
696	0.5628226217362844	0.3980906595778934	0.5555555555555556	0.37037037037037035	0.1111111111111111	0.	0.	0.037037037037037035
697	0.8919219017694578	0.6889547539305972	0.8888888888888888	0.6666666666666666	0.1111111111111111	0.	0.	0.037037037037037035
698	0.06648242430289569	0.2727613622245295	0.	0.25925925925925924	0.1111111111111111	0.	0.	0.037037037037037035
699	0.1668777684772027	0.8450506954645516	0.1111111111111111	0.8148148148148148	0.1111111111111111	0.	0.	0.037037037037037035
700	0.4039570736280806	0.0978155537526738	0.37037037037037035	0.	0.037037037037037035	0.	0.	0.1111111111111111
701	0.7562037811238906	0.4823555274933674	0.6666666666666666	0.48148148148148145	0.1111111111111111	0.	0.	0.037037037037037035
702	0.3397199917667063	0.2118602698199922	0.3333333333333333	0.18518518518518517	0.1111111111111111	0.	0.	0.037037037037037035
703	0.7219408926683448	0.6184535876039673	0.7037037037037037	0.5555555555555556	0.037037037037037035	0.	0.	0.1111111111111111
704	0.1255808104666349	0.9540524980684058	0.1111111111111111	0.8888888888888888	0.037037037037037035	0.	0.	0.1111111111111111
705	0.2752154924533861	0.378552679833444	0.25925925925925924	0.3333333333333333	0.037037037037037035	0.	0.	0.1111111111111111
706	0.4521389402648071	0.7028861802574068	0.4444444444444444	0.6666666666666666	0.1111111111111111	0.	0.	0.037037037037037035
707	0.805724970317716	0.2903097190952473	0.7777777777777778	0.2222222222222222	0.037037037037037035	0.	0.	0.1111111111111111
708	0.9646276133492431	0.8235742758217072	0.9629629629629629	0.7777777777777778	0.037037037037037035	0.	0.	0.1111111111111111
709	0.03529323062381109	0.106688059890744	0.	0.07407407407407407	0.1111111111111111	0.	0.	0.037037037037037035
710	0.6590840553092173	0.4974607378943589	0.6296296296296297	0.4444444444444444	0.037037037037037035	0.	0.	0.1111111111111111
711	0.7463639504793116	0.8893120019438793	0.6666666666666666	0.8888888888888888	0.1111111111111111	0.	0.	0.037037037037037035
712	0.1498409273169167	0.1851161800583035	0.1111111111111111	0.14814814814814814	0.1111111111111111	0.	0.	0.037037037037037035
713	0.3845284823505209	0.5590865656737806	0.3333333333333333	0.5555555555555556	0.1111111111111111	0.	0.	0.037037037037037035
714	0.5073222753585446	0.2277197906966316	0.4444444444444444	0.2222222222222222	0.1111111111111111	0.	0.	0.037037037037037035
715	0.8515334648016857	0.3644402357184917	0.7777777777777778	0.3333333333333333	0.1111111111111111	0.	0.	0.037037037037037035
716	0.2965114268904864	0.7616390262725625	0.2222222222222222	0.7407407407407407	0.1111111111111111	0.	0.	0.037037037037037035
717	0.059453030115813	0.4454589175500903	0.	0.4444444444444444	0.1111111111111111	0.	0.	0.037037037037037035
718	0.5849528486519118	0.79538306417931	0.5555555555555556	0.7777777777777778	0.1111111111111111	0.	0.	0.037037037037037035
719	0.919266934623412	0.0536917068764872	0.8888888888888888	0.037037037037037035	0.1111111111111111	0.	0.	0.037037037037037035
720	0.1939930070829751	0.6521423410486343	0.1111111111111111	0.6296296296296297	0.1111111111111111	0.	0.	0.037037037037037035
721	0.4421017159988149	0.964830159855932	0.4074074074074074	0.8888888888888888	0.037037037037037035	0.	0.	0.1111111111111111
722	0.6707795527389707	0.1467955187746063	0.6666666666666666	0.1111111111111111	0.037037037037037035	0.	0.	0.1111111111111111
723	0.8525032921873508	0.7224335038546021	0.8518518518518519	0.6666666666666666	0.037037037037037035	0.	0.	0.1111111111111111
724	0.2233252666200625	0.3301860397992529	0.2222222222222222	0.2962962962962963	0.1111111111111111	0.	0.	0.037037037037037035
725	0.5550542363459426	0.4441446091578979	0.5185185185185185	0.3333333333333333	0.037037037037037035	0.	0.	0.1111111111111111
726	0.6177455489884188	0.02809886151030765	0.5925925925925926	0.	0.037037037037037035	0.	0.	0.1111111111111111
727	0.9341333037585767	0.5315431385629856	0.8888888888888888	0.5185185185185185	0.1111111111111111	0.	0.	0.037037037037037035
728	0.08782795429283556	0.8623972311386969	0.07407407407407407	0.7777777777777778	0.037037037037037035	0.	0.	0.1111111111111111