0	0.1225951991403325	0.24980041603667827	0.022222222222222227	0.13333333333333336	0.28888888888888886	0.	0.	0.28888888888888886
1	0.8833374487154017	0.3954051468179664	0.6888888888888889	0.24444444444444446	0.288888888888889	0.	0.	0.28888888888888886
2	0.6246747574571359	0.9998800459242962	0.46666666666666673	0.8	0.2888888888888888	0.	0.	0.19999999999999996
3	0.7536394639847421	0.7685162300919678	0.5777777777777777	0.5777777777777777	0.288888888888889	0.	0.	0.288888888888889
4	0.4505554927770826	0.013587042544532708	0.35555555555555557	0.	0.2888888888888888	0.	0.	0.19999999999999998
5	0.027172179321677536	0.5409301666197284	0.	0.35555555555555557	0.19999999999999998	0.	0.	0.2888888888888888
6	0.4386869241359783	0.5716927540539378	0.24444444444444446	0.46666666666666673	0.28888888888888886	0.	0.	0.2888888888888888
7	0.28195949044570706	0.8660496296054181	0.13333333333333336	0.6888888888888889	0.28888888888888886	0.	0.	0.288888888888889
8	0.9394442877112091	0.1250554501950119	0.8	0.022222222222222227	0.19999999999999996	0.	0.	0.28888888888888886
9	0.8189350563748836	0.7994822941161827	0.6888888888888889	0.6888888888888889	0.288888888888889	0.	0.	0.288888888888889
10	0.592111233607644	0.17449391961989566	0.46666666666666673	0.022222222222222227	0.2888888888888888	0.	0.	0.28888888888888886
11	0.1948450021186154	0.6061681816041828	0.022222222222222227	0.46666666666666673	0.28888888888888886	0.	0.	0.2888888888888888
12	0.5510215250042354	0.4306885775814849	0.35555555555555557	0.24444444444444446	0.2888888888888888	0.	0.	0.28888888888888886
13	0.1060054553112015	0.9210787188559526	0.	0.8	0.19999999999999998	0.	0.	0.19999999999999996
14	0.7292146475333505	0.26021384480777937	0.5777777777777777	0.13333333333333336	0.288888888888889	0.	0.	0.28888888888888886
15	0.230735159526716	0.0698120193293821	0.13333333333333336	0.	0.28888888888888886	0.	0.	0.19999999999999998
16	0.8920104102530657	0.47108676364644547	0.8	0.35555555555555557	0.19999999999999996	0.	0.	0.2888888888888888
17	0.4004342699249101	0.67017338706971	0.24444444444444446	0.5777777777777777	0.28888888888888886	0.	0.	0.288888888888889
18	0.6545492985873892	0.4960391025335437	0.46666666666666673	0.35555555555555557	0.2888888888888888	0.	0.	0.2888888888888888
19	0.17954409650922376	0.7204695378583001	0.022222222222222227	0.5777777777777777	0.28888888888888886	0.	0.	0.288888888888889
20	0.7965477108947293	0.08021974542497672	0.6888888888888889	0.	0.288888888888889	0.	0.	0.19999999999999998
21	0.04994213320159912	0.2202074225695723	0.	0.022222222222222227	0.19999999999999998	0.	0.	0.28888888888888886
22	0.6693169868290918	0.6546489216096502	0.5777777777777777	0.46666666666666673	0.288888888888889	0.	0.	0.2888888888888888
23	0.5072098953100713	0.8382767515426887	0.35555555555555557	0.6888888888888889	0.2888888888888888	0.	0.	0.288888888888889
24	0.9689822685999792	0.9575844090166331	0.8	0.8	0.19999999999999996	0.	0.	0.19999999999999996
25	0.3455036851875603	0.30414545008743715	0.24444444444444446	0.13333333333333336	0.28888888888888886	0.	0.	0.28888888888888886
26	0.2989212762053997	0.36398958410964843	0.13333333333333336	0.24444444444444446	0.28888888888888886	0.	0.	0.28888888888888886
27	0.243721026673252	0.7439482444787958	0.13333333333333336	0.5777777777777777	0.28888888888888886	0.	0.	0.288888888888889
28	0.9027796513880296	0.03210152281508959	0.8	0.	0.19999999999999996	0.	0.	0.19999999999999998
29	0.3720923082103693	0.5474333883255202	0.24444444444444446	0.35555555555555557	0.28888888888888886	0.	0.	0.2888888888888888
30	0.8315363517080274	0.5888422385425258	0.6888888888888889	0.46666666666666673	0.288888888888889	0.	0.	0.2888888888888888
31	0.5618854109356789	0.8870193457080342	0.46666666666666673	0.6888888888888889	0.2888888888888888	0.	0.	0.288888888888889
32	0.2084293309880504	0.1436792587050466	0.022222222222222227	0.022222222222222227	0.28888888888888886	0.	0.	0.28888888888888886
33	0.5252917052957757	0.2222527196627779	0.35555555555555557	0.13333333333333336	0.2888888888888888	0.	0.	0.28888888888888886
34	0.07418227261938469	0.3736118329043769	0.	0.24444444444444446	0.19999999999999998	0.	0.	0.28888888888888886
35	0.709557778877995	0.9673351727834577	0.5777777777777777	0.8	0.288888888888889	0.	0.	0.19999999999999996
36	0.9773384632048547	0.4425966037812385	0.8	0.24444444444444446	0.19999999999999996	0.	0.	0.28888888888888886
37	0.35107267993080593	0.8895714822833405	0.24444444444444446	0.8	0.28888888888888886	0.	0.	0.19999999999999996
38	0.32082105411483963	0.27511324867832	0.13333333333333336	0.13333333333333336	0.28888888888888886	0.	0.	0.28888888888888886
39	0.6299012759062759	0.04231566338248053	0.46666666666666673	0.	0.2888888888888888	0.	0.	0.19999999999999998
40	0.1513418882018223	0.4505103265201857	0.022222222222222227	0.35555555555555557	0.28888888888888886	0.	0.	0.2888888888888888
41	0.8088831176917956	0.6839569611232753	0.6888888888888889	0.5777777777777777	0.288888888888889	0.	0.	0.288888888888889
42	0.06385128226917292	0.8061795134777533	0.	0.6888888888888889	0.19999999999999998	0.	0.	0.288888888888889
43	0.6856794582178125	0.1593284310439933	0.5777777777777777	0.022222222222222227	0.288888888888889	0.	0.	0.28888888888888886
44	0.48790010948543294	0.6233505666070576	0.35555555555555557	0.46666666666666673	0.2888888888888888	0.	0.	0.2888888888888888
45	0.4097221877527839	0.1949743465082113	0.24444444444444446	0.022222222222222227	0.28888888888888886	0.	0.	0.28888888888888886
46	0.2900459557264149	0.6351189873870265	0.13333333333333336	0.46666666666666673	0.28888888888888886	0.	0.	0.2888888888888888
47	0.9537394463065341	0.8471700456021398	0.8	0.6888888888888889	0.19999999999999996	0.	0.	0.288888888888889
48	0.1295283989656692	0.9371333576182304	0.022222222222222227	0.8	0.28888888888888886	0.	0.	0.19999999999999996
49	0.8607664999703547	0.3152705397227111	0.6888888888888889	0.13333333333333336	0.288888888888889	0.	0.	0.28888888888888886
50	0.5966076530006823	0.3390893608623781	0.46666666666666673	0.24444444444444446	0.2888888888888888	0.	0.	0.28888888888888886
51	0.7754343833890519	0.5081733127783372	0.5777777777777777	0.35555555555555557	0.288888888888889	0.	0.	0.2888888888888888
52	0.4682416904044192	0.7296284365246016	0.35555555555555557	0.5777777777777777	0.2888888888888888	0.	0.	0.288888888888889
53	0.003614856139767387	0.09255783750421798	0.	0.	0.19999999999999998	0.	0.	0.19999999999999998
54	0.04727145703437487	0.5670770818043476	0.	0.46666666666666673	0.19999999999999998	0.	0.	0.2888888888888888
55	0.6986223522456327	0.8612426535861399	0.5777777777777777	0.6888888888888889	0.288888888888889	0.	0.	0.288888888888889
56	0.501636311238046	0.1114698866636349	0.35555555555555557	0.022222222222222227	0.2888888888888888	0.	0.	0.28888888888888886
57	0.998621336897509	0.2443177194310271	0.8	0.13333333333333336	0.19999999999999996	0.	0.	0.28888888888888886
58	0.3584292896462342	0.3918588139857862	0.24444444444444446	0.24444444444444446	0.28888888888888886	0.	0.	0.28888888888888886
59	0.3310327219167802	0.982591440416393	0.13333333333333336	0.8	0.28888888888888886	0.	0.	0.19999999999999996
60	0.6493312988754534	0.7539696710946712	0.46666666666666673	0.5777777777777777	0.2888888888888888	0.	0.	0.288888888888889
61	0.1659302364189968	0.0026011659904750157	0.022222222222222227	0.	0.28888888888888886	0.	0.	0.19999999999999998
62	0.789411818296132	0.5202593643242583	0.6888888888888889	0.35555555555555557	0.288888888888889	0.	0.	0.2888888888888888
63	0.7516841096479367	0.054293666091229015	0.5777777777777777	0.	0.288888888888889	0.	0.	0.19999999999999998
64	0.4748993222882094	0.4578985332566308	0.35555555555555557	0.35555555555555557	0.2888888888888888	0.	0.	0.2888888888888888
65	0.02294499452763842	0.70212714623189	0.	0.5777777777777777	0.19999999999999998	0.	0.	0.288888888888889
66	0.42001360439148067	0.7814523296073446	0.24444444444444446	0.6888888888888889	0.28888888888888886	0.	0.	0.288888888888889
67	0.2657483240817103	0.1685184733049401	0.13333333333333336	0.022222222222222227	0.28888888888888886	0.	0.	0.28888888888888886
68	0.9318519702761513	0.5927531330607211	0.8	0.46666666666666673	0.19999999999999996	0.	0.	0.2888888888888888
69	0.1424705754268975	0.41581562472981815	0.022222222222222227	0.24444444444444446	0.28888888888888886	0.	0.	0.28888888888888886
70	0.871152668094089	0.9132497343646341	0.6888888888888889	0.8	0.288888888888889	0.	0.	0.19999999999999996
71	0.6127508587531966	0.29268715229634296	0.46666666666666673	0.13333333333333336	0.2888888888888888	0.	0.	0.28888888888888886
72	0.5394241578173219	0.9504201157518027	0.35555555555555557	0.8	0.2888888888888888	0.	0.	0.19999999999999996
73	0.09528350387959647	0.3291670384526307	0.	0.13333333333333336	0.19999999999999998	0.	0.	0.28888888888888886
74	0.7189432091875415	0.345887147095792	0.5777777777777777	0.24444444444444446	0.288888888888889	0.	0.	0.28888888888888886
75	0.24992522444177356	0.4871753784125065	0.13333333333333336	0.35555555555555557	0.28888888888888886	0.	0.	0.2888888888888888
76	0.9139251675802136	0.7152919679475185	0.8	0.5777777777777777	0.19999999999999996	0.	0.	0.288888888888889
77	0.3932122779391773	0.1075206358880346	0.24444444444444446	0.	0.28888888888888886	0.	0.	0.19999999999999998
78	0.8456778469452605	0.2004207268449346	0.6888888888888889	0.022222222222222227	0.288888888888889	0.	0.	0.28888888888888886
79	0.5718840036189551	0.6484395976279922	0.46666666666666673	0.46666666666666673	0.2888888888888888	0.	0.	0.2888888888888888
80	0.2140980459778075	0.8169537749976873	0.022222222222222227	0.6888888888888889	0.28888888888888886	0.	0.	0.288888888888889