0.111063	0.0293038
0.0117829	0.0199868
0.105449	0.0593994
0.0645868	0.0705726
0.0698866	0.0895319
0.0201202	0.111104
0.146952	0.0750346
0.131224	0.0398934
0.185184	0.103688
0.179544	0.0111285
0.213179	0.00670713
0.219226	0.107378
0.281837	0.0361059
0.269599	0.0162037
0.318339	0.0495819
0.28716	0.0655043
0.240224	0.0821902
0.321987	0.178019
0.303392	0.1297
0.263881	0.218028
0.293317	0.120228
0.251545	0.18852
0.24697	0.146447
0.190432	0.208944
0.197624	0.204455
0.157902	0.184143
0.124494	0.163209
0.164157	0.142782
0.101718	0.123624
0.0932166	0.173393
0.0455872	0.137108
0.0372191	0.151883
0.00196592	0.196642
0.0900803	0.237794
0.0404812	0.250354
0.0797832	0.270887
0.0545286	0.292185
0.0583364	0.317463
0.0167331	0.333094
0.135054	0.233239
0.121224	0.279907
0.167399	0.304737
0.153275	0.227116
0.204933	0.322763
0.232798	0.258568
0.22642	0.254726
0.312046	0.267315
0.330846	0.285434
0.32503	0.300025
0.346209	0.314418
0.349819	0.31034
0.394539	0.296005
0.37938	0.242626
0.413369	0.327673
0.430015	0.262196
0.336596	0.211622
0.442886	0.190881
0.356459	0.167234
0.390038	0.15436
0.422638	0.13269
0.399506	0.116002
0.360615	0.086555
0.368885	0.0568296
0.383104	0.00142948
0.407395	0.101739
0.435677	0.0449837
0.46467	0.026215
0.502604	0.022312
0.458063	0.0541778
0.53544	0.0685632
0.48974	0.0951046
0.546981	0.0981886
0.543166	0.220374
0.530642	0.169863
0.508863	0.180742
0.516236	0.159033
0.477577	0.214358
0.471125	0.247792
0.482865	0.224105
0.495347	0.282826
0.447585	0.28954
0.454145	0.3307
0.592491	0.239676
0.562356	0.27711
0.629555	0.244936
0.597538	0.307262
0.649955	0.272979
0.656036	0.324889
0.586582	0.198665
0.604538	0.20174
0.644821	0.148235
0.634872	0.156528
0.573654	0.126428
0.559034	0.0422538
0.579784	0.0795308
0.62546	0.03141
0.614047	0.0924617
0.659745	0.00440722
0.673579	0.0138349
0.714421	0.034087
0.745202	0.0471584
0.700062	0.0636581
0.774838	0.10924
0.695547	0.0776621
0.796277	0.0519887
0.80921	0.0846418
0.823363	0.00862395
0.840076	0.0995243
0.87258	0.0614384
0.878347	0.0248645
0.922266	0.0175369
0.999997	0.0308207
0.947069	0.0729435
0.965231	0.038403
0.981329	0.0909957
0.993983	0.149505
0.985936	0.21557
0.942345	0.125005
0.95445	0.176571
0.908	0.113461
0.917125	0.194878
0.856319	0.206536
0.829617	0.185797
0.886931	0.160667
0.801061	0.165418
0.865704	0.138678
0.752488	0.141111
0.764667	0.118051
0.726802	0.175227
0.732434	0.134256
0.6822	0.1932
0.677612	0.229095
0.777756	0.231549
0.667166	0.264024
0.760581	0.259342
0.72028	0.301592
0.736351	0.319731
0.793431	0.312263
0.787647	0.274891
0.850329	0.222247
0.845699	0.287455
0.861796	0.298043
0.89728	0.235861
0.912505	0.252418
0.934754	0.268571
0.939293	0.294062
0.977852	0.316386
0.974576	0.387387
0.968298	0.341695
0.929423	0.443364
0.926394	0.42209
0.90268	0.373869
0.891411	0.354873
0.96021	0.451531
0.991128	0.478675
0.949313	0.518466
0.957021	0.486657
0.905699	0.553984
0.894295	0.532533
0.988286	0.609869
0.996815	0.573381
0.93236	0.584696
0.962611	0.624979
0.900227	0.657571
0.859521	0.650936
0.817543	0.636408
0.826921	0.618476
0.843561	0.605793
0.883367	0.563316
0.784589	0.591289
0.814584	0.495778
0.811679	0.455375
0.851851	0.508153
0.832738	0.536894
0.869705	0.470026
0.803947	0.415158
0.880865	0.408456
0.782061	0.381057
0.835821	0.396222
0.820383	0.33545
0.748615	0.428618
0.769407	0.367194
0.704678	0.337149
0.707566	0.433718
0.68872	0.350512
0.685466	0.389087
0.758237	0.47481
0.740754	0.468129
0.692694	0.515037
0.723209	0.518501
0.717068	0.541918
0.772345	0.598884
0.755327	0.631318
0.730014	0.57555
0.711183	0.567701
0.672117	0.646079
0.564862	0.664762
0.639627	0.643276
0.556532	0.596842
0.636919	0.613693
0.570352	0.586823
0.577218	0.58046
0.521552	0.658966
0.549025	0.555707
0.504389	0.634275
0.492353	0.565259
0.469025	0.626681
0.460436	0.569944
0.334026	0.630049
0.41082	0.652544
0.404441	0.603684
0.433114	0.611038
0.371171	0.561988
0.339234	0.491243
0.352254	0.49794
0.374841	0.509347
0.387169	0.527485
0.416055	0.482003
0.419002	0.549208
0.450959	0.460404
0.511482	0.449928
0.524142	0.493413
0.538242	0.502813
0.485367	0.522426
0.589935	0.525537
0.584256	0.54653
0.61163	0.484882
0.607473	0.46318
0.664433	0.500518
0.641796	0.438901
0.652777	0.444422
0.61909	0.40124
0.601298	0.378896
0.567621	0.345401
0.622225	0.356986
0.55295	0.359268
0.527091	0.413232
0.518485	0.369241
0.498861	0.410154
0.474293	0.423817
0.438539	0.436294
0.342384	0.417265
0.365841	0.386067
0.425605	0.403614
0.402528	0.348827
0.296361	0.361764
0.309044	0.372242
0.259356	0.394423
0.277742	0.33939
0.223201	0.444409
0.254048	0.398971
0.235753	0.479706
0.275429	0.452912
0.267302	0.517846
0.244373	0.488329
0.306127	0.539067
0.328499	0.637979
0.298266	0.582871
0.289552	0.620398
0.261101	0.616092
0.229153	0.589046
0.136834	0.647898
0.116958	0.64073
0.215926	0.600561
0.169272	0.608011
0.207192	0.572303
0.177207	0.577746
0.139516	0.465938
0.127315	0.552595
0.150586	0.530272
0.160554	0.5346
0.210012	0.471338
0.142585	0.43171
0.114769	0.426629
0.193077	0.407118
0.200461	0.39092
0.174259	0.343291
0.0840976	0.419991
0.0876201	0.376004
0.0624139	0.365002
0.0739484	0.44178
0.00859297	0.383117
0.0315275	0.353025
0.0243897	0.45769
0.00555771	0.476923
0.0523349	0.512988
0.0985982	0.50529
0.0268791	0.543962
0.0955134	0.655217
0.0774008	0.623756
0.0498051	0.593944
0.0721112	0.662232
0.0342831	0.559519
0.108734	0.701038
0.0430328	0.677446
0.0135511	0.729226
0.0295256	0.720725
0.0675259	0.771808
0.022311	0.777733
0.119319	0.739534
0.144865	0.716593
0.183688	0.734071
0.172097	0.683865
0.221054	0.752081
0.188393	0.759281
0.238322	0.696244
0.30089	0.68771
0.31639	0.705279
0.272354	0.708436
0.256192	0.744522
0.326681	0.831489
0.314294	0.818457
0.284912	0.783578
0.279763	0.791277
0.231098	0.867679
0.249771	0.86424
0.180792	0.853918
0.129042	0.874923
0.155234	0.824995
0.195892	0.835697
0.202968	0.812217
0.0820281	0.882213
0.100326	0.795202
0.0601063	0.859449
0.0480611	0.807263
0.00378693	0.842593
0.0154937	0.918147
0.106802	0.894298
0.0386338	0.953475
0.0861774	0.938707
0.0567755	0.977989
0.110498	0.993547
0.132786	0.965683
0.148024	0.900252
0.162901	0.93111
0.184922	0.998176
0.211387	0.960656
0.24217	0.904574
0.307359	0.925904
0.291292	0.935141
0.265823	0.94649
0.224791	0.988859
0.335175	0.969721
0.367207	0.972957
0.37344	0.909263
0.406534	0.923335
0.419328	0.999999
0.417157	0.98344
0.358376	0.886993
0.420869	0.877778
0.440276	0.828548
0.344266	0.851255
0.384731	0.787972
0.392421	0.802214
0.354348	0.762201
0.36284	0.674651
0.397402	0.747097
0.37752	0.669919
0.427961	0.754871
0.540887	0.682267
0.466377	0.69197
0.479792	0.714791
0.445371	0.726214
0.533227	0.764167
0.506448	0.775516
0.528874	0.871461
0.551417	0.821303
0.487544	0.815514
0.514008	0.797487
0.45577	0.839711
0.462552	0.912735
0.497452	0.89143
0.48175	0.942878
0.449075	0.957806
0.522653	0.986426
0.565593	0.980595
0.555736	0.915873
0.595128	0.948939
0.599579	0.896964
0.648751	0.90674
0.63248	0.95164
0.623571	0.883962
0.657848	0.857075
0.572246	0.845315
0.609168	0.847787
0.66201	0.804909
0.592585	0.667439
0.582024	0.769116
0.628139	0.723514
0.616707	0.694692
0.646892	0.741583
0.701723	0.672785
0.743276	0.699272
0.669436	0.710538
0.738081	0.735827
0.690734	0.766263
0.767231	0.74979
0.805784	0.689396
0.791773	0.730824
0.837962	0.712907
0.84843	0.756719
0.875276	0.679837
0.919485	0.703103
0.972602	0.668511
0.924567	0.737584
0.951906	0.719378
0.888905	0.77333
0.970203	0.779572
0.983856	0.826928
0.945049	0.873278
0.937872	0.814067
0.909886	0.838017
0.914545	0.792877
0.868132	0.879629
0.799049	0.861677
0.825285	0.82328
0.863463	0.849228
0.789322	0.786047
0.750343	0.833782
0.762848	0.869188
0.724598	0.810163
0.709494	0.79969
0.679604	0.781016
0.777358	0.889231
0.698172	0.920952
0.683699	0.928817
0.73398	0.940371
0.71282	0.975198
0.756865	0.963226
0.813312	0.90209
0.785642	0.991111
0.842212	0.995775
0.831536	0.967941
0.854586	0.95565
0.979294	0.898098
0.898559	0.911471
0.936211	0.944513
0.889206	0.933023
0.958802	0.976741