0	0.3880044712864941	0.7361404127148955	0.3333333333333333	0.6666666666666666	0.1111111111111111	0.	0.	0.3333333333333333
1	0.09983741205798745	0.05991846841464633	0.	0.	0.3333333333333333	0.	0.	0.1111111111111111
2	0.877752133203948	0.3361798503124597	0.7777777777777778	0.3333333333333333	0.1111111111111111	0.	0.	0.3333333333333333
3	0.9678796036348333	0.9622962601409205	0.6666666666666666	0.8888888888888888	0.3333333333333333	0.	0.	0.1111111111111111
4	0.4861346194831735	0.29817848551284704	0.4444444444444444	0.	0.1111111111111111	0.	0.	0.3333333333333333
5	0.1162613463808484	0.6258672309575931	0.1111111111111111	0.3333333333333333	0.1111111111111111	0.	0.	0.3333333333333333
6	0.2437399406617341	0.8382578005573681	0.	0.7777777777777778	0.3333333333333333	0.	0.	0.1111111111111111
7	0.7325621731207235	0.1613592116101703	0.6666666666666666	0.1111111111111111	0.3333333333333333	0.	0.	0.1111111111111111
8	0.6208691697080929	0.5472305811201775	0.3333333333333333	0.4444444444444444	0.3333333333333333	0.	0.	0.1111111111111111
9	0.8172078950974979	0.8852134190214875	0.6666666666666666	0.7777777777777778	0.3333333333333333	0.	0.	0.1111111111111111
10	0.36221991346461796	0.19980373744938068	0.3333333333333333	0.	0.1111111111111111	0.	0.	0.3333333333333333
11	0.04383913469274466	0.45115183707626083	0.	0.3333333333333333	0.1111111111111111	0.	0.	0.3333333333333333
12	0.19324840698689358	0.7636262099361159	0.	0.6666666666666666	0.3333333333333333	0.	0.	0.1111111111111111
13	0.9341656458787169	0.09129623584088072	0.6666666666666666	0.	0.3333333333333333	0.	0.	0.1111111111111111
14	0.4541134451977835	0.3791698456092755	0.3333333333333333	0.3333333333333333	0.3333333333333333	0.	0.	0.1111111111111111
15	0.5841767668272874	0.9875382214663062	0.5555555555555556	0.6666666666666666	0.1111111111111111	0.	0.	0.3333333333333333
16	0.31494358489301955	0.2279179887841881	0.	0.2222222222222222	0.3333333333333333	0.	0.	0.1111111111111111
17	0.6837697011940945	0.6592124816609789	0.6666666666666666	0.3333333333333333	0.1111111111111111	0.	0.	0.3333333333333333
18	0.03236796372257259	0.9006650265210935	0.	0.8888888888888888	0.3333333333333333	0.	0.	0.1111111111111111
19	0.789351750056771	0.2627106220669364	0.6666666666666666	0.2222222222222222	0.3333333333333333	0.	0.	0.1111111111111111
20	0.4292094474125761	0.5618184767713718	0.3333333333333333	0.5555555555555556	0.3333333333333333	0.	0.	0.1111111111111111
21	0.5506097673975455	0.8019424307387797	0.4444444444444444	0.6666666666666666	0.1111111111111111	0.	0.	0.3333333333333333
22	0.1808118009301602	0.12437799677996209	0.	0.1111111111111111	0.3333333333333333	0.	0.	0.1111111111111111
23	0.8990198097998201	0.4876269540819252	0.8888888888888888	0.3333333333333333	0.1111111111111111	0.	0.	0.3333333333333333
24	0.7436109090244836	0.6719551333108078	0.6666666666666666	0.6666666666666666	0.3333333333333333	0.	0.	0.1111111111111111
25	0.6587140232534269	0.005410067509361901	0.5555555555555556	0.	0.1111111111111111	0.	0.	0.3333333333333333
26	0.2958132139469784	0.4430168568945597	0.2222222222222222	0.3333333333333333	0.1111111111111111	0.	0.	0.3333333333333333