0	0.1177750849413646	0.7047494391380352	0.02245251046848544	0.5998027796581114	0.14754506879290435	0.	0.	0.1475450687929043
1	0.665514434541604	0.0026091366582318264	0.5998027796581114	0.	0.1475450687929043	0.	0.	0.1058475493514314
2	0.6912971683332939	0.536079082625218	0.5998027796581114	0.4715027198381944	0.1475450687929043	0.	0.	0.14754506879290435
3	0.3478240752861507	0.8560684770598181	0.27905263010831916	0.7922528693879864	0.1475450687929044	0.	0.	0.1475450687929043
4	0.8868388019956615	0.2004677610119892	0.7922528693879864	0.15075257028840233	0.1475450687929043	0.	0.	0.14754506879290435
5	0.24014802170155744	0.625137353022132	0.15075257028840233	0.5356527497481529	0.14754506879290435	0.	0.	0.1475450687929043
6	0.9811095544131981	0.9310791450337226	0.9205529292079035	0.8564028992979451	0.07944707079209645	0.	0.	0.1435971007020549
7	0.002253343222984093	0.3281122499779131	0.	0.27905263010831916	0.1058475493514314	0.	0.	0.1475450687929044
8	0.5030139521953195	0.3683757021603127	0.40735268992823603	0.27905263010831916	0.1475450687929044	0.	0.	0.1475450687929044
9	0.1640771052078594	0.058236346916592734	0.08660254037844388	0.	0.14754506879290435	0.	0.	0.1058475493514314
10	0.5616582692747913	0.46910497463820683	0.4715027198381944	0.40735268992823603	0.14754506879290435	0.	0.	0.1475450687929044
11	0.7132841761844283	0.7664183639325625	0.6639528095680697	0.6639528095680697	0.1475450687929043	0.	0.	0.1475450687929043
12	0.40212886882190685	0.115619073517818	0.34320266001827754	0.02245251046848544	0.1475450687929044	0.	0.	0.14754506879290435
13	0.7837243106331083	0.6574010114713715	0.7281028394780281	0.5998027796581114	0.1475450687929043	0.	0.	0.1475450687929043
14	0.2744146451170268	0.793669009247125	0.21490260019836072	0.7281028394780281	0.1475450687929044	0.	0.	0.1475450687929043
15	0.9053106971841131	0.2566615503222219	0.8564028992979451	0.21490260019836072	0.1435971007020549	0.	0.	0.1475450687929044
16	0.05156144611305435	0.38366224869433796	0.	0.27905263010831916	0.1058475493514314	0.	0.	0.1475450687929044
17	0.5234145682986838	0.9824222538731039	0.4715027198381944	0.9205529292079035	0.14754506879290435	0.	0.	0.07944707079209645
18	0.21672153913023082	0.5152904221679752	0.15075257028840233	0.4715027198381944	0.14754506879290435	0.	0.	0.14754506879290435
19	0.5978054445816021	0.6840596153051335	0.5356527497481529	0.5998027796581114	0.1475450687929043	0.	0.	0.1475450687929043
20	0.7492938015469802	0.08927182045174006	0.6639528095680697	0.02245251046848544	0.1475450687929043	0.	0.	0.14754506879290435
21	0.43089787299986265	0.5602120542468264	0.34320266001827754	0.4715027198381944	0.1475450687929044	0.	0.	0.14754506879290435
22	0.8517538429242273	0.8150687292810336	0.7922528693879864	0.7281028394780281	0.1475450687929043	0.	0.	0.1475450687929043
23	0.32244686470363737	0.17314179959817944	0.27905263010831916	0.08660254037844388	0.1475450687929044	0.	0.	0.14754506879290435
24	0.9377625826426886	0.4107732318032703	0.8564028992979451	0.34320266001827754	0.1435971007020549	0.	0.	0.1475450687929044
25	0.08723916251109787	0.9060899349251162	0.02245251046848544	0.8564028992979451	0.14754506879290435	0.	0.	0.1435971007020549
26	0.4683301816801951	0.2640221032123403	0.40735268992823603	0.21490260019836072	0.1475450687929044	0.	0.	0.1475450687929044
27	0.8198404258032587	0.47735851936318213	0.7281028394780281	0.40735268992823603	0.1475450687929043	0.	0.	0.1475450687929044
28	0.2982806148558309	0.7489727137275903	0.21490260019836072	0.6639528095680697	0.1475450687929044	0.	0.	0.1475450687929043
29	0.4393047627380389	0.06329644326064542	0.34320266001827754	0.	0.1475450687929044	0.	0.	0.1058475493514314
30	0.10331492990982902	0.6398067664752066	0.02245251046848544	0.5356527497481529	0.14754506879290435	0.	0.	0.1475450687929043
31	0.4746039722230593	0.8063314715396998	0.40735268992823603	0.7281028394780281	0.1475450687929044	0.	0.	0.1475450687929043
32	0.9491991985655324	0.12897360813907122	0.8564028992979451	0.08660254037844388	0.1435971007020549	0.	0.	0.14754506879290435
33	0.6126581825326918	0.4008950707130344	0.5356527497481529	0.34320266001827754	0.1475450687929043	0.	0.	0.1475450687929044
34	0.7603036623772025	0.9934387182088349	0.6639528095680697	0.9205529292079035	0.1475450687929043	0.	0.	0.07944707079209645
35	0.19752012134804783	0.22573063673632052	0.15075257028840233	0.15075257028840233	0.14754506879290435	0.	0.	0.14754506879290435
36	0.8526096959557897	0.6955456142640923	0.7922528693879864	0.5998027796581114	0.1475450687929043	0.	0.	0.1475450687929043
37	0.24891541035662682	0.10376276889854082	0.15075257028840233	0.02245251046848544	0.14754506879290435	0.	0.	0.14754506879290435
38	0.3616896773538136	0.4925366402085152	0.27905263010831916	0.40735268992823603	0.1475450687929044	0.	0.	0.1475450687929044
39	0.014429001972582822	0.8300791210864431	0.	0.7281028394780281	0.1058475493514314	0.	0.	0.1475450687929043
40	0.5098627278159606	0.15240279578157953	0.40735268992823603	0.08660254037844388	0.1475450687929044	0.	0.	0.14754506879290435
41	0.9964093785103522	0.5688535357767307	0.9205529292079035	0.4715027198381944	0.07944707079209645	0.	0.	0.14754506879290435
42	0.6416543920405133	0.925558450093571	0.5998027796581114	0.8564028992979451	0.1475450687929043	0.	0.	0.1435971007020549
43	0.6982678580016971	0.27592502815031383	0.5998027796581114	0.21490260019836072	0.1475450687929043	0.	0.	0.1475450687929044
44	0.1305584787144974	0.42149256076128694	0.08660254037844388	0.34320266001827754	0.14754506879290435	0.	0.	0.1475450687929044
45	0.8020777660350673	0.01852984686448355	0.7281028394780281	0.	0.1475450687929043	0.	0.	0.1058475493514314
46	0.2879484569542218	0.552950857657574	0.21490260019836072	0.4715027198381944	0.1475450687929044	0.	0.	0.14754506879290435
47	0.38141070455018367	0.7215605961407995	0.27905263010831916	0.6639528095680697	0.1475450687929044	0.	0.	0.1475450687929043
48	0.06594432765445885	0.21058196623496941	0.02245251046848544	0.15075257028840233	0.14754506879290435	0.	0.	0.14754506879290435
49	0.5395352257686094	0.6033457031058916	0.4715027198381944	0.5356527497481529	0.14754506879290435	0.	0.	0.1475450687929043
50	0.9154433603880288	0.8700867908924662	0.8564028992979451	0.7922528693879864	0.1435971007020549	0.	0.	0.1475450687929043
51	0.578784762379118	0.3017762146974799	0.5356527497481529	0.21490260019836072	0.1475450687929043	0.	0.	0.1475450687929044
52	0.7201998334854889	0.3413475480900547	0.6639528095680697	0.27905263010831916	0.1475450687929043	0.	0.	0.1475450687929044
53	0.17383850943756704	0.9484217599033592	0.08660254037844388	0.8564028992979451	0.14754506879290435	0.	0.	0.1435971007020549
54	0.5494696926057516	0.07721891032975287	0.4715027198381944	0.02245251046848544	0.14754506879290435	0.	0.	0.14754506879290435
55	0.9012019676636154	0.5026034438772287	0.8564028992979451	0.40735268992823603	0.1435971007020549	0.	0.	0.1475450687929044
56	0.04404687022115654	0.6692790513031781	0.	0.5998027796581114	0.1058475493514314	0.	0.	0.1475450687929043
57	0.7391726503826356	0.17005237170097112	0.6639528095680697	0.08660254037844388	0.1475450687929043	0.	0.	0.14754506879290435
58	0.1504625783141445	0.5889145983362453	0.08660254037844388	0.5356527497481529	0.14754506879290435	0.	0.	0.1475450687929043
59	0.5889664180013635	0.8458924819538907	0.5356527497481529	0.7922528693879864	0.1475450687929043	0.	0.	0.1475450687929043
60	0.2615242590676027	0.28634518346292215	0.21490260019836072	0.21490260019836072	0.1475450687929044	0.	0.	0.1475450687929044
61	0.38294507013885204	0.4329080471872858	0.27905263010831916	0.34320266001827754	0.1475450687929044	0.	0.	0.1475450687929044
62	0.802761406526093	0.8921371803510029	0.7281028394780281	0.7922528693879864	0.1475450687929043	0.	0.	0.1475450687929043
63	0.45635736541199473	0.5258160004026013	0.40735268992823603	0.4715027198381944	0.1475450687929044	0.	0.	0.14754506879290435
64	0.9604241977334693	0.7316019322182347	0.8564028992979451	0.6639528095680697	0.1435971007020549	0.	0.	0.1475450687929043
65	0.08138983067568221	0.03266768973938633	0.02245251046848544	0.	0.14754506879290435	0.	0.	0.1058475493514314
66	0.7772151539460784	0.6152956355387803	0.7281028394780281	0.5356527497481529	0.1475450687929043	0.	0.	0.1475450687929043
67	0.20755256958028362	0.8841937293615878	0.15075257028840233	0.7922528693879864	0.14754506879290435	0.	0.	0.1475450687929043
68	0.6205460702931487	0.18567236816085553	0.5356527497481529	0.08660254037844388	0.1475450687929043	0.	0.	0.14754506879290435
69	0.310019598197692	0.35271095071071473	0.21490260019836072	0.27905263010831916	0.1475450687929044	0.	0.	0.1475450687929044
70	0.4133694539836277	0.9607449663475766	0.34320266001827754	0.8564028992979451	0.1475450687929044	0.	0.	0.1435971007020549
71	0.8295490364045598	0.3205513987843496	0.7281028394780281	0.21490260019836072	0.1475450687929043	0.	0.	0.1475450687929044
72	0.488799625669772	0.7607974677869968	0.40735268992823603	0.6639528095680697	0.1475450687929044	0.	0.	0.1475450687929043
73	0.9679887400069851	0.037079163530421	0.9205529292079035	0.	0.07944707079209645	0.	0.	0.1058475493514314
74	0.03636870377291792	0.45198646510751095	0.	0.40735268992823603	0.1058475493514314	0.	0.	0.1475450687929044
75	0.6767147086362109	0.7850683576004677	0.5998027796581114	0.7281028394780281	0.1475450687929043	0.	0.	0.1475450687929043
76	0.1431273863267464	0.1379459386310361	0.08660254037844388	0.08660254037844388	0.14754506879290435	0.	0.	0.14754506879290435
77	0.6523446105092289	0.6505279254861507	0.5998027796581114	0.5998027796581114	0.1475450687929043	0.	0.	0.1475450687929043
78	0.22582021554707532	0.9631701607466265	0.15075257028840233	0.9205529292079035	0.14754506879290435	0.	0.	0.07944707079209645
79	0.33490360048217976	0.23552465927187113	0.27905263010831916	0.15075257028840233	0.1475450687929044	0.	0.	0.14754506879290435
80	0.8661923453408269	0.3765206895566813	0.7922528693879864	0.27905263010831916	0.1475450687929043	0.	0.	0.1475450687929044
81	0.7619648866841424	0.3979466067939428	0.6639528095680697	0.34320266001827754	0.1475450687929043	0.	0.	0.1475450687929044
82	0.188755993577132	0.9877079887739237	0.08660254037844388	0.9205529292079035	0.14754506879290435	0.	0.	0.07944707079209645
83	0.614271668011859	0.23206291669996493	0.5356527497481529	0.15075257028840233	0.1475450687929043	0.	0.	0.14754506879290435
84	0.3024655931400675	0.472324490303351	0.21490260019836072	0.40735268992823603	0.1475450687929044	0.	0.	0.1475450687929044
85	0.44206923449523605	0.7488764083753283	0.34320266001827754	0.6639528095680697	0.1475450687929044	0.	0.	0.1475450687929043
86	0.8241884930355349	0.07062467295923872	0.7281028394780281	0.02245251046848544	0.1475450687929043	0.	0.	0.14754506879290435
87	0.47999451142433863	0.6343812058943533	0.40735268992823603	0.5356527497481529	0.1475450687929044	0.	0.	0.1475450687929043
88	0.942385684373721	0.8121967008306575	0.8564028992979451	0.7281028394780281	0.1435971007020549	0.	0.	0.1475450687929043
89	0.10938328130945431	0.12443453139103341	0.02245251046848544	0.02245251046848544	0.14754506879290435	0.	0.	0.14754506879290435
90	0.700114827088215	0.920293853293512	0.5998027796581114	0.8564028992979451	0.1475450687929043	0.	0.	0.1435971007020549
91	0.13236092941899114	0.273355864425298	0.08660254037844388	0.21490260019836072	0.14754506879290435	0.	0.	0.1475450687929044
92	0.63143288652105	0.43187339187594354	0.5356527497481529	0.34320266001827754	0.1475450687929043	0.	0.	0.1475450687929044
93	0.2533023191071687	0.6951496061255896	0.15075257028840233	0.5998027796581114	0.14754506879290435	0.	0.	0.1475450687929043
94	0.36402055906754077	0.10065760960136862	0.27905263010831916	0.02245251046848544	0.1475450687929044	0.	0.	0.14754506879290435
95	0.8594283286172131	0.48951374811430454	0.7922528693879864	0.40735268992823603	0.1475450687929043	0.	0.	0.1475450687929044
96	0.5143082524648475	0.8361555963035295	0.4715027198381944	0.7922528693879864	0.14754506879290435	0.	0.	0.1475450687929043
97	0.9891007278829455	0.1501883534438813	0.9205529292079035	0.08660254037844388	0.07944707079209645	0.	0.	0.14754506879290435
98	0.01724837617799128	0.5786340441414634	0.	0.5356527497481529	0.1058475493514314	0.	0.	0.1475450687929043
99	0.7242853874979235	0.29675058478042105	0.6639528095680697	0.21490260019836072	0.1475450687929043	0.	0.	0.1475450687929044
100	0.17843529781238124	0.3362004102300676	0.08660254037844388	0.27905263010831916	0.14754506879290435	0.	0.	0.1475450687929044
101	0.5693703902170233	0.9442719595899673	0.4715027198381944	0.8564028992979451	0.14754506879290435	0.	0.	0.1435971007020549
102	0.2914228928833619	0.015704880974084644	0.21490260019836072	0.	0.1475450687929044	0.	0.	0.1058475493514314
103	0.37130189742408454	0.549867382809827	0.27905263010831916	0.4715027198381944	0.1475450687929044	0.	0.	0.14754506879290435
104	0.7924283271450829	0.7168398933077594	0.7281028394780281	0.6639528095680697	0.1475450687929043	0.	0.	0.1475450687929043
105	0.533532930933862	0.21971406972575822	0.4715027198381944	0.15075257028840233	0.14754506879290435	0.	0.	0.14754506879290435
106	0.9211047740946918	0.597943017756434	0.8564028992979451	0.5356527497481529	0.1435971007020549	0.	0.	0.1475450687929043
107	0.07268845212434458	0.8676451681762587	0.02245251046848544	0.7922528693879864	0.14754506879290435	0.	0.	0.1475450687929043
108	0.38683272806118074	0.2941417182851507	0.34320266001827754	0.21490260019836072	0.1475450687929044	0.	0.	0.1475450687929044
109	0.8089756192528064	0.44344880531086217	0.7281028394780281	0.34320266001827754	0.1475450687929043	0.	0.	0.1475450687929044
110	0.2634198721138537	0.8996389432912345	0.21490260019836072	0.8564028992979451	0.1475450687929044	0.	0.	0.1435971007020549
111	0.8911656261594019	0.08544286962926563	0.7922528693879864	0.02245251046848544	0.1475450687929043	0.	0.	0.14754506879290435
112	0.047505092931038384	0.499821531121964	0.	0.40735268992823603	0.1058475493514314	0.	0.	0.1475450687929044
113	0.5522636766551258	0.6785913207944284	0.4715027198381944	0.5998027796581114	0.14754506879290435	0.	0.	0.1475450687929043
114	0.15562981578223484	0.1658116125087024	0.08660254037844388	0.08660254037844388	0.14754506879290435	0.	0.	0.14754506879290435
115	0.5810677082353966	0.5847442260597633	0.5356527497481529	0.5356527497481529	0.1475450687929043	0.	0.	0.1475450687929043
116	0.7301071308767737	0.8416788775808224	0.6639528095680697	0.7922528693879864	0.1475450687929043	0.	0.	0.1475450687929043
117	0.4157308709951408	0.3474471833281556	0.34320266001827754	0.27905263010831916	0.1475450687929044	0.	0.	0.1475450687929044
118	0.8343897371932749	0.9551025595516883	0.7922528693879864	0.8564028992979451	0.1475450687929043	0.	0.	0.1435971007020549
119	0.31567949675475226	0.3129716800634499	0.21490260019836072	0.21490260019836072	0.1475450687929044	0.	0.	0.1475450687929044
120	0.9546543875914284	0.5196664564291196	0.8564028992979451	0.4715027198381944	0.1435971007020549	0.	0.	0.14754506879290435
121	0.08610194507979847	0.7374741040089907	0.02245251046848544	0.6639528095680697	0.14754506879290435	0.	0.	0.1475450687929043
122	0.44448016102042903	0.025538879024026014	0.34320266001827754	0.	0.1475450687929044	0.	0.	0.1058475493514314
123	0.20077095096537353	0.6101276357637347	0.15075257028840233	0.5356527497481529	0.14754506879290435	0.	0.	0.1475450687929043
124	0.6244986284140486	0.8781076125962628	0.5356527497481529	0.7922528693879864	0.1475450687929043	0.	0.	0.1475450687929043
125	0.7694873256948472	0.1935420500351148	0.6639528095680697	0.15075257028840233	0.1475450687929043	0.	0.	0.14754506879290435
126	0.3391718268157986	0.9751509184292695	0.27905263010831916	0.9205529292079035	0.1475450687929044	0.	0.	0.07944707079209645
127	0.8684832980013095	0.24614352202386142	0.7922528693879864	0.15075257028840233	0.1475450687929043	0.	0.	0.14754506879290435
128	0.229018291114008	0.3723543705850141	0.15075257028840233	0.27905263010831916	0.14754506879290435	0.	0.	0.1475450687929044
129	0.9717427421174242	0.7566494329971623	0.9205529292079035	0.6639528095680697	0.07944707079209645	0.	0.	0.1475450687929043
130	0.02538394142597863	0.04736781487052431	0.	0.	0.1058475493514314	0.	0.	0.1058475493514314
131	0.4929737148379539	0.4448519405315534	0.40735268992823603	0.34320266001827754	0.1475450687929044	0.	0.	0.1475450687929044
132	0.14419191271356152	0.7815121577974503	0.08660254037844388	0.7281028394780281	0.14754506879290435	0.	0.	0.1475450687929043
133	0.6446759728979297	0.14461387628537814	0.5998027796581114	0.08660254037844388	0.1475450687929043	0.	0.	0.14754506879290435
134	0.6672659560862823	0.6496178118585085	0.5998027796581114	0.5998027796581114	0.1475450687929043	0.	0.	0.1475450687929043
135	0.008085551544831523	0.9267893306145373	0.	0.8564028992979451	0.1058475493514314	0.	0.	0.1435971007020549
136	0.4977093368612899	0.32252464582481083	0.40735268992823603	0.27905263010831916	0.1475450687929044	0.	0.	0.1475450687929044
137	0.9842293093934259	0.36409990610142123	0.9205529292079035	0.27905263010831916	0.07944707079209645	0.	0.	0.1475450687929044
138	0.6559306073940419	0.7129519936153919	0.5998027796581114	0.6639528095680697	0.1475450687929043	0.	0.	0.1475450687929043
139	0.6822045903720906	0.010017732954748301	0.5998027796581114	0.	0.1475450687929043	0.	0.	0.1058475493514314
140	0.11995310001961891	0.5329822983798534	0.02245251046848544	0.4715027198381944	0.14754506879290435	0.	0.	0.14754506879290435
141	0.8801905122438342	0.854870902297581	0.7922528693879864	0.7922528693879864	0.1475450687929043	0.	0.	0.1475450687929043
142	0.24657293056416882	0.2091362726043124	0.15075257028840233	0.15075257028840233	0.14754506879290435	0.	0.	0.14754506879290435
143	0.3515312282137286	0.6200950297873035	0.27905263010831916	0.5356527497481529	0.1475450687929044	0.	0.	0.1475450687929043
144	0.053850528282204504	0.251194610067891	0.	0.15075257028840233	0.1058475493514314	0.	0.	0.14754506879290435
145	0.5292069034927406	0.3927677574808561	0.4715027198381944	0.34320266001827754	0.14754506879290435	0.	0.	0.1475450687929044
146	0.9067462381939226	0.9786157721771913	0.8564028992979451	0.9205529292079035	0.1435971007020549	0.	0.	0.07944707079209645
147	0.5678645010090487	0.056922279434047526	0.4715027198381944	0.	0.14754506879290435	0.	0.	0.1058475493514314
148	0.7042700272192711	0.46219614282368704	0.5998027796581114	0.40735268992823603	0.1475450687929043	0.	0.	0.1475450687929044
149	0.16849755202286174	0.7753088806479378	0.08660254037844388	0.7281028394780281	0.14754506879290435	0.	0.	0.1475450687929043
150	0.7880792119558413	0.11423335176266321	0.7281028394780281	0.02245251046848544	0.1475450687929043	0.	0.	0.14754506879290435
151	0.2762615978561044	0.665443293922778	0.21490260019836072	0.5998027796581114	0.1475450687929044	0.	0.	0.1475450687929043
152	0.4037945490969288	0.800856079658709	0.34320266001827754	0.7281028394780281	0.1475450687929044	0.	0.	0.1475450687929043
153	0.09190028752798703	0.4181442788897002	0.02245251046848544	0.34320266001827754	0.14754506879290435	0.	0.	0.1475450687929044
154	0.4567945888891798	0.9033128515478868	0.40735268992823603	0.8564028992979451	0.1475450687929044	0.	0.	0.1435971007020549
155	0.9293426786212127	0.2620530841361878	0.8564028992979451	0.21490260019836072	0.1435971007020549	0.	0.	0.1475450687929044
156	0.6048875704488964	0.5114453863245902	0.5356527497481529	0.40735268992823603	0.1475450687929043	0.	0.	0.1475450687929044
157	0.744528089048314	0.6824293410047294	0.6639528095680697	0.5998027796581114	0.1475450687929043	0.	0.	0.1475450687929043
158	0.22174509550354043	0.09815240222534195	0.15075257028840233	0.02245251046848544	0.14754506879290435	0.	0.	0.14754506879290435
159	0.8432142076684713	0.5585681444603894	0.7922528693879864	0.4715027198381944	0.1475450687929043	0.	0.	0.14754506879290435
160	0.3255574487698301	0.8263524088766854	0.27905263010831916	0.7281028394780281	0.1475450687929044	0.	0.	0.1475450687929043
161	0.4211314604306675	0.183040441449996	0.34320266001827754	0.08660254037844388	0.1475450687929044	0.	0.	0.14754506879290435
162	0.5854791854679976	0.1614465611462967	0.5356527497481529	0.08660254037844388	0.1475450687929043	0.	0.	0.14754506879290435
163	0.7329013635793193	0.5842215295605254	0.6639528095680697	0.5356527497481529	0.1475450687929043	0.	0.	0.1475450687929043
164	0.1591682579630767	0.8516171998327121	0.08660254037844388	0.7922528693879864	0.14754506879290435	0.	0.	0.1475450687929043
165	0.8120236623141873	0.2897387563481875	0.7281028394780281	0.21490260019836072	0.1475450687929043	0.	0.	0.1475450687929044
166	0.27092863003777107	0.4375436357815689	0.21490260019836072	0.34320266001827754	0.1475450687929044	0.	0.	0.1475450687929044
167	0.39405992971803483	0.8934369300569784	0.34320266001827754	0.7922528693879864	0.1475450687929044	0.	0.	0.1475450687929043
168	0.03822040243204588	0.08148778884020252	0.	0.02245251046848544	0.1058475493514314	0.	0.	0.14754506879290435
169	0.5461049075629384	0.4969980623129442	0.4715027198381944	0.40735268992823603	0.14754506879290435	0.	0.	0.1475450687929044
170	0.8947207934925026	0.6716336643379404	0.7922528693879864	0.5998027796581114	0.1475450687929043	0.	0.	0.1475450687929043
171	0.6272988064225311	0.6058210617766269	0.5356527497481529	0.5356527497481529	0.1475450687929043	0.	0.	0.1475450687929043
172	0.7704089049009142	0.8879218758441384	0.7281028394780281	0.7922528693879864	0.1475450687929043	0.	0.	0.1475450687929043
173	0.2054650470486603	0.1910050245174307	0.15075257028840233	0.08660254037844388	0.14754506879290435	0.	0.	0.14754506879290435
174	0.836513445214303	0.3563435799597063	0.7922528693879864	0.27905263010831916	0.1475450687929043	0.	0.	0.1475450687929044
175	0.320206743118328	0.9543133937520446	0.21490260019836072	0.8564028992979451	0.1475450687929044	0.	0.	0.1435971007020549
176	0.41039378104066493	0.31142425200955237	0.34320266001827754	0.21490260019836072	0.1475450687929044	0.	0.	0.1475450687929044
177	0.07735199656240518	0.5304772037151259	0.02245251046848544	0.4715027198381944	0.14754506879290435	0.	0.	0.14754506879290435
178	0.4495643388648968	0.7343479305074476	0.40735268992823603	0.6639528095680697	0.1475450687929044	0.	0.	0.1475450687929043
179	0.9559632195911044	0.03334464154613499	0.8564028992979451	0.	0.1435971007020549	0.	0.	0.1058475493514314
180	0.649806019078838	0.7895364649476072	0.5998027796581114	0.7281028394780281	0.1475450687929043	0.	0.	0.1475450687929043
181	0.6729630080732945	0.1439670485092319	0.5998027796581114	0.08660254037844388	0.1475450687929043	0.	0.	0.14754506879290435
182	0.1392846348230523	0.6447944178467719	0.08660254037844388	0.5998027796581114	0.14754506879290435	0.	0.	0.1475450687929043
183	0.8735982899104406	0.9680744281269372	0.7922528693879864	0.9205529292079035	0.1475450687929043	0.	0.	0.07944707079209645
184	0.2312608364224468	0.2415344334907732	0.15075257028840233	0.15075257028840233	0.14754506879290435	0.	0.	0.14754506879290435
185	0.34486699712638763	0.3827076011976228	0.27905263010831916	0.27905263010831916	0.1475450687929044	0.	0.	0.1475450687929044
186	0.031151069727411	0.7633673671468282	0.	0.6639528095680697	0.1058475493514314	0.	0.	0.1475450687929043
187	0.48175150936153344	0.04318603896381261	0.40735268992823603	0.	0.1475450687929044	0.	0.	0.1058475493514314
188	0.9639151256487454	0.456274551860369	0.9205529292079035	0.40735268992823603	0.07944707079209645	0.	0.	0.1475450687929044
189	0.23729615480747931	0.8614031054339343	0.15075257028840233	0.7922528693879864	0.14754506879290435	0.	0.	0.1475450687929043
190	0.3554504900402072	0.20525022103309562	0.27905263010831916	0.15075257028840233	0.1475450687929044	0.	0.	0.14754506879290435
191	0.8844893994924121	0.6275249319609424	0.7922528693879864	0.5356527497481529	0.1475450687929043	0.	0.	0.1475450687929043
192	0.4982726730972317	0.9356701842718839	0.40735268992823603	0.8564028992979451	0.1475450687929044	0.	0.	0.1435971007020549
193	0.9753524806479712	0.3296390183087778	0.9205529292079035	0.27905263010831916	0.07944707079209645	0.	0.	0.1475450687929044
194	0.009019989303319131	0.35911390237976465	0.	0.27905263010831916	0.1058475493514314	0.	0.	0.1475450687929044
195	0.6867652113257231	0.7116125471619029	0.5998027796581114	0.6639528095680697	0.1475450687929043	0.	0.	0.1475450687929043
196	0.11360918325962191	0.006913144957596705	0.02245251046848544	0.	0.14754506879290435	0.	0.	0.1058475493514314
197	0.6589113970858332	0.5415435174192178	0.5998027796581114	0.4715027198381944	0.1475450687929043	0.	0.	0.14754506879290435
198	0.2808655722215387	0.12307462310457891	0.21490260019836072	0.02245251046848544	0.1475450687929044	0.	0.	0.14754506879290435
199	0.3990901042235104	0.6594940611586154	0.34320266001827754	0.5998027796581114	0.1475450687929044	0.	0.	0.1475450687929043
200	0.7779772363390244	0.7966475507356728	0.7281028394780281	0.7281028394780281	0.1475450687929043	0.	0.	0.1475450687929043
201	0.5219896591478415	0.24753274557281701	0.4715027198381944	0.15075257028840233	0.14754506879290435	0.	0.	0.14754506879290435
202	0.913374689036301	0.38967421605142144	0.8564028992979451	0.34320266001827754	0.1435971007020549	0.	0.	0.1475450687929044
203	0.06113504062335055	0.9869230449158478	0.	0.9205529292079035	0.1058475493514314	0.	0.	0.07944707079209645
204	0.7100074969619551	0.05280169974008095	0.6639528095680697	0.	0.1475450687929043	0.	0.	0.1058475493514314
205	0.1710971460778885	0.45813984642751654	0.08660254037844388	0.40735268992823603	0.14754506879290435	0.	0.	0.1475450687929044
206	0.5560503650423437	0.7709032592405475	0.4715027198381944	0.7281028394780281	0.14754506879290435	0.	0.	0.1475450687929043
207	0.3297730045110409	0.5664395376535357	0.27905263010831916	0.4715027198381944	0.1475450687929044	0.	0.	0.14754506879290435
208	0.42665362750084185	0.8225927307628793	0.34320266001827754	0.7281028394780281	0.1475450687929044	0.	0.	0.1475450687929043
209	0.8466058575785169	0.1781546638851101	0.7922528693879864	0.08660254037844388	0.1475450687929043	0.	0.	0.14754506879290435
210	0.4633196843305484	0.4122617686335118	0.40735268992823603	0.34320266001827754	0.1475450687929044	0.	0.	0.1475450687929044
211	0.9338103299608056	0.9105762240674887	0.8564028992979451	0.8564028992979451	0.1435971007020549	0.	0.	0.1435971007020549
212	0.09737549184360941	0.2708175465994349	0.02245251046848544	0.21490260019836072	0.14754506879290435	0.	0.	0.1475450687929044
213	0.7458891485387255	0.5081213554505633	0.6639528095680697	0.40735268992823603	0.1475450687929043	0.	0.	0.1475450687929044
214	0.21374833465076074	0.6897429130720723	0.15075257028840233	0.5998027796581114	0.14754506879290435	0.	0.	0.1475450687929043
215	0.5949970661808063	0.09127554600414195	0.5356527497481529	0.02245251046848544	0.1475450687929043	0.	0.	0.14754506879290435
216	0.9452986063763225	0.6321220980476676	0.8564028992979451	0.5356527497481529	0.1435971007020549	0.	0.	0.1475450687929043
217	0.1018424626134491	0.8106560363151057	0.02245251046848544	0.7281028394780281	0.14754506879290435	0.	0.	0.1475450687929043
218	0.4707319347101784	0.1331424282691117	0.40735268992823603	0.08660254037844388	0.1475450687929044	0.	0.	0.14754506879290435
219	0.1897126234160872	0.40415786579630286	0.08660254037844388	0.34320266001827754	0.14754506879290435	0.	0.	0.1475450687929044
220	0.6052027043584333	0.9979334262829863	0.5356527497481529	0.9205529292079035	0.1475450687929043	0.	0.	0.07944707079209645
221	0.755657369651058	0.22984438836257143	0.6639528095680697	0.15075257028840233	0.1475450687929043	0.	0.	0.14754506879290435
222	0.43485759043924327	0.48058085109002413	0.34320266001827754	0.40735268992823603	0.1475450687929044	0.	0.	0.1475450687929044
223	0.8164392642641055	0.7417911197085225	0.7281028394780281	0.6639528095680697	0.1475450687929043	0.	0.	0.1475450687929043
224	0.3045592519845622	0.06602842749152243	0.21490260019836072	0.02245251046848544	0.1475450687929044	0.	0.	0.14754506879290435
225	0.9953878725637905	0.8348336149390729	0.9205529292079035	0.7922528693879864	0.07944707079209645	0.	0.	0.1475450687929043
226	0.023382528606190132	0.15929877076446172	0.	0.08660254037844388	0.1058475493514314	0.	0.	0.14754506879290435
227	0.5156238187495552	0.5760117391898358	0.4715027198381944	0.4715027198381944	0.14754506879290435	0.	0.	0.14754506879290435
228	0.12346477541787082	0.9164688292982873	0.02245251046848544	0.8564028992979451	0.14754506879290435	0.	0.	0.1435971007020549
229	0.6364791959501486	0.2808903549411055	0.5356527497481529	0.21490260019836072	0.1475450687929043	0.	0.	0.1475450687929044
230	0.6950724677169394	0.4260641474058264	0.5998027796581114	0.34320266001827754	0.1475450687929043	0.	0.	0.1475450687929044
231	0.36983172995444413	0.7009602057124725	0.27905263010831916	0.5998027796581114	0.1475450687929044	0.	0.	0.1475450687929043
232	0.8625613792287927	0.1095088735312947	0.7922528693879864	0.02245251046848544	0.1475450687929043	0.	0.	0.14754506879290435
233	0.2591585779553337	0.48373048144768277	0.21490260019836072	0.40735268992823603	0.1475450687929044	0.	0.	0.1475450687929044
234	0.9258438204765849	0.2164516385881353	0.8564028992979451	0.15075257028840233	0.1435971007020549	0.	0.	0.14754506879290435
235	0.0653802540629182	0.5932400432922552	0.02245251046848544	0.5356527497481529	0.14754506879290435	0.	0.	0.1475450687929043
236	0.5364857226226877	0.8748921485151501	0.4715027198381944	0.7922528693879864	0.14754506879290435	0.	0.	0.1475450687929043
237	0.18381858907484544	0.30642686358628113	0.08660254037844388	0.21490260019836072	0.14754506879290435	0.	0.	0.1475450687929044
238	0.5759381748478805	0.3440792062325165	0.4715027198381944	0.27905263010831916	0.14754506879290435	0.	0.	0.1475450687929044
239	0.718708063303625	0.9413953289049375	0.6639528095680697	0.8564028992979451	0.1475450687929043	0.	0.	0.1435971007020549
240	0.3772808102567853	0.02151903139708924	0.27905263010831916	0.	0.1475450687929044	0.	0.	0.1058475493514314
241	0.7978549012672378	0.5450074230155993	0.7281028394780281	0.4715027198381944	0.1475450687929043	0.	0.	0.14754506879290435
242	0.2925008603077091	0.7253856511101217	0.21490260019836072	0.6639528095680697	0.1475450687929044	0.	0.	0.1475450687929043