0	0.4486675896999344	0.2644811350353405	0.4444444444444444	0.25925925925925924	0.1111111111111111	0.	0.	0.037037037037037035
1	0.2834276222288285	0.4944640343995849	0.2222222222222222	0.48148148148148145	0.1111111111111111	0.	0.	0.037037037037037035
2	0.6700089395633383	0.8438181457838866	0.6666666666666666	0.7777777777777778	0.037037037037037035	0.	0.	0.1111111111111111
3	0.2088615977492438	0.9373328265041758	0.18518518518518517	0.8888888888888888	0.037037037037037035	0.	0.	0.1111111111111111
4	0.9946891322002331	0.09985876955860569	0.8888888888888888	0.07407407407407407	0.1111111111111111	0.	0.	0.037037037037037035
5	0.40695357407043753	0.6423607417073561	0.3333333333333333	0.6296296296296297	0.1111111111111111	0.	0.	0.037037037037037035
6	0.8294271713991186	0.4387172753099625	0.7777777777777778	0.4074074074074074	0.1111111111111111	0.	0.	0.037037037037037035
7	0.6131823640678264	0.7210530571603299	0.5925925925925926	0.6666666666666666	0.037037037037037035	0.	0.	0.1111111111111111
8	0.07457633627287757	0.16815266146993407	0.07407407407407407	0.1111111111111111	0.037037037037037035	0.	0.	0.1111111111111111
9	0.2404127271991888	0.7591003238516553	0.2222222222222222	0.7407407407407407	0.1111111111111111	0.	0.	0.037037037037037035
10	0.7481333449386394	0.20364793957330768	0.7407407407407407	0.1111111111111111	0.037037037037037035	0.	0.	0.1111111111111111
11	0.5385035164380959	0.3591149124794998	0.5185185185185185	0.3333333333333333	0.037037037037037035	0.	0.	0.1111111111111111
12	0.9487492989389452	0.555325504050286	0.8888888888888888	0.5185185185185185	0.1111111111111111	0.	0.	0.037037037037037035
13	0.3507419041020311	0.8726279600560827	0.3333333333333333	0.8518518518518519	0.1111111111111111	0.	0.	0.037037037037037035
14	0.15599677365884826	0.30842555584783915	0.14814814814814814	0.2222222222222222	0.037037037037037035	0.	0.	0.1111111111111111
15	0.5871095458075614	0.0164029510925875	0.5555555555555556	0.	0.037037037037037035	0.	0.	0.1111111111111111
16	0.05501576952821751	0.5721768310159421	0.037037037037037035	0.5555555555555556	0.037037037037037035	0.	0.	0.1111111111111111
17	0.8118526947602918	0.9682064474740089	0.7777777777777778	0.8888888888888888	0.037037037037037035	0.	0.	0.1111111111111111
18	0.7305088795480131	0.6102581124286727	0.7037037037037037	0.5555555555555556	0.037037037037037035	0.	0.	0.1111111111111111
19	0.5175661338517041	0.9075014701489711	0.4444444444444444	0.8888888888888888	0.1111111111111111	0.	0.	0.037037037037037035
20	0.32376285430101076	0.061771933457723416	0.2222222222222222	0.037037037037037035	0.1111111111111111	0.	0.	0.037037037037037035
21	0.4405495523495661	0.11544218130738389	0.3333333333333333	0.1111111111111111	0.1111111111111111	0.	0.	0.037037037037037035
22	0.1200766290224091	0.3801276378372785	0.1111111111111111	0.37037037037037035	0.1111111111111111	0.	0.	0.037037037037037035
23	0.90690640095014	0.6830321150103138	0.8888888888888888	0.6666666666666666	0.1111111111111111	0.	0.	0.037037037037037035
24	0.01289587878938087	0.7969973584265785	0.	0.7777777777777778	0.037037037037037035	0.	0.	0.1111111111111111
25	0.8787546890255804	0.24287419742876148	0.8518518518518519	0.2222222222222222	0.037037037037037035	0.	0.	0.1111111111111111
26	0.640783324704337	0.4521407255773712	0.6296296296296297	0.4444444444444444	0.037037037037037035	0.	0.	0.1111111111111111
27	0.5643378590989628	0.9400498450836106	0.5555555555555556	0.8888888888888888	0.037037037037037035	0.	0.	0.1111111111111111
28	0.06562488576419438	0.08452546074127053	0.	0.07407407407407407	0.1111111111111111	0.	0.	0.037037037037037035
29	0.7897981995130532	0.6566764309669745	0.7777777777777778	0.6296296296296297	0.1111111111111111	0.	0.	0.037037037037037035
30	0.24820363936232948	0.4144036610309477	0.2222222222222222	0.3333333333333333	0.037037037037037035	0.	0.	0.1111111111111111
31	0.7642672670658194	0.7366122093076325	0.6666666666666666	0.7037037037037037	0.1111111111111111	0.	0.	0.037037037037037035
32	0.5477954479927707	0.1778884303320021	0.5185185185185185	0.1111111111111111	0.037037037037037035	0.	0.	0.1111111111111111
33	0.9549494167305127	0.2757577103775737	0.8888888888888888	0.25925925925925924	0.1111111111111111	0.	0.	0.037037037037037035
34	0.3659962573636625	0.5145777692722905	0.3333333333333333	0.4444444444444444	0.037037037037037035	0.	0.	0.1111111111111111
35	0.1690522662746076	0.8199337326908043	0.1111111111111111	0.8148148148148148	0.1111111111111111	0.	0.	0.037037037037037035
36	0.028307486683631058	0.5245496201243329	0.	0.5185185185185185	0.1111111111111111	0.	0.	0.037037037037037035
37	0.8535438669928821	0.8822753529348487	0.7777777777777778	0.8518518518518519	0.1111111111111111	0.	0.	0.037037037037037035
38	0.6462900477453409	0.3165496064750806	0.6296296296296297	0.2222222222222222	0.037037037037037035	0.	0.	0.1111111111111111
39	0.7071399416874928	0.026463999601907127	0.6666666666666666	0.	0.1111111111111111	0.	0.	0.037037037037037035
40	0.4913788473725593	0.5902668216049529	0.48148148148148145	0.5555555555555556	0.037037037037037035	0.	0.	0.1111111111111111
41	0.3084126078146924	0.9859629425364059	0.2222222222222222	0.9629629629629629	0.1111111111111111	0.	0.	0.037037037037037035
42	0.416386694165436	0.7759366653768621	0.4074074074074074	0.6666666666666666	0.037037037037037035	0.	0.	0.1111111111111111
43	0.132606572080394	0.21921222567727086	0.1111111111111111	0.18518518518518517	0.1111111111111111	0.	0.	0.037037037037037035
44	0.9173495717379744	0.3433834669148504	0.8888888888888888	0.3333333333333333	0.037037037037037035	0.	0.	0.1111111111111111
45	0.8421894657891122	0.1322216741785865	0.7777777777777778	0.1111111111111111	0.1111111111111111	0.	0.	0.037037037037037035
46	0.6216896124630792	0.393167879151585	0.5555555555555556	0.37037037037037035	0.1111111111111111	0.	0.	0.037037037037037035
47	0.09164675937759535	0.7023845108684136	0.	0.6666666666666666	0.1111111111111111	0.	0.	0.037037037037037035
48	0.4650872814318295	0.8095944447240285	0.4444444444444444	0.7777777777777778	0.037037037037037035	0.	0.	0.1111111111111111
49	0.28711588267771415	0.2503429652116308	0.2222222222222222	0.2222222222222222	0.1111111111111111	0.	0.	0.037037037037037035
50	0.682303718669183	0.46121873969000815	0.6666666666666666	0.4444444444444444	0.1111111111111111	0.	0.	0.037037037037037035
51	0.2176243463124292	0.624554934160955	0.1111111111111111	0.5925925925925926	0.1111111111111111	0.	0.	0.037037037037037035
52	0.9752127255200485	0.9248696851101922	0.8888888888888888	0.8888888888888888	0.1111111111111111	0.	0.	0.037037037037037035
53	0.3757011183783828	0.04911531924683518	0.37037037037037035	0.	0.037037037037037035	0.	0.	0.1111111111111111
54	0.4213991446040085	0.4287396615550019	0.3333333333333333	0.4074074074074074	0.1111111111111111	0.	0.	0.037037037037037035
55	0.139293312732702	0.7132806485788795	0.1111111111111111	0.6666666666666666	0.037037037037037035	0.	0.	0.1111111111111111
56	0.8938850994360634	0.1491810198677093	0.8888888888888888	0.1111111111111111	0.037037037037037035	0.	0.	0.1111111111111111
57	0.007458996315499462	0.2844167679870264	0.	0.25925925925925924	0.1111111111111111	0.	0.	0.037037037037037035
58	0.8715376778468041	0.485774488813884	0.8518518518518519	0.4444444444444444	0.037037037037037035	0.	0.	0.1111111111111111
59	0.6567982426281366	0.8317725326430356	0.5555555555555556	0.8148148148148148	0.1111111111111111	0.	0.	0.037037037037037035
60	0.7190419365421498	0.9567895517265737	0.6666666666666666	0.9259259259259259	0.1111111111111111	0.	0.	0.037037037037037035
61	0.4953088296783395	0.09229910570544622	0.4444444444444444	0.07407407407407407	0.1111111111111111	0.	0.	0.037037037037037035
62	0.31291590775933376	0.6417498912058485	0.2962962962962963	0.5555555555555556	0.037037037037037035	0.	0.	0.1111111111111111
63	0.1935662717793603	0.004213308398358868	0.18518518518518517	0.	0.037037037037037035	0.	0.	0.1111111111111111
64	0.9854551144643601	0.5605640567966966	0.9629629629629629	0.5555555555555556	0.037037037037037035	0.	0.	0.1111111111111111
65	0.3909610598834384	0.9953660504517096	0.37037037037037035	0.8888888888888888	0.037037037037037035	0.	0.	0.1111111111111111
66	0.8203313540635517	0.7414554293229443	0.8148148148148148	0.6666666666666666	0.037037037037037035	0.	0.	0.1111111111111111
67	0.6001946531020974	0.19664188867064966	0.5555555555555556	0.18518518518518517	0.1111111111111111	0.	0.	0.037037037037037035
68	0.10807908596009579	0.3525239686880197	0.07407407407407407	0.3333333333333333	0.037037037037037035	0.	0.	0.1111111111111111
69	0.47439977806646155	0.5358161753460247	0.4444444444444444	0.5185185185185185	0.1111111111111111	0.	0.	0.037037037037037035
70	0.265322345922701	0.8552059929902157	0.25925925925925924	0.7777777777777778	0.037037037037037035	0.	0.	0.1111111111111111
71	0.7002407737913934	0.32264988098413827	0.6666666666666666	0.2962962962962963	0.1111111111111111	0.	0.	0.037037037037037035
72	0.9346603555600798	0.785988305504066	0.9259259259259259	0.7777777777777778	0.037037037037037035	0.	0.	0.1111111111111111
73	0.3388068022391041	0.2276784781336986	0.3333333333333333	0.2222222222222222	0.037037037037037035	0.	0.	0.1111111111111111
74	0.18357838752990338	0.4723802109839713	0.14814814814814814	0.4444444444444444	0.037037037037037035	0.	0.	0.1111111111111111
75	0.5695028569677256	0.5964293411441128	0.5555555555555556	0.5925925925925926	0.1111111111111111	0.	0.	0.037037037037037035
76	0.03721880422626108	0.894728081009331	0.	0.8888888888888888	0.1111111111111111	0.	0.	0.037037037037037035
77	0.8007993505991367	0.05985743911787106	0.7777777777777778	0.	0.037037037037037035	0.	0.	0.1111111111111111
78	0.23442912093032509	0.1449481194922898	0.2222222222222222	0.1111111111111111	0.037037037037037035	0.	0.	0.1111111111111111
79	0.7657727475877851	0.39618573623416875	0.7407407407407407	0.3333333333333333	0.037037037037037035	0.	0.	0.1111111111111111
80	0.5306815295116378	0.6765196896956062	0.4444444444444444	0.6666666666666666	0.1111111111111111	0.	0.	0.037037037037037035
81	0.4983072410504339	0.7462788947471833	0.4444444444444444	0.7407407407407407	0.1111111111111111	0.	0.	0.037037037037037035
82	0.31740697293546255	0.18740072968451937	0.2962962962962963	0.1111111111111111	0.037037037037037035	0.	0.	0.1111111111111111
83	0.7235258372374482	0.357495448999515	0.7037037037037037	0.3333333333333333	0.037037037037037035	0.	0.	0.1111111111111111
84	0.1416593982290217	0.5403709920979425	0.1111111111111111	0.4444444444444444	0.037037037037037035	0.	0.	0.1111111111111111
85	0.9001506405442933	0.8584803689443832	0.8888888888888888	0.7777777777777778	0.037037037037037035	0.	0.	0.1111111111111111
86	0.42470584202891754	0.32796286878880065	0.4074074074074074	0.2222222222222222	0.037037037037037035	0.	0.	0.1111111111111111
87	0.8728638888963527	0.010113865368299267	0.8518518518518519	0.	0.037037037037037035	0.	0.	0.1111111111111111
88	0.6614091689576765	0.5642255693916075	0.5555555555555556	0.5555555555555556	0.1111111111111111	0.	0.	0.037037037037037035
89	0.010422184976386209	0.9985116189006377	0.	0.9629629629629629	0.1111111111111111	0.	0.	0.037037037037037035
90	0.27079912217377156	0.5999397638121989	0.25925925925925924	0.5555555555555556	0.037037037037037035	0.	0.	0.1111111111111111
91	0.6924621419975201	0.9011720363607304	0.6666666666666666	0.8888888888888888	0.1111111111111111	0.	0.	0.037037037037037035
92	0.4800723699807558	0.05138302842831835	0.4444444444444444	0.037037037037037035	0.1111111111111111	0.	0.	0.037037037037037035
93	0.9787895893480567	0.13785883344612326	0.9629629629629629	0.1111111111111111	0.037037037037037035	0.	0.	0.1111111111111111
94	0.3867267372807086	0.4007004922929274	0.3333333333333333	0.37037037037037035	0.1111111111111111	0.	0.	0.037037037037037035
95	0.1883516620103177	0.6705439964482622	0.18518518518518517	0.6666666666666666	0.037037037037037035	0.	0.	0.1111111111111111
96	0.6027679785412691	0.7872226559843439	0.5555555555555556	0.7777777777777778	0.1111111111111111	0.	0.	0.037037037037037035
97	0.1001159586752436	0.2314311664261687	0.	0.2222222222222222	0.1111111111111111	0.	0.	0.037037037037037035
98	0.8264367014414665	0.4760487417931407	0.8148148148148148	0.4444444444444444	0.037037037037037035	0.	0.	0.1111111111111111
99	0.7735992205960314	0.28916611583751317	0.6666666666666666	0.25925925925925924	0.1111111111111111	0.	0.	0.037037037037037035
100	0.5212822236668025	0.4922382331720199	0.4444444444444444	0.48148148148148145	0.1111111111111111	0.	0.	0.037037037037037035
101	0.2250078226158727	0.8359061446885255	0.2222222222222222	0.7777777777777778	0.037037037037037035	0.	0.	0.1111111111111111
102	0.3423719423712083	0.9613358962024334	0.3333333333333333	0.8888888888888888	0.037037037037037035	0.	0.	0.1111111111111111
103	0.174947262533655	0.09612970761939577	0.14814814814814814	0.	0.037037037037037035	0.	0.	0.1111111111111111
104	0.9284872798764136	0.6327358041888865	0.9259259259259259	0.5555555555555556	0.037037037037037035	0.	0.	0.1111111111111111
105	0.04286348933909894	0.42267333465680484	0.037037037037037035	0.3333333333333333	0.037037037037037035	0.	0.	0.1111111111111111
106	0.7907075482525653	0.7071855080264826	0.7777777777777778	0.6666666666666666	0.037037037037037035	0.	0.	0.1111111111111111
107	0.5731355180512063	0.15438709369171566	0.5555555555555556	0.14814814814814814	0.1111111111111111	0.	0.	0.037037037037037035
108	0.6062518908234613	0.545809331214798	0.5925925925925926	0.4444444444444444	0.037037037037037035	0.	0.	0.1111111111111111
109	0.08208887905943113	0.8649303668259699	0.07407407407407407	0.7777777777777778	0.037037037037037035	0.	0.	0.1111111111111111
110	0.8325682726948738	0.2996201146535987	0.8148148148148148	0.2222222222222222	0.037037037037037035	0.	0.	0.1111111111111111
111	0.2755649000621992	0.01988806190027463	0.2222222222222222	0.	0.1111111111111111	0.	0.	0.037037037037037035
112	0.6734525338952839	0.5764460958422188	0.6666666666666666	0.5555555555555556	0.037037037037037035	0.	0.	0.1111111111111111
113	0.4553983978890697	0.9731924701242805	0.4444444444444444	0.9629629629629629	0.1111111111111111	0.	0.	0.037037037037037035
114	0.9965536429506356	0.7620516838488631	0.8888888888888888	0.7407407407407407	0.1111111111111111	0.	0.	0.037037037037037035
115	0.3989865569551744	0.20936089245742837	0.3333333333333333	0.18518518518518517	0.1111111111111111	0.	0.	0.037037037037037035
116	0.2008638663747424	0.3655465461628352	0.1111111111111111	0.3333333333333333	0.1111111111111111	0.	0.	0.037037037037037035
117	0.060069993699619045	0.1198945056310638	0.037037037037037035	0.1111111111111111	0.037037037037037035	0.	0.	0.1111111111111111
118	0.8046873974184674	0.3722015202969815	0.7777777777777778	0.37037037037037035	0.1111111111111111	0.	0.	0.037037037037037035
119	0.5903366217336705	0.6863518138126488	0.5555555555555556	0.6666666666666666	0.037037037037037035	0.	0.	0.1111111111111111
120	0.7529379583225915	0.8013904989934592	0.7407407407407407	0.7777777777777778	0.037037037037037035	0.	0.	0.1111111111111111
121	0.5400529130679679	0.2372867455649719	0.4444444444444444	0.2222222222222222	0.1111111111111111	0.	0.	0.037037037037037035
122	0.245058717067491	0.4543250826020889	0.2222222222222222	0.4444444444444444	0.1111111111111111	0.	0.	0.037037037037037035
123	0.35499377697256124	0.6148105613829147	0.3333333333333333	0.5925925925925926	0.1111111111111111	0.	0.	0.037037037037037035
124	0.1604360303549494	0.912712936907509	0.14814814814814814	0.8888888888888888	0.037037037037037035	0.	0.	0.1111111111111111
125	0.9397665353384722	0.06904260726041947	0.8888888888888888	0.037037037037037035	0.1111111111111111	0.	0.	0.037037037037037035
126	0.8839559154033281	0.9259918861269449	0.8518518518518519	0.8888888888888888	0.037037037037037035	0.	0.	0.1111111111111111
127	0.6307086174784111	0.1037540032289481	0.6296296296296297	0.	0.037037037037037035	0.	0.	0.1111111111111111
128	0.017081194347123616	0.6463094951766133	0.	0.5555555555555556	0.037037037037037035	0.	0.	0.1111111111111111
129	0.5083048700951212	0.44407432807027747	0.48148148148148145	0.3333333333333333	0.037037037037037035	0.	0.	0.1111111111111111
130	0.3287430985613154	0.7259855677552115	0.2222222222222222	0.7037037037037037	0.1111111111111111	0.	0.	0.037037037037037035
131	0.7356276107190259	0.1693779847215738	0.7037037037037037	0.1111111111111111	0.037037037037037035	0.	0.	0.1111111111111111
132	0.1119118681063527	0.2690175239200286	0.1111111111111111	0.2222222222222222	0.037037037037037035	0.	0.	0.1111111111111111
133	0.9128307012865978	0.5004699110445515	0.8888888888888888	0.48148148148148145	0.1111111111111111	0.	0.	0.037037037037037035
134	0.4354801543119557	0.8487397577984058	0.3333333333333333	0.8148148148148148	0.1111111111111111	0.	0.	0.037037037037037035
135	0.36698876725300567	0.0318840149589163	0.3333333333333333	0.	0.037037037037037035	0.	0.	0.1111111111111111
136	0.1643150224131108	0.5819878058471329	0.1111111111111111	0.5555555555555556	0.1111111111111111	0.	0.	0.037037037037037035
137	0.9589191345014279	0.9764729471152638	0.8888888888888888	0.9629629629629629	0.1111111111111111	0.	0.	0.037037037037037035
138	0.06947383294778024	0.7660837920560607	0.	0.7407407407407407	0.1111111111111111	0.	0.	0.037037037037037035
139	0.7809005062713654	0.2106046444366894	0.7777777777777778	0.18518518518518517	0.1111111111111111	0.	0.	0.037037037037037035
140	0.5587410952169165	0.33728965738825434	0.5555555555555556	0.3333333333333333	0.1111111111111111	0.	0.	0.037037037037037035
141	0.7567398532708992	0.5270314902386762	0.6666666666666666	0.5185185185185185	0.1111111111111111	0.	0.	0.037037037037037035
142	0.5547474835109543	0.8858453413736033	0.5185185185185185	0.7777777777777778	0.037037037037037035	0.	0.	0.1111111111111111
143	0.253359406950037	0.319546764256618	0.2222222222222222	0.2962962962962963	0.1111111111111111	0.	0.	0.037037037037037035
144	0.1264052127437517	0.8128166938532773	0.1111111111111111	0.7777777777777778	0.1111111111111111	0.	0.	0.037037037037037035
145	0.9193102648046404	0.25181788204288796	0.8888888888888888	0.2222222222222222	0.1111111111111111	0.	0.	0.037037037037037035
146	0.4105090451217721	0.46631418436244176	0.4074074074074074	0.4444444444444444	0.037037037037037035	0.	0.	0.1111111111111111
147	0.8581668921490624	0.6258008853011384	0.7777777777777778	0.5925925925925926	0.1111111111111111	0.	0.	0.037037037037037035
148	0.6530381325977488	0.9154725594976643	0.6296296296296297	0.8888888888888888	0.037037037037037035	0.	0.	0.1111111111111111
149	0.03151112124067346	0.04102255589963562	0.	0.037037037037037035	0.1111111111111111	0.	0.	0.037037037037037035
150	0.4825049061013049	0.1243605480383701	0.48148148148148145	0.1111111111111111	0.037037037037037035	0.	0.	0.1111111111111111
151	0.2965626184697389	0.38665690961946	0.2962962962962963	0.3333333333333333	0.037037037037037035	0.	0.	0.1111111111111111
152	0.7113175249059512	0.6953279618621305	0.6666666666666666	0.6666666666666666	0.1111111111111111	0.	0.	0.037037037037037035
153	0.9664498831741791	0.4185033426734089	0.9629629629629629	0.3333333333333333	0.037037037037037035	0.	0.	0.1111111111111111
154	0.3786977435775215	0.7371036778938486	0.37037037037037035	0.6666666666666666	0.037037037037037035	0.	0.	0.1111111111111111
155	0.2199625490982572	0.1832653047939341	0.1111111111111111	0.14814814814814814	0.1111111111111111	0.	0.	0.037037037037037035
156	0.6292929626995885	0.28306232490799765	0.5925925925925926	0.2222222222222222	0.037037037037037035	0.	0.	0.1111111111111111
157	0.09628754473712582	0.5099006289262105	0.	0.48148148148148145	0.1111111111111111	0.	0.	0.037037037037037035
158	0.8464481977014557	0.8266612146060245	0.7777777777777778	0.8148148148148148	0.1111111111111111	0.	0.	0.037037037037037035
159	0.2885085804879394	0.9451492793918804	0.2222222222222222	0.9259259259259259	0.1111111111111111	0.	0.	0.037037037037037035
160	0.6861555103073893	0.07570351637580357	0.6666666666666666	0.07407407407407407	0.1111111111111111	0.	0.	0.037037037037037035
161	0.45904557205801266	0.6611651094168124	0.4444444444444444	0.5555555555555556	0.037037037037037035	0.	0.	0.1111111111111111
162	0.5447313276540037	0.6188795674837595	0.5185185185185185	0.5555555555555556	0.037037037037037035	0.	0.	0.1111111111111111
163	0.2570132990565711	0.9177274505651317	0.2222222222222222	0.8888888888888888	0.1111111111111111	0.	0.	0.037037037037037035
164	0.7575561824936591	0.04190798575274457	0.6666666666666666	0.037037037037037035	0.1111111111111111	0.	0.	0.037037037037037035
165	0.1672921020963349	0.12812835169042036	0.1111111111111111	0.1111111111111111	0.1111111111111111	0.	0.	0.037037037037037035
166	0.9524504695637473	0.38905752004940203	0.9259259259259259	0.3333333333333333	0.037037037037037035	0.	0.	0.1111111111111111
167	0.3585181551923549	0.699071344159085	0.3333333333333333	0.6666666666666666	0.037037037037037035	0.	0.	0.1111111111111111
168	0.7831934842936679	0.8049691274846333	0.7777777777777778	0.7777777777777778	0.1111111111111111	0.	0.	0.037037037037037035
169	0.5607112732405505	0.2564305885226427	0.5555555555555556	0.2222222222222222	0.037037037037037035	0.	0.	0.1111111111111111
170	0.07319190252394386	0.4599594412949767	0.	0.4444444444444444	0.1111111111111111	0.	0.	0.037037037037037035
171	0.3031671435425811	0.2737223034857784	0.2222222222222222	0.25925925925925924	0.1111111111111111	0.	0.	0.037037037037037035
172	0.7129570062568373	0.5111517888771236	0.6666666666666666	0.48148148148148145	0.1111111111111111	0.	0.	0.037037037037037035
173	0.48810636427990606	0.8182135689782787	0.48148148148148145	0.7777777777777778	0.037037037037037035	0.	0.	0.1111111111111111
174	0.9240374111103521	0.9499886543171443	0.8888888888888888	0.9259259259259259	0.1111111111111111	0.	0.	0.037037037037037035
175	0.4135711968845646	0.08078342151559947	0.4074074074074074	0.	0.037037037037037035	0.	0.	0.1111111111111111
176	0.12912753305620858	0.6656762518308628	0.1111111111111111	0.6296296296296297	0.1111111111111111	0.	0.	0.037037037037037035
177	0.6439404809072966	0.40884258963392095	0.5555555555555556	0.4074074074074074	0.1111111111111111	0.	0.	0.037037037037037035
178	0.03422905785794239	0.7301215751309081	0.	0.7037037037037037	0.1111111111111111	0.	0.	0.037037037037037035
179	0.8608718557818281	0.1743676442471271	0.7777777777777778	0.14814814814814814	0.1111111111111111	0.	0.	0.037037037037037035
180	0.6901278952922562	0.7724370561103701	0.6666666666666666	0.7407407407407407	0.1111111111111111	0.	0.	0.037037037037037035
181	0.4631876193827219	0.2140587278025969	0.4444444444444444	0.1111111111111111	0.037037037037037035	0.	0.	0.1111111111111111
182	0.2929100754572293	0.337733104938254	0.25925925925925924	0.3333333333333333	0.037037037037037035	0.	0.	0.1111111111111111
183	0.37202914084047484	0.5187757024728067	0.37037037037037035	0.4444444444444444	0.037037037037037035	0.	0.	0.1111111111111111
184	0.21333593519193908	0.8795612312939219	0.1111111111111111	0.8518518518518519	0.1111111111111111	0.	0.	0.037037037037037035
185	0.9707441604445792	0.3120123847313264	0.8888888888888888	0.2962962962962963	0.1111111111111111	0.	0.	0.037037037037037035
186	0.08953674534922872	0.03485580581499223	0.	0.	0.1111111111111111	0.	0.	0.037037037037037035
187	0.8512674962491895	0.5857257100307877	0.7777777777777778	0.5555555555555556	0.1111111111111111	0.	0.	0.037037037037037035
188	0.6208625756668915	0.9829234793000324	0.5925925925925926	0.8888888888888888	0.037037037037037035	0.	0.	0.1111111111111111
189	0.6658191379238075	0.1429026985026941	0.5555555555555556	0.1111111111111111	0.1111111111111111	0.	0.	0.037037037037037035
190	0.0037067734948834875	0.40618700731648694	0.	0.3333333333333333	0.037037037037037035	0.	0.	0.1111111111111111
191	0.8676776668876695	0.6724724833366603	0.8518518518518519	0.6666666666666666	0.037037037037037035	0.	0.	0.1111111111111111
192	0.3105236852870732	0.7781853005370262	0.2962962962962963	0.7777777777777778	0.037037037037037035	0.	0.	0.1111111111111111
193	0.7258534417195815	0.2224531745574939	0.6666666666666666	0.2222222222222222	0.1111111111111111	0.	0.	0.037037037037037035
194	0.5035325704383866	0.4798042134524279	0.4444444444444444	0.4444444444444444	0.1111111111111111	0.	0.	0.037037037037037035
195	0.8895281632872029	0.602519210937585	0.8888888888888888	0.5555555555555556	0.037037037037037035	0.	0.	0.1111111111111111
196	0.43083026428854326	0.8907264048529279	0.4074074074074074	0.8888888888888888	0.037037037037037035	0.	0.	0.1111111111111111
197	0.14471153159205608	0.05710009484466545	0.1111111111111111	0.	0.037037037037037035	0.	0.	0.1111111111111111
198	0.10444661244198329	0.9526903510430154	0.	0.9259259259259259	0.1111111111111111	0.	0.	0.037037037037037035
199	0.8183356120847806	0.0868078439014446	0.8148148148148148	0.	0.037037037037037035	0.	0.	0.1111111111111111
200	0.5939765927041613	0.6368927182200044	0.5555555555555556	0.6296296296296297	0.1111111111111111	0.	0.	0.037037037037037035
201	0.695970787956958	0.4249783332101124	0.6666666666666666	0.3333333333333333	0.037037037037037035	0.	0.	0.1111111111111111
202	0.47168456544898946	0.7113851344776623	0.4444444444444444	0.7037037037037037	0.1111111111111111	0.	0.	0.037037037037037035
203	0.2620298785144187	0.15951523840719398	0.25925925925925924	0.1111111111111111	0.037037037037037035	0.	0.	0.1111111111111111
204	0.38843244641440045	0.29627670604001877	0.37037037037037035	0.2222222222222222	0.037037037037037035	0.	0.	0.1111111111111111
205	0.19317685768205886	0.4853063764179665	0.18518518518518517	0.4444444444444444	0.037037037037037035	0.	0.	0.1111111111111111
206	0.9826189609020223	0.8298801417633164	0.9629629629629629	0.7777777777777778	0.037037037037037035	0.	0.	0.1111111111111111
207	0.7959333663429452	0.5317156376139243	0.7777777777777778	0.4444444444444444	0.037037037037037035	0.	0.	0.1111111111111111
208	0.5794174289699652	0.8626144111856717	0.5555555555555556	0.8518518518518519	0.1111111111111111	0.	0.	0.037037037037037035
209	0.04665470510690174	0.3312176751360888	0.	0.2962962962962963	0.1111111111111111	0.	0.	0.037037037037037035
210	0.5246111966301641	0.0011553080250229098	0.4444444444444444	0.	0.1111111111111111	0.	0.	0.037037037037037035
211	0.22886198635371258	0.5565981221676343	0.2222222222222222	0.5555555555555556	0.037037037037037035	0.	0.	0.1111111111111111
212	0.7742486648230247	0.9887243848547893	0.6666666666666666	0.9629629629629629	0.1111111111111111	0.	0.	0.037037037037037035
213	0.17990422631812159	0.7509484025594044	0.14814814814814814	0.6666666666666666	0.037037037037037035	0.	0.	0.1111111111111111
214	0.9334685273533205	0.19165758164122287	0.9259259259259259	0.1111111111111111	0.037037037037037035	0.	0.	0.1111111111111111
215	0.3345175660030722	0.34840887226970246	0.3333333333333333	0.3333333333333333	0.1111111111111111	0.	0.	0.037037037037037035
216	0.39964099489499805	0.7905996267533492	0.3333333333333333	0.7777777777777778	0.1111111111111111	0.	0.	0.037037037037037035
217	0.2016874874162889	0.24118179941347048	0.18518518518518517	0.2222222222222222	0.037037037037037035	0.	0.	0.1111111111111111
218	0.9883850076912168	0.44793433558784573	0.8888888888888888	0.4444444444444444	0.1111111111111111	0.	0.	0.037037037037037035
219	0.08402188042254007	0.6071205611086476	0.07407407407407407	0.5555555555555556	0.037037037037037035	0.	0.	0.1111111111111111
220	0.8394345099629805	0.9042935293319845	0.8148148148148148	0.8888888888888888	0.037037037037037035	0.	0.	0.1111111111111111
221	0.6105933227157395	0.07169374909682005	0.5925925925925926	0.	0.037037037037037035	0.	0.	0.1111111111111111
222	0.6759674714398839	0.1137019790745588	0.6666666666666666	0.1111111111111111	0.037037037037037035	0.	0.	0.1111111111111111
223	0.4459868366263234	0.37517118426502893	0.4444444444444444	0.3333333333333333	0.037037037037037035	0.	0.	0.1111111111111111
224	0.2758992095192639	0.6883674428827983	0.2222222222222222	0.6666666666666666	0.1111111111111111	0.	0.	0.037037037037037035
225	0.1496693282355888	0.4359829284437595	0.1111111111111111	0.4074074074074074	0.1111111111111111	0.	0.	0.037037037037037035
226	0.9442142298949673	0.7168333887472843	0.8888888888888888	0.7037037037037037	0.1111111111111111	0.	0.	0.037037037037037035
227	0.3457727408251073	0.16448550642692858	0.3333333333333333	0.14814814814814814	0.1111111111111111	0.	0.	0.037037037037037035
228	0.8092132998503683	0.2600770029658051	0.7777777777777778	0.2222222222222222	0.037037037037037035	0.	0.	0.1111111111111111
229	0.5807222446616652	0.5053781508528665	0.5555555555555556	0.4444444444444444	0.037037037037037035	0.	0.	0.1111111111111111
230	0.04946530417840997	0.8425447756842823	0.037037037037037035	0.7777777777777778	0.037037037037037035	0.	0.	0.1111111111111111
231	0.5337556174870589	0.933088021750617	0.4444444444444444	0.9259259259259259	0.1111111111111111	0.	0.	0.037037037037037035
232	0.2368771974439036	0.10910961397294609	0.2222222222222222	0.07407407407407407	0.1111111111111111	0.	0.	0.037037037037037035
233	0.7411344215199728	0.6513656939467304	0.7407407407407407	0.5555555555555556	0.037037037037037035	0.	0.	0.1111111111111111
234	0.9020476371002326	0.0213791257006372	0.8888888888888888	0.	0.1111111111111111	0.	0.	0.037037037037037035
235	0.4370484546056107	0.570790488058054	0.3333333333333333	0.5555555555555556	0.1111111111111111	0.	0.	0.037037037037037035
236	0.11579487991405639	0.9652335905927439	0.1111111111111111	0.8888888888888888	0.037037037037037035	0.	0.	0.1111111111111111
237	0.6345485219463101	0.755292636747115	0.6296296296296297	0.6666666666666666	0.037037037037037035	0.	0.	0.1111111111111111
238	0.024595576650912058	0.1983243027018463	0.	0.1111111111111111	0.037037037037037035	0.	0.	0.1111111111111111
239	0.8874787001778834	0.3683368683855713	0.7777777777777778	0.3333333333333333	0.1111111111111111	0.	0.	0.037037037037037035
240	0.3299256276556917	0.5504158480374021	0.2222222222222222	0.5185185185185185	0.1111111111111111	0.	0.	0.037037037037037035
241	0.7386944369893662	0.8686893256524008	0.7037037037037037	0.7777777777777778	0.037037037037037035	0.	0.	0.1111111111111111
242	0.5112353191349498	0.302935638835904	0.4444444444444444	0.2962962962962963	0.1111111111111111	0.	0.	0.037037037037037035