0.00866953	0.0389633
0.0807496	0.055955
0.222174	0.00700876
0.189292	0.0985376
0.315748	0.0728394
0.251468	0.158445
0.286132	0.141053
0.212032	0.217257
0.130885	0.17082
0.0948901	0.120451
0.0602631	0.284192
0.0251493	0.241807
0.152463	0.316358
0.177264	0.261534
0.326234	0.333189
0.378256	0.293835
0.342318	0.231932
0.430938	0.194393
0.358473	0.184296
0.414191	0.0210438
0.555427	0.0308024
0.448478	0.0881969
0.529058	0.208272
0.493215	0.129981
0.543608	0.269845
0.594382	0.326008
0.626137	0.250216
0.655583	0.151543
0.639408	0.111701
0.576304	0.0635708
0.723193	0.0807769
0.742689	0.0134958
0.865702	0.0453327
0.819203	0.105053
0.948672	0.0511771
0.905608	0.136756
0.928971	0.222195
0.888787	0.22168
0.799814	0.176412
0.776486	0.201251
0.699086	0.309226
0.678783	0.300182
0.847817	0.277063
0.981958	0.288668
0.962816	0.373851
0.995642	0.410595
0.914939	0.467681
0.972724	0.536729
0.937246	0.604281
0.85666	0.62608
0.809797	0.57432
0.788084	0.454599
0.882025	0.499032
0.834906	0.360927
0.709326	0.395696
0.753781	0.421621
0.687661	0.555509
0.763129	0.514087
0.733375	0.641232
0.566398	0.666624
0.603319	0.610629
0.456148	0.648173
0.48566	0.589719
0.404175	0.619208
0.396981	0.529772
0.365986	0.555475
0.504525	0.472019
0.464127	0.491549
0.584517	0.548952
0.611264	0.439082
0.664475	0.444395
0.513615	0.368072
0.47365	0.344436
0.388525	0.377838
0.23615	0.40456
0.274767	0.388159
0.259932	0.482036
0.302355	0.520304
0.292745	0.580135
0.139407	0.631776
0.197044	0.656869
0.122342	0.505494
0.11221	0.543433
0.16383	0.354979
0.0504113	0.433757
0.0347819	0.415222
0.103475	0.461421
0.069036	0.599685
0.0429841	0.728033
0.0167622	0.677127
0.145804	0.758221
0.205625	0.707773
0.2676	0.769165
0.243104	0.816257
0.309461	0.864846
0.220092	0.886497
0.168947	0.829478
0.07543	0.84927
0.089955	0.950263
0.00458155	0.898307
0.150803	0.999996
0.181603	0.968348
0.280471	0.988957
0.370969	0.916512
0.409166	0.936648
0.423393	0.800502
0.349973	0.784252
0.333496	0.737946
0.444452	0.690951
0.521961	0.699488
0.551229	0.877147
0.535798	0.839227
0.480297	0.92655
0.633207	0.904998
0.571216	0.97788
0.647461	0.8097
0.620063	0.718888
0.769899	0.775613
0.71611	0.744489
0.826819	0.751374
0.874192	0.683671
0.954467	0.713853
0.921082	0.822607
0.987767	0.84466
0.842305	0.87162
0.793441	0.856223
0.672068	0.791925
0.747905	0.942923
0.693928	0.960193
0.886681	0.983805
0.898968	0.911084