0.00907207	0.00912538
0.0837034	0.0745081
0.199908	0.110872
0.126522	0.094085
0.258319	0.0638068
0.304831	0.0188183
0.234096	0.176307
0.329996	0.215384
0.166165	0.131857
0.143566	0.156261
0.0577478	0.199761
0.096055	0.283365
0.0266516	0.239203
0.17742	0.332011
0.221244	0.31464
0.27253	0.251628
0.342839	0.294152
0.358085	0.261651
0.428156	0.186428
0.370192	0.222117
0.439927	0.0445769
0.406563	0.0347821
0.55555	0.0535304
0.527369	0.104472
0.515837	0.168443
0.489611	0.146658
0.540043	0.30129
0.583958	0.3228
0.652369	0.267052
0.665201	0.208067
0.623348	0.123289
0.601677	0.0252862
0.73026	0.0806828
0.761878	0.0889711
0.86364	0.00377707
0.81136	0.0575212
0.993297	0.0383504
0.903353	0.221477
0.924872	0.116861
0.881201	0.162339
0.789597	0.192506
0.704323	0.140038
0.773663	0.333333
0.68931	0.275551
0.840716	0.245378
0.827829	0.307135
0.981065	0.231253
0.971771	0.361154
0.958308	0.338659
0.940901	0.44578
0.95065	0.497159
0.909978	0.650835
0.932556	0.570026
0.872597	0.664392
0.819076	0.630441
0.798806	0.484083
0.849764	0.517005
0.888861	0.387008
0.675775	0.37371
0.744862	0.434296
0.754062	0.539541
0.713766	0.453102
0.721837	0.607703
0.574432	0.591647
0.629682	0.583249
0.548237	0.637583
0.445535	0.575917
0.399413	0.646333
0.377826	0.491863
0.416633	0.521954
0.503579	0.55555
0.471706	0.478757
0.644859	0.510789
0.566456	0.402089
0.610848	0.419986
0.459887	0.428249
0.480271	0.355865
0.391679	0.346751
0.242827	0.44308
0.282588	0.395044
0.290624	0.546143
0.320754	0.469549
0.312719	0.613877
0.212949	0.624626
0.204677	0.656359
0.11268	0.555431
0.156791	0.502744
0.188204	0.382571
0.0683566	0.413776
0.0365997	0.365583
0.104933	0.459892
0.0171186	0.531155
0.0440349	0.598604
0.0498517	0.759642
0.0754092	0.685442
0.119909	0.718855
0.136309	0.669634
0.26405	0.77024
0.248604	0.734048
0.296744	0.79094
0.226124	0.877311
0.171884	0.888865
0.14981	0.8174
0.00404231	0.855505
0.0899485	0.923901
0.063215	0.955553
0.164908	1
0.192099	0.985137
0.277022	0.968919
0.421826	0.915021
0.362627	0.941903
0.384932	0.80613
0.335156	0.846249
0.351343	0.745849
0.452631	0.709823
0.511273	0.700611
0.534171	0.866006
0.495349	0.833742
0.466323	0.899388
0.660462	0.907102
0.614988	0.933703
0.594658	0.781762
0.588108	0.825273
0.637553	0.692719
0.738139	0.775387
0.697172	0.726727
0.780136	0.678259
0.855921	0.753494
0.918111	0.740701
0.965368	0.813237
0.896188	0.886347
0.83293	0.871813
0.803497	0.84128
0.682393	0.799587
0.765575	0.948164
0.670643	0.977109
0.869282	0.962648
0.783093	0.993397
0.98604	0.919791