0.106431	0.0232546
0.00446423	0.0177621
0.0997479	0.0517056
0.018609	0.0470162
0.0714712	0.102974
0.0236285	0.110315
0.11709	0.0824814
0.123137	0.0372056
0.167877	0.0761763
0.17693	0.00866672
0.196777	0.0671168
0.21594	0.106803
0.306962	0.0340966
0.253636	0.0127535
0.320763	0.0420816
0.296277	0.0607311
0.233288	0.0865072
0.228836	0.0940392
0.333259	0.181751
0.314799	0.13296
0.272571	0.214589
0.285758	0.128726
0.259005	0.220133
0.245953	0.165334
0.181006	0.207713
0.144695	0.201113
0.150077	0.158017
0.202007	0.175826
0.136183	0.148105
0.190102	0.125729
0.0753463	0.196205
0.096702	0.189404
0.045152	0.12038
0.0407481	0.142552
0.0118112	0.170058
0.0885817	0.25377
0.0355613	0.228473
0.0542002	0.261188
0.0663981	0.28818
0.0920745	0.310292
0.0582975	0.328401
0.130381	0.244213
0.126288	0.298703
0.160256	0.325138
0.157055	0.318518
0.222209	0.269679
0.209521	0.278688
0.292784	0.248603
0.236011	0.233428
0.279301	0.293991
0.323746	0.285499
0.329446	0.307763
0.345547	0.333223
0.348331	0.266629
0.391006	0.313942
0.405044	0.240997
0.415924	0.302944
0.430836	0.272277
0.340506	0.211446
0.370199	0.20376
0.360769	0.184651
0.387052	0.153634
0.419839	0.145653
0.402168	0.114858
0.365874	0.0910537
0.352486	0.0574867
0.381778	0.00619878
0.396519	0.0735444
0.435387	0.00141589
0.490282	0.0269883
0.465245	0.0318755
0.456651	0.054214
0.526695	0.0644889
0.450619	0.0988989
0.535804	0.0801442
0.541776	0.216584
0.54932	0.172174
0.503897	0.178195
0.517775	0.160119
0.48089	0.222194
0.477881	0.139168
0.468321	0.256437
0.494447	0.23787
0.510613	0.282031
0.500497	0.275998
0.44805	0.331075
0.589016	0.235761
0.562826	0.29122
0.624359	0.251272
0.594192	0.316021
0.646252	0.322651
0.661353	0.224118
0.611306	0.186805
0.604134	0.193745
0.654489	0.163184
0.641099	0.150343
0.566515	0.117071
0.557626	0.134768
0.585012	0.0153931
0.577717	0.0709581
0.621013	0.0449851
0.598762	0.101099
0.649097	0.0298386
0.672551	0.00368509
0.715943	0.0199042
0.728236	0.0625302
0.756684	0.0403851
0.775383	0.0891307
0.692841	0.0958967
0.797151	0.0252885
0.809878	0.0496873
0.836534	0.0850774
0.847312	0.0690663
0.888877	0.0108293
0.874034	0.0782865
0.919841	0.0212835
1	0.000525944
0.958566	0.0385911
0.945418	0.056599
0.985697	0.0972719
0.993533	0.127522
0.965508	0.161709
0.930706	0.183131
0.951583	0.143817
0.904142	0.112668
0.913388	0.205161
0.787342	0.191427
0.826374	0.209356
0.883214	0.174308
0.820975	0.1676
0.864142	0.121721
0.817486	0.131083
0.749613	0.15581
0.761998	0.111281
0.712556	0.198487
0.735023	0.123318
0.667556	0.136814
0.683204	0.2302
0.770025	0.246065
0.675359	0.263361
0.723574	0.259265
0.701481	0.305363
0.741506	0.296503
0.793055	0.320332
0.779013	0.30092
0.851739	0.226247
0.841543	0.284119
0.860862	0.264956
0.879089	0.273965
0.909346	0.241909
0.973616	0.222254
0.937923	0.279999
0.925326	0.295935
0.979648	0.312165
0.97677	0.406459
0.969889	0.382614
0.934946	0.439438
0.941514	0.348001
0.901197	0.358786
0.894941	0.398008
0.96237	0.473029
0.990839	0.44508
0.92235	0.507478
0.948287	0.496708
0.982084	0.551737
0.8919	0.536808
0.988167	0.65056
0.997498	0.577046
0.928044	0.589335
0.955725	0.615441
0.897218	0.604928
0.915758	0.559623
0.856074	0.647017
0.828925	0.635215
0.79958	0.628529
0.808209	0.618935
0.790042	0.563654
0.780884	0.591027
0.805749	0.485651
0.783881	0.462036
0.844726	0.522961
0.834229	0.545636
0.867045	0.457504
0.871405	0.479244
0.815225	0.414664
0.885842	0.428505
0.802415	0.379294
0.857707	0.372586
0.831318	0.3375
0.753924	0.354819
0.766945	0.394168
0.706714	0.335359
0.71019	0.4244
0.689428	0.344681
0.695456	0.435656
0.747371	0.466811
0.731424	0.446324
0.685435	0.516444
0.719813	0.511462
0.744562	0.527788
0.677348	0.547865
0.759103	0.654007
0.77237	0.573141
0.73707	0.609278
0.704053	0.580438
0.679666	0.642349
0.560507	0.666534
0.63363	0.663505
0.571481	0.620933
0.619509	0.59826
0.601689	0.585409
0.575261	0.568454
0.524233	0.617151
0.544317	0.655792
0.483506	0.637475
0.496661	0.600519
0.444532	0.565455
0.454433	0.575271
0.39871	0.658652
0.393588	0.648554
0.41335	0.603185
0.428184	0.623422
0.357819	0.561773
0.337212	0.492169
0.355221	0.49552
0.406832	0.483768
0.372102	0.538172
0.421797	0.463899
0.437685	0.54406
0.54712	0.473917
0.520556	0.453194
0.514411	0.489474
0.539401	0.503375
0.4753	0.521673
0.53301	0.52515
0.581141	0.532409
0.592077	0.555465
0.606823	0.487286
0.626925	0.451198
0.663927	0.498212
0.657148	0.43057
0.638873	0.413105
0.614053	0.386598
0.635441	0.374594
0.569585	0.341981
0.630551	0.362792
0.553342	0.349699
0.53031	0.39957
0.486044	0.367979
0.506476	0.408185
0.471283	0.443832
0.461032	0.420115
0.378223	0.437756
0.374719	0.417122
0.409857	0.402281
0.425946	0.3889
0.440685	0.365118
0.302092	0.356687
0.311774	0.376626
0.283152	0.38071
0.269472	0.346339
0.249776	0.39189
0.256219	0.411253
0.243028	0.477123
0.277377	0.471546
0.267134	0.518407
0.240364	0.509639
0.290761	0.55316
0.304904	0.555545
0.318449	0.640171
0.326946	0.595647
0.262314	0.626055
0.265049	0.606593
0.226674	0.5778
0.20463	0.630307
0.132622	0.644716
0.172873	0.592718
0.199047	0.611079
0.213592	0.58791
0.111772	0.582722
0.13871	0.460002
0.141637	0.481334
0.170655	0.541808
0.162	0.534748
0.218924	0.455679
0.192799	0.514538
0.165467	0.432898
0.114541	0.427075
0.206765	0.405194
0.152622	0.396372
0.185715	0.339785
0.0831448	0.422072
0.0802072	0.371028
0.0485675	0.360604
0.0612915	0.441005
0.0148755	0.384227
0.0307783	0.351879
0.0257276	0.468704
0.00166438	0.448785
0.0512722	0.506106
0.109075	0.500363
0.0861301	0.529343
0.0283591	0.550216
0.0777333	0.661422
0.103853	0.633318
0.0688977	0.614298
0.0379551	0.651813
0.00783332	0.570647
0.0940507	0.669425
0.0631859	0.682709
0.0333848	0.703714
0.0466717	0.734208
0.0101264	0.748008
0.0202858	0.76726
0.146778	0.728464
0.120949	0.690521
0.183377	0.707916
0.174948	0.717979
0.187916	0.755429
0.22214	0.751225
0.238372	0.695067
0.33212	0.672686
0.29987	0.71101
0.28802	0.722028
0.30996	0.772025
0.316895	0.834399
0.297955	0.830458
0.260116	0.810663
0.274627	0.781756
0.231097	0.858761
0.247818	0.802853
0.194558	0.8541
0.134601	0.876935
0.118542	0.825269
0.21145	0.845294
0.128112	0.796299
0.155265	0.778268
0.0845371	0.873117
0.101289	0.790802
0.0651339	0.864758
0.055953	0.816835
0.00610691	0.841495
0.0422428	0.921249
0.0223871	0.90946
0.0955206	0.950642
0.0735464	0.935139
0.0168771	0.979753
0.110235	0.970392
0.148053	0.89463
0.143042	0.957555
0.178768	0.899338
0.164472	0.996646
0.20303	0.963712
0.220016	0.930176
0.324601	0.925892
0.280718	0.902705
0.294188	0.938952
0.251776	0.944343
0.242219	0.991897
0.33471	0.986419
0.356866	0.974192
0.400911	0.912808
0.375823	0.916822
0.442103	0.892402
0.41782	0.983454
0.338662	0.885731
0.380309	0.880323
0.367364	0.82054
0.41175	0.848789
0.350631	0.78623
0.423443	0.807557
0.343044	0.741405
0.362577	0.679862
0.38893	0.762586
0.383928	0.686584
0.43305	0.757838
0.512289	0.677546
0.446223	0.700243
0.459155	0.724714
0.49162	0.736523
0.522094	0.775609
0.555162	0.744248
0.537688	0.883158
0.551386	0.851266
0.499098	0.813244
0.507924	0.861856
0.463496	0.839079
0.473734	0.798775
0.528759	0.907206
0.487585	0.889486
0.469707	0.94694
0.452395	0.960355
0.515726	0.989316
0.558845	0.977183
0.5648	0.941223
0.595774	0.966102
0.615252	0.924171
0.637147	0.955161
0.666338	0.918952
0.587539	0.871006
0.650499	0.866988
0.597134	0.827822
0.628974	0.837008
0.659606	0.793976
0.652482	0.805547
0.583273	0.697566
0.573385	0.769588
0.617182	0.739243
0.608776	0.712846
0.643731	0.730251
0.699239	0.675097
0.726226	0.692483
0.669495	0.715273
0.739883	0.705055
0.687525	0.760007
0.7652	0.764829
0.794487	0.746271
0.812836	0.720048
0.83936	0.688488
0.849274	0.753392
0.876834	0.667899
0.869437	0.732339
0.907163	0.684369
0.967851	0.67147
0.932741	0.726214
0.953426	0.706471
0.899081	0.773789
0.995307	0.808894
0.983621	0.843301
0.94331	0.792527
0.96077	0.77942
0.911768	0.860248
0.918307	0.819232
0.78583	0.878501
0.887661	0.887358
0.854597	0.83266
0.880779	0.846692
0.822371	0.814788
0.824687	0.80095
0.763371	0.86877
0.751806	0.85576
0.717141	0.823121
0.721915	0.78857
0.697322	0.78362
0.732984	0.897116
0.776661	0.904407
0.708453	0.932954
0.681727	0.952681
0.745999	0.968116
0.703535	0.994162
0.804031	0.914587
0.814165	0.972698
0.837919	0.981936
0.83023	0.998862
0.852224	0.928353
0.865631	0.948498
0.972104	0.89111
0.939237	0.905988
0.949802	0.961708
0.905536	0.937159
0.975401	0.987528