0	0.4336285872927421	0.6371952284640268	0.3333333333333333	0.5555555555555556	0.3333333333333333	0.	0.	0.1111111111111111
1	0.9213494006336184	0.9589204784331028	0.6666666666666666	0.8888888888888888	0.3333333333333333	0.	0.	0.1111111111111111
2	0.009650985013684533	0.1697119328141677	0.	0.1111111111111111	0.3333333333333333	0.	0.	0.1111111111111111
3	0.15836158061325456	0.6883136133429087	0.	0.6666666666666666	0.3333333333333333	0.	0.	0.1111111111111111
4	0.4678630664781387	0.23101422065814728	0.4444444444444444	0.	0.1111111111111111	0.	0.	0.3333333333333333
5	0.6912627664356698	0.35423050637881975	0.6666666666666666	0.3333333333333333	0.1111111111111111	0.	0.	0.3333333333333333
6	0.8516527606778175	0.09345348278676092	0.6666666666666666	0.	0.3333333333333333	0.	0.	0.1111111111111111
7	0.23519329837681008	0.5125581032447667	0.2222222222222222	0.3333333333333333	0.1111111111111111	0.	0.	0.3333333333333333
8	0.5917011331151703	0.801719783763596	0.5555555555555556	0.6666666666666666	0.1111111111111111	0.	0.	0.3333333333333333
9	0.3355406335603828	0.9719358337808509	0.3333333333333333	0.6666666666666666	0.1111111111111111	0.	0.	0.3333333333333333
10	0.9293493750490137	0.1974611191338756	0.6666666666666666	0.1111111111111111	0.3333333333333333	0.	0.	0.1111111111111111
11	0.04579810869699941	0.5656684521229163	0.	0.3333333333333333	0.1111111111111111	0.	0.	0.3333333333333333
12	0.19981906532568539	0.2801825959528262	0.	0.2222222222222222	0.3333333333333333	0.	0.	0.1111111111111111
13	0.4982765379762865	0.3755659233259258	0.3333333333333333	0.3333333333333333	0.3333333333333333	0.	0.	0.1111111111111111
14	0.7109106121643453	0.7056135742991124	0.6666666666666666	0.6666666666666666	0.3333333333333333	0.	0.	0.1111111111111111
15	0.8652138236980714	0.5316702915351834	0.7777777777777778	0.3333333333333333	0.1111111111111111	0.	0.	0.3333333333333333
16	0.2855560692867743	0.827259320987194	0.	0.7777777777777778	0.3333333333333333	0.	0.	0.1111111111111111
17	0.6270834762174904	0.007077257771637024	0.5555555555555556	0.	0.1111111111111111	0.	0.	0.3333333333333333
18	0.3865873822348788	0.1259798643913917	0.3333333333333333	0.	0.1111111111111111	0.	0.	0.3333333333333333
19	0.9778126103874352	0.616779322341588	0.8888888888888888	0.3333333333333333	0.1111111111111111	0.	0.	0.3333333333333333
20	0.0754465664480297	0.908713031437013	0.	0.8888888888888888	0.3333333333333333	0.	0.	0.1111111111111111
21	0.1112259596230768	0.4085729592547869	0.1111111111111111	0.3333333333333333	0.1111111111111111	0.	0.	0.3333333333333333
22	0.5393932095315692	0.7478811693238385	0.4444444444444444	0.6666666666666666	0.1111111111111111	0.	0.	0.3333333333333333
23	0.7656823608693206	0.2965202545082741	0.6666666666666666	0.2222222222222222	0.3333333333333333	0.	0.	0.1111111111111111
24	0.7878777908413614	0.8871940800563424	0.6666666666666666	0.7777777777777778	0.3333333333333333	0.	0.	0.1111111111111111
25	0.3191903349919799	0.05891567082297498	0.	0.	0.3333333333333333	0.	0.	0.1111111111111111
26	0.6623073197005507	0.4808299705938716	0.3333333333333333	0.4444444444444444	0.3333333333333333	0.	0.	0.1111111111111111
27	0.691893521236388	0.1454420513796488	0.6666666666666666	0.1111111111111111	0.3333333333333333	0.	0.	0.1111111111111111
28	0.1717714504596925	0.6178770607044481	0.1111111111111111	0.3333333333333333	0.1111111111111111	0.	0.	0.3333333333333333
29	0.48086320924205606	0.9136932404212622	0.4444444444444444	0.6666666666666666	0.1111111111111111	0.	0.	0.3333333333333333
30	0.5657761946606804	0.428879227396773	0.3333333333333333	0.3333333333333333	0.3333333333333333	0.	0.	0.1111111111111111
31	0.81896641076547	0.7652029033498019	0.6666666666666666	0.6666666666666666	0.3333333333333333	0.	0.	0.1111111111111111
32	0.2524854727890588	0.3153446168580585	0.	0.2222222222222222	0.3333333333333333	0.	0.	0.1111111111111111
33	0.01676949770201751	0.8569816364737143	0.	0.7777777777777778	0.3333333333333333	0.	0.	0.1111111111111111