0	0.9457113482709996	0.6238470641821596	0.9259259259259259	0.5555555555555556	0.037037037037037035	0.	0.	0.1111111111111111
1	0.5930943437187873	0.6850321890607769	0.5925925925925926	0.6666666666666666	0.037037037037037035	0.	0.	0.1111111111111111
2	0.0956586750543972	0.061710845654319536	0.	0.037037037037037035	0.1111111111111111	0.	0.	0.037037037037037035
3	0.3679754479892776	0.20779091095859237	0.3333333333333333	0.18518518518518517	0.1111111111111111	0.	0.	0.037037037037037035
4	0.17232970264168618	0.3371535193466067	0.1111111111111111	0.3333333333333333	0.1111111111111111	0.	0.	0.037037037037037035
5	0.6884126831333727	0.8328239853795306	0.6666666666666666	0.7777777777777778	0.037037037037037035	0.	0.	0.1111111111111111
6	0.30096198741139196	0.9867835074669993	0.2222222222222222	0.9629629629629629	0.1111111111111111	0.	0.	0.037037037037037035
7	0.8359749811786542	0.2826267834963851	0.8148148148148148	0.2222222222222222	0.037037037037037035	0.	0.	0.1111111111111111
8	0.5313404543936412	0.4693975447781063	0.4444444444444444	0.4444444444444444	0.1111111111111111	0.	0.	0.037037037037037035
9	0.23109206286712417	0.12000629545090129	0.2222222222222222	0.1111111111111111	0.037037037037037035	0.	0.	0.1111111111111111
10	0.8558910754975584	0.38702058424173846	0.7777777777777778	0.37037037037037035	0.1111111111111111	0.	0.	0.037037037037037035
11	0.4622116462198776	0.8537684008068384	0.4444444444444444	0.7777777777777778	0.037037037037037035	0.	0.	0.1111111111111111
12	0.97729915363356	0.9150207317335075	0.8888888888888888	0.8888888888888888	0.1111111111111111	0.	0.	0.037037037037037035
13	0.6501454057067177	0.32964651920272253	0.6296296296296297	0.2222222222222222	0.037037037037037035	0.	0.	0.1111111111111111
14	0.028219702649748088	0.4870474837827519	0.	0.48148148148148145	0.1111111111111111	0.	0.	0.037037037037037035
15	0.3984978545279433	0.6564589420394163	0.3333333333333333	0.6296296296296297	0.1111111111111111	0.	0.	0.037037037037037035
16	0.21281901105992698	0.7134371331610188	0.18518518518518517	0.6666666666666666	0.037037037037037035	0.	0.	0.1111111111111111
17	0.7296036675713004	0.08785226809898188	0.6666666666666666	0.07407407407407407	0.1111111111111111	0.	0.	0.037037037037037035
18	0.42547299987189535	0.9510399547643267	0.4074074074074074	0.8888888888888888	0.037037037037037035	0.	0.	0.1111111111111111
19	0.14094615510470157	0.2379596036285009	0.1111111111111111	0.2222222222222222	0.037037037037037035	0.	0.	0.1111111111111111
20	0.7578283028460755	0.5432679512552402	0.6666666666666666	0.5185185185185185	0.1111111111111111	0.	0.	0.037037037037037035
21	0.2952093980071697	0.5840861538258327	0.25925925925925924	0.5555555555555556	0.037037037037037035	0.	0.	0.1111111111111111
22	0.8007723790433464	0.7654492369056575	0.7777777777777778	0.6666666666666666	0.037037037037037035	0.	0.	0.1111111111111111
23	0.5121587240919859	0.025315714953492476	0.4444444444444444	0.	0.1111111111111111	0.	0.	0.037037037037037035
24	0.9095419180751348	0.1658824416657702	0.8888888888888888	0.1111111111111111	0.037037037037037035	0.	0.	0.1111111111111111
25	0.5660368571781964	0.4379725091583028	0.5555555555555556	0.4074074074074074	0.1111111111111111	0.	0.	0.037037037037037035
26	0.0484206192822187	0.7814123945313588	0.037037037037037035	0.7777777777777778	0.037037037037037035	0.	0.	0.1111111111111111
27	0.4780819744753699	0.18059420875561039	0.4444444444444444	0.1111111111111111	0.037037037037037035	0.	0.	0.1111111111111111
28	0.24613114184916876	0.4128841905416107	0.2222222222222222	0.3333333333333333	0.037037037037037035	0.	0.	0.1111111111111111
29	0.8668808651126002	0.7986582248106139	0.7777777777777778	0.7777777777777778	0.1111111111111111	0.	0.	0.037037037037037035
30	0.00014421281678780808	0.9361990394541746	0.	0.9259259259259259	0.1111111111111111	0.	0.	0.037037037037037035
31	0.9995182701862729	0.25685862473835236	0.8888888888888888	0.2222222222222222	0.1111111111111111	0.	0.	0.037037037037037035
32	0.6558864151004327	0.5241866372568987	0.6296296296296297	0.4444444444444444	0.037037037037037035	0.	0.	0.1111111111111111
33	0.7140650469486828	0.5607630197723831	0.7037037037037037	0.5555555555555556	0.037037037037037035	0.	0.	0.1111111111111111
34	0.3816540774985531	0.7498227436288224	0.37037037037037035	0.6666666666666666	0.037037037037037035	0.	0.	0.1111111111111111
35	0.1949460946897244	0.009296094989613899	0.18518518518518517	0.	0.037037037037037035	0.	0.	0.1111111111111111
36	0.7757375122546327	0.9903907697905294	0.6666666666666666	0.9629629629629629	0.1111111111111111	0.	0.	0.037037037037037035
37	0.4407742539398839	0.2840066502867207	0.4074074074074074	0.2222222222222222	0.037037037037037035	0.	0.	0.1111111111111111
38	0.1193401432794812	0.4498014154675576	0.1111111111111111	0.4444444444444444	0.037037037037037035	0.	0.	0.1111111111111111
39	0.4895584549220885	0.5995634104593436	0.48148148148148145	0.5555555555555556	0.037037037037037035	0.	0.	0.1111111111111111
40	0.2670559257214022	0.6977952861961308	0.2222222222222222	0.6666666666666666	0.1111111111111111	0.	0.	0.037037037037037035
41	0.804584000718661	0.06582191974191981	0.7777777777777778	0.	0.037037037037037035	0.	0.	0.1111111111111111
42	0.05862826819500847	0.2207973896462318	0.037037037037037035	0.1111111111111111	0.037037037037037035	0.	0.	0.1111111111111111
43	0.9147336474504321	0.3551044646307628	0.8888888888888888	0.3333333333333333	0.037037037037037035	0.	0.	0.1111111111111111
44	0.5801425945406482	0.8488570782154304	0.5555555555555556	0.8148148148148148	0.1111111111111111	0.	0.	0.037037037037037035
45	0.1102769924316866	0.6409256403576529	0.07407407407407407	0.5555555555555556	0.037037037037037035	0.	0.	0.1111111111111111
46	0.9556922633485189	0.7200395494140561	0.8888888888888888	0.7037037037037037	0.1111111111111111	0.	0.	0.037037037037037035
47	0.606498279444379	0.110579188632776	0.5925925925925926	0.	0.037037037037037035	0.	0.	0.1111111111111111
48	0.6953049403641633	0.13366189399790188	0.6666666666666666	0.1111111111111111	0.037037037037037035	0.	0.	0.1111111111111111
49	0.3334742671977441	0.39666577537840714	0.3333333333333333	0.37037037037037035	0.1111111111111111	0.	0.	0.037037037037037035
50	0.18408150667873768	0.8662794006230268	0.1111111111111111	0.8518518518518519	0.1111111111111111	0.	0.	0.037037037037037035
51	0.5446520873086813	0.8889466598826854	0.4444444444444444	0.8888888888888888	0.1111111111111111	0.	0.	0.037037037037037035
52	0.3134928932475742	0.29838114214966044	0.2222222222222222	0.2962962962962963	0.1111111111111111	0.	0.	0.037037037037037035
53	0.8450124329898308	0.49429265299733105	0.8148148148148148	0.4444444444444444	0.037037037037037035	0.	0.	0.1111111111111111
54	0.1320012865917373	0.9045961264755582	0.1111111111111111	0.8888888888888888	0.037037037037037035	0.	0.	0.1111111111111111
55	0.7429824867453857	0.3202980289460117	0.6666666666666666	0.2962962962962963	0.1111111111111111	0.	0.	0.037037037037037035
56	0.4087389709530824	0.5129004177852521	0.4074074074074074	0.4444444444444444	0.037037037037037035	0.	0.	0.1111111111111111
57	0.7809389012463923	0.6435259356318315	0.7777777777777778	0.6296296296296297	0.1111111111111111	0.	0.	0.037037037037037035
58	0.5018705132723805	0.7348166804535387	0.4444444444444444	0.7037037037037037	0.1111111111111111	0.	0.	0.037037037037037035
59	0.2740536377086997	0.07809425639334215	0.2222222222222222	0.07407407407407407	0.1111111111111111	0.	0.	0.037037037037037035
60	0.5886232972739515	0.14321421618634797	0.5555555555555556	0.1111111111111111	0.1111111111111111	0.	0.	0.037037037037037035
61	0.07160442926393601	0.3814477874280246	0.037037037037037035	0.3333333333333333	0.037037037037037035	0.	0.	0.1111111111111111
62	0.8927509105831862	0.888824310476775	0.8888888888888888	0.7777777777777778	0.037037037037037035	0.	0.	0.1111111111111111
63	0.6253945516030774	0.5691326924116292	0.5555555555555556	0.5555555555555556	0.1111111111111111	0.	0.	0.037037037037037035
64	0.07786269834238597	0.7653050679688411	0.	0.7407407407407407	0.1111111111111111	0.	0.	0.037037037037037035
65	0.9322167659886809	0.015116911726713898	0.8888888888888888	0.	0.1111111111111111	0.	0.	0.037037037037037035
66	0.1491763109444977	0.1546402329451055	0.1111111111111111	0.14814814814814814	0.1111111111111111	0.	0.	0.037037037037037035
67	0.6759971489272474	0.4260341352261314	0.6666666666666666	0.3333333333333333	0.037037037037037035	0.	0.	0.1111111111111111
68	0.3457155617807297	0.8037225060993957	0.3333333333333333	0.7777777777777778	0.1111111111111111	0.	0.	0.037037037037037035
69	0.8262417453094484	0.9451163539262374	0.8148148148148148	0.8888888888888888	0.037037037037037035	0.	0.	0.1111111111111111
70	0.5306328253244929	0.23382194688211239	0.4444444444444444	0.2222222222222222	0.1111111111111111	0.	0.	0.037037037037037035
71	0.32366295509304693	0.5311803389589616	0.2222222222222222	0.5185185185185185	0.1111111111111111	0.	0.	0.037037037037037035
72	0.8868194750192127	0.1966287892085818	0.7777777777777778	0.18518518518518517	0.1111111111111111	0.	0.	0.037037037037037035
73	0.4484833041445054	0.36855560316016217	0.4444444444444444	0.3333333333333333	0.037037037037037035	0.	0.	0.1111111111111111
74	0.25261776746144154	0.8183213596979723	0.2222222222222222	0.7777777777777778	0.037037037037037035	0.	0.	0.1111111111111111
75	0.63135320049288	0.9708861818439687	0.6296296296296297	0.8888888888888888	0.037037037037037035	0.	0.	0.1111111111111111
76	0.013227898744405329	0.2648926285018103	0.	0.25925925925925924	0.1111111111111111	0.	0.	0.037037037037037035
77	0.9713573365845741	0.45780007692537567	0.8888888888888888	0.4444444444444444	0.1111111111111111	0.	0.	0.037037037037037035
78	0.2062382758147483	0.6057892780506332	0.1111111111111111	0.5925925925925926	0.1111111111111111	0.	0.	0.037037037037037035
79	0.7165036281805941	0.6753863500492355	0.6666666666666666	0.6666666666666666	0.1111111111111111	0.	0.	0.037037037037037035
80	0.38677396933783054	0.047884344082793205	0.37037037037037035	0.	0.037037037037037035	0.	0.	0.1111111111111111
81	0.787966840511284	0.1127034395609022	0.7777777777777778	0.1111111111111111	0.1111111111111111	0.	0.	0.037037037037037035
82	0.494510843144041	0.39224913665661426	0.48148148148148145	0.3333333333333333	0.037037037037037035	0.	0.	0.1111111111111111
83	0.2812034445602076	0.8597190566587026	0.25925925925925924	0.7777777777777778	0.037037037037037035	0.	0.	0.1111111111111111
84	0.5871159540041776	0.9208941356050308	0.5555555555555556	0.8888888888888888	0.037037037037037035	0.	0.	0.1111111111111111
85	0.06642547928503251	0.3244934971246018	0.	0.2962962962962963	0.1111111111111111	0.	0.	0.037037037037037035
86	0.9010638507212937	0.4913114219246503	0.8888888888888888	0.48148148148148145	0.1111111111111111	0.	0.	0.037037037037037035
87	0.1311695615217363	0.6619234035055555	0.1111111111111111	0.6296296296296297	0.1111111111111111	0.	0.	0.037037037037037035
88	0.752396105204441	0.7069054410972742	0.6666666666666666	0.7037037037037037	0.1111111111111111	0.	0.	0.037037037037037035
89	0.41883298364566707	0.09233458137178352	0.4074074074074074	0.	0.037037037037037035	0.	0.	0.1111111111111111
90	0.159679238509935	0.9560808247977475	0.14814814814814814	0.8888888888888888	0.037037037037037035	0.	0.	0.1111111111111111
91	0.6715649921826067	0.23980718531383607	0.6666666666666666	0.2222222222222222	0.1111111111111111	0.	0.	0.037037037037037035
92	0.3553278962830831	0.5497698935587271	0.3333333333333333	0.4444444444444444	0.037037037037037035	0.	0.	0.1111111111111111
93	0.819851278782866	0.5851741663220776	0.7777777777777778	0.5555555555555556	0.1111111111111111	0.	0.	0.037037037037037035
94	0.524586999837275	0.772140964387663	0.4444444444444444	0.7407407407407407	0.1111111111111111	0.	0.	0.037037037037037035
95	0.330007021561182	0.030458771976134006	0.2222222222222222	0.	0.1111111111111111	0.	0.	0.037037037037037035
96	0.619500843350251	0.1707227526970917	0.5555555555555556	0.14814814814814814	0.1111111111111111	0.	0.	0.037037037037037035
97	0.08241363300741691	0.4405320115460732	0.07407407407407407	0.3333333333333333	0.037037037037037035	0.	0.	0.1111111111111111
98	0.9288542067789295	0.782939241157859	0.9259259259259259	0.7777777777777778	0.037037037037037035	0.	0.	0.1111111111111111
99	0.6415944717885068	0.6258632852017282	0.5555555555555556	0.5925925925925926	0.1111111111111111	0.	0.	0.037037037037037035
100	0.02186640331938321	0.6879673599296913	0.	0.6666666666666666	0.1111111111111111	0.	0.	0.037037037037037035
101	0.9707860985122033	0.05155705897630003	0.8888888888888888	0.037037037037037035	0.1111111111111111	0.	0.	0.037037037037037035
102	0.20196824523994997	0.2003100873686626	0.1111111111111111	0.18518518518518517	0.1111111111111111	0.	0.	0.037037037037037035
103	0.7277502162944889	0.3410702946413692	0.7037037037037037	0.3333333333333333	0.037037037037037035	0.	0.	0.1111111111111111
104	0.39138109961964346	0.8372427527101353	0.3333333333333333	0.8148148148148148	0.1111111111111111	0.	0.	0.037037037037037035
105	0.8843251911749045	0.9755123319424303	0.8518518518518519	0.8888888888888888	0.037037037037037035	0.	0.	0.1111111111111111
106	0.4542256213334481	0.2717727550714714	0.4444444444444444	0.25925925925925924	0.1111111111111111	0.	0.	0.037037037037037035
107	0.2505466612014937	0.47386499478606553	0.2222222222222222	0.4444444444444444	0.1111111111111111	0.	0.	0.037037037037037035
108	0.3647684673693136	0.994227649981964	0.3333333333333333	0.8888888888888888	0.037037037037037035	0.	0.	0.1111111111111111
109	0.1649464147640025	0.2908549294614101	0.14814814814814814	0.2222222222222222	0.037037037037037035	0.	0.	0.1111111111111111
110	0.6856391798455794	0.45454346203495016	0.6666666666666666	0.4444444444444444	0.1111111111111111	0.	0.	0.037037037037037035
111	0.2963815946588548	0.604232407198956	0.2962962962962963	0.5555555555555556	0.037037037037037035	0.	0.	0.1111111111111111
112	0.8341534693587153	0.7012236128791836	0.8148148148148148	0.6666666666666666	0.037037037037037035	0.	0.	0.1111111111111111
113	0.5391970462701402	0.06695651211845605	0.4444444444444444	0.037037037037037035	0.1111111111111111	0.	0.	0.037037037037037035
114	0.938947452862601	0.2123667987007264	0.9259259259259259	0.1111111111111111	0.037037037037037035	0.	0.	0.1111111111111111
115	0.6047807777834555	0.3466764841133633	0.5555555555555556	0.3333333333333333	0.1111111111111111	0.	0.	0.037037037037037035
116	0.09283323680901141	0.8425684657065208	0.07407407407407407	0.7777777777777778	0.037037037037037035	0.	0.	0.1111111111111111
117	0.985730625620061	0.6327235479105837	0.9629629629629629	0.5555555555555556	0.037037037037037035	0.	0.	0.1111111111111111
118	0.6421549300145557	0.7220577828895708	0.6296296296296297	0.6666666666666666	0.037037037037037035	0.	0.	0.1111111111111111
119	0.0350238549205899	0.09945248146129926	0.	0.07407407407407407	0.1111111111111111	0.	0.	0.037037037037037035
120	0.40434292054181986	0.12674638468419597	0.3333333333333333	0.1111111111111111	0.1111111111111111	0.	0.	0.037037037037037035
121	0.22145137157850897	0.4015479246719276	0.1111111111111111	0.37037037037037035	0.1111111111111111	0.	0.	0.037037037037037035
122	0.7400774605564722	0.8719047217625774	0.7037037037037037	0.7777777777777778	0.037037037037037035	0.	0.	0.1111111111111111
123	0.22959158035994667	0.8940636195073995	0.2222222222222222	0.8888888888888888	0.1111111111111111	0.	0.	0.037037037037037035
124	0.8623776073271472	0.30082939848508283	0.8518518518518519	0.2222222222222222	0.037037037037037035	0.	0.	0.1111111111111111
125	0.457579779679644	0.49882319638150746	0.4444444444444444	0.48148148148148145	0.1111111111111111	0.	0.	0.037037037037037035
126	0.2893959049233453	0.1823524645853204	0.25925925925925924	0.1111111111111111	0.037037037037037035	0.	0.	0.1111111111111111
127	0.7960335718503175	0.4187726856817495	0.7777777777777778	0.4074074074074074	0.1111111111111111	0.	0.	0.037037037037037035
128	0.5090358433090856	0.7932635333594862	0.48148148148148145	0.7777777777777778	0.037037037037037035	0.	0.	0.1111111111111111
129	0.9079749539696303	0.929979653192787	0.8888888888888888	0.9259259259259259	0.1111111111111111	0.	0.	0.037037037037037035
130	0.5636402544523142	0.2472072241555265	0.5555555555555556	0.2222222222222222	0.037037037037037035	0.	0.	0.1111111111111111
131	0.04389306059649313	0.5299583256337965	0.	0.5185185185185185	0.1111111111111111	0.	0.	0.037037037037037035
132	0.42146309923221426	0.5641946520799523	0.3333333333333333	0.5555555555555556	0.1111111111111111	0.	0.	0.037037037037037035
133	0.1387857883788898	0.7431736451088935	0.1111111111111111	0.6666666666666666	0.037037037037037035	0.	0.	0.1111111111111111
134	0.7553590804882115	0.000297071708736258	0.6666666666666666	0.	0.1111111111111111	0.	0.	0.037037037037037035
135	0.01027267300775102	0.5752623544560821	0.	0.5555555555555556	0.037037037037037035	0.	0.	0.1111111111111111
136	0.9924184090669849	0.756458824423885	0.8888888888888888	0.7407407407407407	0.1111111111111111	0.	0.	0.037037037037037035
137	0.6627195479414443	0.018405142566771508	0.6296296296296297	0.	0.037037037037037035	0.	0.	0.1111111111111111
138	0.7100510465430409	0.1565553940884457	0.7037037037037037	0.1111111111111111	0.037037037037037035	0.	0.	0.1111111111111111
139	0.37752295026399596	0.42938467304448624	0.3333333333333333	0.4074074074074074	0.1111111111111111	0.	0.	0.037037037037037035
140	0.1920247236416382	0.8106569534925482	0.1111111111111111	0.7777777777777778	0.1111111111111111	0.	0.	0.037037037037037035
141	0.47683948555097366	0.9491332073904157	0.4444444444444444	0.9259259259259259	0.1111111111111111	0.	0.	0.037037037037037035
142	0.241975494314482	0.22243093945744646	0.2222222222222222	0.2222222222222222	0.1111111111111111	0.	0.	0.037037037037037035
143	0.8750304426981403	0.5372206613815236	0.8518518518518519	0.4444444444444444	0.037037037037037035	0.	0.	0.1111111111111111
144	0.4847845514954167	0.1877670792642737	0.48148148148148145	0.1111111111111111	0.037037037037037035	0.	0.	0.1111111111111111
145	0.26284822793664897	0.3597600977680868	0.25925925925925924	0.3333333333333333	0.037037037037037035	0.	0.	0.1111111111111111
146	0.8139057233323901	0.821702283105975	0.7777777777777778	0.8148148148148148	0.1111111111111111	0.	0.	0.037037037037037035
147	0.05397229778417837	0.9722464265435378	0.	0.9629629629629629	0.1111111111111111	0.	0.	0.037037037037037035
148	0.9234499950947783	0.26926444512334496	0.8888888888888888	0.25925925925925924	0.1111111111111111	0.	0.	0.037037037037037035
149	0.5742035746247448	0.46368367471654287	0.5555555555555556	0.4444444444444444	0.037037037037037035	0.	0.	0.1111111111111111
150	0.7726180635738137	0.6106737263105014	0.7407407407407407	0.5555555555555556	0.037037037037037035	0.	0.	0.1111111111111111
151	0.4372621887842385	0.6700528840641673	0.4074074074074074	0.6666666666666666	0.037037037037037035	0.	0.	0.1111111111111111
152	0.11125905630664769	0.03806316414686748	0.1111111111111111	0.	0.037037037037037035	0.	0.	0.1111111111111111
153	0.7034979169622596	0.9070561959876107	0.6666666666666666	0.8888888888888888	0.1111111111111111	0.	0.	0.037037037037037035
154	0.34247658405765585	0.3109892328556393	0.3333333333333333	0.2222222222222222	0.037037037037037035	0.	0.	0.1111111111111111
155	0.18057107798791028	0.5145839030039873	0.14814814814814814	0.4444444444444444	0.037037037037037035	0.	0.	0.1111111111111111
156	0.5528453332093475	0.6481230647217181	0.5185185185185185	0.5555555555555556	0.037037037037037035	0.	0.	0.1111111111111111
157	0.3124456443844232	0.7380131599940583	0.2222222222222222	0.7037037037037037	0.1111111111111111	0.	0.	0.037037037037037035
158	0.839905713745907	0.08167741914823369	0.8148148148148148	0.	0.037037037037037035	0.	0.	0.1111111111111111
159	0.10553308139570279	0.144596652105993	0.07407407407407407	0.1111111111111111	0.037037037037037035	0.	0.	0.1111111111111111
160	0.9524451248111454	0.37121635298952915	0.9259259259259259	0.3333333333333333	0.037037037037037035	0.	0.	0.1111111111111111
161	0.6157764954966023	0.877392524792358	0.5555555555555556	0.8518518518518519	0.1111111111111111	0.	0.	0.037037037037037035
162	0.7039464012446693	0.9615361420219913	0.6666666666666666	0.9259259259259259	0.1111111111111111	0.	0.	0.037037037037037035
163	0.3715561405598935	0.24649854368784638	0.37037037037037035	0.2222222222222222	0.037037037037037035	0.	0.	0.1111111111111111
164	0.18659293382562078	0.5530924428384237	0.18518518518518517	0.4444444444444444	0.037037037037037035	0.	0.	0.1111111111111111
165	0.4703554497174086	0.5910317794266167	0.4444444444444444	0.5555555555555556	0.037037037037037035	0.	0.	0.1111111111111111
166	0.23729886762218538	0.7751807889885074	0.2222222222222222	0.7407407407407407	0.1111111111111111	0.	0.	0.037037037037037035
167	0.8722949558130708	0.03389231779461549	0.8518518518518519	0.	0.037037037037037035	0.	0.	0.1111111111111111
168	0.0060683806529396025	0.1640816601209752	0.	0.1111111111111111	0.037037037037037035	0.	0.	0.1111111111111111
169	0.9881384538751123	0.43423032452645177	0.9629629629629629	0.3333333333333333	0.037037037037037035	0.	0.	0.1111111111111111
170	0.6585224286713791	0.7870619365547632	0.5555555555555556	0.7777777777777778	0.1111111111111111	0.	0.	0.037037037037037035
171	0.052251863048299776	0.617830352625809	0.037037037037037035	0.5555555555555556	0.037037037037037035	0.	0.	0.1111111111111111
172	0.9210426581233291	0.6793564455320619	0.8888888888888888	0.6666666666666666	0.1111111111111111	0.	0.	0.037037037037037035
173	0.5696614366034042	0.056692529065837126	0.5555555555555556	0.	0.037037037037037035	0.	0.	0.1111111111111111
174	0.7666761665084092	0.2044455871133169	0.7407407407407407	0.1111111111111111	0.037037037037037035	0.	0.	0.1111111111111111
175	0.4326679196360211	0.34503282556127274	0.3333333333333333	0.3333333333333333	0.1111111111111111	0.	0.	0.037037037037037035
176	0.11945891345634709	0.8272536329383446	0.1111111111111111	0.8148148148148148	0.1111111111111111	0.	0.	0.037037037037037035
177	0.4925396446959727	0.9833261838663364	0.4444444444444444	0.9629629629629629	0.1111111111111111	0.	0.	0.037037037037037035
178	0.2713956161810878	0.277937460005288	0.2222222222222222	0.25925925925925924	0.1111111111111111	0.	0.	0.037037037037037035
179	0.8078056561777076	0.4780145344008037	0.7777777777777778	0.4444444444444444	0.037037037037037035	0.	0.	0.1111111111111111
180	0.5484292890181481	0.11868643753290668	0.5185185185185185	0.1111111111111111	0.037037037037037035	0.	0.	0.1111111111111111
181	0.3198283790303099	0.3853060543733917	0.2962962962962963	0.3333333333333333	0.037037037037037035	0.	0.	0.1111111111111111
182	0.8507044628710898	0.862216115265912	0.7777777777777778	0.8518518518518519	0.1111111111111111	0.	0.	0.037037037037037035
183	0.10065577782765808	0.924624200760843	0.	0.8888888888888888	0.1111111111111111	0.	0.	0.037037037037037035
184	0.9589572739401502	0.3280747042093928	0.8888888888888888	0.2962962962962963	0.1111111111111111	0.	0.	0.037037037037037035
185	0.6095234395308401	0.4815091826493462	0.5925925925925926	0.4444444444444444	0.037037037037037035	0.	0.	0.1111111111111111
186	0.6970700285635469	0.6632635399931054	0.6666666666666666	0.5555555555555556	0.037037037037037035	0.	0.	0.1111111111111111
187	0.3404975285135217	0.7079293260266022	0.3333333333333333	0.6666666666666666	0.037037037037037035	0.	0.	0.1111111111111111
188	0.17562308120467007	0.09663878842160736	0.14814814814814814	0.	0.037037037037037035	0.	0.	0.1111111111111111
189	0.5826192308929053	0.6360052888168234	0.5555555555555556	0.6296296296296297	0.1111111111111111	0.	0.	0.037037037037037035
190	0.06371366435397792	0.7260248807680725	0.	0.7037037037037037	0.1111111111111111	0.	0.	0.037037037037037035
191	0.8937538208861568	0.10528475431251648	0.8888888888888888	0.07407407407407407	0.1111111111111111	0.	0.	0.037037037037037035
192	0.1254248920221666	0.129806606588636	0.1111111111111111	0.1111111111111111	0.1111111111111111	0.	0.	0.037037037037037035
193	0.7449357176357289	0.40673106389751795	0.7407407407407407	0.3333333333333333	0.037037037037037035	0.	0.	0.1111111111111111
194	0.4117392691639497	0.873746684230391	0.3333333333333333	0.8518518518518519	0.1111111111111111	0.	0.	0.037037037037037035
195	0.7835436739984428	0.899530082244394	0.7777777777777778	0.8888888888888888	0.037037037037037035	0.	0.	0.1111111111111111
196	0.5053650832252877	0.304985199169474	0.4444444444444444	0.2962962962962963	0.1111111111111111	0.	0.	0.037037037037037035
197	0.2760919105649056	0.5032107151496918	0.2222222222222222	0.48148148148148145	0.1111111111111111	0.	0.	0.037037037037037035
198	0.8163509829238794	0.17384815270658888	0.7777777777777778	0.14814814814814814	0.1111111111111111	0.	0.	0.037037037037037035
199	0.5203386700593421	0.40949265678443075	0.5185185185185185	0.3333333333333333	0.037037037037037035	0.	0.	0.1111111111111111
200	0.3256597923503214	0.7942405536189043	0.2962962962962963	0.7777777777777778	0.037037037037037035	0.	0.	0.1111111111111111
201	0.6287634235059777	0.9329670816661428	0.5925925925925926	0.8888888888888888	0.037037037037037035	0.	0.	0.1111111111111111
202	0.07943897274536418	0.2524151185681525	0.	0.2222222222222222	0.1111111111111111	0.	0.	0.037037037037037035
203	0.9355282575155699	0.5207160877166033	0.8888888888888888	0.5185185185185185	0.1111111111111111	0.	0.	0.037037037037037035
204	0.1526179040055881	0.5571542379972921	0.1111111111111111	0.5555555555555556	0.1111111111111111	0.	0.	0.037037037037037035
205	0.6704960020841849	0.7475072044180572	0.6666666666666666	0.7407407407407407	0.1111111111111111	0.	0.	0.037037037037037035
206	0.3524536454412112	0.007703275256220809	0.3333333333333333	0.	0.037037037037037035	0.	0.	0.1111111111111111
207	0.20031702212493638	0.9991278107131808	0.18518518518518517	0.8888888888888888	0.037037037037037035	0.	0.	0.1111111111111111
208	0.7221613645735705	0.2930712130371264	0.6666666666666666	0.25925925925925924	0.1111111111111111	0.	0.	0.037037037037037035
209	0.390347102507873	0.44645744157669803	0.37037037037037035	0.4444444444444444	0.037037037037037035	0.	0.	0.1111111111111111
210	0.8784631522159891	0.5943307384895002	0.7777777777777778	0.5925925925925926	0.1111111111111111	0.	0.	0.037037037037037035
211	0.4514687313470058	0.69384286229632	0.4444444444444444	0.6666666666666666	0.1111111111111111	0.	0.	0.037037037037037035
212	0.2570185181919999	0.07300882495831722	0.2222222222222222	0.037037037037037035	0.1111111111111111	0.	0.	0.037037037037037035
213	0.6369621182666292	0.21464671081623318	0.5555555555555556	0.18518518518518517	0.1111111111111111	0.	0.	0.037037037037037035
214	0.0199066979822708	0.35364460121089086	0.	0.3333333333333333	0.037037037037037035	0.	0.	0.1111111111111111
215	0.9660927182747252	0.843677775475972	0.9629629629629629	0.7777777777777778	0.037037037037037035	0.	0.	0.1111111111111111
216	0.30767024731793846	0.19000978374515787	0.2962962962962963	0.1111111111111111	0.037037037037037035	0.	0.	0.1111111111111111
217	0.828107238627055	0.36318049508217926	0.7777777777777778	0.3333333333333333	0.1111111111111111	0.	0.	0.037037037037037035
218	0.5362982071572024	0.8253523335640275	0.5185185185185185	0.7777777777777778	0.037037037037037035	0.	0.	0.1111111111111111
219	0.9505399880903046	0.9653665331399994	0.8888888888888888	0.9629629629629629	0.1111111111111111	0.	0.	0.037037037037037035
220	0.5987524053397874	0.2619981627593612	0.5925925925925926	0.2222222222222222	0.037037037037037035	0.	0.	0.1111111111111111
221	0.08881362492937228	0.46676800393314594	0.	0.4444444444444444	0.1111111111111111	0.	0.	0.037037037037037035
222	0.3618797249517694	0.6166734623406386	0.3333333333333333	0.5925925925925926	0.1111111111111111	0.	0.	0.037037037037037035
223	0.16082352405820569	0.6741892287133701	0.14814814814814814	0.6666666666666666	0.037037037037037035	0.	0.	0.1111111111111111
224	0.6822051651136775	0.04473426718189565	0.6666666666666666	0.037037037037037035	0.1111111111111111	0.	0.	0.037037037037037035
225	0.40009414336025634	0.9127658441076063	0.37037037037037035	0.8888888888888888	0.037037037037037035	0.	0.	0.1111111111111111
226	0.21573619544250108	0.3138580976461126	0.18518518518518517	0.2222222222222222	0.037037037037037035	0.	0.	0.1111111111111111
227	0.736199245431923	0.5075930440357617	0.6666666666666666	0.48148148148148145	0.1111111111111111	0.	0.	0.037037037037037035
228	0.22285779263471006	0.6539653895279658	0.2222222222222222	0.5555555555555556	0.037037037037037035	0.	0.	0.1111111111111111
229	0.8572276232917562	0.7287695927718473	0.8518518518518519	0.6666666666666666	0.037037037037037035	0.	0.	0.1111111111111111
230	0.465186356384643	0.08478611293408732	0.4444444444444444	0.07407407407407407	0.1111111111111111	0.	0.	0.037037037037037035
231	0.9802601672244889	0.13816922487717637	0.9629629629629629	0.1111111111111111	0.037037037037037035	0.	0.	0.1111111111111111
232	0.6507503565030432	0.3752827159673873	0.5555555555555556	0.37037037037037035	0.1111111111111111	0.	0.	0.037037037037037035
233	0.03133053536911243	0.8841566198116072	0.	0.7777777777777778	0.037037037037037035	0.	0.	0.1111111111111111
234	0.901839572041839	0.5766720647893595	0.8888888888888888	0.5555555555555556	0.037037037037037035	0.	0.	0.1111111111111111
235	0.5584232872102951	0.7586357915451739	0.5555555555555556	0.6666666666666666	0.037037037037037035	0.	0.	0.1111111111111111
236	0.03837595434969366	0.02119234328879286	0.	0.	0.1111111111111111	0.	0.	0.037037037037037035
237	0.43028883534345025	0.15092647221006078	0.3333333333333333	0.14814814814814814	0.1111111111111111	0.	0.	0.037037037037037035
238	0.1464735499142208	0.42184800573793774	0.1111111111111111	0.4074074074074074	0.1111111111111111	0.	0.	0.037037037037037035
239	0.7648736478329793	0.8143353357855062	0.7407407407407407	0.7777777777777778	0.037037037037037035	0.	0.	0.1111111111111111
240	0.2869794787750629	0.9421215845917741	0.2222222222222222	0.9259259259259259	0.1111111111111111	0.	0.	0.037037037037037035
241	0.7925772876027042	0.22711463942906399	0.7777777777777778	0.2222222222222222	0.037037037037037035	0.	0.	0.1111111111111111
242	0.5167926452473538	0.5426207999718535	0.4444444444444444	0.5185185185185185	0.1111111111111111	0.	0.	0.037037037037037035