0	0.2577067832878607	0.24882995368201427	0.2222222222222222	0.2222222222222222	0.1111111111111111	0.	0.	0.1111111111111111
1	0.42158775534799686	0.4066010432401266	0.3333333333333333	0.3333333333333333	0.1111111111111111	0.	0.	0.1111111111111111
2	0.8063782897484632	0.8312347276673502	0.7777777777777778	0.7777777777777778	0.1111111111111111	0.	0.	0.1111111111111111
3	0.08426851425506306	0.6385902605166554	0.	0.5555555555555556	0.1111111111111111	0.	0.	0.1111111111111111
4	0.47466447840174325	0.770701929327577	0.4444444444444444	0.6666666666666666	0.1111111111111111	0.	0.	0.1111111111111111
5	0.9027814556292091	0.2209747869065335	0.8888888888888888	0.1111111111111111	0.1111111111111111	0.	0.	0.1111111111111111
6	0.1866122444546292	0.8994059079479058	0.1111111111111111	0.8888888888888888	0.1111111111111111	0.	0.	0.1111111111111111
7	0.6531769223662991	0.10268700837864049	0.5555555555555556	0.	0.1111111111111111	0.	0.	0.1111111111111111
8	0.7500038853133553	0.5386689336057976	0.6666666666666666	0.4444444444444444	0.1111111111111111	0.	0.	0.1111111111111111
9	0.6793126369731055	0.2857955498235579	0.6666666666666666	0.2222222222222222	0.1111111111111111	0.	0.	0.1111111111111111
10	0.1408191785127813	0.4416077230236524	0.1111111111111111	0.3333333333333333	0.1111111111111111	0.	0.	0.1111111111111111
11	0.5848129498385926	0.8857790155061555	0.5555555555555556	0.7777777777777778	0.1111111111111111	0.	0.	0.1111111111111111
12	0.8446713436469799	0.5925460781020627	0.7777777777777778	0.5555555555555556	0.1111111111111111	0.	0.	0.1111111111111111
13	0.2772573720711675	0.6940282629192592	0.2222222222222222	0.6666666666666666	0.1111111111111111	0.	0.	0.1111111111111111
14	0.3492842183332918	0.1225456190745417	0.3333333333333333	0.1111111111111111	0.1111111111111111	0.	0.	0.1111111111111111
15	0.9470917304359019	0.9476882924141543	0.8888888888888888	0.8888888888888888	0.1111111111111111	0.	0.	0.1111111111111111
16	0.01891142107355091	0.01073822143670878	0.	0.	0.1111111111111111	0.	0.	0.1111111111111111
17	0.5048964262014891	0.45713856054388147	0.4444444444444444	0.4444444444444444	0.1111111111111111	0.	0.	0.1111111111111111
18	0.5410335745046256	0.3227574712325897	0.4444444444444444	0.2222222222222222	0.1111111111111111	0.	0.	0.1111111111111111
19	0.9861366555998883	0.3467400877017977	0.8888888888888888	0.3333333333333333	0.1111111111111111	0.	0.	0.1111111111111111
20	0.04399232225428325	0.7851190983345229	0.	0.7777777777777778	0.1111111111111111	0.	0.	0.1111111111111111
21	0.6233543876061409	0.6025961015534553	0.5555555555555556	0.5555555555555556	0.1111111111111111	0.	0.	0.1111111111111111
22	0.7052880993429682	0.7242990565392288	0.6666666666666666	0.6666666666666666	0.1111111111111111	0.	0.	0.1111111111111111
23	0.1775916193219197	0.1754093246558608	0.1111111111111111	0.1111111111111111	0.1111111111111111	0.	0.	0.1111111111111111
24	0.3707942147582184	0.9632993089669384	0.3333333333333333	0.8888888888888888	0.1111111111111111	0.	0.	0.1111111111111111
25	0.8604926743217927	0.06439566579901078	0.7777777777777778	0.	0.1111111111111111	0.	0.	0.1111111111111111
26	0.3199482143719731	0.484122354544169	0.2222222222222222	0.4444444444444444	0.1111111111111111	0.	0.	0.1111111111111111