0	0.9988812594782512	0.754270999160639	0.6666666666666666	0.6666666666666666	0.3333333333333333	0.	0.	0.1111111111111111
1	0.17366039030871527	0.126191403711055	0.	0.1111111111111111	0.3333333333333333	0.	0.	0.1111111111111111
2	0.44240284789549855	0.5812949866985481	0.3333333333333333	0.5555555555555556	0.3333333333333333	0.	0.	0.1111111111111111
3	0.45291123292483715	0.2655878490033431	0.4444444444444444	0.	0.1111111111111111	0.	0.	0.3333333333333333
4	0.7305363131340911	0.42040055260646436	0.6666666666666666	0.3333333333333333	0.1111111111111111	0.	0.	0.3333333333333333
5	0.2726912506340538	0.8236349480559695	0.	0.7777777777777778	0.3333333333333333	0.	0.	0.1111111111111111
6	0.0068345903443773025	0.5524646331581429	0.	0.3333333333333333	0.1111111111111111	0.	0.	0.3333333333333333
7	0.5582814094963022	0.907598305502457	0.5555555555555556	0.6666666666666666	0.1111111111111111	0.	0.	0.3333333333333333
8	0.8516051500483925	0.07049285580419229	0.6666666666666666	0.	0.3333333333333333	0.	0.	0.1111111111111111
9	0.3903730286878727	0.8728715764952741	0.3333333333333333	0.6666666666666666	0.1111111111111111	0.	0.	0.3333333333333333
10	0.9543031396049887	0.3221259438002172	0.6666666666666666	0.2222222222222222	0.3333333333333333	0.	0.	0.1111111111111111
11	0.11310775219910128	0.3580953587614722	0.1111111111111111	0.3333333333333333	0.1111111111111111	0.	0.	0.3333333333333333
12	0.25544430786846334	0.07859992746365392	0.	0.	0.3333333333333333	0.	0.	0.1111111111111111
13	0.533357956536298	0.46588542111583225	0.3333333333333333	0.4444444444444444	0.3333333333333333	0.	0.	0.1111111111111111
14	0.6930647921067143	0.9561020454961018	0.6666666666666666	0.8888888888888888	0.3333333333333333	0.	0.	0.1111111111111111
15	0.8075669646200186	0.6155626890450804	0.7777777777777778	0.3333333333333333	0.1111111111111111	0.	0.	0.3333333333333333
16	0.10468028791666029	0.685747231263927	0.	0.6666666666666666	0.3333333333333333	0.	0.	0.1111111111111111
17	0.6402896578175898	0.1848486800087643	0.5555555555555556	0.	0.1111111111111111	0.	0.	0.3333333333333333
18	0.21217683714193028	0.9994548877184792	0.	0.8888888888888888	0.3333333333333333	0.	0.	0.1111111111111111
19	0.3695310377178666	0.003097856293294803	0.3333333333333333	0.	0.1111111111111111	0.	0.	0.3333333333333333
20	0.9056986804501882	0.5113552190059829	0.8888888888888888	0.3333333333333333	0.1111111111111111	0.	0.	0.3333333333333333
21	0.7441438829013506	0.1966928875221844	0.6666666666666666	0.1111111111111111	0.3333333333333333	0.	0.	0.1111111111111111
22	0.30626411879488036	0.6491188595861794	0.2222222222222222	0.3333333333333333	0.1111111111111111	0.	0.	0.3333333333333333
23	0.5012103201731628	0.7057116021553522	0.4444444444444444	0.6666666666666666	0.1111111111111111	0.	0.	0.3333333333333333
24	0.6140054344587507	0.3944241678968094	0.3333333333333333	0.3333333333333333	0.3333333333333333	0.	0.	0.1111111111111111
25	0.8558757880596586	0.810474541870018	0.6666666666666666	0.7777777777777778	0.3333333333333333	0.	0.	0.1111111111111111
26	0.05615014164450485	0.2520539425230726	0.	0.2222222222222222	0.3333333333333333	0.	0.	0.1111111111111111