0	0.4787218976089483	0.7686453249680005	0.3944444444444445	0.6166666666666667	0.21111111111111103	0.	0.	0.21111111111111103
1	0.7881833313845894	0.523871408704286	0.7277777777777779	0.3944444444444445	0.21111111111111103	0.	0.	0.21111111111111103
2	0.168543341203275	0.2198269229896099	0.061111111111111116	0.061111111111111116	0.21111111111111108	0.	0.	0.21111111111111108
3	0.9112963348375379	0.90248204451572	0.8388888888888889	0.8388888888888889	0.1611111111111111	0.	0.	0.1611111111111111
4	0.2693400546161271	0.4393562107139872	0.17222222222222225	0.2833333333333333	0.21111111111111105	0.	0.	0.21111111111111114
5	0.6598191033377863	0.006474808994076374	0.5055555555555556	0.	0.21111111111111103	0.	0.	0.1611111111111111
6	0.007856080803890232	0.8604509212383619	0.	0.7277777777777779	0.1611111111111111	0.	0.	0.21111111111111103
7	0.3731200769473673	0.6087882977195871	0.2833333333333333	0.5055555555555556	0.21111111111111114	0.	0.	0.21111111111111103
8	0.7676467114606665	0.3114652866659993	0.6166666666666667	0.17222222222222225	0.21111111111111103	0.	0.	0.21111111111111105
9	0.1915887356867867	0.46064578427600916	0.061111111111111116	0.3944444444444445	0.21111111111111108	0.	0.	0.21111111111111103
10	0.5158715762535041	0.11944866533203238	0.3944444444444445	0.061111111111111116	0.21111111111111103	0.	0.	0.21111111111111108
11	0.8228719261153995	0.6965690397443074	0.7277777777777779	0.6166666666666667	0.21111111111111103	0.	0.	0.21111111111111103
12	0.5640767646648652	0.3553230780901386	0.5055555555555556	0.2833333333333333	0.21111111111111103	0.	0.	0.21111111111111114
13	0.9624756612532521	0.0710609594699744	0.8388888888888889	0.	0.1611111111111111	0.	0.	0.1611111111111111
14	0.3280588773059617	0.9557399187183067	0.17222222222222225	0.8388888888888889	0.21111111111111105	0.	0.	0.1611111111111111
15	0.6998670807693566	0.6490513351932367	0.6166666666666667	0.5055555555555556	0.21111111111111103	0.	0.	0.21111111111111103
16	0.04069719623596538	0.250455977647928	0.	0.17222222222222225	0.1611111111111111	0.	0.	0.21111111111111105
17	0.42552450893564714	0.8116655234514454	0.2833333333333333	0.7277777777777779	0.21111111111111114	0.	0.	0.21111111111111103
18	0.8885277068210676	0.17723928896285088	0.7277777777777779	0.061111111111111116	0.21111111111111103	0.	0.	0.21111111111111108
19	0.1468722054776681	0.7340139127231343	0.061111111111111116	0.6166666666666667	0.21111111111111108	0.	0.	0.21111111111111103
20	0.5303164808439785	0.4939507566071619	0.3944444444444445	0.3944444444444445	0.21111111111111103	0.	0.	0.21111111111111103
21	0.2562053715577581	0.08495701681900464	0.17222222222222225	0.	0.21111111111111105	0.	0.	0.1611111111111111
22	0.617245677817864	0.9936633131105946	0.5055555555555556	0.8388888888888889	0.21111111111111103	0.	0.	0.1611111111111111
23	0.9945377454383075	0.3808583572357217	0.8388888888888889	0.2833333333333333	0.1611111111111111	0.	0.	0.21111111111111114
24	0.34833363360569874	0.28819055136067756	0.2833333333333333	0.17222222222222225	0.21111111111111114	0.	0.	0.21111111111111105
25	0.7248489758286032	0.8316306962278394	0.6166666666666667	0.7277777777777779	0.21111111111111103	0.	0.	0.21111111111111103
26	0.09668326378405179	0.5845317351469934	0.	0.5055555555555556	0.1611111111111111	0.	0.	0.21111111111111103
27	0.3030601805196042	0.6574378439752576	0.17222222222222225	0.5055555555555556	0.21111111111111105	0.	0.	0.21111111111111103
28	0.5748868090109366	0.2334167540633092	0.5055555555555556	0.17222222222222225	0.21111111111111103	0.	0.	0.21111111111111105
29	0.929210485475038	0.7812495895125463	0.8388888888888889	0.7277777777777779	0.1611111111111111	0.	0.	0.21111111111111103
30	0.4439872228853647	0.4756698726552551	0.2833333333333333	0.3944444444444445	0.21111111111111114	0.	0.	0.21111111111111103
31	0.6707610870145109	0.13497724690549337	0.6166666666666667	0.061111111111111116	0.21111111111111103	0.	0.	0.21111111111111108
32	0.05459464827977472	0.6755426625530553	0.	0.6166666666666667	0.1611111111111111	0.	0.	0.21111111111111103
33	0.8373099157386072	0.3696225541304984	0.7277777777777779	0.2833333333333333	0.21111111111111103	0.	0.	0.21111111111111114
34	0.2024626692713026	0.038206382350968876	0.061111111111111116	0.	0.21111111111111108	0.	0.	0.1611111111111111
35	0.49291455603251105	0.9311753359539019	0.3944444444444445	0.8388888888888889	0.21111111111111103	0.	0.	0.1611111111111111
36	0.9673877401288741	0.2713809172510406	0.8388888888888889	0.17222222222222225	0.1611111111111111	0.	0.	0.21111111111111105
37	0.22803127912697116	0.8444046635506328	0.17222222222222225	0.7277777777777779	0.21111111111111105	0.	0.	0.21111111111111103
38	0.6259280795721329	0.5609522611834123	0.5055555555555556	0.5055555555555556	0.21111111111111103	0.	0.	0.21111111111111103
39	0.09940467810415675	0.1557885003856882	0.	0.061111111111111116	0.1611111111111111	0.	0.	0.21111111111111108
40	0.3657960623072089	0.7046659338315652	0.2833333333333333	0.6166666666666667	0.21111111111111114	0.	0.	0.21111111111111103
41	0.7392300961484082	0.5119354722615096	0.6166666666666667	0.3944444444444445	0.21111111111111103	0.	0.	0.21111111111111103
42	0.5426772743555128	0.09556219332185775	0.3944444444444445	0.	0.21111111111111103	0.	0.	0.1611111111111111
43	0.8524384453330586	0.9747427650029801	0.7277777777777779	0.8388888888888889	0.21111111111111103	0.	0.	0.1611111111111111
44	0.1150098741077854	0.394518660403976	0.061111111111111116	0.2833333333333333	0.21111111111111108	0.	0.	0.21111111111111114
45	0.6313541193911059	0.8735968711246967	0.5055555555555556	0.7277777777777779	0.21111111111111103	0.	0.	0.21111111111111103
46	0.915776547034059	0.6184002226755401	0.8388888888888889	0.5055555555555556	0.1611111111111111	0.	0.	0.21111111111111103
47	0.2824210174043393	0.3322431018871591	0.17222222222222225	0.17222222222222225	0.21111111111111105	0.	0.	0.21111111111111105
48	0.7458647994565235	0.7442075974803009	0.6166666666666667	0.6166666666666667	0.21111111111111103	0.	0.	0.21111111111111103
49	0.024271453369967045	0.5417209052152117	0.	0.3944444444444445	0.1611111111111111	0.	0.	0.21111111111111103
50	0.3891819602068938	0.1972077329480975	0.2833333333333333	0.061111111111111116	0.21111111111111114	0.	0.	0.21111111111111108
51	0.18324870956080658	0.9166206875548081	0.061111111111111116	0.8388888888888889	0.21111111111111108	0.	0.	0.1611111111111111
52	0.44827155833085874	0.4166006959258506	0.3944444444444445	0.2833333333333333	0.21111111111111103	0.	0.	0.21111111111111114
53	0.7916557737863987	0.012685821064048058	0.7277777777777779	0.	0.21111111111111103	0.	0.	0.1611111111111111
54	0.7109327336927018	0.103710255757795	0.6166666666666667	0.	0.21111111111111103	0.	0.	0.1611111111111111
55	0.07884034066492888	0.9772321385924427	0.	0.8388888888888889	0.1611111111111111	0.	0.	0.1611111111111111
56	0.3362337194303629	0.3998020851533573	0.2833333333333333	0.2833333333333333	0.21111111111111114	0.	0.	0.21111111111111114
57	0.1349576385809924	0.28360318255307	0.061111111111111116	0.17222222222222225	0.21111111111111108	0.	0.	0.21111111111111105
58	0.5526839805315511	0.8173439522623354	0.3944444444444445	0.7277777777777779	0.21111111111111103	0.	0.	0.21111111111111103
59	0.8758930859401879	0.5723614349162622	0.7277777777777779	0.5055555555555556	0.21111111111111103	0.	0.	0.21111111111111103
60	0.6016630257948662	0.1726814943956152	0.5055555555555556	0.061111111111111116	0.21111111111111103	0.	0.	0.21111111111111108
61	0.9828351781707996	0.7175633372348563	0.8388888888888889	0.6166666666666667	0.1611111111111111	0.	0.	0.21111111111111103
62	0.23763357802173438	0.4832207381439412	0.17222222222222225	0.3944444444444445	0.21111111111111105	0.	0.	0.21111111111111103
63	0.4009400149888992	0.901116296751495	0.2833333333333333	0.8388888888888889	0.21111111111111114	0.	0.	0.1611111111111111
64	0.7626073815282047	0.4299438742384118	0.6166666666666667	0.2833333333333333	0.21111111111111103	0.	0.	0.21111111111111114
65	0.03322607184051125	0.025339398092598036	0.	0.	0.1611111111111111	0.	0.	0.1611111111111111
66	0.8097337679353694	0.8879242195508491	0.7277777777777779	0.7277777777777779	0.21111111111111103	0.	0.	0.21111111111111103
67	0.1549961020948137	0.5993621158224288	0.061111111111111116	0.5055555555555556	0.21111111111111108	0.	0.	0.21111111111111103
68	0.4682702837983702	0.29724866203449557	0.3944444444444445	0.17222222222222225	0.21111111111111103	0.	0.	0.21111111111111105
69	0.2868910795611879	0.763279750028915	0.17222222222222225	0.6166666666666667	0.21111111111111105	0.	0.	0.21111111111111103
70	0.6506539444622231	0.5517079505828614	0.5055555555555556	0.3944444444444445	0.21111111111111103	0.	0.	0.21111111111111103
71	0.8915227626659328	0.2090249947174752	0.8388888888888889	0.061111111111111116	0.1611111111111111	0.	0.	0.21111111111111108
72	0.06253561015629885	0.3427878384614811	0.	0.2833333333333333	0.1611111111111111	0.	0.	0.21111111111111114
73	0.41786026362345197	0.059305170099044506	0.2833333333333333	0.	0.21111111111111114	0.	0.	0.1611111111111111
74	0.6833863872732175	0.9464758019031873	0.6166666666666667	0.8388888888888889	0.21111111111111103	0.	0.	0.1611111111111111
75	0.5042023594850882	0.6351025083067646	0.3944444444444445	0.5055555555555556	0.21111111111111103	0.	0.	0.21111111111111103
76	0.8484008736392187	0.23590827002784906	0.7277777777777779	0.17222222222222225	0.21111111111111103	0.	0.	0.21111111111111105
77	0.2153712156061696	0.7944299137639741	0.061111111111111116	0.7277777777777779	0.21111111111111108	0.	0.	0.21111111111111103
78	0.9451076175099592	0.4557839161332189	0.8388888888888889	0.3944444444444445	0.1611111111111111	0.	0.	0.21111111111111103
79	0.3094749668750741	0.1378170390638959	0.17222222222222225	0.061111111111111116	0.21111111111111105	0.	0.	0.21111111111111108
80	0.5892302940814952	0.6828616697141177	0.5055555555555556	0.6166666666666667	0.21111111111111103	0.	0.	0.21111111111111103