0	0.7066457680300949	0.06925155077863387	0.6666666666666666	0.037037037037037035	0.1111111111111111	0.	0.	0.037037037037037035
1	0.01287207777662649	0.9566344257027666	0.	0.9259259259259259	0.1111111111111111	0.	0.	0.037037037037037035
2	0.5597478282397536	0.4438322827061426	0.5555555555555556	0.4074074074074074	0.1111111111111111	0.	0.	0.037037037037037035
3	0.5143829155268725	0.8735402108964522	0.48148148148148145	0.7777777777777778	0.037037037037037035	0.	0.	0.1111111111111111
4	0.9356272731013631	0.6554760590716546	0.9259259259259259	0.5555555555555556	0.037037037037037035	0.	0.	0.1111111111111111
5	0.22607813513617928	0.2357622899667206	0.2222222222222222	0.2222222222222222	0.1111111111111111	0.	0.	0.037037037037037035
6	0.19936790178384187	0.48933766467197176	0.18518518518518517	0.4444444444444444	0.037037037037037035	0.	0.	0.1111111111111111
7	0.3683921881237073	0.1971437327191369	0.3333333333333333	0.18518518518518517	0.1111111111111111	0.	0.	0.037037037037037035
8	0.7901259828998528	0.6993485442634914	0.7777777777777778	0.6666666666666666	0.037037037037037035	0.	0.	0.1111111111111111
9	0.5336021236261117	0.6086525735262975	0.5185185185185185	0.5555555555555556	0.037037037037037035	0.	0.	0.1111111111111111
10	0.9856796543010574	0.3299012303915604	0.8888888888888888	0.2962962962962963	0.1111111111111111	0.	0.	0.037037037037037035
11	0.2748036763400675	0.8483027494191201	0.25925925925925924	0.7777777777777778	0.037037037037037035	0.	0.	0.1111111111111111
12	0.12594373568783207	0.1504574168249527	0.1111111111111111	0.14814814814814814	0.1111111111111111	0.	0.	0.037037037037037035
13	0.38417791235265997	0.7737471838597914	0.37037037037037035	0.6666666666666666	0.037037037037037035	0.	0.	0.1111111111111111
14	0.8471328414090836	0.4726178717925266	0.8148148148148148	0.4444444444444444	0.037037037037037035	0.	0.	0.1111111111111111
15	0.7736114502021944	0.9259116735391176	0.6666666666666666	0.8888888888888888	0.1111111111111111	0.	0.	0.037037037037037035
16	0.043474178947377935	0.3953459312266781	0.037037037037037035	0.3333333333333333	0.037037037037037035	0.	0.	0.1111111111111111
17	0.6032579336986656	0.011167967250522298	0.5925925925925926	0.	0.037037037037037035	0.	0.	0.1111111111111111
18	0.15280758249554868	0.7212235506384553	0.14814814814814814	0.6666666666666666	0.037037037037037035	0.	0.	0.1111111111111111
19	0.40765067968996	0.5550006485760919	0.4074074074074074	0.4444444444444444	0.037037037037037035	0.	0.	0.1111111111111111
20	0.8770582187768597	0.1473622458138329	0.7777777777777778	0.1111111111111111	0.1111111111111111	0.	0.	0.037037037037037035
21	0.673428868824402	0.3423331731258368	0.6666666666666666	0.3333333333333333	0.037037037037037035	0.	0.	0.1111111111111111
22	0.08663074261585237	0.0980497480434839	0.	0.07407407407407407	0.1111111111111111	0.	0.	0.037037037037037035
23	0.6615841648650304	0.9908053279718684	0.6296296296296297	0.8888888888888888	0.037037037037037035	0.	0.	0.1111111111111111
24	0.45516952339950534	0.2629072258488632	0.4444444444444444	0.25925925925925924	0.1111111111111111	0.	0.	0.037037037037037035
25	0.8940940266068375	0.8036148599254904	0.8888888888888888	0.7777777777777778	0.037037037037037035	0.	0.	0.1111111111111111
26	0.3176273398729135	0.5633038258507456	0.2962962962962963	0.5555555555555556	0.037037037037037035	0.	0.	0.1111111111111111
27	0.9497989422719112	0.17934401588485246	0.9259259259259259	0.1111111111111111	0.037037037037037035	0.	0.	0.1111111111111111
28	0.2390281876220887	0.758937507647752	0.2222222222222222	0.7407407407407407	0.1111111111111111	0.	0.	0.037037037037037035
29	0.493016603638293	0.46051779500317885	0.4444444444444444	0.4444444444444444	0.1111111111111111	0.	0.	0.037037037037037035
30	0.34075932158559635	0.9049388324942204	0.3333333333333333	0.8888888888888888	0.037037037037037035	0.	0.	0.1111111111111111
31	0.806572082631042	0.3941229981428955	0.7777777777777778	0.37037037037037035	0.1111111111111111	0.	0.	0.037037037037037035
32	0.21500926262747727	0.03183949829767521	0.18518518518518517	0.	0.037037037037037035	0.	0.	0.1111111111111111
33	0.027863577103343817	0.5945449691140797	0.	0.5555555555555556	0.037037037037037035	0.	0.	0.1111111111111111
34	0.5780487713613582	0.3192041176049761	0.5555555555555556	0.2222222222222222	0.037037037037037035	0.	0.	0.1111111111111111
35	0.7175315311386814	0.830659416501158	0.7037037037037037	0.7777777777777778	0.037037037037037035	0.	0.	0.1111111111111111
36	0.40566424972944576	0.3623645134576246	0.3333333333333333	0.3333333333333333	0.1111111111111111	0.	0.	0.037037037037037035
37	0.8158727858780507	0.07656006202260167	0.8148148148148148	0.	0.037037037037037035	0.	0.	0.1111111111111111
38	0.1415352041435269	0.9784186022575933	0.1111111111111111	0.8888888888888888	0.037037037037037035	0.	0.	0.1111111111111111
39	0.05127816562123022	0.2925015425982456	0.	0.25925925925925924	0.1111111111111111	0.	0.	0.037037037037037035
40	0.6088361501190506	0.7945263972172966	0.5555555555555556	0.7777777777777778	0.1111111111111111	0.	0.	0.037037037037037035
41	0.7527034172939675	0.5872057358673494	0.7407407407407407	0.5555555555555556	0.037037037037037035	0.	0.	0.1111111111111111
42	0.9944928338573235	0.7058516859528648	0.8888888888888888	0.7037037037037037	0.1111111111111111	0.	0.	0.037037037037037035
43	0.28894695430868994	0.5340050579169722	0.2222222222222222	0.5185185185185185	0.1111111111111111	0.	0.	0.037037037037037035
44	0.5483438073921795	0.12869803245400027	0.5185185185185185	0.1111111111111111	0.037037037037037035	0.	0.	0.1111111111111111
45	0.10566155334821918	0.8618267613960224	0.07407407407407407	0.7777777777777778	0.037037037037037035	0.	0.	0.1111111111111111
46	0.6332856916437719	0.6439394260671983	0.5555555555555556	0.6296296296296297	0.1111111111111111	0.	0.	0.037037037037037035
47	0.6796234035348949	0.23030167961337047	0.6666666666666666	0.2222222222222222	0.1111111111111111	0.	0.	0.037037037037037035
48	0.9113807168830452	0.5152091831329723	0.8888888888888888	0.48148148148148145	0.1111111111111111	0.	0.	0.037037037037037035
49	0.3329834051876039	0.22174147239452446	0.2962962962962963	0.1111111111111111	0.037037037037037035	0.	0.	0.1111111111111111
50	0.46450982789056017	0.6856951250884066	0.4444444444444444	0.6666666666666666	0.1111111111111111	0.	0.	0.037037037037037035
51	0.4288879380013035	0.049873535039942955	0.4074074074074074	0.	0.037037037037037035	0.	0.	0.1111111111111111
52	0.8554362372232029	0.9485229961598648	0.8518518518518519	0.8888888888888888	0.037037037037037035	0.	0.	0.1111111111111111
53	0.1693759765675859	0.42315773168448323	0.1111111111111111	0.4074074074074074	0.1111111111111111	0.	0.	0.037037037037037035
54	0.7830547229180401	0.2740460327073719	0.7777777777777778	0.2222222222222222	0.037037037037037035	0.	0.	0.1111111111111111
55	0.18989017124491828	0.7882933737490928	0.1111111111111111	0.7777777777777778	0.1111111111111111	0.	0.	0.037037037037037035
56	0.34707542704760413	0.5683667950423413	0.3333333333333333	0.5555555555555556	0.1111111111111111	0.	0.	0.037037037037037035
57	0.587958805658314	0.7331091817053245	0.5555555555555556	0.6666666666666666	0.037037037037037035	0.	0.	0.1111111111111111
58	0.7313316135258229	0.5265238092935932	0.6666666666666666	0.5185185185185185	0.1111111111111111	0.	0.	0.037037037037037035
59	0.00047412137083264403	0.12151557202059418	0.	0.1111111111111111	0.037037037037037035	0.	0.	0.1111111111111111
60	0.24952882396470258	0.3474355861098164	0.2222222222222222	0.3333333333333333	0.037037037037037035	0.	0.	0.1111111111111111
61	0.498839924114941	0.10958917559984808	0.4444444444444444	0.07407407407407407	0.1111111111111111	0.	0.	0.037037037037037035
62	0.9525254122530415	0.9676799600893934	0.8888888888888888	0.9629629629629629	0.1111111111111111	0.	0.	0.037037037037037035
63	0.6261499668215362	0.49957498763055863	0.5925925925925926	0.4444444444444444	0.037037037037037035	0.	0.	0.1111111111111111
64	0.7619891230550447	0.20835343240369167	0.7407407407407407	0.1111111111111111	0.037037037037037035	0.	0.	0.1111111111111111
65	0.07311835797099518	0.6710423576315638	0.	0.6666666666666666	0.1111111111111111	0.	0.	0.037037037037037035
66	0.2615382653824141	0.04155706815667838	0.2222222222222222	0.037037037037037035	0.1111111111111111	0.	0.	0.037037037037037035
67	0.5256400511813577	0.9334593108385308	0.4444444444444444	0.9259259259259259	0.1111111111111111	0.	0.	0.037037037037037035
68	0.9674478935470034	0.40899469740400507	0.9629629629629629	0.3333333333333333	0.037037037037037035	0.	0.	0.1111111111111111
69	0.8393767501542749	0.8832802111643954	0.7777777777777778	0.8518518518518519	0.1111111111111111	0.	0.	0.037037037037037035
70	0.11135735346545739	0.639260470294848	0.1111111111111111	0.6296296296296297	0.1111111111111111	0.	0.	0.037037037037037035
71	0.3705414592394811	0.2572699013861396	0.37037037037037035	0.2222222222222222	0.037037037037037035	0.	0.	0.1111111111111111
72	0.3075822129101006	0.8925726030285747	0.2222222222222222	0.8888888888888888	0.1111111111111111	0.	0.	0.037037037037037035
73	0.47265539174929894	0.3739706772882285	0.4444444444444444	0.3333333333333333	0.037037037037037035	0.	0.	0.1111111111111111
74	0.9205354977151625	0.022596514420967207	0.8888888888888888	0.	0.1111111111111111	0.	0.	0.037037037037037035
75	0.8750736051030072	0.6246152923522844	0.7777777777777778	0.5925925925925926	0.1111111111111111	0.	0.	0.037037037037037035
76	0.17365046311046628	0.3006340216215737	0.14814814814814814	0.2222222222222222	0.037037037037037035	0.	0.	0.1111111111111111
77	0.4440405112389396	0.816340330415514	0.3333333333333333	0.8148148148148148	0.1111111111111111	0.	0.	0.037037037037037035
78	0.6485091448015801	0.1702294213630675	0.5555555555555556	0.14814814814814814	0.1111111111111111	0.	0.	0.037037037037037035
79	0.698301748826712	0.7422844063021836	0.6666666666666666	0.7407407407407407	0.1111111111111111	0.	0.	0.037037037037037035
80	0.08635027646494281	0.45477949842417	0.	0.4444444444444444	0.1111111111111111	0.	0.	0.037037037037037035
81	0.7336268690046831	0.2980791610464705	0.6666666666666666	0.2962962962962963	0.1111111111111111	0.	0.	0.037037037037037035
82	0.00567270204441872	0.8250037786032872	0.	0.7777777777777778	0.037037037037037035	0.	0.	0.1111111111111111
83	0.5913360870286858	0.6198234445984606	0.5555555555555556	0.5925925925925926	0.1111111111111111	0.	0.	0.037037037037037035
84	0.5028026589476531	0.749157243634233	0.4444444444444444	0.7407407407407407	0.1111111111111111	0.	0.	0.037037037037037035
85	0.9555957644081475	0.4489937615732726	0.8888888888888888	0.4444444444444444	0.1111111111111111	0.	0.	0.037037037037037035
86	0.2523144561928422	0.1679621354942502	0.2222222222222222	0.1111111111111111	0.037037037037037035	0.	0.	0.1111111111111111
87	0.1937877382972725	0.3814271509355648	0.1111111111111111	0.37037037037037035	0.1111111111111111	0.	0.	0.037037037037037035
88	0.3504278887015703	0.018005675654047988	0.3333333333333333	0.	0.037037037037037035	0.	0.	0.1111111111111111
89	0.7896806872287024	0.8977327809836098	0.7777777777777778	0.8888888888888888	0.037037037037037035	0.	0.	0.1111111111111111
90	0.5301186518644172	0.5189095811261201	0.4444444444444444	0.5185185185185185	0.1111111111111111	0.	0.	0.037037037037037035
91	0.9742173574098193	0.1173639881154212	0.9629629629629629	0.1111111111111111	0.037037037037037035	0.	0.	0.1111111111111111
92	0.2667805883648038	0.7317635567797757	0.2222222222222222	0.7037037037037037	0.1111111111111111	0.	0.	0.037037037037037035
93	0.1172361029499742	0.1069303564892253	0.1111111111111111	0.	0.037037037037037035	0.	0.	0.1111111111111111
94	0.374965628108533	0.9659790691486461	0.37037037037037035	0.8888888888888888	0.037037037037037035	0.	0.	0.1111111111111111
95	0.829114413891173	0.35735149085864	0.7777777777777778	0.3333333333333333	0.1111111111111111	0.	0.	0.037037037037037035
96	0.7559346144958274	0.7856875900369154	0.7407407407407407	0.7777777777777778	0.037037037037037035	0.	0.	0.1111111111111111
97	0.06280416332515307	0.577237234519795	0.037037037037037035	0.5555555555555556	0.037037037037037035	0.	0.	0.1111111111111111
98	0.6194385355115622	0.2835025657785143	0.5925925925925926	0.2222222222222222	0.037037037037037035	0.	0.	0.1111111111111111
99	0.17995419356013118	0.9265987960349372	0.14814814814814814	0.8888888888888888	0.037037037037037035	0.	0.	0.1111111111111111
100	0.43409091957790935	0.4158444968906466	0.3333333333333333	0.4074074074074074	0.1111111111111111	0.	0.	0.037037037037037035
101	0.8667344866901622	0.039646391374342956	0.8518518518518519	0.	0.037037037037037035	0.	0.	0.1111111111111111
102	0.7019082763758183	0.6341484630841675	0.6666666666666666	0.5555555555555556	0.037037037037037035	0.	0.	0.1111111111111111
103	0.07680030658712356	0.2519055886415271	0.	0.2222222222222222	0.1111111111111111	0.	0.	0.037037037037037035
104	0.6534754068380381	0.8771584371901059	0.5555555555555556	0.8518518518518519	0.1111111111111111	0.	0.	0.037037037037037035
105	0.4754434838370151	0.20423198887656147	0.4444444444444444	0.1111111111111111	0.037037037037037035	0.	0.	0.1111111111111111
106	0.923143397990669	0.6705571552773504	0.8888888888888888	0.6666666666666666	0.1111111111111111	0.	0.	0.037037037037037035
107	0.3001383852984605	0.494818521760388	0.2222222222222222	0.48148148148148145	0.1111111111111111	0.	0.	0.037037037037037035
108	0.9286365595393175	0.092852920847973	0.8888888888888888	0.07407407407407407	0.1111111111111111	0.	0.	0.037037037037037035
109	0.2298744194708814	0.9998683110433015	0.2222222222222222	0.9629629629629629	0.1111111111111111	0.	0.	0.037037037037037035
110	0.5183994299967617	0.3389081228139864	0.48148148148148145	0.3333333333333333	0.037037037037037035	0.	0.	0.1111111111111111
111	0.3581849797314153	0.8122663598551528	0.3333333333333333	0.7777777777777778	0.1111111111111111	0.	0.	0.037037037037037035
112	0.7972573644653057	0.5569118097588964	0.7777777777777778	0.5555555555555556	0.1111111111111111	0.	0.	0.037037037037037035
113	0.2046686711674319	0.2678969955045408	0.18518518518518517	0.2222222222222222	0.037037037037037035	0.	0.	0.1111111111111111
114	0.019699064840458996	0.5484768230727208	0.	0.5185185185185185	0.1111111111111111	0.	0.	0.037037037037037035
115	0.5657256939758805	0.1431188133848715	0.5555555555555556	0.1111111111111111	0.1111111111111111	0.	0.	0.037037037037037035
116	0.7083314403642703	0.7192236916858914	0.6666666666666666	0.7037037037037037	0.1111111111111111	0.	0.	0.037037037037037035
117	0.3905307298637304	0.6647739402342243	0.3333333333333333	0.6296296296296297	0.1111111111111111	0.	0.	0.037037037037037035
118	0.8479392460147694	0.24550530246564556	0.8148148148148148	0.2222222222222222	0.037037037037037035	0.	0.	0.1111111111111111
119	0.1294940099739192	0.8723170300198896	0.1111111111111111	0.8518518518518519	0.1111111111111111	0.	0.	0.037037037037037035
120	0.049123525661889635	0.1913400033591581	0.037037037037037035	0.1111111111111111	0.037037037037037035	0.	0.	0.1111111111111111
121	0.5935630592492145	0.6933485613009659	0.5925925925925926	0.6666666666666666	0.037037037037037035	0.	0.	0.1111111111111111
122	0.7777152350521829	0.48149761210314646	0.6666666666666666	0.48148148148148145	0.1111111111111111	0.	0.	0.037037037037037035
123	0.9792920976188569	0.9547119366041926	0.8888888888888888	0.9259259259259259	0.1111111111111111	0.	0.	0.037037037037037035
124	0.2786450064768429	0.4383786182941569	0.25925925925925924	0.3333333333333333	0.037037037037037035	0.	0.	0.1111111111111111
125	0.53811814532091	0.06241753775701832	0.4444444444444444	0.037037037037037035	0.1111111111111111	0.	0.	0.037037037037037035
126	0.09422976508262747	0.7728835589109312	0.	0.7407407407407407	0.1111111111111111	0.	0.	0.037037037037037035
127	0.6628923851262807	0.4799001712064846	0.6296296296296297	0.4444444444444444	0.037037037037037035	0.	0.	0.1111111111111111
128	0.6768224425700589	0.1596672110957973	0.6666666666666666	0.1111111111111111	0.037037037037037035	0.	0.	0.1111111111111111
129	0.8994604361257723	0.4039800409213773	0.8888888888888888	0.3333333333333333	0.037037037037037035	0.	0.	0.1111111111111111
130	0.31137872524857607	0.005199321470751296	0.2222222222222222	0.	0.1111111111111111	0.	0.	0.037037037037037035
131	0.4469402864579352	0.919583196506333	0.4444444444444444	0.8888888888888888	0.1111111111111111	0.	0.	0.037037037037037035
132	0.41321573039812387	0.32567961147076385	0.4074074074074074	0.2222222222222222	0.037037037037037035	0.	0.	0.1111111111111111
133	0.8844551361178352	0.8475184646210076	0.7777777777777778	0.8148148148148148	0.1111111111111111	0.	0.	0.037037037037037035
134	0.1574766360210064	0.6149801118718494	0.1111111111111111	0.5925925925925926	0.1111111111111111	0.	0.	0.037037037037037035
135	0.8079424868345909	0.21715323028944566	0.7777777777777778	0.18518518518518517	0.1111111111111111	0.	0.	0.037037037037037035
136	0.220515364465748	0.6811356544783393	0.18518518518518517	0.6666666666666666	0.037037037037037035	0.	0.	0.1111111111111111
137	0.3425159770869355	0.5135031461900819	0.3333333333333333	0.4444444444444444	0.037037037037037035	0.	0.	0.1111111111111111
138	0.5709767636992478	0.9431450143739472	0.5555555555555556	0.8888888888888888	0.037037037037037035	0.	0.	0.1111111111111111
139	0.7204116687798615	0.43060455604005665	0.7037037037037037	0.3333333333333333	0.037037037037037035	0.	0.	0.1111111111111111
140	0.030451052542723588	0.058009499509631426	0.	0.037037037037037035	0.1111111111111111	0.	0.	0.037037037037037035
141	0.24634353639807968	0.6540367409427331	0.2222222222222222	0.5555555555555556	0.037037037037037035	0.	0.	0.1111111111111111
142	0.4825685802418502	0.2231165166899575	0.4444444444444444	0.2222222222222222	0.1111111111111111	0.	0.	0.037037037037037035
143	0.9412881757354172	0.856600788435155	0.9259259259259259	0.7777777777777778	0.037037037037037035	0.	0.	0.1111111111111111
144	0.6122187117126546	0.3896626463656134	0.5555555555555556	0.37037037037037035	0.1111111111111111	0.	0.	0.037037037037037035
145	0.7428770715668921	0.027905258774271996	0.6666666666666666	0.	0.1111111111111111	0.	0.	0.037037037037037035
146	0.05742094175440817	0.9103313101577685	0.	0.8888888888888888	0.1111111111111111	0.	0.	0.037037037037037035
147	0.2946954568528253	0.312915984334186	0.2222222222222222	0.2962962962962963	0.1111111111111111	0.	0.	0.037037037037037035
148	0.5547394792879251	0.8363300415602609	0.5185185185185185	0.7777777777777778	0.037037037037037035	0.	0.	0.1111111111111111
149	0.9966967467226546	0.6038245179128872	0.9629629629629629	0.5555555555555556	0.037037037037037035	0.	0.	0.1111111111111111
150	0.8212330943601694	0.7540904330780847	0.8148148148148148	0.6666666666666666	0.037037037037037035	0.	0.	0.1111111111111111
151	0.1443386929388755	0.4686725022434216	0.1111111111111111	0.4444444444444444	0.037037037037037035	0.	0.	0.1111111111111111
152	0.3982097945607965	0.17493477222883788	0.3333333333333333	0.14814814814814814	0.1111111111111111	0.	0.	0.037037037037037035
153	0.3235007953679325	0.7914641826459174	0.2962962962962963	0.7777777777777778	0.037037037037037035	0.	0.	0.1111111111111111
154	0.46858339836882845	0.5837199771847894	0.4444444444444444	0.5555555555555556	0.037037037037037035	0.	0.	0.1111111111111111
155	0.9050475593199717	0.290517621539629	0.8888888888888888	0.25925925925925924	0.1111111111111111	0.	0.	0.037037037037037035
156	0.8587869032399057	0.5422706214521693	0.8518518518518519	0.4444444444444444	0.037037037037037035	0.	0.	0.1111111111111111
157	0.1637397413606245	0.1253179806226855	0.1111111111111111	0.1111111111111111	0.1111111111111111	0.	0.	0.037037037037037035
158	0.4216844272270794	0.7135446778087153	0.4074074074074074	0.6666666666666666	0.037037037037037035	0.	0.	0.1111111111111111
159	0.6376093125695959	0.08265871641428167	0.6296296296296297	0.	0.037037037037037035	0.	0.	0.1111111111111111
160	0.6850755872129416	0.9870925403397202	0.6666666666666666	0.9629629629629629	0.1111111111111111	0.	0.	0.037037037037037035
161	0.11016085591349989	0.3586240977908975	0.07407407407407407	0.3333333333333333	0.037037037037037035	0.	0.	0.1111111111111111
162	0.7261877184817656	0.13384579839985347	0.7037037037037037	0.1111111111111111	0.037037037037037035	0.	0.	0.1111111111111111
163	0.03333972096659038	0.7117620419227062	0.	0.7037037037037037	0.1111111111111111	0.	0.	0.037037037037037035
164	0.5760099013933841	0.5353389006399882	0.5555555555555556	0.4444444444444444	0.037037037037037035	0.	0.	0.1111111111111111
165	0.4861396028713047	0.9808914580491722	0.4444444444444444	0.9629629629629629	0.1111111111111111	0.	0.	0.037037037037037035
166	0.943597025401514	0.36715459912945725	0.9259259259259259	0.3333333333333333	0.037037037037037035	0.	0.	0.1111111111111111
167	0.23521107406720898	0.07973237402354663	0.2222222222222222	0.07407407407407407	0.1111111111111111	0.	0.	0.037037037037037035
168	0.21032962886654827	0.5905517420031615	0.1111111111111111	0.5555555555555556	0.1111111111111111	0.	0.	0.037037037037037035
169	0.3354325451451967	0.28601082410314477	0.3333333333333333	0.2222222222222222	0.037037037037037035	0.	0.	0.1111111111111111
170	0.814148488844292	0.8021631624822677	0.7777777777777778	0.7777777777777778	0.1111111111111111	0.	0.	0.037037037037037035
171	0.547306172544736	0.4239975444354984	0.5185185185185185	0.3333333333333333	0.037037037037037035	0.	0.	0.1111111111111111
172	0.9907927946474715	0.057188467386400925	0.8888888888888888	0.037037037037037035	0.1111111111111111	0.	0.	0.037037037037037035
173	0.2877761936505807	0.9383695433137851	0.2222222222222222	0.9259259259259259	0.1111111111111111	0.	0.	0.037037037037037035
174	0.1379279848395766	0.2328415022641373	0.1111111111111111	0.2222222222222222	0.037037037037037035	0.	0.	0.1111111111111111
175	0.39993689905233687	0.8541708799505437	0.3333333333333333	0.8518518518518519	0.1111111111111111	0.	0.	0.037037037037037035
176	0.8247246408970038	0.6479901264764205	0.7777777777777778	0.6296296296296297	0.1111111111111111	0.	0.	0.037037037037037035
177	0.746979103799197	0.689851773258521	0.6666666666666666	0.6666666666666666	0.1111111111111111	0.	0.	0.037037037037037035
178	0.05927589613534008	0.509119398518268	0.	0.48148148148148145	0.1111111111111111	0.	0.	0.037037037037037035
179	0.6132068413483762	0.21040630352412779	0.5555555555555556	0.18518518518518517	0.1111111111111111	0.	0.	0.037037037037037035
180	0.1686811570085374	0.8314126669743582	0.1111111111111111	0.8148148148148148	0.1111111111111111	0.	0.	0.037037037037037035
181	0.4239660833563538	0.5977468983749763	0.3333333333333333	0.5925925925925926	0.1111111111111111	0.	0.	0.037037037037037035
182	0.8627141004580856	0.3107720080683015	0.8518518518518519	0.2222222222222222	0.037037037037037035	0.	0.	0.1111111111111111
183	0.6883571414142047	0.4612378618932567	0.6666666666666666	0.4444444444444444	0.1111111111111111	0.	0.	0.037037037037037035
184	0.1014382945210383	0.18515831859716977	0.07407407407407407	0.1111111111111111	0.037037037037037035	0.	0.	0.1111111111111111
185	0.6413874073655407	0.7625273410186969	0.6296296296296297	0.6666666666666666	0.037037037037037035	0.	0.	0.1111111111111111
186	0.45737838523730384	0.03381882228398785	0.4444444444444444	0.	0.1111111111111111	0.	0.	0.037037037037037035
187	0.9092253301037982	0.9056178260102293	0.8888888888888888	0.8888888888888888	0.1111111111111111	0.	0.	0.037037037037037035
188	0.3287693387842479	0.3843829488326313	0.2962962962962963	0.3333333333333333	0.037037037037037035	0.	0.	0.1111111111111111
189	0.9609937623441833	0.2497720093477039	0.8888888888888888	0.2222222222222222	0.1111111111111111	0.	0.	0.037037037037037035
190	0.2554922334012128	0.8881927322812981	0.2222222222222222	0.7777777777777778	0.037037037037037035	0.	0.	0.1111111111111111
191	0.4964586243140073	0.6321005822349955	0.48148148148148145	0.5555555555555556	0.037037037037037035	0.	0.	0.1111111111111111
192	0.3575445980091156	0.6756000016302699	0.3333333333333333	0.6666666666666666	0.037037037037037035	0.	0.	0.1111111111111111
193	0.7818673971405092	0.5045246165766588	0.7777777777777778	0.4444444444444444	0.037037037037037035	0.	0.	0.1111111111111111
194	0.1853987507270599	0.19822283069804286	0.1111111111111111	0.18518518518518517	0.1111111111111111	0.	0.	0.037037037037037035
195	0.00899016210781769	0.413900282043851	0.	0.3333333333333333	0.037037037037037035	0.	0.	0.1111111111111111
196	0.5840607068839527	0.04802865670500629	0.5555555555555556	0.	0.037037037037037035	0.	0.	0.1111111111111111
197	0.7385384540155283	0.9348207368557628	0.6666666666666666	0.9259259259259259	0.1111111111111111	0.	0.	0.037037037037037035
198	0.3808853399766026	0.44843758809737777	0.37037037037037035	0.4444444444444444	0.037037037037037035	0.	0.	0.1111111111111111
199	0.832186017916053	0.1638637891795478	0.7777777777777778	0.14814814814814814	0.1111111111111111	0.	0.	0.037037037037037035
200	0.12143045950262069	0.7468559258361783	0.1111111111111111	0.6666666666666666	0.037037037037037035	0.	0.	0.1111111111111111
201	0.06757732853583451	0.015423772971043529	0.	0.	0.1111111111111111	0.	0.	0.037037037037037035
202	0.6230994243225652	0.8950852897887561	0.5925925925925926	0.8888888888888888	0.037037037037037035	0.	0.	0.1111111111111111
203	0.7583433504640138	0.37574424292601966	0.7407407407407407	0.3333333333333333	0.037037037037037035	0.	0.	0.1111111111111111
204	0.9657592150045873	0.8226747854491162	0.9629629629629629	0.7777777777777778	0.037037037037037035	0.	0.	0.1111111111111111
205	0.2705240472366102	0.6255795564458818	0.25925925925925924	0.5555555555555556	0.037037037037037035	0.	0.	0.1111111111111111
206	0.5199844881375559	0.3046809431909007	0.4444444444444444	0.2962962962962963	0.1111111111111111	0.	0.	0.037037037037037035
207	0.07890473925519892	0.9744139534482218	0.	0.9629629629629629	0.1111111111111111	0.	0.	0.037037037037037035
208	0.6430878388571751	0.353181812918177	0.5555555555555556	0.3333333333333333	0.1111111111111111	0.	0.	0.037037037037037035
209	0.6935088238626084	0.099883587554228	0.6666666666666666	0.07407407407407407	0.1111111111111111	0.	0.	0.037037037037037035
210	0.9136008593150753	0.5747261506691592	0.8888888888888888	0.5555555555555556	0.037037037037037035	0.	0.	0.1111111111111111
211	0.3024082506212864	0.27586927047285476	0.2222222222222222	0.25925925925925924	0.1111111111111111	0.	0.	0.037037037037037035
212	0.47957495780938586	0.7785811099250698	0.4444444444444444	0.7777777777777778	0.037037037037037035	0.	0.	0.1111111111111111
213	0.4396585256491171	0.11261457487517308	0.3333333333333333	0.1111111111111111	0.1111111111111111	0.	0.	0.037037037037037035
214	0.8708209725066968	0.7368084190302078	0.8518518518518519	0.6666666666666666	0.037037037037037035	0.	0.	0.1111111111111111
215	0.18206066363550877	0.5275502745373214	0.14814814814814814	0.4444444444444444	0.037037037037037035	0.	0.	0.1111111111111111
216	0.7995618330173893	0.002990517279189813	0.7777777777777778	0.	0.037037037037037035	0.	0.	0.1111111111111111
217	0.20878882582794936	0.9148838984954492	0.18518518518518517	0.8888888888888888	0.037037037037037035	0.	0.	0.1111111111111111
218	0.36255505836192353	0.4021298445059781	0.3333333333333333	0.37037037037037035	0.1111111111111111	0.	0.	0.037037037037037035
219	0.5576819901575555	0.8429664751158784	0.5555555555555556	0.8148148148148148	0.1111111111111111	0.	0.	0.037037037037037035
220	0.7150137267692795	0.6114719176180001	0.7037037037037037	0.5555555555555556	0.037037037037037035	0.	0.	0.1111111111111111
221	0.02102175602798333	0.32467709178557835	0.	0.2962962962962963	0.1111111111111111	0.	0.	0.037037037037037035
222	0.23281692431777057	0.47436883408266683	0.2222222222222222	0.4444444444444444	0.1111111111111111	0.	0.	0.037037037037037035
223	0.5068843153861523	0.15545974131481718	0.48148148148148145	0.1111111111111111	0.037037037037037035	0.	0.	0.1111111111111111
224	0.9306721875517533	0.7655058807864616	0.8888888888888888	0.7407407407407407	0.1111111111111111	0.	0.	0.037037037037037035
225	0.6001180963181669	0.5644158269251129	0.5555555555555556	0.5555555555555556	0.1111111111111111	0.	0.	0.037037037037037035
226	0.7677637470880724	0.2667580538484806	0.6666666666666666	0.25925925925925924	0.1111111111111111	0.	0.	0.037037037037037035
227	0.04100452037097432	0.8070157160256264	0.037037037037037035	0.7777777777777778	0.037037037037037035	0.	0.	0.1111111111111111
228	0.2817536038988377	0.1375148901843444	0.25925925925925924	0.1111111111111111	0.037037037037037035	0.	0.	0.1111111111111111
229	0.5400986291150955	0.724779877779429	0.4444444444444444	0.7037037037037037	0.1111111111111111	0.	0.	0.037037037037037035
230	0.981879978302679	0.5440156384363726	0.8888888888888888	0.5185185185185185	0.1111111111111111	0.	0.	0.037037037037037035
231	0.8418038511811043	0.9939874071382252	0.8148148148148148	0.8888888888888888	0.037037037037037035	0.	0.	0.1111111111111111
232	0.1356523505910912	0.3336333647891641	0.1111111111111111	0.3333333333333333	0.1111111111111111	0.	0.	0.037037037037037035
233	0.39389268335779726	0.0899842788989235	0.37037037037037035	0.	0.037037037037037035	0.	0.	0.1111111111111111
234	0.31330202311525135	0.7001074862271072	0.2222222222222222	0.6666666666666666	0.1111111111111111	0.	0.	0.037037037037037035
235	0.4500144363815513	0.49280169846670135	0.4444444444444444	0.48148148148148145	0.1111111111111111	0.	0.	0.037037037037037035
236	0.8897722150845425	0.1884978907246178	0.8888888888888888	0.1111111111111111	0.037037037037037035	0.	0.	0.1111111111111111
237	0.886674422460226	0.4353324156104024	0.7777777777777778	0.4074074074074074	0.1111111111111111	0.	0.	0.037037037037037035
238	0.1505670083442593	0.07265132278535738	0.14814814814814814	0.	0.037037037037037035	0.	0.	0.1111111111111111
239	0.41832748035171663	0.9596849329256822	0.4074074074074074	0.8888888888888888	0.037037037037037035	0.	0.	0.1111111111111111
240	0.658096764555303	0.2411218826030305	0.6296296296296297	0.2222222222222222	0.037037037037037035	0.	0.	0.1111111111111111
241	0.6688388663581152	0.8647642536014659	0.6666666666666666	0.7777777777777778	0.037037037037037035	0.	0.	0.1111111111111111
242	0.09708082148782102	0.6607628832282365	0.07407407407407407	0.5555555555555556	0.037037037037037035	0.	0.	0.1111111111111111