0	0.8578851921966023	0.13727952834213678	0.8518518518518519	0.1111111111111111	0.037037037037037035	0.	0.	0.037037037037037035
1	0.22764006595083996	0.6539789725301113	0.2222222222222222	0.6296296296296297	0.037037037037037035	0.	0.	0.037037037037037035
2	0.5363039339236735	0.9619398325970657	0.5185185185185185	0.9259259259259259	0.037037037037037035	0.	0.	0.037037037037037035
3	0.0664364475571141	0.2504714216770984	0.037037037037037035	0.2222222222222222	0.037037037037037035	0.	0.	0.037037037037037035
4	0.5747648192487138	0.41888994242979577	0.5555555555555556	0.4074074074074074	0.037037037037037035	0.	0.	0.037037037037037035
5	0.9483606041290191	0.6995054143010662	0.9259259259259259	0.6666666666666666	0.037037037037037035	0.	0.	0.037037037037037035
6	0.40448957773113536	0.05277968662106562	0.37037037037037035	0.037037037037037035	0.037037037037037035	0.	0.	0.037037037037037035
7	0.76307981825229	0.504107034979247	0.7407407407407407	0.48148148148148145	0.037037037037037035	0.	0.	0.037037037037037035
8	0.195175611891812	0.7808110702856159	0.18518518518518517	0.7777777777777778	0.037037037037037035	0.	0.	0.037037037037037035
9	0.2952274197695655	0.7439220360903525	0.25925925925925924	0.7407407407407407	0.037037037037037035	0.	0.	0.037037037037037035
10	0.4778777278348849	0.3065239570572462	0.4444444444444444	0.2962962962962963	0.037037037037037035	0.	0.	0.037037037037037035
11	0.7809291684966443	0.3719853890673638	0.7777777777777778	0.37037037037037035	0.037037037037037035	0.	0.	0.037037037037037035
12	0.6215982603852426	0.8797742246753844	0.5925925925925926	0.8518518518518519	0.037037037037037035	0.	0.	0.037037037037037035
13	0.9969695166707269	0.006761672156511406	0.9629629629629629	0.	0.037037037037037035	0.	0.	0.037037037037037035
14	0.07621719425031924	0.4476360300775591	0.07407407407407407	0.4444444444444444	0.037037037037037035	0.	0.	0.037037037037037035
15	0.6751876873502165	0.9125092555443034	0.6666666666666666	0.8888888888888888	0.037037037037037035	0.	0.	0.037037037037037035
16	0.11427897660828158	0.19603137458225647	0.1111111111111111	0.18518518518518517	0.037037037037037035	0.	0.	0.037037037037037035
17	0.4111113527951108	0.6186741309216955	0.4074074074074074	0.5925925925925926	0.037037037037037035	0.	0.	0.037037037037037035
18	0.49041420814822556	0.5344859712190734	0.48148148148148145	0.5185185185185185	0.037037037037037035	0.	0.	0.037037037037037035
19	0.8289420894997286	0.8190311939507843	0.8148148148148148	0.8148148148148148	0.037037037037037035	0.	0.	0.037037037037037035
20	0.30040123062945867	0.1012655906968995	0.2962962962962963	0.07407407407407407	0.037037037037037035	0.	0.	0.037037037037037035
21	0.898441698058979	0.5574387127126532	0.8888888888888888	0.5555555555555556	0.037037037037037035	0.	0.	0.037037037037037035
22	0.026409032624326	0.9931426178822119	0.	0.9629629629629629	0.037037037037037035	0.	0.	0.037037037037037035
23	0.6651144238613909	0.1525035063388194	0.6296296296296297	0.14814814814814814	0.037037037037037035	0.	0.	0.037037037037037035
24	0.17847311374386288	0.33892000654272747	0.14814814814814814	0.3333333333333333	0.037037037037037035	0.	0.	0.037037037037037035
25	0.3692745437976393	0.7109737502809252	0.3333333333333333	0.7037037037037037	0.037037037037037035	0.	0.	0.037037037037037035
26	0.712114169229358	0.2724277754964065	0.7037037037037037	0.25925925925925924	0.037037037037037035	0.	0.	0.037037037037037035
27	0.4256086225389764	0.2644750408816573	0.4074074074074074	0.25925925925925924	0.037037037037037035	0.	0.	0.037037037037037035
28	0.6904689923786314	0.3583121705608434	0.6666666666666666	0.3333333333333333	0.037037037037037035	0.	0.	0.037037037037037035
29	0.1268608572050337	0.7390024993403657	0.1111111111111111	0.7037037037037037	0.037037037037037035	0.	0.	0.037037037037037035
30	0.7919173354131338	0.09616565047837038	0.7777777777777778	0.07407407407407407	0.037037037037037035	0.	0.	0.037037037037037035
31	0.2606418569325245	0.5206677861927258	0.25925925925925924	0.5185185185185185	0.037037037037037035	0.	0.	0.037037037037037035
32	0.4496949015689944	0.8474911368630962	0.4444444444444444	0.8148148148148148	0.037037037037037035	0.	0.	0.037037037037037035
33	0.09166020987943499	0.1821536590612962	0.07407407407407407	0.14814814814814814	0.037037037037037035	0.	0.	0.037037037037037035
34	0.595766001592824	0.5871752650989333	0.5925925925925926	0.5555555555555556	0.037037037037037035	0.	0.	0.037037037037037035
35	0.9745532809615204	0.9823554969494656	0.9629629629629629	0.9629629629629629	0.037037037037037035	0.	0.	0.037037037037037035
36	0.719046862284044	0.8143392961680282	0.7037037037037037	0.7777777777777778	0.037037037037037035	0.	0.	0.037037037037037035
37	0.1521768027434743	0.04229099079303814	0.14814814814814814	0.037037037037037035	0.037037037037037035	0.	0.	0.037037037037037035
38	0.3398456992810207	0.4885177493370345	0.3333333333333333	0.48148148148148145	0.037037037037037035	0.	0.	0.037037037037037035
39	0.3106107827284615	0.9457987520117965	0.2962962962962963	0.9259259259259259	0.037037037037037035	0.	0.	0.037037037037037035
40	0.49706137508901854	0.1326819561505776	0.48148148148148145	0.1111111111111111	0.037037037037037035	0.	0.	0.037037037037037035
41	0.8507723322810631	0.6346396030007935	0.8148148148148148	0.6296296296296297	0.037037037037037035	0.	0.	0.037037037037037035
42	0.6367453296978313	0.6865514857510113	0.6296296296296297	0.6666666666666666	0.037037037037037035	0.	0.	0.037037037037037035
43	0.9022654185609339	0.239811945000152	0.8888888888888888	0.2222222222222222	0.037037037037037035	0.	0.	0.037037037037037035
44	0.009501564246558644	0.4352482151075219	0.	0.4074074074074074	0.037037037037037035	0.	0.	0.037037037037037035
45	0.2027531933999839	0.614950077321973	0.18518518518518517	0.5925925925925926	0.037037037037037035	0.	0.	0.037037037037037035
46	0.3790814653240156	0.9007194333837448	0.37037037037037035	0.8888888888888888	0.037037037037037035	0.	0.	0.037037037037037035
47	0.7706134870941221	0.2137061393260489	0.7407407407407407	0.18518518518518517	0.037037037037037035	0.	0.	0.037037037037037035
48	0.5454415834986982	0.4052787710633102	0.5185185185185185	0.37037037037037035	0.037037037037037035	0.	0.	0.037037037037037035
49	0.8757235363116448	0.7683777862008394	0.8518518518518519	0.7407407407407407	0.037037037037037035	0.	0.	0.037037037037037035
50	0.2374588032350211	0.3318555479564909	0.2222222222222222	0.2962962962962963	0.037037037037037035	0.	0.	0.037037037037037035
51	0.9551753529827725	0.4785555787508526	0.9259259259259259	0.4444444444444444	0.037037037037037035	0.	0.	0.037037037037037035
52	0.04748993541226985	0.8685064537203658	0.037037037037037035	0.8518518518518519	0.037037037037037035	0.	0.	0.037037037037037035
53	0.5918075231173434	0.027448130997876397	0.5555555555555556	0.	0.037037037037037035	0.	0.	0.037037037037037035
54	0.0164454380900507	0.02288115347112338	0.	0.	0.037037037037037035	0.	0.	0.037037037037037035
55	0.6478353927911815	0.46589646510237437	0.6296296296296297	0.4444444444444444	0.037037037037037035	0.	0.	0.037037037037037035
56	0.9142336661497529	0.8565511008204146	0.8888888888888888	0.8518518518518519	0.037037037037037035	0.	0.	0.037037037037037035
57	0.349315688876744	0.2072331139237536	0.3333333333333333	0.18518518518518517	0.037037037037037035	0.	0.	0.037037037037037035
58	0.740435466918908	0.6030256090387964	0.7037037037037037	0.5925925925925926	0.037037037037037035	0.	0.	0.037037037037037035
59	0.1715241799373875	0.9252770908561834	0.14814814814814814	0.8888888888888888	0.037037037037037035	0.	0.	0.037037037037037035
60	0.8211481040178026	0.3206616837792834	0.8148148148148148	0.2962962962962963	0.037037037037037035	0.	0.	0.037037037037037035
61	0.3223596717587816	0.388271694289939	0.2962962962962963	0.37037037037037035	0.037037037037037035	0.	0.	0.037037037037037035
62	0.5076328750043643	0.7569262252759517	0.48148148148148145	0.7407407407407407	0.037037037037037035	0.	0.	0.037037037037037035
63	0.5662525031469533	0.9692810129099806	0.5555555555555556	0.9629629629629629	0.037037037037037035	0.	0.	0.037037037037037035
64	0.9300631860317881	0.1713692621283469	0.9259259259259259	0.14814814814814814	0.037037037037037035	0.	0.	0.037037037037037035
65	0.058399405750926434	0.5761766977688163	0.037037037037037035	0.5555555555555556	0.037037037037037035	0.	0.	0.037037037037037035
66	0.7517833747472934	0.7280868324614257	0.7407407407407407	0.7037037037037037	0.037037037037037035	0.	0.	0.037037037037037035
67	0.2175735875101502	0.2947294965255869	0.18518518518518517	0.25925925925925924	0.037037037037037035	0.	0.	0.037037037037037035
68	0.3886694627896495	0.35467940536997933	0.37037037037037035	0.3333333333333333	0.037037037037037035	0.	0.	0.037037037037037035
69	0.2483022798173864	0.8309253824724793	0.2222222222222222	0.8148148148148148	0.037037037037037035	0.	0.	0.037037037037037035
70	0.5210017549347181	0.08426503397105223	0.5185185185185185	0.07407407407407407	0.037037037037037035	0.	0.	0.037037037037037035
71	0.8869507243158049	0.5459263143583164	0.8518518518518519	0.5185185185185185	0.037037037037037035	0.	0.	0.037037037037037035
72	0.9827182139558964	0.4288005480267719	0.9629629629629629	0.4074074074074074	0.037037037037037035	0.	0.	0.037037037037037035
73	0.1058421134080323	0.6716959850825029	0.07407407407407407	0.6666666666666666	0.037037037037037035	0.	0.	0.037037037037037035
74	0.6163945758687017	0.2249239688508059	0.5925925925925926	0.2222222222222222	0.037037037037037035	0.	0.	0.037037037037037035
75	0.137761321824842	0.5147024881966598	0.1111111111111111	0.48148148148148145	0.037037037037037035	0.	0.	0.037037037037037035
76	0.4333942260859621	0.8016674642109597	0.4074074074074074	0.7777777777777778	0.037037037037037035	0.	0.	0.037037037037037035
77	0.7016070016541294	0.06806161715417174	0.6666666666666666	0.037037037037037035	0.037037037037037035	0.	0.	0.037037037037037035
78	0.4600891479094351	0.6621460702697459	0.4444444444444444	0.6296296296296297	0.037037037037037035	0.	0.	0.037037037037037035
79	0.8143096943951252	0.9323736360262557	0.7777777777777778	0.9259259259259259	0.037037037037037035	0.	0.	0.037037037037037035
80	0.2823164729421422	0.1196965037127915	0.25925925925925924	0.1111111111111111	0.037037037037037035	0.	0.	0.037037037037037035
81	0.002752512313995522	0.7705517634613279	0.	0.7407407407407407	0.037037037037037035	0.	0.	0.037037037037037035
82	0.6418368234520503	0.3213157078707489	0.6296296296296297	0.2962962962962963	0.037037037037037035	0.	0.	0.037037037037037035
83	0.9072215314181108	0.3958158082857616	0.8888888888888888	0.37037037037037035	0.037037037037037035	0.	0.	0.037037037037037035
84	0.3432712099023756	0.8725304019736551	0.3333333333333333	0.8518518518518519	0.037037037037037035	0.	0.	0.037037037037037035
85	0.7236688695969646	0.0323404578636005	0.7037037037037037	0.	0.037037037037037035	0.	0.	0.037037037037037035
86	0.1559381637832445	0.47172560784896095	0.14814814814814814	0.4444444444444444	0.037037037037037035	0.	0.	0.037037037037037035
87	0.8411681955898481	0.8918699065844536	0.8148148148148148	0.8888888888888888	0.037037037037037035	0.	0.	0.037037037037037035
88	0.3144310341314963	0.21565866469528236	0.2962962962962963	0.18518518518518517	0.037037037037037035	0.	0.	0.037037037037037035
89	0.5007363769033908	0.6082418750616636	0.48148148148148145	0.5925925925925926	0.037037037037037035	0.	0.	0.037037037037037035
90	0.5824883257529521	0.5248016228004228	0.5555555555555556	0.5185185185185185	0.037037037037037035	0.	0.	0.037037037037037035
91	0.9604143952920018	0.8513757541615203	0.9259259259259259	0.8148148148148148	0.037037037037037035	0.	0.	0.037037037037037035
92	0.0410658576879414	0.08925194454545227	0.037037037037037035	0.07407407407407407	0.037037037037037035	0.	0.	0.037037037037037035
93	0.77461454634975	0.5896512423912269	0.7407407407407407	0.5555555555555556	0.037037037037037035	0.	0.	0.037037037037037035
94	0.2092177009254665	0.9867726914842304	0.18518518518518517	0.9629629629629629	0.037037037037037035	0.	0.	0.037037037037037035
95	0.37323399193445	0.1767575651718651	0.37037037037037035	0.14814814814814814	0.037037037037037035	0.	0.	0.037037037037037035
96	0.2387577992379575	0.3643655416823691	0.2222222222222222	0.3333333333333333	0.037037037037037035	0.	0.	0.037037037037037035
97	0.5502330922582328	0.7317594423871577	0.5185185185185185	0.7037037037037037	0.037037037037037035	0.	0.	0.037037037037037035
98	0.8666884350903117	0.2676473038402812	0.8518518518518519	0.25925925925925924	0.037037037037037035	0.	0.	0.037037037037037035
99	0.9653766780173226	0.1269012112917274	0.9629629629629629	0.1111111111111111	0.037037037037037035	0.	0.	0.037037037037037035
100	0.09668766812863805	0.6381035103179584	0.07407407407407407	0.6296296296296297	0.037037037037037035	0.	0.	0.037037037037037035
101	0.5990370684809083	0.949922109049839	0.5925925925925926	0.9259259259259259	0.037037037037037035	0.	0.	0.037037037037037035
102	0.1309758116587375	0.24496432608653276	0.1111111111111111	0.2222222222222222	0.037037037037037035	0.	0.	0.037037037037037035
103	0.4305053219147976	0.44009675406368776	0.4074074074074074	0.4074074074074074	0.037037037037037035	0.	0.	0.037037037037037035
104	0.6792553194056807	0.6891593275198893	0.6666666666666666	0.6666666666666666	0.037037037037037035	0.	0.	0.037037037037037035
105	0.45274874797169884	0.04817755349364945	0.4444444444444444	0.037037037037037035	0.037037037037037035	0.	0.	0.037037037037037035
106	0.7964670922020681	0.492182727589299	0.7777777777777778	0.48148148148148145	0.037037037037037035	0.	0.	0.037037037037037035
107	0.2672992633937162	0.8033867408597484	0.25925925925925924	0.7777777777777778	0.037037037037037035	0.	0.	0.037037037037037035
108	0.8770084623307914	0.7901403213258209	0.8518518518518519	0.7777777777777778	0.037037037037037035	0.	0.	0.037037037037037035
109	0.2520695448642969	0.07042087802434217	0.2222222222222222	0.037037037037037035	0.037037037037037035	0.	0.	0.037037037037037035
110	0.5230562909128947	0.5099751896016355	0.5185185185185185	0.48148148148148145	0.037037037037037035	0.	0.	0.037037037037037035
111	0.05328524153851175	0.9360969109715825	0.037037037037037035	0.9259259259259259	0.037037037037037035	0.	0.	0.037037037037037035
112	0.5560545448247232	0.11232447491954918	0.5555555555555556	0.1111111111111111	0.037037037037037035	0.	0.	0.037037037037037035
113	0.9351331046063149	0.664698946781826	0.9259259259259259	0.6296296296296297	0.037037037037037035	0.	0.	0.037037037037037035
114	0.3923689530696624	0.6782604666700182	0.37037037037037035	0.6666666666666666	0.037037037037037035	0.	0.	0.037037037037037035
115	0.7412855424208947	0.2298022721938866	0.7407407407407407	0.2222222222222222	0.037037037037037035	0.	0.	0.037037037037037035
116	0.221499156867428	0.42291673943966346	0.18518518518518517	0.4074074074074074	0.037037037037037035	0.	0.	0.037037037037037035
117	0.27475489299689565	0.5950877979163014	0.25925925925925924	0.5925925925925926	0.037037037037037035	0.	0.	0.037037037037037035
118	0.46270041919921967	0.9141110620679297	0.4444444444444444	0.8888888888888888	0.037037037037037035	0.	0.	0.037037037037037035
119	0.8063520977074601	0.2012873700475179	0.7777777777777778	0.18518518518518517	0.037037037037037035	0.	0.	0.037037037037037035
120	0.6078834204352057	0.3930701988935507	0.5925925925925926	0.37037037037037035	0.037037037037037035	0.	0.	0.037037037037037035
121	0.9845379206742642	0.7592993264053552	0.9629629629629629	0.7407407407407407	0.037037037037037035	0.	0.	0.037037037037037035
122	0.1091213359480668	0.30903958205473225	0.07407407407407407	0.2962962962962963	0.037037037037037035	0.	0.	0.037037037037037035
123	0.6939113899058653	0.4577963170140958	0.6666666666666666	0.4444444444444444	0.037037037037037035	0.	0.	0.037037037037037035
124	0.1400891267782174	0.8609519840512788	0.1111111111111111	0.8518518518518519	0.037037037037037035	0.	0.	0.037037037037037035
125	0.4367334067352334	0.01341050567582828	0.4074074074074074	0.	0.037037037037037035	0.	0.	0.037037037037037035
126	0.5117479671207236	0.284087362762066	0.48148148148148145	0.25925925925925924	0.037037037037037035	0.	0.	0.037037037037037035
127	0.8231422250188046	0.3465699564485347	0.8148148148148148	0.3333333333333333	0.037037037037037035	0.	0.	0.037037037037037035
128	0.32542897079457245	0.7172488288300106	0.2962962962962963	0.7037037037037037	0.037037037037037035	0.	0.	0.037037037037037035
129	0.918480472174167	0.07527269765366833	0.8888888888888888	0.07407407407407407	0.037037037037037035	0.	0.	0.037037037037037035
130	0.017399337046076217	0.5506512399933156	0.	0.5185185185185185	0.037037037037037035	0.	0.	0.037037037037037035
131	0.6517407240173092	0.8322510101765251	0.6296296296296297	0.8148148148148148	0.037037037037037035	0.	0.	0.037037037037037035
132	0.1642851453148967	0.16404890243169348	0.14814814814814814	0.14814814814814814	0.037037037037037035	0.	0.	0.037037037037037035
133	0.352991095075167	0.5687321577529336	0.3333333333333333	0.5555555555555556	0.037037037037037035	0.	0.	0.037037037037037035
134	0.7320549283941802	0.9719953444864572	0.7037037037037037	0.9629629629629629	0.037037037037037035	0.	0.	0.037037037037037035
135	0.4124537245800303	0.9968559733728141	0.4074074074074074	0.9629629629629629	0.037037037037037035	0.	0.	0.037037037037037035
136	0.6707215391147437	0.1602473172243608	0.6666666666666666	0.14814814814814814	0.037037037037037035	0.	0.	0.037037037037037035
137	0.1163915528828248	0.561114324544668	0.1111111111111111	0.5555555555555556	0.037037037037037035	0.	0.	0.037037037037037035
138	0.785263392028121	0.714577897126482	0.7777777777777778	0.7037037037037037	0.037037037037037035	0.	0.	0.037037037037037035
139	0.2868162005408719	0.27601612297106287	0.25925925925925924	0.25925925925925924	0.037037037037037035	0.	0.	0.037037037037037035
140	0.46974985878973474	0.34185422495814355	0.4444444444444444	0.3333333333333333	0.037037037037037035	0.	0.	0.037037037037037035
141	0.07955768613638466	0.8265095809117107	0.07407407407407407	0.8148148148148148	0.037037037037037035	0.	0.	0.037037037037037035
142	0.6294590329045125	0.1043849163417202	0.5925925925925926	0.07407407407407407	0.037037037037037035	0.	0.	0.037037037037037035
143	0.9908609247560988	0.5354745637454743	0.9629629629629629	0.5185185185185185	0.037037037037037035	0.	0.	0.037037037037037035
144	0.7054089645733734	0.4110905201333668	0.7037037037037037	0.4074074074074074	0.037037037037037035	0.	0.	0.037037037037037035
145	0.1838946648998732	0.7002115024088638	0.14814814814814814	0.6666666666666666	0.037037037037037035	0.	0.	0.037037037037037035
146	0.3612088982728014	0.2529242157178045	0.3333333333333333	0.2222222222222222	0.037037037037037035	0.	0.	0.037037037037037035
147	0.3017966971798438	0.4966127402380793	0.2962962962962963	0.48148148148148145	0.037037037037037035	0.	0.	0.037037037037037035
148	0.48484208588152383	0.7852362862512415	0.48148148148148145	0.7777777777777778	0.037037037037037035	0.	0.	0.037037037037037035
149	0.8330532780194114	0.05383451811536311	0.8148148148148148	0.037037037037037035	0.037037037037037035	0.	0.	0.037037037037037035
150	0.6575173476004086	0.6421129162324711	0.6296296296296297	0.6296296296296297	0.037037037037037035	0.	0.	0.037037037037037035
151	0.8927778124472572	0.9540321394824318	0.8888888888888888	0.9259259259259259	0.037037037037037035	0.	0.	0.037037037037037035
152	0.03025358406724156	0.1414309126364593	0.	0.1111111111111111	0.037037037037037035	0.	0.	0.037037037037037035
153	0.1863805151857452	0.00993984256384196	0.18518518518518517	0.	0.037037037037037035	0.	0.	0.037037037037037035
154	0.39548281780901545	0.4507970270686088	0.37037037037037035	0.4444444444444444	0.037037037037037035	0.	0.	0.037037037037037035
155	0.7531631933556995	0.8812251907857495	0.7407407407407407	0.8518518518518519	0.037037037037037035	0.	0.	0.037037037037037035
156	0.5394529353350747	0.187102036998014	0.5185185185185185	0.18518518518518517	0.037037037037037035	0.	0.	0.037037037037037035
157	0.8620633725268291	0.6254276465658652	0.8518518518518519	0.5925925925925926	0.037037037037037035	0.	0.	0.037037037037037035
158	0.2318185319310771	0.9012828246847489	0.2222222222222222	0.8888888888888888	0.037037037037037035	0.	0.	0.037037037037037035
159	0.9394147874645147	0.299485634586559	0.9259259259259259	0.2962962962962963	0.037037037037037035	0.	0.	0.037037037037037035
160	0.07333637345821083	0.3783976398487966	0.037037037037037035	0.37037037037037035	0.037037037037037035	0.	0.	0.037037037037037035
161	0.5792210574937696	0.7455286900602375	0.5555555555555556	0.7407407407407407	0.037037037037037035	0.	0.	0.037037037037037035
162	0.4411045204168332	0.5520775799753843	0.4074074074074074	0.5185185185185185	0.037037037037037035	0.	0.	0.037037037037037035
163	0.6978060393703133	0.8371289366680862	0.6666666666666666	0.8148148148148148	0.037037037037037035	0.	0.	0.037037037037037035
164	0.144461702265141	0.07948291294423512	0.1111111111111111	0.07407407407407407	0.037037037037037035	0.	0.	0.037037037037037035
165	0.8079654937059012	0.5727828160029673	0.7777777777777778	0.5555555555555556	0.037037037037037035	0.	0.	0.037037037037037035
166	0.278312964151637	0.963986871122864	0.25925925925925924	0.9629629629629629	0.037037037037037035	0.	0.	0.037037037037037035
167	0.46839149060423946	0.1658811140815357	0.4444444444444444	0.14814814814814814	0.037037037037037035	0.	0.	0.037037037037037035
168	0.100910285964079	0.35339582414289916	0.07407407407407407	0.3333333333333333	0.037037037037037035	0.	0.	0.037037037037037035
169	0.6125302466041405	0.7210297474311776	0.5925925925925926	0.7037037037037037	0.037037037037037035	0.	0.	0.037037037037037035
170	0.9773844752266918	0.2909502987076143	0.9629629629629629	0.25925925925925924	0.037037037037037035	0.	0.	0.037037037037037035
171	0.734667325076174	0.1157434216134088	0.7037037037037037	0.1111111111111111	0.037037037037037035	0.	0.	0.037037037037037035
172	0.1652574136315232	0.6578790321369227	0.14814814814814814	0.6296296296296297	0.037037037037037035	0.	0.	0.037037037037037035
173	0.35579687509333907	0.9284805584972559	0.3333333333333333	0.9259259259259259	0.037037037037037035	0.	0.	0.037037037037037035
174	0.3292587166188828	0.23454012263145949	0.2962962962962963	0.2222222222222222	0.037037037037037035	0.	0.	0.037037037037037035
175	0.5144174619702848	0.4263047541952107	0.48148148148148145	0.4074074074074074	0.037037037037037035	0.	0.	0.037037037037037035
176	0.8187742053053885	0.6699468055237523	0.8148148148148148	0.6666666666666666	0.037037037037037035	0.	0.	0.037037037037037035
177	0.64547426745242	0.06221963908573766	0.6296296296296297	0.037037037037037035	0.037037037037037035	0.	0.	0.037037037037037035
178	0.9235842067196398	0.5143398167909836	0.8888888888888888	0.48148148148148145	0.037037037037037035	0.	0.	0.037037037037037035
179	0.02415729231088756	0.7977576486238273	0.	0.7777777777777778	0.037037037037037035	0.	0.	0.037037037037037035
180	0.213730513359607	0.761317783582685	0.18518518518518517	0.7407407407407407	0.037037037037037035	0.	0.	0.037037037037037035
181	0.38496645264761237	0.3152559457604387	0.37037037037037035	0.2962962962962963	0.037037037037037035	0.	0.	0.037037037037037035
182	0.747913254186891	0.38633937779854133	0.7407407407407407	0.37037037037037035	0.037037037037037035	0.	0.	0.037037037037037035
183	0.5280552271806496	0.852570444030732	0.5185185185185185	0.8518518518518519	0.037037037037037035	0.	0.	0.037037037037037035
184	0.8842364994278865	0.01743182027043834	0.8518518518518519	0.	0.037037037037037035	0.	0.	0.037037037037037035
185	0.2569634195745044	0.4630990954120653	0.2222222222222222	0.4444444444444444	0.037037037037037035	0.	0.	0.037037037037037035
186	0.9271021560934187	0.9207880888991048	0.9259259259259259	0.8888888888888888	0.037037037037037035	0.	0.	0.037037037037037035
187	0.05735611985147229	0.2017012003375657	0.037037037037037035	0.18518518518518517	0.037037037037037035	0.	0.	0.037037037037037035
188	0.5613960064289044	0.5973311098336533	0.5555555555555556	0.5925925925925926	0.037037037037037035	0.	0.	0.037037037037037035
189	0.036001515311356355	0.6268549097481178	0.	0.5925925925925926	0.037037037037037035	0.	0.	0.037037037037037035
190	0.6618264408141133	0.9074954551513149	0.6296296296296297	0.8888888888888888	0.037037037037037035	0.	0.	0.037037037037037035
191	0.8941879168398861	0.19322547496965237	0.8888888888888888	0.18518518518518517	0.037037037037037035	0.	0.	0.037037037037037035
192	0.36384812110440545	0.3823334547492144	0.3333333333333333	0.37037037037037035	0.037037037037037035	0.	0.	0.037037037037037035
193	0.7116829538666964	0.7507913931383908	0.7037037037037037	0.7407407407407407	0.037037037037037035	0.	0.	0.037037037037037035
194	0.1739023685623056	0.3042703281842519	0.14814814814814814	0.2962962962962963	0.037037037037037035	0.	0.	0.037037037037037035
195	0.8377588173109416	0.4537323063468644	0.8148148148148148	0.4444444444444444	0.037037037037037035	0.	0.	0.037037037037037035
196	0.3072278098676741	0.8860188488034939	0.2962962962962963	0.8518518518518519	0.037037037037037035	0.	0.	0.037037037037037035
197	0.4872572592996409	0.003635781723803806	0.48148148148148145	0.	0.037037037037037035	0.	0.	0.037037037037037035
198	0.5710896109403583	0.2828244283521446	0.5555555555555556	0.25925925925925924	0.037037037037037035	0.	0.	0.037037037037037035
199	0.9428527582769806	0.3357290722260519	0.9259259259259259	0.3333333333333333	0.037037037037037035	0.	0.	0.037037037037037035
200	0.06402695100275574	0.7043795576507742	0.037037037037037035	0.7037037037037037	0.037037037037037035	0.	0.	0.037037037037037035
201	0.761207440941514	0.109580711927706	0.7407407407407407	0.07407407407407407	0.037037037037037035	0.	0.	0.037037037037037035
202	0.19261095231680767	0.5391877256479674	0.18518518518518517	0.5185185185185185	0.037037037037037035	0.	0.	0.037037037037037035
203	0.4001210839419492	0.8148878130190993	0.37037037037037035	0.8148148148148148	0.037037037037037035	0.	0.	0.037037037037037035
204	0.22609931625652008	0.148243889943914	0.2222222222222222	0.14814814814814814	0.037037037037037035	0.	0.	0.037037037037037035
205	0.532614024104096	0.5673650806836908	0.5185185185185185	0.5555555555555556	0.037037037037037035	0.	0.	0.037037037037037035
206	0.8531996122693448	0.9888747253805328	0.8518518518518519	0.9629629629629629	0.037037037037037035	0.	0.	0.037037037037037035
207	0.9932723408441105	0.7871138629084397	0.9629629629629629	0.7777777777777778	0.037037037037037035	0.	0.	0.037037037037037035
208	0.08440788392755001	0.057750874399417736	0.07407407407407407	0.037037037037037035	0.037037037037037035	0.	0.	0.037037037037037035
209	0.6198502733292455	0.4988747364193568	0.5925925925925926	0.48148148148148145	0.037037037037037035	0.	0.	0.037037037037037035
210	0.12042964339279778	0.9581429287804135	0.1111111111111111	0.9259259259259259	0.037037037037037035	0.	0.	0.037037037037037035
211	0.4177371286800132	0.14444989941321007	0.4074074074074074	0.1111111111111111	0.037037037037037035	0.	0.	0.037037037037037035
212	0.6748956936726871	0.648238844177392	0.6666666666666666	0.6296296296296297	0.037037037037037035	0.	0.	0.037037037037037035
213	0.4732792952517284	0.6952818268042952	0.4444444444444444	0.6666666666666666	0.037037037037037035	0.	0.	0.037037037037037035
214	0.7868920444903642	0.2588003435891246	0.7777777777777778	0.2222222222222222	0.037037037037037035	0.	0.	0.037037037037037035
215	0.2917545531946987	0.413163614758296	0.25925925925925924	0.4074074074074074	0.037037037037037035	0.	0.	0.037037037037037035
216	0.8691892011249135	0.44296146230235467	0.8518518518518519	0.4074074074074074	0.037037037037037035	0.	0.	0.037037037037037035
217	0.24635644829477943	0.6818114834740537	0.2222222222222222	0.6666666666666666	0.037037037037037035	0.	0.	0.037037037037037035
218	0.5543493114875846	0.2384928648761613	0.5185185185185185	0.2222222222222222	0.037037037037037035	0.	0.	0.037037037037037035
219	0.04391354393924857	0.4852516856260881	0.037037037037037035	0.48148148148148145	0.037037037037037035	0.	0.	0.037037037037037035
220	0.5881788301599092	0.8092626897696162	0.5555555555555556	0.7777777777777778	0.037037037037037035	0.	0.	0.037037037037037035
221	0.9515594256554666	0.03905343443688304	0.9259259259259259	0.037037037037037035	0.037037037037037035	0.	0.	0.037037037037037035
222	0.3756904202692629	0.6303948180362414	0.37037037037037035	0.6296296296296297	0.037037037037037035	0.	0.	0.037037037037037035
223	0.7694009217290863	0.9399728942403284	0.7407407407407407	0.9259259259259259	0.037037037037037035	0.	0.	0.037037037037037035
224	0.1996734922297824	0.1279163365742039	0.18518518518518517	0.1111111111111111	0.037037037037037035	0.	0.	0.037037037037037035
225	0.2715486867293692	0.03568338465788611	0.25925925925925924	0.	0.037037037037037035	0.	0.	0.037037037037037035
226	0.4476588941238641	0.47452452022140373	0.4444444444444444	0.4444444444444444	0.037037037037037035	0.	0.	0.037037037037037035
227	0.8000615450154986	0.8652586268697146	0.7777777777777778	0.8518518518518519	0.037037037037037035	0.	0.	0.037037037037037035
228	0.604135044425421	0.21982879003937586	0.5925925925925926	0.18518518518518517	0.037037037037037035	0.	0.	0.037037037037037035
229	0.9708474246440797	0.6115748066867642	0.9629629629629629	0.5925925925925926	0.037037037037037035	0.	0.	0.037037037037037035
230	0.08679780055033003	0.8965910000352786	0.07407407407407407	0.8888888888888888	0.037037037037037035	0.	0.	0.037037037037037035
231	0.6841667512668215	0.3260642727648821	0.6666666666666666	0.2962962962962963	0.037037037037037035	0.	0.	0.037037037037037035
232	0.1337398971001075	0.4015138841387744	0.1111111111111111	0.37037037037037035	0.037037037037037035	0.	0.	0.037037037037037035
233	0.41989983911253587	0.7747046749507355	0.4074074074074074	0.7407407407407407	0.037037037037037035	0.	0.	0.037037037037037035
234	0.5050359085852754	0.9773114675580997	0.48148148148148145	0.9629629629629629	0.037037037037037035	0.	0.	0.037037037037037035
235	0.8471302705589911	0.17868278257219378	0.8148148148148148	0.14814814814814814	0.037037037037037035	0.	0.	0.037037037037037035
236	0.3178656666245651	0.5819307997414663	0.2962962962962963	0.5555555555555556	0.037037037037037035	0.	0.	0.037037037037037035
237	0.910117684388482	0.7330425590027756	0.8888888888888888	0.7037037037037037	0.037037037037037035	0.	0.	0.037037037037037035
238	0.007655685276194397	0.2593327478867541	0.	0.25925925925925924	0.037037037037037035	0.	0.	0.037037037037037035
239	0.6299788161178022	0.3664588882047141	0.6296296296296297	0.3333333333333333	0.037037037037037035	0.	0.	0.037037037037037035
240	0.1592408096241222	0.843390681728589	0.14814814814814814	0.8148148148148148	0.037037037037037035	0.	0.	0.037037037037037035
241	0.3362997303944862	0.09442713375268424	0.3333333333333333	0.07407407407407407	0.037037037037037035	0.	0.	0.037037037037037035
242	0.7267807373674205	0.5295625205477108	0.7037037037037037	0.5185185185185185	0.037037037037037035	0.	0.	0.037037037037037035
243	0.1185330099221125	0.8351888525613488	0.1111111111111111	0.8148148148148148	0.037037037037037035	0.	0.	0.037037037037037035
244	0.4146406782665883	0.07805681043024719	0.4074074074074074	0.07407407407407407	0.037037037037037035	0.	0.	0.037037037037037035
245	0.6687142739113109	0.5489943606639417	0.6666666666666666	0.5185185185185185	0.037037037037037035	0.	0.	0.037037037037037035
246	0.4731361656679615	0.9751019260109395	0.4444444444444444	0.9629629629629629	0.037037037037037035	0.	0.	0.037037037037037035
247	0.7839856494184194	0.1620490460603044	0.7777777777777778	0.14814814814814814	0.037037037037037035	0.	0.	0.037037037037037035
248	0.28563778928067995	0.5712480159165425	0.25925925925925924	0.5555555555555556	0.037037037037037035	0.	0.	0.037037037037037035
249	0.9901696861468778	0.719601209148578	0.9629629629629629	0.7037037037037037	0.037037037037037035	0.	0.	0.037037037037037035
250	0.08205775181222626	0.2868199079682644	0.07407407407407407	0.25925925925925924	0.037037037037037035	0.	0.	0.037037037037037035
251	0.6279945225096238	0.3493625879623178	0.5925925925925926	0.3333333333333333	0.037037037037037035	0.	0.	0.037037037037037035
252	0.3594651581097285	0.6635894408430905	0.3333333333333333	0.6296296296296297	0.037037037037037035	0.	0.	0.037037037037037035
253	0.7046371752424276	0.934220377969392	0.7037037037037037	0.9259259259259259	0.037037037037037035	0.	0.	0.037037037037037035
254	0.183233511603633	0.113856459804668	0.14814814814814814	0.1111111111111111	0.037037037037037035	0.	0.	0.037037037037037035
255	0.8316608168168754	0.4223081509076649	0.8148148148148148	0.4074074074074074	0.037037037037037035	0.	0.	0.037037037037037035
256	0.3012551245493541	0.6765695364827922	0.2962962962962963	0.6666666666666666	0.037037037037037035	0.	0.	0.037037037037037035
257	0.4832808210099596	0.2290104443426412	0.48148148148148145	0.2222222222222222	0.037037037037037035	0.	0.	0.037037037037037035
258	0.02983566519632368	0.5084985795197149	0.	0.48148148148148145	0.037037037037037035	0.	0.	0.037037037037037035
259	0.6560968221447541	0.7936076590242839	0.6296296296296297	0.7777777777777778	0.037037037037037035	0.	0.	0.037037037037037035
260	0.8904558177183379	0.07310040159836083	0.8888888888888888	0.037037037037037035	0.037037037037037035	0.	0.	0.037037037037037035
261	0.7571616034655996	0.3119782727856709	0.7407407407407407	0.2962962962962963	0.037037037037037035	0.	0.	0.037037037037037035
262	0.1879979369564697	0.3911884467559312	0.18518518518518517	0.37037037037037035	0.037037037037037035	0.	0.	0.037037037037037035
263	0.39847122712879196	0.7576233532656556	0.37037037037037035	0.7407407407407407	0.037037037037037035	0.	0.	0.037037037037037035
264	0.2332185465114452	0.01635494984537761	0.2222222222222222	0.	0.037037037037037035	0.	0.	0.037037037037037035
265	0.5423308910231642	0.4600316892377884	0.5185185185185185	0.4444444444444444	0.037037037037037035	0.	0.	0.037037037037037035
266	0.8607364069138497	0.8630200290379239	0.8518518518518519	0.8518518518518519	0.037037037037037035	0.	0.	0.037037037037037035
267	0.5784632908250756	0.1990922417803945	0.5555555555555556	0.18518518518518517	0.037037037037037035	0.	0.	0.037037037037037035
268	0.9411023552413786	0.59354442402761	0.9259259259259259	0.5925925925925926	0.037037037037037035	0.	0.	0.037037037037037035
269	0.07156957393994032	0.9168489528871218	0.037037037037037035	0.8888888888888888	0.037037037037037035	0.	0.	0.037037037037037035
270	0.9054493295010011	0.9048644955206108	0.8888888888888888	0.8888888888888888	0.037037037037037035	0.	0.	0.037037037037037035
271	0.00249475705968664	0.1862061637116978	0.	0.18518518518518517	0.037037037037037035	0.	0.	0.037037037037037035
272	0.6404972462190385	0.623711387310408	0.6296296296296297	0.5925925925925926	0.037037037037037035	0.	0.	0.037037037037037035
273	0.1545416707856839	0.7489294110788928	0.14814814814814814	0.7407407407407407	0.037037037037037035	0.	0.	0.037037037037037035
274	0.3420390379336219	0.29884329891494193	0.3333333333333333	0.2962962962962963	0.037037037037037035	0.	0.	0.037037037037037035
275	0.7221647295651074	0.3759496304457627	0.7037037037037037	0.37037037037037035	0.037037037037037035	0.	0.	0.037037037037037035
276	0.4993721657985586	0.884565976925741	0.48148148148148145	0.8518518518518519	0.037037037037037035	0.	0.	0.037037037037037035
277	0.8403902355303671	0.009414176853202	0.8148148148148148	0.	0.037037037037037035	0.	0.	0.037037037037037035
278	0.314010708745281	0.4493258589635408	0.2962962962962963	0.4444444444444444	0.037037037037037035	0.	0.	0.037037037037037035
279	0.038583428319059976	0.3446886336463222	0.037037037037037035	0.3333333333333333	0.037037037037037035	0.	0.	0.037037037037037035
280	0.5810047267100872	0.7123988607634018	0.5555555555555556	0.7037037037037037	0.037037037037037035	0.	0.	0.037037037037037035
281	0.9594335092931374	0.2786407406553039	0.9259259259259259	0.25925925925925924	0.037037037037037035	0.	0.	0.037037037037037035
282	0.3727875046209374	0.5381916115782233	0.37037037037037035	0.5185185185185185	0.037037037037037035	0.	0.	0.037037037037037035
283	0.777411811932676	0.8253357607010815	0.7407407407407407	0.8148148148148148	0.037037037037037035	0.	0.	0.037037037037037035
284	0.2078918779125283	0.10385813642396179	0.18518518518518517	0.07407407407407407	0.037037037037037035	0.	0.	0.037037037037037035
285	0.8648403819103813	0.5601467832194768	0.8518518518518519	0.5555555555555556	0.037037037037037035	0.	0.	0.037037037037037035
286	0.24181641995363506	0.9994448564128472	0.2222222222222222	0.9629629629629629	0.037037037037037035	0.	0.	0.037037037037037035
287	0.5491497258766128	0.1591107631549829	0.5185185185185185	0.14814814814814814	0.037037037037037035	0.	0.	0.037037037037037035
288	0.5971277683251285	0.05649320902763784	0.5925925925925926	0.037037037037037035	0.037037037037037035	0.	0.	0.037037037037037035
289	0.9635815062257416	0.4954283303276714	0.9629629629629629	0.48148148148148145	0.037037037037037035	0.	0.	0.037037037037037035
290	0.09474994579683506	0.7845840913523118	0.07407407407407407	0.7777777777777778	0.037037037037037035	0.	0.	0.037037037037037035
291	0.6828318115445189	0.1404437896589064	0.6666666666666666	0.1111111111111111	0.037037037037037035	0.	0.	0.037037037037037035
292	0.130262127153528	0.6454768469064285	0.1111111111111111	0.6296296296296297	0.037037037037037035	0.	0.	0.037037037037037035
293	0.429265581081163	0.9523121641956663	0.4074074074074074	0.9259259259259259	0.037037037037037035	0.	0.	0.037037037037037035
294	0.2653967990491764	0.2520101933311362	0.25925925925925924	0.2222222222222222	0.037037037037037035	0.	0.	0.037037037037037035
295	0.4564032406315678	0.4091354368199148	0.4444444444444444	0.4074074074074074	0.037037037037037035	0.	0.	0.037037037037037035
296	0.7945223593995308	0.7028502494439144	0.7777777777777778	0.6666666666666666	0.037037037037037035	0.	0.	0.037037037037037035
297	0.5263069080134961	0.6881290911797905	0.5185185185185185	0.6666666666666666	0.037037037037037035	0.	0.	0.037037037037037035
298	0.8804055671235634	0.2428114869268053	0.8518518518518519	0.2222222222222222	0.037037037037037035	0.	0.	0.037037037037037035
299	0.2547631022856581	0.43817057044359536	0.2222222222222222	0.4074074074074074	0.037037037037037035	0.	0.	0.037037037037037035
300	0.9372850807932704	0.8062018053636463	0.9259259259259259	0.7777777777777778	0.037037037037037035	0.	0.	0.037037037037037035
301	0.05181942334839532	0.0473756969179466	0.037037037037037035	0.037037037037037035	0.037037037037037035	0.	0.	0.037037037037037035
302	0.5584045435793493	0.4902303992497413	0.5555555555555556	0.48148148148148145	0.037037037037037035	0.	0.	0.037037037037037035
303	0.2201690654517758	0.9482467433466071	0.18518518518518517	0.9259259259259259	0.037037037037037035	0.	0.	0.037037037037037035
304	0.391851702849235	0.1251899242393106	0.37037037037037035	0.1111111111111111	0.037037037037037035	0.	0.	0.037037037037037035
305	0.7448243778006968	0.6408259407605397	0.7407407407407407	0.6296296296296297	0.037037037037037035	0.	0.	0.037037037037037035
306	0.8046605850351227	0.46914413450136333	0.7777777777777778	0.4444444444444444	0.037037037037037035	0.	0.	0.037037037037037035
307	0.2742357524961292	0.8755121845573497	0.25925925925925924	0.8518518518518519	0.037037037037037035	0.	0.	0.037037037037037035
308	0.4622443849805442	0.03141951018496598	0.4444444444444444	0.	0.037037037037037035	0.	0.	0.037037037037037035
309	0.1070527265445341	0.6074363824710708	0.07407407407407407	0.5925925925925926	0.037037037037037035	0.	0.	0.037037037037037035
310	0.6065372181868952	0.8905524199057009	0.5925925925925926	0.8888888888888888	0.037037037037037035	0.	0.	0.037037037037037035
311	0.9867695897725223	0.2150865782767966	0.9629629629629629	0.18518518518518517	0.037037037037037035	0.	0.	0.037037037037037035
312	0.4391865423514036	0.3990470966891308	0.4074074074074074	0.37037037037037035	0.037037037037037035	0.	0.	0.037037037037037035
313	0.6920731081933047	0.7724401096401486	0.6666666666666666	0.7407407407407407	0.037037037037037035	0.	0.	0.037037037037037035
314	0.14306021555475	0.323967310016654	0.1111111111111111	0.2962962962962963	0.037037037037037035	0.	0.	0.037037037037037035
315	0.3278911310582062	0.17429314896146336	0.2962962962962963	0.14814814814814814	0.037037037037037035	0.	0.	0.037037037037037035
316	0.5109464460977436	0.5918938496478607	0.48148148148148145	0.5555555555555556	0.037037037037037035	0.	0.	0.037037037037037035
317	0.826932401433558	0.985196731124185	0.8148148148148148	0.9629629629629629	0.037037037037037035	0.	0.	0.037037037037037035
318	0.651439888095335	0.2713134797576491	0.6296296296296297	0.25925925925925924	0.037037037037037035	0.	0.	0.037037037037037035
319	0.9217525594866856	0.3628450025866684	0.8888888888888888	0.3333333333333333	0.037037037037037035	0.	0.	0.037037037037037035
320	0.01988662160474085	0.7306577014825874	0.	0.7037037037037037	0.037037037037037035	0.	0.	0.037037037037037035
321	0.7300371397411216	0.08818509079936658	0.7037037037037037	0.07407407407407407	0.037037037037037035	0.	0.	0.037037037037037035
322	0.1631224998703325	0.5236954035575887	0.14814814814814814	0.5185185185185185	0.037037037037037035	0.	0.	0.037037037037037035
323	0.3519678150011318	0.8491903216473061	0.3333333333333333	0.8148148148148148	0.037037037037037035	0.	0.	0.037037037037037035
324	0.5540849054062289	0.6464943528924546	0.5185185185185185	0.6296296296296297	0.037037037037037035	0.	0.	0.037037037037037035
325	0.8711310550571664	0.9572970356419809	0.8518518518518519	0.9259259259259259	0.037037037037037035	0.	0.	0.037037037037037035
326	0.2444022339768406	0.1470713955967362	0.2222222222222222	0.1111111111111111	0.037037037037037035	0.	0.	0.037037037037037035
327	0.9536357166351793	0.41166696959764215	0.9259259259259259	0.4074074074074074	0.037037037037037035	0.	0.	0.037037037037037035
328	0.04289941929219959	0.692984161368571	0.037037037037037035	0.6666666666666666	0.037037037037037035	0.	0.	0.037037037037037035
329	0.5864939984283244	0.2570510745496478	0.5555555555555556	0.2222222222222222	0.037037037037037035	0.	0.	0.037037037037037035
330	0.1988389906760971	0.5017668705005773	0.18518518518518517	0.48148148148148145	0.037037037037037035	0.	0.	0.037037037037037035
331	0.3772993301859159	0.789926002080907	0.37037037037037035	0.7777777777777778	0.037037037037037035	0.	0.	0.037037037037037035
332	0.7669455585590708	0.06132629276954254	0.7407407407407407	0.037037037037037035	0.037037037037037035	0.	0.	0.037037037037037035
333	0.7993243356832375	0.302369145823192	0.7777777777777778	0.2962962962962963	0.037037037037037035	0.	0.	0.037037037037037035
334	0.2694215328399939	0.380468405393672	0.25925925925925924	0.37037037037037035	0.037037037037037035	0.	0.	0.037037037037037035
335	0.44653133286746055	0.7498254882780174	0.4444444444444444	0.7407407407407407	0.037037037037037035	0.	0.	0.037037037037037035
336	0.08926590181794265	0.002232932153122822	0.07407407407407407	0.	0.037037037037037035	0.	0.	0.037037037037037035
337	0.6033664445661261	0.4556598450837225	0.5925925925925926	0.4444444444444444	0.037037037037037035	0.	0.	0.037037037037037035
338	0.968854603694781	0.8876753934405364	0.9629629629629629	0.8518518518518519	0.037037037037037035	0.	0.	0.037037037037037035
339	0.4233795974240966	0.1911690340844794	0.4074074074074074	0.18518518518518517	0.037037037037037035	0.	0.	0.037037037037037035
340	0.6864658329071147	0.6286927036186427	0.6666666666666666	0.5925925925925926	0.037037037037037035	0.	0.	0.037037037037037035
341	0.1324170269511309	0.9055803817679177	0.1111111111111111	0.8888888888888888	0.037037037037037035	0.	0.	0.037037037037037035
342	0.3208437718945732	0.8184464744024763	0.2962962962962963	0.8148148148148148	0.037037037037037035	0.	0.	0.037037037037037035
343	0.5041231673216953	0.1074432617320867	0.48148148148148145	0.07407407407407407	0.037037037037037035	0.	0.	0.037037037037037035
344	0.8451849449466433	0.5425003700995965	0.8148148148148148	0.5185185185185185	0.037037037037037035	0.	0.	0.037037037037037035
345	0.6332776839791764	0.991316780013322	0.6296296296296297	0.9629629629629629	0.037037037037037035	0.	0.	0.037037037037037035
346	0.9124402168621495	0.15108954911261796	0.8888888888888888	0.14814814814814814	0.037037037037037035	0.	0.	0.037037037037037035
347	0.005496156571798315	0.5653056198240116	0.	0.5555555555555556	0.037037037037037035	0.	0.	0.037037037037037035
348	0.7244625111536971	0.706789875879108	0.7037037037037037	0.7037037037037037	0.037037037037037035	0.	0.	0.037037037037037035
349	0.1585656104350571	0.281293931944489	0.14814814814814814	0.25925925925925924	0.037037037037037035	0.	0.	0.037037037037037035
350	0.334892645115972	0.33401279490237107	0.3333333333333333	0.3333333333333333	0.037037037037037035	0.	0.	0.037037037037037035
351	0.1467813111281611	0.3696387888595467	0.1111111111111111	0.3333333333333333	0.037037037037037035	0.	0.	0.037037037037037035
352	0.44352089322083665	0.7360377628349956	0.4074074074074074	0.7037037037037037	0.037037037037037035	0.	0.	0.037037037037037035
353	0.6966326140794272	0.2626395373735642	0.6666666666666666	0.25925925925925924	0.037037037037037035	0.	0.	0.037037037037037035
354	0.4673968357586443	0.528861433896268	0.4444444444444444	0.5185185185185185	0.037037037037037035	0.	0.	0.037037037037037035
355	0.8069576662649524	0.841177443939127	0.7777777777777778	0.8148148148148148	0.037037037037037035	0.	0.	0.037037037037037035
356	0.2759719788593835	0.09314149532929496	0.25925925925925924	0.07407407407407407	0.037037037037037035	0.	0.	0.037037037037037035
357	0.9761838693048576	0.5808634667572611	0.9629629629629629	0.5555555555555556	0.037037037037037035	0.	0.	0.037037037037037035
358	0.09958113667722583	0.9763862592202758	0.07407407407407407	0.9629629629629629	0.037037037037037035	0.	0.	0.037037037037037035
359	0.6106036697850881	0.17752126682179678	0.5925925925925926	0.14814814814814814	0.037037037037037035	0.	0.	0.037037037037037035
360	0.3548030634315092	0.0381440160056515	0.3333333333333333	0.037037037037037035	0.037037037037037035	0.	0.	0.037037037037037035
361	0.7327739335610272	0.4829249733700412	0.7037037037037037	0.48148148148148145	0.037037037037037035	0.	0.	0.037037037037037035
362	0.1677143057174071	0.8071895977258619	0.14814814814814814	0.7777777777777778	0.037037037037037035	0.	0.	0.037037037037037035
363	0.817167225247088	0.1309717815844961	0.8148148148148148	0.1111111111111111	0.037037037037037035	0.	0.	0.037037037037037035
364	0.3327148219050439	0.6329048186538563	0.2962962962962963	0.6296296296296297	0.037037037037037035	0.	0.	0.037037037037037035
365	0.5181885308084467	0.9385153142997555	0.48148148148148145	0.9259259259259259	0.037037037037037035	0.	0.	0.037037037037037035
366	0.02298863186866712	0.2364759409166578	0.	0.2222222222222222	0.037037037037037035	0.	0.	0.037037037037037035
367	0.6445831254594969	0.4403399187972907	0.6296296296296297	0.4074074074074074	0.037037037037037035	0.	0.	0.037037037037037035
368	0.9231548850788839	0.6805219027363659	0.8888888888888888	0.6666666666666666	0.037037037037037035	0.	0.	0.037037037037037035
369	0.7472032435538017	0.8956888321240369	0.7407407407407407	0.8888888888888888	0.037037037037037035	0.	0.	0.037037037037037035
370	0.2121895279179896	0.2184187665235571	0.18518518518518517	0.18518518518518517	0.037037037037037035	0.	0.	0.037037037037037035
371	0.38276311538425967	0.6092388202696907	0.37037037037037035	0.5925925925925926	0.037037037037037035	0.	0.	0.037037037037037035
372	0.2559405318390375	0.7776743079446856	0.2222222222222222	0.7407407407407407	0.037037037037037035	0.	0.	0.037037037037037035
373	0.5298650987626694	0.3281873088200729	0.5185185185185185	0.2962962962962963	0.037037037037037035	0.	0.	0.037037037037037035
374	0.8821898635653556	0.3993923847429763	0.8518518518518519	0.37037037037037035	0.037037037037037035	0.	0.	0.037037037037037035
375	0.5604880867998354	0.8682670075992461	0.5555555555555556	0.8518518518518519	0.037037037037037035	0.	0.	0.037037037037037035
376	0.929579234686957	0.03467698976894672	0.9259259259259259	0.	0.037037037037037035	0.	0.	0.037037037037037035
377	0.05521741434451255	0.4761812997453524	0.037037037037037035	0.4444444444444444	0.037037037037037035	0.	0.	0.037037037037037035
378	0.8966734307126436	0.4615150456502229	0.8888888888888888	0.4444444444444444	0.037037037037037035	0.	0.	0.037037037037037035
379	0.03548352601454694	0.8546186974294657	0.	0.8518518518518519	0.037037037037037035	0.	0.	0.037037037037037035
380	0.6608513048122931	0.02036555428538525	0.6296296296296297	0.	0.037037037037037035	0.	0.	0.037037037037037035
381	0.1766480424838863	0.6001231511188005	0.14814814814814814	0.5925925925925926	0.037037037037037035	0.	0.	0.037037037037037035
382	0.36287290766734154	0.9198083523834143	0.3333333333333333	0.8888888888888888	0.037037037037037035	0.	0.	0.037037037037037035
383	0.7092749354651022	0.20564174050863548	0.7037037037037037	0.18518518518518517	0.037037037037037035	0.	0.	0.037037037037037035
384	0.4861296946016708	0.3842891489407004	0.48148148148148145	0.37037037037037035	0.037037037037037035	0.	0.	0.037037037037037035
385	0.8357758676344382	0.7646432151742324	0.8148148148148148	0.7407407407407407	0.037037037037037035	0.	0.	0.037037037037037035
386	0.3058527500851923	0.3131042741521087	0.2962962962962963	0.2962962962962963	0.037037037037037035	0.	0.	0.037037037037037035
387	0.06307295052052173	0.1682382583883769	0.037037037037037035	0.14814814814814814	0.037037037037037035	0.	0.	0.037037037037037035
388	0.56944581902757	0.5755505245533532	0.5555555555555556	0.5555555555555556	0.037037037037037035	0.	0.	0.037037037037037035
389	0.9461094351156012	0.965801318267398	0.9259259259259259	0.9629629629629629	0.037037037037037035	0.	0.	0.037037037037037035
390	0.40310493834860994	0.2907181590319383	0.37037037037037035	0.25925925925925924	0.037037037037037035	0.	0.	0.037037037037037035
391	0.7594895133867499	0.35235244015880285	0.7407407407407407	0.3333333333333333	0.037037037037037035	0.	0.	0.037037037037037035
392	0.1907114107225238	0.7233507432454526	0.18518518518518517	0.7037037037037037	0.037037037037037035	0.	0.	0.037037037037037035
393	0.8557640791166313	0.08192462772234366	0.8518518518518519	0.07407407407407407	0.037037037037037035	0.	0.	0.037037037037037035
394	0.22440905545395656	0.5545446040327172	0.2222222222222222	0.5185185185185185	0.037037037037037035	0.	0.	0.037037037037037035
395	0.5313614445070474	0.8363712551781602	0.5185185185185185	0.8148148148148148	0.037037037037037035	0.	0.	0.037037037037037035
396	0.6181461989395884	0.6686973448462437	0.5925925925925926	0.6666666666666666	0.037037037037037035	0.	0.	0.037037037037037035
397	0.9929073394979893	0.23298481080935637	0.9629629629629629	0.2222222222222222	0.037037037037037035	0.	0.	0.037037037037037035
398	0.08351177747511095	0.4250100085267646	0.07407407407407407	0.4074074074074074	0.037037037037037035	0.	0.	0.037037037037037035
399	0.6721678832014483	0.7967104221308577	0.6666666666666666	0.7777777777777778	0.037037037037037035	0.	0.	0.037037037037037035
400	0.12273599620247928	0.06541511454926346	0.1111111111111111	0.037037037037037035	0.037037037037037035	0.	0.	0.037037037037037035
401	0.4162026228475146	0.5123376597324635	0.4074074074074074	0.48148148148148145	0.037037037037037035	0.	0.	0.037037037037037035
402	0.29036886327403294	0.9266994042055771	0.25925925925925924	0.9259259259259259	0.037037037037037035	0.	0.	0.037037037037037035
403	0.4770879382513332	0.1179721774257186	0.4444444444444444	0.1111111111111111	0.037037037037037035	0.	0.	0.037037037037037035
404	0.7895959231693259	0.6562852900637375	0.7777777777777778	0.6296296296296297	0.037037037037037035	0.	0.	0.037037037037037035
405	0.9167070889393943	0.3305526156619971	0.8888888888888888	0.2962962962962963	0.037037037037037035	0.	0.	0.037037037037037035
406	0.014069933886916	0.40465432637456605	0.	0.37037037037037035	0.037037037037037035	0.	0.	0.037037037037037035
407	0.6466956406462367	0.7681742605685129	0.6296296296296297	0.7407407407407407	0.037037037037037035	0.	0.	0.037037037037037035
408	0.17078243548101726	0.02696366599926176	0.14814814814814814	0.	0.037037037037037035	0.	0.	0.037037037037037035
409	0.347821741904139	0.480824107885528	0.3333333333333333	0.4444444444444444	0.037037037037037035	0.	0.	0.037037037037037035
410	0.7385423808427781	0.8713862945264449	0.7037037037037037	0.8518518518518519	0.037037037037037035	0.	0.	0.037037037037037035
411	0.5064544534194731	0.21132191763525096	0.48148148148148145	0.18518518518518517	0.037037037037037035	0.	0.	0.037037037037037035
412	0.8196578137094861	0.6143016672856796	0.8148148148148148	0.5925925925925926	0.037037037037037035	0.	0.	0.037037037037037035
413	0.322179713112695	0.8990671098278783	0.2962962962962963	0.8888888888888888	0.037037037037037035	0.	0.	0.037037037037037035
414	0.06165549580247764	0.8452569674668565	0.037037037037037035	0.8148148148148148	0.037037037037037035	0.	0.	0.037037037037037035
415	0.5641156707125007	0.09540820473574213	0.5555555555555556	0.07407407407407407	0.037037037037037035	0.	0.	0.037037037037037035
416	0.9338823972213818	0.518547341637026	0.9259259259259259	0.5185185185185185	0.037037037037037035	0.	0.	0.037037037037037035
417	0.38714828700416687	0.9814908971769257	0.37037037037037035	0.9629629629629629	0.037037037037037035	0.	0.	0.037037037037037035
418	0.7515202575325506	0.1847497194880332	0.7407407407407407	0.14814814814814814	0.037037037037037035	0.	0.	0.037037037037037035
419	0.2161420223699114	0.5869934282179898	0.18518518518518517	0.5555555555555556	0.037037037037037035	0.	0.	0.037037037037037035
420	0.8855178548219047	0.7367094929251405	0.8518518518518519	0.7037037037037037	0.037037037037037035	0.	0.	0.037037037037037035
421	0.2475535782345609	0.2664536937625241	0.2222222222222222	0.25925925925925924	0.037037037037037035	0.	0.	0.037037037037037035
422	0.5186858612426148	0.3612831999703557	0.5185185185185185	0.3333333333333333	0.037037037037037035	0.	0.	0.037037037037037035
423	0.6150962957115741	0.6373530655817569	0.5925925925925926	0.6296296296296297	0.037037037037037035	0.	0.	0.037037037037037035
424	0.9818656519221934	0.9447653218980889	0.9629629629629629	0.9259259259259259	0.037037037037037035	0.	0.	0.037037037037037035
425	0.1054968004028305	0.1355950278613169	0.07407407407407407	0.1111111111111111	0.037037037037037035	0.	0.	0.037037037037037035
426	0.7000480856516256	0.43362675810020634	0.6666666666666666	0.4074074074074074	0.037037037037037035	0.	0.	0.037037037037037035
427	0.1362184529860182	0.6850517173688594	0.1111111111111111	0.6666666666666666	0.037037037037037035	0.	0.	0.037037037037037035
428	0.43494144506470156	0.24237196706444714	0.4074074074074074	0.2222222222222222	0.037037037037037035	0.	0.	0.037037037037037035
429	0.2810229550525054	0.48708075426542546	0.25925925925925924	0.48148148148148145	0.037037037037037035	0.	0.	0.037037037037037035
430	0.4584082791415471	0.8130587882597333	0.4444444444444444	0.7777777777777778	0.037037037037037035	0.	0.	0.037037037037037035
431	0.8124829092350869	0.04499189423785655	0.7777777777777778	0.037037037037037035	0.037037037037037035	0.	0.	0.037037037037037035
432	0.5377531310689146	0.06606159558759596	0.5185185185185185	0.037037037037037035	0.037037037037037035	0.	0.	0.037037037037037035
433	0.856522107344371	0.5177066822606793	0.8518518518518519	0.48148148148148145	0.037037037037037035	0.	0.	0.037037037037037035
434	0.22922328027244146	0.8002248688504443	0.2222222222222222	0.7777777777777778	0.037037037037037035	0.	0.	0.037037037037037035
435	0.9465677407680934	0.12260703554753569	0.9259259259259259	0.1111111111111111	0.037037037037037035	0.	0.	0.037037037037037035
436	0.06892240711271898	0.6611663698905025	0.037037037037037035	0.6296296296296297	0.037037037037037035	0.	0.	0.037037037037037035
437	0.5737066382499283	0.9304039527277901	0.5555555555555556	0.9259259259259259	0.037037037037037035	0.	0.	0.037037037037037035
438	0.1943733079124785	0.22276310653943407	0.18518518518518517	0.2222222222222222	0.037037037037037035	0.	0.	0.037037037037037035
439	0.40663113629663156	0.4314151714022194	0.37037037037037035	0.4074074074074074	0.037037037037037035	0.	0.	0.037037037037037035
440	0.7626640925195535	0.674248069173922	0.7407407407407407	0.6666666666666666	0.037037037037037035	0.	0.	0.037037037037037035
441	0.7799565233284982	0.9240184325925002	0.7777777777777778	0.8888888888888888	0.037037037037037035	0.	0.	0.037037037037037035
442	0.293895573155055	0.2067229834437934	0.25925925925925924	0.18518518518518517	0.037037037037037035	0.	0.	0.037037037037037035
443	0.48068708364053503	0.6014428490039583	0.4444444444444444	0.5925925925925926	0.037037037037037035	0.	0.	0.037037037037037035
444	0.07431598865868622	0.7553106998083075	0.07407407407407407	0.7407407407407407	0.037037037037037035	0.	0.	0.037037037037037035
445	0.6254618600377294	0.3194354898113472	0.5925925925925926	0.2962962962962963	0.037037037037037035	0.	0.	0.037037037037037035
446	0.9998393967232847	0.3880239299028572	0.9629629629629629	0.37037037037037035	0.037037037037037035	0.	0.	0.037037037037037035
447	0.4099452399724098	0.8592249010695284	0.4074074074074074	0.8518518518518519	0.037037037037037035	0.	0.	0.037037037037037035
448	0.6783035989611793	0.02110682294520223	0.6666666666666666	0.	0.037037037037037035	0.	0.	0.037037037037037035
449	0.1130508820353071	0.4678640774382655	0.1111111111111111	0.4444444444444444	0.037037037037037035	0.	0.	0.037037037037037035
450	0.29770338845794325	0.3566703067856245	0.2962962962962963	0.3333333333333333	0.037037037037037035	0.	0.	0.037037037037037035
451	0.4931342389586422	0.7259872567039168	0.48148148148148145	0.7037037037037037	0.037037037037037035	0.	0.	0.037037037037037035
452	0.8273111208633057	0.2930470024779717	0.8148148148148148	0.25925925925925924	0.037037037037037035	0.	0.	0.037037037037037035
453	0.6635835144657686	0.5436537241753021	0.6296296296296297	0.5185185185185185	0.037037037037037035	0.	0.	0.037037037037037035
454	0.8998716740559377	0.8295244206009628	0.8888888888888888	0.8148148148148148	0.037037037037037035	0.	0.	0.037037037037037035
455	0.025823624762740235	0.08239565942695061	0.	0.07407407407407407	0.037037037037037035	0.	0.	0.037037037037037035
456	0.7147072096815889	0.5797934700006707	0.7037037037037037	0.5555555555555556	0.037037037037037035	0.	0.	0.037037037037037035
457	0.1780066464166793	0.9673678057159577	0.14814814814814814	0.9629629629629629	0.037037037037037035	0.	0.	0.037037037037037035
458	0.3679660430487282	0.1696953745778789	0.3333333333333333	0.14814814814814814	0.037037037037037035	0.	0.	0.037037037037037035
459	0.1259700154887781	0.156034004524044	0.1111111111111111	0.14814814814814814	0.037037037037037035	0.	0.	0.037037037037037035
460	0.4243601599157206	0.5562773234398212	0.4074074074074074	0.5555555555555556	0.037037037037037035	0.	0.	0.037037037037037035
461	0.6899031739129315	0.9927232612969349	0.6666666666666666	0.9629629629629629	0.037037037037037035	0.	0.	0.037037037037037035
462	0.451980607561517	0.2753750254029542	0.4444444444444444	0.25925925925925924	0.037037037037037035	0.	0.	0.037037037037037035
463	0.7911572336416449	0.3380146792735408	0.7777777777777778	0.3333333333333333	0.037037037037037035	0.	0.	0.037037037037037035
464	0.2599990058863407	0.7102428011579257	0.25925925925925924	0.7037037037037037	0.037037037037037035	0.	0.	0.037037037037037035
465	0.9734829331651584	0.10009326670725799	0.9629629629629629	0.07407407407407407	0.037037037037037035	0.	0.	0.037037037037037035
466	0.09420874485551536	0.5325926175611567	0.07407407407407407	0.5185185185185185	0.037037037037037035	0.	0.	0.037037037037037035
467	0.5940784054230372	0.8217953654313139	0.5925925925925926	0.8148148148148148	0.037037037037037035	0.	0.	0.037037037037037035
468	0.3387735162693817	0.6970760332365041	0.3333333333333333	0.6666666666666666	0.037037037037037035	0.	0.	0.037037037037037035
469	0.7180967697004447	0.2492358081419557	0.7037037037037037	0.2222222222222222	0.037037037037037035	0.	0.	0.037037037037037035
470	0.15015371751974288	0.41730982293676944	0.14814814814814814	0.4074074074074074	0.037037037037037035	0.	0.	0.037037037037037035
471	0.8498968485548184	0.7796059550514204	0.8148148148148148	0.7777777777777778	0.037037037037037035	0.	0.	0.037037037037037035
472	0.3092096556617581	0.05167491885885605	0.2962962962962963	0.037037037037037035	0.037037037037037035	0.	0.	0.037037037037037035
473	0.4958946694565071	0.5026550338177905	0.48148148148148145	0.48148148148148145	0.037037037037037035	0.	0.	0.037037037037037035
474	0.011936456979692677	0.9605251612458386	0.	0.9259259259259259	0.037037037037037035	0.	0.	0.037037037037037035
475	0.6359809027377828	0.1367544528601325	0.6296296296296297	0.1111111111111111	0.037037037037037035	0.	0.	0.037037037037037035
476	0.9045024582235419	0.6519788554600684	0.8888888888888888	0.6296296296296297	0.037037037037037035	0.	0.	0.037037037037037035
477	0.7723977525618166	0.4463838204488973	0.7407407407407407	0.4444444444444444	0.037037037037037035	0.	0.	0.037037037037037035
478	0.2044122701694971	0.8786801231878059	0.18518518518518517	0.8518518518518519	0.037037037037037035	0.	0.	0.037037037037037035
479	0.3814171239318906	0.004309462321699769	0.37037037037037035	0.	0.037037037037037035	0.	0.	0.037037037037037035
480	0.2365935065452875	0.6178753175510722	0.2222222222222222	0.5925925925925926	0.037037037037037035	0.	0.	0.037037037037037035
481	0.5433158991581711	0.9118671917564312	0.5185185185185185	0.8888888888888888	0.037037037037037035	0.	0.	0.037037037037037035
482	0.8746631509895871	0.19422540745730496	0.8518518518518519	0.18518518518518517	0.037037037037037035	0.	0.	0.037037037037037035
483	0.5907518432769311	0.3704366816111611	0.5555555555555556	0.37037037037037035	0.037037037037037035	0.	0.	0.037037037037037035
484	0.958206538391589	0.7434018244020473	0.9259259259259259	0.7407407407407407	0.037037037037037035	0.	0.	0.037037037037037035
485	0.045660966578357706	0.3058021237832192	0.037037037037037035	0.2962962962962963	0.037037037037037035	0.	0.	0.037037037037037035
486	0.6595754507621476	0.4023393662073458	0.6296296296296297	0.37037037037037035	0.037037037037037035	0.	0.	0.037037037037037035
487	0.8946380995353088	0.7760061755536115	0.8888888888888888	0.7407407407407407	0.037037037037037035	0.	0.	0.037037037037037035
488	0.03314088360807715	0.32698151473690723	0.	0.2962962962962963	0.037037037037037035	0.	0.	0.037037037037037035
489	0.7085321060549278	0.4758796430097945	0.7037037037037037	0.4444444444444444	0.037037037037037035	0.	0.	0.037037037037037035
490	0.17473969478160456	0.8656112927815063	0.14814814814814814	0.8518518518518519	0.037037037037037035	0.	0.	0.037037037037037035
491	0.3657233669607667	0.033185669571888156	0.3333333333333333	0.	0.037037037037037035	0.	0.	0.037037037037037035
492	0.3075303115077805	0.6130635732415621	0.2962962962962963	0.5925925925925926	0.037037037037037035	0.	0.	0.037037037037037035
493	0.489185993980819	0.8934079443244589	0.48148148148148145	0.8888888888888888	0.037037037037037035	0.	0.	0.037037037037037035
494	0.8390058757751108	0.2218864371935683	0.8148148148148148	0.18518518518518517	0.037037037037037035	0.	0.	0.037037037037037035
495	0.9445642526837723	0.09164477617496372	0.9259259259259259	0.07407407407407407	0.037037037037037035	0.	0.	0.037037037037037035
496	0.06526187536422903	0.5274919657987767	0.037037037037037035	0.5185185185185185	0.037037037037037035	0.	0.	0.037037037037037035
497	0.5692569441433611	0.8408033826694867	0.5555555555555556	0.8148148148148148	0.037037037037037035	0.	0.	0.037037037037037035
498	0.1894077014944177	0.1798446992650751	0.18518518518518517	0.14814814814814814	0.037037037037037035	0.	0.	0.037037037037037035
499	0.4011020043564776	0.5840231619758242	0.37037037037037035	0.5555555555555556	0.037037037037037035	0.	0.	0.037037037037037035
500	0.7574961865271922	0.9792219877491645	0.7407407407407407	0.9629629629629629	0.037037037037037035	0.	0.	0.037037037037037035
501	0.5338008955948635	0.2614501870946048	0.5185185185185185	0.25925925925925924	0.037037037037037035	0.	0.	0.037037037037037035
502	0.8543094425757126	0.3678600703364796	0.8518518518518519	0.3333333333333333	0.037037037037037035	0.	0.	0.037037037037037035
503	0.22342037860917918	0.7351283254751488	0.2222222222222222	0.7037037037037037	0.037037037037037035	0.	0.	0.037037037037037035
504	0.08560058371099728	0.9419494821813619	0.07407407407407407	0.9259259259259259	0.037037037037037035	0.	0.	0.037037037037037035
505	0.6205196769205117	0.1294969576755314	0.5925925925925926	0.1111111111111111	0.037037037037037035	0.	0.	0.037037037037037035
506	0.9946694103040413	0.6321875119000224	0.9629629629629629	0.6296296296296297	0.037037037037037035	0.	0.	0.037037037037037035
507	0.4185395866694426	0.6796418993730607	0.4074074074074074	0.6666666666666666	0.037037037037037035	0.	0.	0.037037037037037035
508	0.6718493894627241	0.2355881398243068	0.6666666666666666	0.2222222222222222	0.037037037037037035	0.	0.	0.037037037037037035
509	0.1218830538756904	0.443768316892846	0.1111111111111111	0.4074074074074074	0.037037037037037035	0.	0.	0.037037037037037035
510	0.7884900059239424	0.8100306796112685	0.7777777777777778	0.7777777777777778	0.037037037037037035	0.	0.	0.037037037037037035
511	0.2882216459130018	0.04034838832009562	0.25925925925925924	0.037037037037037035	0.037037037037037035	0.	0.	0.037037037037037035
512	0.47515690116224074	0.4824727257347851	0.4444444444444444	0.48148148148148145	0.037037037037037035	0.	0.	0.037037037037037035
513	0.2428902084559945	0.5107137101706909	0.2222222222222222	0.48148148148148145	0.037037037037037035	0.	0.	0.037037037037037035
514	0.5518376270836138	0.7947843873585115	0.5185185185185185	0.7777777777777778	0.037037037037037035	0.	0.	0.037037037037037035
515	0.8710538598626706	0.063935045693122	0.8518518518518519	0.037037037037037035	0.037037037037037035	0.	0.	0.037037037037037035
516	0.5854337567916634	0.6550460147019568	0.5555555555555556	0.6296296296296297	0.037037037037037035	0.	0.	0.037037037037037035
517	0.9527358210181462	0.9297724519675571	0.9259259259259259	0.9259259259259259	0.037037037037037035	0.	0.	0.037037037037037035
518	0.04222348016636088	0.1179375036443499	0.037037037037037035	0.1111111111111111	0.037037037037037035	0.	0.	0.037037037037037035
519	0.7665238298741603	0.426702352337385	0.7407407407407407	0.4074074074074074	0.037037037037037035	0.	0.	0.037037037037037035
520	0.2003341568235953	0.6674896002553271	0.18518518518518517	0.6666666666666666	0.037037037037037035	0.	0.	0.037037037037037035
521	0.37689644923933446	0.231508883878364	0.37037037037037035	0.2222222222222222	0.037037037037037035	0.	0.	0.037037037037037035
522	0.44505984813828464	0.2042061659435536	0.4444444444444444	0.18518518518518517	0.037037037037037035	0.	0.	0.037037037037037035
523	0.8014945865877183	0.5983796131477531	0.7777777777777778	0.5925925925925926	0.037037037037037035	0.	0.	0.037037037037037035
524	0.268360618377104	0.9184659152087333	0.25925925925925924	0.8888888888888888	0.037037037037037035	0.	0.	0.037037037037037035
525	0.967800162818269	0.3163189587184344	0.9629629629629629	0.2962962962962963	0.037037037037037035	0.	0.	0.037037037037037035
526	0.08908370271213681	0.3835378954363975	0.07407407407407407	0.37037037037037035	0.037037037037037035	0.	0.	0.037037037037037035
527	0.6013669779521307	0.7632667649989294	0.5925925925925926	0.7407407407407407	0.037037037037037035	0.	0.	0.037037037037037035
528	0.1357653354948573	0.01915030794013237	0.1111111111111111	0.	0.037037037037037035	0.	0.	0.037037037037037035
529	0.4216432256546624	0.4649647599475996	0.4074074074074074	0.4444444444444444	0.037037037037037035	0.	0.	0.037037037037037035
530	0.684704814359986	0.8536633469928157	0.6666666666666666	0.8518518518518519	0.037037037037037035	0.	0.	0.037037037037037035
531	0.8444448705103633	0.7217842884917736	0.8148148148148148	0.7037037037037037	0.037037037037037035	0.	0.	0.037037037037037035
532	0.3184562798553142	0.2892878535049979	0.2962962962962963	0.25925925925925924	0.037037037037037035	0.	0.	0.037037037037037035
533	0.5032215698500826	0.350032245369105	0.48148148148148145	0.3333333333333333	0.037037037037037035	0.	0.	0.037037037037037035
534	0.005068707143157831	0.8384548723923237	0.	0.8148148148148148	0.037037037037037035	0.	0.	0.037037037037037035
535	0.6317626083701181	0.08063502805604068	0.6296296296296297	0.07407407407407407	0.037037037037037035	0.	0.	0.037037037037037035
536	0.9122046450843921	0.5536213367383365	0.8888888888888888	0.5185185185185185	0.037037037037037035	0.	0.	0.037037037037037035
537	0.3335511999728027	0.965135647054881	0.3333333333333333	0.9629629629629629	0.037037037037037035	0.	0.	0.037037037037037035
538	0.7276853694401967	0.1665538981513873	0.7037037037037037	0.14814814814814814	0.037037037037037035	0.	0.	0.037037037037037035
539	0.1567176734079923	0.5735678708515595	0.14814814814814814	0.5555555555555556	0.037037037037037035	0.	0.	0.037037037037037035
540	0.6989470399434656	0.5644938033551791	0.6666666666666666	0.5555555555555556	0.037037037037037035	0.	0.	0.037037037037037035
541	0.1467181841966718	0.9894862168737802	0.1111111111111111	0.9629629629629629	0.037037037037037035	0.	0.	0.037037037037037035
542	0.4417623009780122	0.15060929573087187	0.4074074074074074	0.14814814814814814	0.037037037037037035	0.	0.	0.037037037037037035
543	0.2795620127015706	0.3373014903538912	0.25925925925925924	0.3333333333333333	0.037037037037037035	0.	0.	0.037037037037037035
544	0.465342091565701	0.7058466182463571	0.4444444444444444	0.7037037037037037	0.037037037037037035	0.	0.	0.037037037037037035
545	0.8096598929920473	0.2810345892676833	0.7777777777777778	0.25925925925925924	0.037037037037037035	0.	0.	0.037037037037037035
546	0.6104168314477898	0.5412358198742555	0.5925925925925926	0.5185185185185185	0.037037037037037035	0.	0.	0.037037037037037035
547	0.9792996010939765	0.8167518333462913	0.9629629629629629	0.8148148148148148	0.037037037037037035	0.	0.	0.037037037037037035
548	0.1016889016419573	0.11033032982758259	0.07407407407407407	0.07407407407407407	0.037037037037037035	0.	0.	0.037037037037037035
549	0.1668899249500801	0.2558950317502008	0.14814814814814814	0.2222222222222222	0.037037037037037035	0.	0.	0.037037037037037035
550	0.3568551653618574	0.4146827126980714	0.3333333333333333	0.4074074074074074	0.037037037037037035	0.	0.	0.037037037037037035
551	0.7363540763414125	0.6919515641139293	0.7037037037037037	0.6666666666666666	0.037037037037037035	0.	0.	0.037037037037037035
552	0.5160246055029888	0.059514789024662736	0.48148148148148145	0.037037037037037035	0.037037037037037035	0.	0.	0.037037037037037035
553	0.8160696606833304	0.5004509049941684	0.8148148148148148	0.48148148148148145	0.037037037037037035	0.	0.	0.037037037037037035
554	0.3310765124075131	0.7874389721981552	0.2962962962962963	0.7777777777777778	0.037037037037037035	0.	0.	0.037037037037037035
555	0.9255297087122651	0.1458602369719618	0.8888888888888888	0.1111111111111111	0.037037037037037035	0.	0.	0.037037037037037035
556	0.02107929987839819	0.6500838739412498	0.	0.6296296296296297	0.037037037037037035	0.	0.	0.037037037037037035
557	0.6427078735803946	0.9556044147852661	0.6296296296296297	0.9259259259259259	0.037037037037037035	0.	0.	0.037037037037037035
558	0.3862841114046845	0.8866208467358576	0.37037037037037035	0.8518518518518519	0.037037037037037035	0.	0.	0.037037037037037035
559	0.746010901693259	0.000932784085837718	0.7407407407407407	0.	0.037037037037037035	0.	0.	0.037037037037037035
560	0.20990114696799106	0.4545788886589665	0.18518518518518517	0.4444444444444444	0.037037037037037035	0.	0.	0.037037037037037035
561	0.8811730372886912	0.9084530322814186	0.8518518518518519	0.8888888888888888	0.037037037037037035	0.	0.	0.037037037037037035
562	0.2589818982616241	0.18942510549564656	0.2222222222222222	0.18518518518518517	0.037037037037037035	0.	0.	0.037037037037037035
563	0.5285894899241291	0.6278887580121418	0.5185185185185185	0.5925925925925926	0.037037037037037035	0.	0.	0.037037037037037035
564	0.05362387446335257	0.7529581689212106	0.037037037037037035	0.7407407407407407	0.037037037037037035	0.	0.	0.037037037037037035
565	0.5625993819512903	0.3010328862601792	0.5555555555555556	0.2962962962962963	0.037037037037037035	0.	0.	0.037037037037037035
566	0.9273979002179206	0.3788167322938531	0.9259259259259259	0.37037037037037035	0.037037037037037035	0.	0.	0.037037037037037035
567	0.6877958357024323	0.08585652525981918	0.6666666666666666	0.07407407407407407	0.037037037037037035	0.	0.	0.037037037037037035
568	0.12404686560945759	0.5471270983812113	0.1111111111111111	0.5185185185185185	0.037037037037037035	0.	0.	0.037037037037037035
569	0.42723770949897627	0.8277872882453566	0.4074074074074074	0.8148148148148148	0.037037037037037035	0.	0.	0.037037037037037035
570	0.2623784472414244	0.17166178236553378	0.25925925925925924	0.14814814814814814	0.037037037037037035	0.	0.	0.037037037037037035
571	0.4502274676202441	0.5778536199204477	0.4444444444444444	0.5555555555555556	0.037037037037037035	0.	0.	0.037037037037037035
572	0.7941624610359728	0.9710323262398923	0.7777777777777778	0.9629629629629629	0.037037037037037035	0.	0.	0.037037037037037035
573	0.5928399069948689	0.2955243555364294	0.5925925925925926	0.25925925925925924	0.037037037037037035	0.	0.	0.037037037037037035
574	0.9717568250070877	0.3554316681136259	0.9629629629629629	0.3333333333333333	0.037037037037037035	0.	0.	0.037037037037037035
575	0.0930535486814001	0.7244685648689754	0.07407407407407407	0.7037037037037037	0.037037037037037035	0.	0.	0.037037037037037035
576	0.1491450322683717	0.9337687868129245	0.14814814814814814	0.9259259259259259	0.037037037037037035	0.	0.	0.037037037037037035
577	0.3413357409361658	0.1213548233376991	0.3333333333333333	0.1111111111111111	0.037037037037037035	0.	0.	0.037037037037037035
578	0.7174190203106854	0.6597580860864933	0.7037037037037037	0.6296296296296297	0.037037037037037035	0.	0.	0.037037037037037035
579	0.49478665629719265	0.6733237805947153	0.48148148148148145	0.6666666666666666	0.037037037037037035	0.	0.	0.037037037037037035
580	0.8489847792570756	0.22615458351076867	0.8148148148148148	0.2222222222222222	0.037037037037037035	0.	0.	0.037037037037037035
581	0.3126768419313001	0.4298794670442257	0.2962962962962963	0.4074074074074074	0.037037037037037035	0.	0.	0.037037037037037035
582	0.9029278538406539	0.7988336965145211	0.8888888888888888	0.7777777777777778	0.037037037037037035	0.	0.	0.037037037037037035
583	0.01061029669324829	0.06912969523750029	0.	0.037037037037037035	0.037037037037037035	0.	0.	0.037037037037037035
584	0.6348391071627946	0.5170253828951898	0.6296296296296297	0.48148148148148145	0.037037037037037035	0.	0.	0.037037037037037035
585	0.3812171775286086	0.3898396478457803	0.37037037037037035	0.37037037037037035	0.037037037037037035	0.	0.	0.037037037037037035
586	0.7710724285760048	0.7541543834043325	0.7407407407407407	0.7407407407407407	0.037037037037037035	0.	0.	0.037037037037037035
587	0.2040912563437845	0.31735718207373037	0.18518518518518517	0.2962962962962963	0.037037037037037035	0.	0.	0.037037037037037035
588	0.8734829716246628	0.4664118259028543	0.8518518518518519	0.4444444444444444	0.037037037037037035	0.	0.	0.037037037037037035
589	0.235180290976643	0.8576661950025742	0.2222222222222222	0.8518518518518519	0.037037037037037035	0.	0.	0.037037037037037035
590	0.5465541782432678	0.02402942091170609	0.5185185185185185	0.	0.037037037037037035	0.	0.	0.037037037037037035
591	0.04919061297590106	0.6037515377768262	0.037037037037037035	0.5925925925925926	0.037037037037037035	0.	0.	0.037037037037037035
592	0.5892298380739487	0.9222163983175397	0.5555555555555556	0.8888888888888888	0.037037037037037035	0.	0.	0.037037037037037035
593	0.9568400093917937	0.2090790307513481	0.9259259259259259	0.18518518518518517	0.037037037037037035	0.	0.	0.037037037037037035
594	0.6500965999933644	0.1972995530789631	0.6296296296296297	0.18518518518518517	0.037037037037037035	0.	0.	0.037037037037037035
595	0.9159373783145476	0.6208665592799869	0.8888888888888888	0.5925925925925926	0.037037037037037035	0.	0.	0.037037037037037035
596	0.01329500756820668	0.9104189943862261	0.	0.8888888888888888	0.037037037037037035	0.	0.	0.037037037037037035
597	0.7376036006878992	0.308497079340926	0.7037037037037037	0.2962962962962963	0.037037037037037035	0.	0.	0.037037037037037035
598	0.1699264232770095	0.3732141891614479	0.14814814814814814	0.37037037037037035	0.037037037037037035	0.	0.	0.037037037037037035
599	0.3458408012420152	0.7419751944680103	0.3333333333333333	0.7407407407407407	0.037037037037037035	0.	0.	0.037037037037037035
600	0.3246782894506817	0.007305186690836065	0.2962962962962963	0.	0.037037037037037035	0.	0.	0.037037037037037035
601	0.5092938334503005	0.44533941431958357	0.48148148148148145	0.4444444444444444	0.037037037037037035	0.	0.	0.037037037037037035
602	0.8220147506619524	0.8776700389396975	0.8148148148148148	0.8518518518518519	0.037037037037037035	0.	0.	0.037037037037037035
603	0.9327291601589335	0.7080860876548357	0.9259259259259259	0.7037037037037037	0.037037037037037035	0.	0.	0.037037037037037035
604	0.05989592271323229	0.2735742180464114	0.037037037037037035	0.25925925925925924	0.037037037037037035	0.	0.	0.037037037037037035
605	0.566644770302791	0.3407519807244888	0.5555555555555556	0.3333333333333333	0.037037037037037035	0.	0.	0.037037037037037035
606	0.21493817535293028	0.8204810725261702	0.18518518518518517	0.8148148148148148	0.037037037037037035	0.	0.	0.037037037037037035
607	0.39089464367487287	0.10250749025305159	0.37037037037037035	0.07407407407407407	0.037037037037037035	0.	0.	0.037037037037037035
608	0.7502561211555677	0.5319711558500804	0.7407407407407407	0.5185185185185185	0.037037037037037035	0.	0.	0.037037037037037035
609	0.5221080929115927	0.994664046622824	0.5185185185185185	0.9629629629629629	0.037037037037037035	0.	0.	0.037037037037037035
610	0.888122000348481	0.1539391480144459	0.8518518518518519	0.14814814814814814	0.037037037037037035	0.	0.	0.037037037037037035
611	0.2501673429391942	0.5588629326898265	0.2222222222222222	0.5555555555555556	0.037037037037037035	0.	0.	0.037037037037037035
612	0.103050962628188	0.5052700607168972	0.07407407407407407	0.48148148148148145	0.037037037037037035	0.	0.	0.037037037037037035
613	0.614362940073277	0.7781970104666646	0.5925925925925926	0.7777777777777778	0.037037037037037035	0.	0.	0.037037037037037035
614	0.980001171285497	0.05050225759570846	0.9629629629629629	0.037037037037037035	0.037037037037037035	0.	0.	0.037037037037037035
615	0.4342602308779802	0.6511707343731459	0.4074074074074074	0.6296296296296297	0.037037037037037035	0.	0.	0.037037037037037035
616	0.703685771422034	0.9590544611937996	0.6666666666666666	0.9259259259259259	0.037037037037037035	0.	0.	0.037037037037037035
617	0.139831060922542	0.13953095031068427	0.1111111111111111	0.1111111111111111	0.037037037037037035	0.	0.	0.037037037037037035
618	0.8115718052967165	0.4169397900205875	0.7777777777777778	0.4074074074074074	0.037037037037037035	0.	0.	0.037037037037037035
619	0.2836938618046777	0.6968356759606829	0.25925925925925924	0.6666666666666666	0.037037037037037035	0.	0.	0.037037037037037035
620	0.45717738571470673	0.24807701036861438	0.4444444444444444	0.2222222222222222	0.037037037037037035	0.	0.	0.037037037037037035
621	0.2288407432851768	0.2412713524124774	0.2222222222222222	0.2222222222222222	0.037037037037037035	0.	0.	0.037037037037037035
622	0.5370629670887986	0.4334047331881476	0.5185185185185185	0.4074074074074074	0.037037037037037035	0.	0.	0.037037037037037035
623	0.8594231284103991	0.6837292111655285	0.8518518518518519	0.6666666666666666	0.037037037037037035	0.	0.	0.037037037037037035
624	0.5723442778474217	0.04332212366118131	0.5555555555555556	0.037037037037037035	0.037037037037037035	0.	0.	0.037037037037037035
625	0.9503895253889545	0.48647757415500725	0.9259259259259259	0.48148148148148145	0.037037037037037035	0.	0.	0.037037037037037035
626	0.06848434303294337	0.811037159678976	0.037037037037037035	0.7777777777777778	0.037037037037037035	0.	0.	0.037037037037037035
627	0.7643811407541053	0.1342860934750408	0.7407407407407407	0.1111111111111111	0.037037037037037035	0.	0.	0.037037037037037035
628	0.1963479212547963	0.6353346178687347	0.18518518518518517	0.6296296296296297	0.037037037037037035	0.	0.	0.037037037037037035
629	0.4054030107495597	0.9429679397604945	0.37037037037037035	0.9259259259259259	0.037037037037037035	0.	0.	0.037037037037037035
630	0.47902780726017147	0.8700841451883047	0.4444444444444444	0.8518518518518519	0.037037037037037035	0.	0.	0.037037037037037035
631	0.7785408960822066	0.02525977057105688	0.7777777777777778	0.	0.037037037037037035	0.	0.	0.037037037037037035
632	0.2934842285363315	0.479538759414107	0.25925925925925924	0.4444444444444444	0.037037037037037035	0.	0.	0.037037037037037035
633	0.9975184637175966	0.8982647869199298	0.9629629629629629	0.8888888888888888	0.037037037037037035	0.	0.	0.037037037037037035
634	0.07696486680479445	0.2102662679085446	0.07407407407407407	0.18518518518518517	0.037037037037037035	0.	0.	0.037037037037037035
635	0.6240034498192651	0.6163623197877212	0.5925925925925926	0.5925925925925926	0.037037037037037035	0.	0.	0.037037037037037035
636	0.1119045349887694	0.766342225298948	0.1111111111111111	0.7407407407407407	0.037037037037037035	0.	0.	0.037037037037037035
637	0.4082053750130907	0.33330640307633974	0.4074074074074074	0.2962962962962963	0.037037037037037035	0.	0.	0.037037037037037035
638	0.6770400459296996	0.4063496901596928	0.6666666666666666	0.37037037037037035	0.037037037037037035	0.	0.	0.037037037037037035
639	0.8308104496421372	0.5855115224257882	0.8148148148148148	0.5555555555555556	0.037037037037037035	0.	0.	0.037037037037037035
640	0.2972790157896545	0.9805021884976592	0.2962962962962963	0.9629629629629629	0.037037037037037035	0.	0.	0.037037037037037035
641	0.49210365329955486	0.1837430587380903	0.48148148148148145	0.14814814814814814	0.037037037037037035	0.	0.	0.037037037037037035
642	0.02819679300268844	0.3596078661016128	0.	0.3333333333333333	0.037037037037037035	0.	0.	0.037037037037037035
643	0.6664598405721731	0.7394968338909923	0.6296296296296297	0.7037037037037037	0.037037037037037035	0.	0.	0.037037037037037035
644	0.8986365801973197	0.2658646120288181	0.8888888888888888	0.25925925925925924	0.037037037037037035	0.	0.	0.037037037037037035
645	0.3663350864577876	0.5223416470710545	0.3333333333333333	0.5185185185185185	0.037037037037037035	0.	0.	0.037037037037037035
646	0.7137496514801001	0.8438216381133798	0.7037037037037037	0.8148148148148148	0.037037037037037035	0.	0.	0.037037037037037035
647	0.1803904972786988	0.09833870023671705	0.14814814814814814	0.07407407407407407	0.037037037037037035	0.	0.	0.037037037037037035
648	0.2526959348984423	0.9519415066351847	0.2222222222222222	0.9259259259259259	0.037037037037037035	0.	0.	0.037037037037037035
649	0.5249895030719451	0.1439902618745253	0.5185185185185185	0.1111111111111111	0.037037037037037035	0.	0.	0.037037037037037035
650	0.8783538429051266	0.6445703400403621	0.8518518518518519	0.6296296296296297	0.037037037037037035	0.	0.	0.037037037037037035
651	0.5580642956994805	0.7014580532419905	0.5555555555555556	0.6666666666666666	0.037037037037037035	0.	0.	0.037037037037037035
652	0.9366390936197149	0.2542259684154185	0.9259259259259259	0.2222222222222222	0.037037037037037035	0.	0.	0.037037037037037035
653	0.05012561429088485	0.40825385549842025	0.037037037037037035	0.4074074074074074	0.037037037037037035	0.	0.	0.037037037037037035
654	0.7433009142339568	0.7832521845103895	0.7407407407407407	0.7777777777777778	0.037037037037037035	0.	0.	0.037037037037037035
655	0.2183767131634589	0.05496583067913065	0.18518518518518517	0.037037037037037035	0.037037037037037035	0.	0.	0.037037037037037035
656	0.39424536905859575	0.49451544365791134	0.37037037037037035	0.48148148148148145	0.037037037037037035	0.	0.	0.037037037037037035
657	0.4648544009589883	0.3745641865970938	0.4444444444444444	0.37037037037037035	0.037037037037037035	0.	0.	0.037037037037037035
658	0.8037599727118889	0.7473816027319092	0.7777777777777778	0.7407407407407407	0.037037037037037035	0.	0.	0.037037037037037035
659	0.2727652055937943	0.2965154483608119	0.25925925925925924	0.2962962962962963	0.037037037037037035	0.	0.	0.037037037037037035
660	0.9862064221733334	0.4513516088200488	0.9629629629629629	0.4444444444444444	0.037037037037037035	0.	0.	0.037037037037037035
661	0.111076203303228	0.8822739023146158	0.07407407407407407	0.8518518518518519	0.037037037037037035	0.	0.	0.037037037037037035
662	0.6049666275308084	0.01221176508297681	0.5925925925925926	0.	0.037037037037037035	0.	0.	0.037037037037037035
663	0.14192572814598867	0.6221134955685492	0.1111111111111111	0.5925925925925926	0.037037037037037035	0.	0.	0.037037037037037035
664	0.4385899537010118	0.9037381018156047	0.4074074074074074	0.8888888888888888	0.037037037037037035	0.	0.	0.037037037037037035
665	0.6945329066820038	0.1890579979108952	0.6666666666666666	0.18518518518518517	0.037037037037037035	0.	0.	0.037037037037037035
666	0.825653463739928	0.1061630076393129	0.8148148148148148	0.07407407407407407	0.037037037037037035	0.	0.	0.037037037037037035
667	0.3273252497839197	0.5377218936915853	0.2962962962962963	0.5185185185185185	0.037037037037037035	0.	0.	0.037037037037037035
668	0.5130346139230648	0.8232218181246819	0.48148148148148145	0.8148148148148148	0.037037037037037035	0.	0.	0.037037037037037035
669	0.01905596600149526	0.1571062727144511	0.	0.14814814814814814	0.037037037037037035	0.	0.	0.037037037037037035
670	0.6538651848809851	0.5635197841416522	0.6296296296296297	0.5555555555555556	0.037037037037037035	0.	0.	0.037037037037037035
671	0.9190951170026184	0.9980143297652662	0.8888888888888888	0.9629629629629629	0.037037037037037035	0.	0.	0.037037037037037035
672	0.3503670289019398	0.2783031333172469	0.3333333333333333	0.25925925925925924	0.037037037037037035	0.	0.	0.037037037037037035
673	0.7297366419530451	0.343211181241028	0.7037037037037037	0.3333333333333333	0.037037037037037035	0.	0.	0.037037037037037035
674	0.1615903059100556	0.7154115176391717	0.14814814814814814	0.7037037037037037	0.037037037037037035	0.	0.	0.037037037037037035
675	0.6668802812508625	0.7284665077862381	0.6666666666666666	0.7037037037037037	0.037037037037037035	0.	0.	0.037037037037037035
676	0.1176078919254061	0.2698832542471272	0.1111111111111111	0.25925925925925924	0.037037037037037035	0.	0.	0.037037037037037035
677	0.4136232273456245	0.3652479369343146	0.4074074074074074	0.3333333333333333	0.037037037037037035	0.	0.	0.037037037037037035
678	0.2845476671042386	0.8477818468363625	0.25925925925925924	0.8148148148148148	0.037037037037037035	0.	0.	0.037037037037037035
679	0.47166418363244245	0.08765096743932577	0.4444444444444444	0.07407407407407407	0.037037037037037035	0.	0.	0.037037037037037035
680	0.7824761198935971	0.5261196042043438	0.7777777777777778	0.5185185185185185	0.037037037037037035	0.	0.	0.037037037037037035
681	0.6263685983491355	0.9844103357854845	0.5925925925925926	0.9629629629629629	0.037037037037037035	0.	0.	0.037037037037037035
682	0.9885969152584836	0.17373327666209207	0.9629629629629629	0.14814814814814814	0.037037037037037035	0.	0.	0.037037037037037035
683	0.08040773668701519	0.5911565112568599	0.07407407407407407	0.5555555555555556	0.037037037037037035	0.	0.	0.037037037037037035
684	0.18191652395200666	0.4934751914992291	0.14814814814814814	0.48148148148148145	0.037037037037037035	0.	0.	0.037037037037037035
685	0.3583715762986746	0.8044387192955094	0.3333333333333333	0.7777777777777778	0.037037037037037035	0.	0.	0.037037037037037035
686	0.7075866699106528	0.04640958814476466	0.7037037037037037	0.037037037037037035	0.037037037037037035	0.	0.	0.037037037037037035
687	0.4817897924856525	0.6403439777806899	0.48148148148148145	0.6296296296296297	0.037037037037037035	0.	0.	0.037037037037037035
688	0.8353704330455961	0.94661590721049	0.8148148148148148	0.9259259259259259	0.037037037037037035	0.	0.	0.037037037037037035
689	0.3034339019345636	0.1235730694666487	0.2962962962962963	0.1111111111111111	0.037037037037037035	0.	0.	0.037037037037037035
690	0.8889450027684691	0.436639261826272	0.8888888888888888	0.4074074074074074	0.037037037037037035	0.	0.	0.037037037037037035
691	0.031894010988493	0.6907617062039277	0.	0.6666666666666666	0.037037037037037035	0.	0.	0.037037037037037035
692	0.6544191996343625	0.24593846661527496	0.6296296296296297	0.2222222222222222	0.037037037037037035	0.	0.	0.037037037037037035
693	0.3972844588850161	0.2172213406090662	0.37037037037037035	0.18518518518518517	0.037037037037037035	0.	0.	0.037037037037037035
694	0.7553787722706977	0.6058739620935915	0.7407407407407407	0.5925925925925926	0.037037037037037035	0.	0.	0.037037037037037035
695	0.187389966185638	0.8891815442075565	0.18518518518518517	0.8888888888888888	0.037037037037037035	0.	0.	0.037037037037037035
696	0.863871005369913	0.3224659791633615	0.8518518518518519	0.2962962962962963	0.037037037037037035	0.	0.	0.037037037037037035
697	0.2330729200712631	0.3969141669909633	0.2222222222222222	0.37037037037037035	0.037037037037037035	0.	0.	0.037037037037037035
698	0.5404950166862925	0.7719005313973814	0.5185185185185185	0.7407407407407407	0.037037037037037035	0.	0.	0.037037037037037035
699	0.07124708024068048	0.02970161704586564	0.037037037037037035	0.	0.037037037037037035	0.	0.	0.037037037037037035
700	0.5772392529984821	0.47281029665246566	0.5555555555555556	0.4444444444444444	0.037037037037037035	0.	0.	0.037037037037037035
701	0.9409953689878285	0.8740178323403025	0.9259259259259259	0.8518518518518519	0.037037037037037035	0.	0.	0.037037037037037035
702	0.6391870642649465	0.8618336419476255	0.6296296296296297	0.8518518518518519	0.037037037037037035	0.	0.	0.037037037037037035
703	0.9093265672206958	0.01407557547461909	0.8888888888888888	0.	0.037037037037037035	0.	0.	0.037037037037037035
704	0.000217504414606907	0.4586758987855183	0.	0.4444444444444444	0.037037037037037035	0.	0.	0.037037037037037035
705	0.7208684412145275	0.9162612391760554	0.7037037037037037	0.8888888888888888	0.037037037037037035	0.	0.	0.037037037037037035
706	0.15354245070227387	0.1985912280097986	0.14814814814814814	0.18518518518518517	0.037037037037037035	0.	0.	0.037037037037037035
707	0.34520874983116	0.5966774505482251	0.3333333333333333	0.5925925925925926	0.037037037037037035	0.	0.	0.037037037037037035
708	0.316422944786485	0.7600880559864589	0.2962962962962963	0.7407407407407407	0.037037037037037035	0.	0.	0.037037037037037035
709	0.49848484222354417	0.310868370206409	0.48148148148148145	0.2962962962962963	0.037037037037037035	0.	0.	0.037037037037037035
710	0.8429048555904675	0.3942574455150546	0.8148148148148148	0.37037037037037035	0.037037037037037035	0.	0.	0.037037037037037035
711	0.9628963221921903	0.5705558067856	0.9259259259259259	0.5555555555555556	0.037037037037037035	0.	0.	0.037037037037037035
712	0.03782239560386285	0.972775054582447	0.037037037037037035	0.9629629629629629	0.037037037037037035	0.	0.	0.037037037037037035
713	0.583113875184507	0.16185643363499716	0.5555555555555556	0.14814814814814814	0.037037037037037035	0.	0.	0.037037037037037035
714	0.2061387353900807	0.34768531046895657	0.18518518518518517	0.3333333333333333	0.037037037037037035	0.	0.	0.037037037037037035
715	0.3707563093460105	0.7181257081114262	0.37037037037037035	0.7037037037037037	0.037037037037037035	0.	0.	0.037037037037037035
716	0.7760520043120384	0.2863098600858975	0.7407407407407407	0.25925925925925924	0.037037037037037035	0.	0.	0.037037037037037035
717	0.548046791608897	0.5482578757814054	0.5185185185185185	0.5185185185185185	0.037037037037037035	0.	0.	0.037037037037037035
718	0.867646790874811	0.8331533131692475	0.8518518518518519	0.8148148148148148	0.037037037037037035	0.	0.	0.037037037037037035
719	0.2410366668380653	0.07606774336948745	0.2222222222222222	0.07407407407407407	0.037037037037037035	0.	0.	0.037037037037037035
720	0.09775363567137858	0.22673998793078798	0.07407407407407407	0.2222222222222222	0.037037037037037035	0.	0.	0.037037037037037035
721	0.6000830345001879	0.4208116864292465	0.5925925925925926	0.4074074074074074	0.037037037037037035	0.	0.	0.037037037037037035
722	0.967034363533623	0.6750165606238755	0.9629629629629629	0.6666666666666666	0.037037037037037035	0.	0.	0.037037037037037035
723	0.4308622424630378	0.0715735644361683	0.4074074074074074	0.037037037037037035	0.037037037037037035	0.	0.	0.037037037037037035
724	0.6806417441007704	0.5070935772492576	0.6666666666666666	0.48148148148148145	0.037037037037037035	0.	0.	0.037037037037037035
725	0.1280735111904041	0.7916678751942139	0.1111111111111111	0.7777777777777778	0.037037037037037035	0.	0.	0.037037037037037035
726	0.7980992430165458	0.1135503522633776	0.7777777777777778	0.1111111111111111	0.037037037037037035	0.	0.	0.037037037037037035
727	0.2635911588730318	0.6662346640456935	0.25925925925925924	0.6296296296296297	0.037037037037037035	0.	0.	0.037037037037037035
728	0.4550782651043528	0.9379057268531127	0.4444444444444444	0.9259259259259259	0.037037037037037035	0.	0.	0.037037037037037035