0	0.00289285	0.00643403	0	0	0.111111	0	0	0.037037
366	0.0865214	0.0251017	0	0	0.111111	0	0	0.037037
192	0.0442	0.0407662	0.111111	0.037037	0	0.037037	-0.111111	0
306	0.0156706	0.0639397	0.111111	0.037037	0	0.037037	-0.111111	0
417	0.0645201	0.0781175	0	0.0740741	0.111111	0	0	0.037037
141	0.0778884	0.0827544	0	0.0740741	0.111111	0	0	0.037037
329	0.119914	0.0880207	0.111111	0.111111	0	-0.111111	0.037037	0
131	0.14145	0.0541391	0.111111	0.111111	0	-0.111111	0.037037	0
278	0.15802	0.0200992	0.148148	0	0.037037	0	0	0.111111
80	0.179373	0.100564	0.148148	0	0.037037	0	0	0.111111
182	0.219637	0.031298	0.185185	0.111111	0	-0.111111	0.037037	0
91	0.26482	0.0109113	0.222222	0	0.111111	0	0	0.037037
40	0.309058	0.0489716	0.333333	0.037037	0	0.037037	-0.111111	0
397	0.281483	0.0444037	0.333333	0.037037	0	0.037037	-0.111111	0
232	0.242794	0.0910961	0.222222	0.0740741	0.111111	0	0	0.037037
265	0.328824	0.074936	0.222222	0.0740741	0.111111	0	0	0.037037
200	0.296787	0.11784	0.333333	0.111111	0	0.111111	-0.037037	0
425	0.323214	0.139125	0.333333	0.111111	0	0.111111	-0.037037	0
17	0.260718	0.183026	0.296296	0.222222	-0.037037	0	0	-0.111111
323	0.276513	0.143197	0.296296	0.222222	-0.037037	0	0	-0.111111
149	0.227673	0.156463	0.259259	0.111111	0	0.111111	-0.037037	0
374	0.23903	0.209253	0.259259	0.111111	0	0.111111	-0.037037	0
105	0.207747	0.205683	0.222222	0.222222	-0.111111	0	0	-0.037037
435	0.184801	0.193777	0.222222	0.222222	-0.111111	0	0	-0.037037
243	0.150551	0.148441	0.111111	0.185185	0	-0.037037	0.111111	0
237	0.171925	0.165806	0.111111	0.185185	0	-0.037037	0.111111	0
384	0.210993	0.111115	0.222222	0.148148	-0.111111	0	0	-0.037037
45	0.127942	0.123519	0.222222	0.148148	-0.111111	0	0	-0.037037
58	0.0979622	0.172957	0.111111	0.111111	0	0.111111	-0.037037	0
283	0.102956	0.18897	0.111111	0.111111	0	0.111111	-0.037037	0
334	0.0371469	0.160078	0.0740741	0.222222	-0.037037	0	0	-0.111111
109	0.0604426	0.130043	0.0740741	0.222222	-0.037037	0	0	-0.111111
169	0.032173	0.212932	0.037037	0.111111	0	0.111111	-0.037037	0
260	0.0717718	0.222513	0	0.222222	0.111111	0	0	0.037037
218	0.0927209	0.237697	0	0.222222	0.111111	0	0	0.037037
443	0.110684	0.268525	0.111111	0.259259	0	0.037037	-0.111111	0
86	0.010933	0.276331	0.111111	0.259259	0	0.037037	-0.111111	0
392	0.0214	0.306191	0	0.296296	0.111111	0	0	0.037037
35	0.0481302	0.316287	0	0.296296	0.111111	0	0	0.037037
214	0.116948	0.2998	0.111111	0.333333	0	-0.111111	0.037037	0
412	0.134252	0.257662	0.111111	0.333333	0	-0.111111	0.037037	0
154	0.161783	0.233238	0.148148	0.222222	0.037037	0	0	0.111111
352	0.168429	0.286455	0.148148	0.222222	0.037037	0	0	0.111111
301	0.203011	0.326982	0.185185	0.333333	0	-0.111111	0.037037	0
22	0.195198	0.253919	0.185185	0.333333	0	-0.111111	0.037037	0
63	0.251991	0.245799	0.222222	0.222222	0.111111	0	0	0.037037
348	0.304821	0.228738	0.222222	0.222222	0.111111	0	0	0.037037
174	0.292342	0.292264	0.333333	0.259259	0	0.037037	-0.111111	0
288	0.23251	0.280252	0.333333	0.259259	0	0.037037	-0.111111	0
123	0.319973	0.321164	0.222222	0.296296	0.111111	0	0	0.037037
229	0.344914	0.308761	0.333333	0.333333	0	-0.111111	0.037037	0
97	0.386191	0.240283	0.37037	0.222222	0.037037	0	0	0.111111
403	0.395505	0.26192	0.37037	0.222222	0.037037	0	0	0.111111
262	0.435696	0.294972	0.407407	0.333333	0	-0.111111	0.037037	0
37	0.420052	0.271973	0.407407	0.333333	0	-0.111111	0.037037	0
120	0.440187	0.217944	0.444444	0.222222	-0.111111	0	0	-0.037037
294	0.337328	0.177917	0.333333	0.185185	0	-0.037037	0.111111	0
171	0.404393	0.168952	0.333333	0.185185	0	-0.037037	0.111111	0
345	0.411709	0.114572	0.444444	0.148148	-0.111111	0	0	-0.037037
69	0.356792	0.135846	0.444444	0.148148	-0.111111	0	0	-0.037037
371	0.35273	0.106302	0.333333	0.111111	0	-0.111111	0.037037	0
146	0.364513	0.0280087	0.333333	0.111111	0	-0.111111	0.037037	0
320	0.381351	0.0172215	0.37037	0	0.037037	0	0	0.111111
14	0.372935	0.0680917	0.37037	0	0.037037	0	0	0.111111
431	0.430543	0.0569736	0.407407	0.111111	0	-0.111111	0.037037	0
206	0.415907	0.00327804	0.407407	0.111111	0	-0.111111	0.037037	0
115	0.499638	0.0336527	0.444444	0	0.111111	0	0	0.037037
55	0.550082	0.070509	0.555556	0.037037	0	0.037037	-0.111111	0
340	0.47966	0.0604758	0.555556	0.037037	0	0.037037	-0.111111	0
166	0.472813	0.10307	0.444444	0.0740741	0.111111	0	0	0.037037
280	0.518668	0.0950946	0.444444	0.0740741	0.111111	0	0	0.037037
224	0.540736	0.132625	0.555556	0.111111	0	0.111111	-0.037037	0
449	0.537097	0.185813	0.555556	0.111111	0	0.111111	-0.037037	0
32	0.495377	0.19883	0.518519	0.222222	-0.037037	0	0	-0.111111
257	0.508333	0.12077	0.518519	0.222222	-0.037037	0	0	-0.111111
83	0.458228	0.154037	0.481481	0.111111	0	0.111111	-0.037037	0
389	0.46526	0.201574	0.481481	0.111111	0	0.111111	-0.037037	0
6	0.445748	0.225681	0.444444	0.222222	0.111111	0	0	0.037037
363	0.52943	0.248324	0.444444	0.222222	0.111111	0	0	0.037037
189	0.488865	0.264645	0.555556	0.259259	0	0.037037	-0.111111	0
312	0.455353	0.288974	0.555556	0.259259	0	0.037037	-0.111111	0
414	0.50287	0.329933	0.444444	0.296296	0.111111	0	0	0.037037
138	0.52443	0.302143	0.444444	0.296296	0.111111	0	0	0.037037
326	0.557417	0.311181	0.555556	0.333333	0	-0.111111	0.037037	0
128	0.583294	0.318495	0.555556	0.333333	0	-0.111111	0.037037	0
275	0.594339	0.242637	0.592593	0.222222	0.037037	0	0	0.111111
77	0.617567	0.324465	0.592593	0.222222	0.037037	0	0	0.111111
188	0.662822	0.283833	0.62963	0.333333	0	-0.111111	0.037037	0
298	0.643188	0.215698	0.666667	0.222222	-0.111111	0	0	-0.037037
211	0.562855	0.196214	0.666667	0.222222	-0.111111	0	0	-0.037037
358	0.603669	0.180024	0.555556	0.185185	0	-0.037037	0.111111	0
19	0.632112	0.163562	0.555556	0.185185	0	-0.037037	0.111111	0
160	0.598273	0.126011	0.666667	0.148148	-0.111111	0	0	-0.037037
409	0.577887	0.146031	0.666667	0.148148	-0.111111	0	0	-0.037037
249	0.586582	0.037966	0.555556	0.111111	0	-0.111111	0.037037	0
51	0.567273	0.0149316	0.555556	0.111111	0	-0.111111	0.037037	0
234	0.614344	0.0515961	0.592593	0	0.037037	0	0	0.111111
432	0.627924	0.0846949	0.592593	0	0.037037	0	0	0.111111
102	0.648655	0.0927238	0.62963	0.111111	0	-0.111111	0.037037	0
381	0.659588	0.00144461	0.62963	0.111111	0	-0.111111	0.037037	0
406	0.71793	0.0359872	0.666667	0	0.111111	0	0	0.037037
157	0.70945	0.00898618	0.666667	0	0.111111	0	0	0.037037
25	0.74041	0.0466032	0.777778	0.037037	0	0.037037	-0.111111	0
355	0.724815	0.0734375	0.777778	0.037037	0	0.037037	-0.111111	0
208	0.674558	0.0988471	0.666667	0.0740741	0.111111	0	0	0.037037
304	0.760292	0.108426	0.666667	0.0740741	0.111111	0	0	0.037037
291	0.780143	0.0657712	0.777778	0.111111	0	-0.111111	0.037037	0
66	0.803701	0.0231237	0.777778	0.111111	0	-0.111111	0.037037	0
177	0.837469	0.0584002	0.814815	0	0.037037	0	0	0.111111
117	0.883139	0.0806265	0.851852	0.111111	0	-0.111111	0.037037	0
342	0.855703	0.013327	0.851852	0.111111	0	-0.111111	0.037037	0
254	0.952362	0.0214445	0.888889	0	0.111111	0	0	0.037037
221	0.984464	0.0298298	0.888889	0	0.111111	0	0	0.037037
446	0.996204	0.0724098	1	0.037037	0	0.037037	-0.111111	0
89	0.905261	0.0421923	1	0.037037	0	0.037037	-0.111111	0
395	0.916583	0.096804	0.888889	0.0740741	0.111111	0	0	0.037037
29	0.937557	0.0765032	0.888889	0.0740741	0.111111	0	0	0.037037
360	0.98028	0.180976	1	0.111111	0	0.111111	-0.037037	0
135	0.97077	0.118911	1	0.111111	0	0.111111	-0.037037	0
420	0.941997	0.219354	0.962963	0.222222	-0.037037	0	0	-0.111111
195	0.933453	0.134278	0.962963	0.222222	-0.037037	0	0	-0.111111
3	0.890386	0.210833	0.925926	0.111111	0	0.111111	-0.037037	0
309	0.89948	0.161764	0.925926	0.111111	0	0.111111	-0.037037	0
268	0.879005	0.187238	0.888889	0.222222	-0.111111	0	0	-0.037037
226	0.789735	0.191624	0.888889	0.222222	-0.111111	0	0	-0.037037
400	0.843302	0.150446	0.777778	0.185185	0	-0.037037	0.111111	0
43	0.864949	0.170558	0.777778	0.185185	0	-0.037037	0.111111	0
94	0.824834	0.112781	0.888889	0.148148	-0.111111	0	0	-0.037037
451	0.810929	0.127827	0.888889	0.148148	-0.111111	0	0	-0.037037
185	0.775139	0.140757	0.777778	0.111111	0	0.111111	-0.037037	0
74	0.733897	0.220859	0.740741	0.222222	-0.037037	0	0	-0.111111
272	0.705104	0.152119	0.740741	0.222222	-0.037037	0	0	-0.111111
134	0.687404	0.174908	0.703704	0.111111	0	0.111111	-0.037037	0
332	0.668049	0.204037	0.703704	0.111111	0	0.111111	-0.037037	0
48	0.677971	0.251989	0.666667	0.222222	0.111111	0	0	0.037037
378	0.767601	0.230538	0.666667	0.222222	0.111111	0	0	0.037037
240	0.727715	0.274182	0.777778	0.259259	0	0.037037	-0.111111	0
246	0.695339	0.259517	0.777778	0.259259	0	0.037037	-0.111111	0
438	0.746628	0.297526	0.666667	0.296296	0.111111	0	0	0.037037
99	0.755746	0.31373	0.666667	0.296296	0.111111	0	0	0.037037
377	0.795674	0.331876	0.777778	0.333333	0	-0.111111	0.037037	0
152	0.783345	0.26667	0.777778	0.333333	0	-0.111111	0.037037	0
317	0.828803	0.249832	0.814815	0.222222	0.037037	0	0	0.111111
11	0.815187	0.28226	0.814815	0.222222	0.037037	0	0	0.111111
428	0.875623	0.304448	0.851852	0.333333	0	-0.111111	0.037037	0
203	0.859538	0.235259	0.851852	0.333333	0	-0.111111	0.037037	0
112	0.957237	0.243931	0.888889	0.222222	0.111111	0	0	0.037037
61	0.988989	0.289919	1	0.259259	0	0.037037	-0.111111	0
337	0.925003	0.277713	1	0.259259	0	0.037037	-0.111111	0
163	0.919872	0.322819	0.888889	0.296296	0.111111	0	0	0.037037
286	0.966239	0.296484	0.888889	0.296296	0.111111	0	0	0.037037
383	0.99903	0.442817	1	0.333333	0	0.111111	-0.037037	0
104	0.975155	0.363512	1	0.333333	0	0.111111	-0.037037	0
434	0.960192	0.427745	0.962963	0.444444	-0.037037	0	0	-0.111111
236	0.947414	0.396423	0.962963	0.444444	-0.037037	0	0	-0.111111
53	0.893514	0.343363	0.925926	0.333333	0	0.111111	-0.037037	0
251	0.913091	0.369429	0.925926	0.333333	0	0.111111	-0.037037	0
408	0.90878	0.48139	0.888889	0.444444	0.111111	0	0	0.037037
159	0.930912	0.445487	0.888889	0.444444	0.111111	0	0	0.037037
18	0.963466	0.504396	1	0.481481	0	0.037037	-0.111111	0
357	0.944387	0.517282	1	0.481481	0	0.037037	-0.111111	0
210	0.902413	0.537598	0.888889	0.518519	0.111111	0	0	0.037037
297	0.977822	0.554865	0.888889	0.518519	0.111111	0	0	0.037037
187	0.993331	0.576248	1	0.555556	0	0.111111	-0.037037	0
76	0.949447	0.666033	0.962963	0.666667	-0.037037	0	0	-0.111111
274	0.928796	0.61649	0.962963	0.666667	-0.037037	0	0	-0.111111
127	0.922136	0.607393	0.925926	0.555556	0	0.111111	-0.037037	0
325	0.895607	0.65059	0.925926	0.555556	0	0.111111	-0.037037	0
140	0.853872	0.646719	0.888889	0.666667	-0.111111	0	0	-0.037037
416	0.83996	0.660083	0.888889	0.666667	-0.111111	0	0	-0.037037
314	0.798038	0.627999	0.777778	0.62963	0	-0.037037	0.111111	0
191	0.822891	0.596706	0.777778	0.62963	0	-0.037037	0.111111	0
365	0.862195	0.579714	0.888889	0.592593	-0.111111	0	0	-0.037037
8	0.785335	0.557904	0.888889	0.592593	-0.111111	0	0	-0.037037
388	0.806653	0.52841	0.777778	0.555556	0	-0.111111	0.037037	0
82	0.792287	0.488302	0.777778	0.555556	0	-0.111111	0.037037	0
256	0.83477	0.454268	0.814815	0.444444	0.037037	0	0	0.111111
31	0.831969	0.500591	0.814815	0.444444	0.037037	0	0	0.111111
448	0.88746	0.546711	0.851852	0.555556	0	-0.111111	0.037037	0
223	0.87187	0.468477	0.851852	0.555556	0	-0.111111	0.037037	0
279	0.850937	0.423927	0.888889	0.444444	-0.111111	0	0	-0.037037
165	0.800909	0.433859	0.888889	0.444444	-0.111111	0	0	-0.037037
339	0.820012	0.387728	0.777778	0.407407	0	-0.037037	0.111111	0
54	0.868992	0.400365	0.777778	0.407407	0	-0.037037	0.111111	0
114	0.846564	0.354736	0.888889	0.37037	-0.111111	0	0	-0.037037
205	0.750576	0.339029	0.777778	0.333333	0	0.111111	-0.037037	0
430	0.764525	0.392833	0.777778	0.333333	0	0.111111	-0.037037	0
13	0.703721	0.406704	0.740741	0.444444	-0.037037	0	0	-0.111111
319	0.713261	0.359202	0.740741	0.444444	-0.037037	0	0	-0.111111
145	0.682331	0.37843	0.703704	0.333333	0	0.111111	-0.037037	0
370	0.698724	0.438505	0.703704	0.333333	0	0.111111	-0.037037	0
71	0.690839	0.470093	0.666667	0.444444	0.111111	0	0	0.037037
347	0.742464	0.463954	0.666667	0.444444	0.111111	0	0	0.037037
173	0.736205	0.508014	0.777778	0.481481	0	0.037037	-0.111111	0
296	0.671501	0.510333	0.777778	0.481481	0	0.037037	-0.111111	0
122	0.772108	0.553126	0.666667	0.518519	0.111111	0	0	0.037037
36	0.752779	0.603941	0.777778	0.555556	0	0.111111	-0.037037	0
261	0.769701	0.637695	0.777778	0.555556	0	0.111111	-0.037037	0
402	0.73005	0.586948	0.740741	0.666667	-0.037037	0	0	-0.111111
96	0.720501	0.572725	0.740741	0.666667	-0.037037	0	0	-0.111111
228	0.684699	0.642226	0.703704	0.555556	0	0.111111	-0.037037	0
125	0.657834	0.664019	0.666667	0.666667	-0.111111	0	0	-0.037037
290	0.600848	0.614671	0.555556	0.62963	0	-0.037037	0.111111	0
176	0.625898	0.620505	0.555556	0.62963	0	-0.037037	0.111111	0
350	0.634421	0.565347	0.666667	0.592593	-0.111111	0	0	-0.037037
65	0.581409	0.589333	0.666667	0.592593	-0.111111	0	0	-0.037037
21	0.54843	0.584922	0.555556	0.555556	0	0.111111	-0.037037	0
300	0.526872	0.65833	0.555556	0.555556	0	0.111111	-0.037037	0
351	0.505336	0.623095	0.518519	0.666667	-0.037037	0	0	-0.111111
153	0.491627	0.567814	0.518519	0.666667	-0.037037	0	0	-0.111111
411	0.476968	0.59463	0.481481	0.555556	0	0.111111	-0.037037	0
213	0.453618	0.63315	0.481481	0.555556	0	0.111111	-0.037037	0
34	0.383689	0.635958	0.444444	0.666667	-0.111111	0	0	-0.037037
391	0.358362	0.64473	0.444444	0.666667	-0.111111	0	0	-0.037037
85	0.346836	0.612346	0.333333	0.62963	0	-0.037037	0.111111	0
442	0.44315	0.605778	0.333333	0.62963	0	-0.037037	0.111111	0
217	0.426818	0.575183	0.444444	0.592593	-0.111111	0	0	-0.037037
259	0.398744	0.562831	0.444444	0.592593	-0.111111	0	0	-0.037037
168	0.360911	0.532529	0.333333	0.555556	0	-0.111111	0.037037	0
108	0.40189	0.458671	0.37037	0.444444	0.037037	0	0	0.111111
333	0.370408	0.498871	0.37037	0.444444	0.037037	0	0	0.111111
282	0.409648	0.539493	0.407407	0.555556	0	-0.111111	0.037037	0
57	0.433253	0.506073	0.407407	0.555556	0	-0.111111	0.037037	0
47	0.46152	0.449235	0.444444	0.444444	0.111111	0	0	0.037037
386	0.544032	0.455913	0.444444	0.444444	0.111111	0	0	0.037037
239	0.515141	0.495929	0.555556	0.481481	0	0.037037	-0.111111	0
245	0.485751	0.490004	0.555556	0.481481	0	0.037037	-0.111111	0
437	0.521666	0.530081	0.444444	0.518519	0.111111	0	0	0.037037
107	0.535356	0.542137	0.444444	0.518519	0.111111	0	0	0.037037
373	0.575804	0.54837	0.555556	0.555556	0	-0.111111	0.037037	0
148	0.560236	0.479983	0.555556	0.555556	0	-0.111111	0.037037	0
322	0.606881	0.477424	0.592593	0.444444	0.037037	0	0	0.111111
16	0.592669	0.520692	0.592593	0.444444	0.037037	0	0	0.111111
424	0.652732	0.51536	0.62963	0.555556	0	-0.111111	0.037037	0
199	0.640775	0.4468	0.62963	0.555556	0	-0.111111	0.037037	0
264	0.655185	0.411926	0.666667	0.444444	-0.111111	0	0	-0.037037
231	0.572168	0.419304	0.666667	0.444444	-0.111111	0	0	-0.037037
396	0.622917	0.375865	0.555556	0.407407	0	-0.037037	0.111111	0
39	0.636921	0.383182	0.555556	0.407407	0	-0.037037	0.111111	0
90	0.609416	0.35028	0.666667	0.37037	-0.111111	0	0	-0.037037
181	0.553322	0.364448	0.555556	0.333333	0	0.111111	-0.037037	0
79	0.511148	0.431887	0.518519	0.444444	-0.037037	0	0	-0.111111
277	0.483071	0.3531	0.518519	0.444444	-0.037037	0	0	-0.111111
130	0.46999	0.404178	0.481481	0.333333	0	0.111111	-0.037037	0
328	0.450033	0.422196	0.481481	0.333333	0	0.111111	-0.037037	0
143	0.38962	0.413779	0.444444	0.444444	-0.111111	0	0	-0.037037
419	0.392569	0.436356	0.444444	0.444444	-0.111111	0	0	-0.037037
308	0.349941	0.40168	0.333333	0.407407	0	-0.037037	0.111111	0
194	0.375791	0.373754	0.333333	0.407407	0	-0.037037	0.111111	0
368	0.423166	0.344937	0.444444	0.37037	-0.111111	0	0	-0.037037
2	0.340292	0.336867	0.444444	0.37037	-0.111111	0	0	-0.037037
220	0.312218	0.361362	0.333333	0.333333	0	0.111111	-0.037037	0
445	0.332077	0.380655	0.333333	0.333333	0	0.111111	-0.037037	0
28	0.27077	0.429754	0.296296	0.444444	-0.037037	0	0	-0.111111
253	0.28668	0.333493	0.296296	0.444444	-0.037037	0	0	-0.111111
88	0.24559	0.385466	0.259259	0.333333	0	0.111111	-0.037037	0
394	0.254522	0.409394	0.259259	0.333333	0	0.111111	-0.037037	0
5	0.257424	0.444498	0.222222	0.444444	0.111111	0	0	0.037037
362	0.315873	0.475152	0.222222	0.444444	0.111111	0	0	0.037037
197	0.267691	0.486517	0.333333	0.481481	0	0.037037	-0.111111	0
311	0.236194	0.512121	0.333333	0.481481	0	0.037037	-0.111111	0
422	0.289722	0.550911	0.222222	0.518519	0.111111	0	0	0.037037
137	0.301518	0.51853	0.222222	0.518519	0.111111	0	0	0.037037
60	0.326016	0.617692	0.333333	0.555556	0	0.111111	-0.037037	0
285	0.299061	0.648684	0.333333	0.555556	0	0.111111	-0.037037	0
336	0.272448	0.597834	0.296296	0.666667	-0.037037	0	0	-0.111111
111	0.283621	0.582365	0.296296	0.666667	-0.037037	0	0	-0.111111
162	0.247895	0.662556	0.259259	0.555556	0	0.111111	-0.037037	0
10	0.153202	0.629812	0.222222	0.666667	-0.111111	0	0	-0.037037
376	0.217379	0.656026	0.222222	0.666667	-0.111111	0	0	-0.037037
151	0.114742	0.601675	0.111111	0.62963	0	-0.037037	0.111111	0
427	0.196975	0.625104	0.111111	0.62963	0	-0.037037	0.111111	0
202	0.181261	0.555702	0.222222	0.592593	-0.111111	0	0	-0.037037
316	0.143206	0.578474	0.222222	0.592593	-0.111111	0	0	-0.037037
225	0.131118	0.52253	0.111111	0.555556	0	-0.111111	0.037037	0
450	0.146261	0.452124	0.111111	0.555556	0	-0.111111	0.037037	0
93	0.16418	0.466317	0.148148	0.444444	0.037037	0	0	0.111111
399	0.174207	0.483317	0.148148	0.444444	0.037037	0	0	0.111111
267	0.214933	0.526166	0.185185	0.555556	0	-0.111111	0.037037	0
42	0.191592	0.493612	0.185185	0.555556	0	-0.111111	0.037037	0
119	0.222048	0.426058	0.222222	0.444444	-0.111111	0	0	-0.037037
293	0.123909	0.394931	0.111111	0.407407	0	-0.037037	0.111111	0
179	0.199724	0.398271	0.111111	0.407407	0	-0.037037	0.111111	0
344	0.188635	0.347983	0.222222	0.37037	-0.111111	0	0	-0.037037
68	0.138109	0.356454	0.222222	0.37037	-0.111111	0	0	-0.037037
24	0.0815541	0.371469	0.111111	0.333333	0	0.111111	-0.037037	0
303	0.0891346	0.440622	0.111111	0.333333	0	0.111111	-0.037037	0
354	0.0560032	0.390048	0.0740741	0.444444	-0.037037	0	0	-0.111111
156	0.0529361	0.341115	0.0740741	0.444444	-0.037037	0	0	-0.111111
405	0.0291721	0.367029	0.037037	0.333333	0	0.111111	-0.037037	0
207	0.00557821	0.417693	0.037037	0.333333	0	0.111111	-0.037037	0
271	0.0401059	0.461505	0	0.444444	0.111111	0	0	0.037037
184	0.107852	0.472292	0	0.444444	0.111111	0	0	0.037037
133	0.0267481	0.502853	0.111111	0.481481	0	0.037037	-0.111111	0
331	0.0179389	0.535609	0	0.518519	0.111111	0	0	0.037037
73	0.0692246	0.544785	0	0.518519	0.111111	0	0	0.037037
380	0.105284	0.560154	0.111111	0.555556	0	0.111111	-0.037037	0
101	0.095087	0.65242	0.111111	0.555556	0	0.111111	-0.037037	0
440	0.0663368	0.640052	0.0740741	0.666667	-0.037037	0	0	-0.111111
242	0.0585146	0.609519	0.0740741	0.666667	-0.037037	0	0	-0.111111
50	0.00802641	0.570899	0.037037	0.555556	0	0.111111	-0.037037	0
248	0.0241415	0.591581	0.037037	0.555556	0	0.111111	-0.037037	0
318	0.0500092	0.687138	0	0.666667	0.111111	0	0	0.037037
204	0.0837609	0.669101	0	0.666667	0.111111	0	0	0.037037
429	0.100317	0.738487	0.111111	0.703704	0	0.037037	-0.111111	0
144	0.0735433	0.710901	0.111111	0.703704	0	0.037037	-0.111111	0
369	0.0132044	0.765841	0	0.740741	0.111111	0	0	0.037037
12	0.0415697	0.742932	0	0.740741	0.111111	0	0	0.037037
167	0.125499	0.773204	0.111111	0.777778	0	-0.111111	0.037037	0
116	0.155352	0.69504	0.148148	0.666667	0.037037	0	0	0.111111
341	0.148347	0.718479	0.148148	0.666667	0.037037	0	0	0.111111
281	0.186481	0.758205	0.185185	0.777778	0	-0.111111	0.037037	0
56	0.204414	0.729275	0.185185	0.777778	0	-0.111111	0.037037	0
52	0.225009	0.681409	0.222222	0.666667	0.111111	0	0	0.037037
382	0.318448	0.677446	0.222222	0.666667	0.111111	0	0	0.037037
235	0.278833	0.722192	0.333333	0.703704	0	0.037037	-0.111111	0
250	0.230206	0.703817	0.333333	0.703704	0	0.037037	-0.111111	0
433	0.294145	0.753198	0.222222	0.740741	0.111111	0	0	0.037037
103	0.333299	0.762166	0.222222	0.740741	0.111111	0	0	0.037037
20	0.307129	0.811944	0.333333	0.777778	0	0.111111	-0.037037	0
299	0.314024	0.882101	0.333333	0.777778	0	0.111111	-0.037037	0
359	0.274694	0.841942	0.296296	0.888889	-0.037037	0	0	-0.111111
161	0.262241	0.786109	0.296296	0.888889	-0.037037	0	0	-0.111111
410	0.249731	0.818964	0.259259	0.777778	0	0.111111	-0.037037	0
212	0.234371	0.857329	0.259259	0.777778	0	0.111111	-0.037037	0
30	0.159592	0.863215	0.222222	0.888889	-0.111111	0	0	-0.037037
387	0.135796	0.85333	0.222222	0.888889	-0.111111	0	0	-0.037037
81	0.112262	0.828117	0.111111	0.851852	0	-0.037037	0.111111	0
447	0.166873	0.838156	0.111111	0.851852	0	-0.037037	0.111111	0
222	0.212595	0.799389	0.222222	0.814815	-0.111111	0	0	-0.037037
255	0.175644	0.780478	0.222222	0.814815	-0.111111	0	0	-0.037037
346	0.0755299	0.793143	0.111111	0.777778	0	0.111111	-0.037037	0
121	0.0909033	0.885463	0.111111	0.777778	0	0.111111	-0.037037	0
172	0.0463921	0.873551	0.0740741	0.888889	-0.037037	0	0	-0.111111
70	0.0345309	0.805799	0.037037	0.777778	0	0.111111	-0.037037	0
295	0.00111437	0.833035	0.037037	0.777778	0	0.111111	-0.037037	0
98	0.0196492	0.909751	0	0.888889	0.111111	0	0	0.037037
38	0.0310181	0.93941	0.111111	0.925926	0	0.037037	-0.111111	0
404	0.0799175	0.926194	0.111111	0.925926	0	0.037037	-0.111111	0
230	0.101189	0.981669	0	0.962963	0.111111	0	0	0.037037
263	0.0572618	0.969594	0	0.962963	0.111111	0	0	0.037037
313	0.130037	0.956682	0.111111	1	0	-0.111111	0.037037	0
7	0.121413	0.894468	0.111111	1	0	-0.111111	0.037037	0
190	0.17779	0.9346	0.148148	0.888889	0.037037	0	0	0.111111
415	0.151842	0.996082	0.148148	0.888889	0.037037	0	0	0.111111
139	0.193235	0.952049	0.185185	1	0	-0.111111	0.037037	0
364	0.206334	0.916546	0.185185	1	0	-0.111111	0.037037	0
273	0.241232	0.904874	0.222222	0.888889	0.111111	0	0	0.037037
186	0.302878	0.921809	0.222222	0.888889	0.111111	0	0	0.037037
126	0.265574	0.959953	0.333333	0.925926	0	0.037037	-0.111111	0
324	0.288102	0.977149	0.222222	0.962963	0.111111	0	0	0.037037
75	0.224151	0.988346	0.222222	0.962963	0.111111	0	0	0.037037
247	0.362164	0.931395	0.333333	1	0	-0.111111	0.037037	0
49	0.351273	0.901797	0.333333	1	0	-0.111111	0.037037	0
241	0.405995	0.944066	0.37037	0.888889	0.037037	0	0	0.111111
439	0.376996	0.974206	0.37037	0.888889	0.037037	0	0	0.111111
100	0.441614	0.984538	0.407407	1	0	-0.111111	0.037037	0
379	0.428891	0.891525	0.407407	1	0	-0.111111	0.037037	0
72	0.388082	0.877445	0.444444	0.888889	-0.111111	0	0	-0.037037
330	0.335139	0.866522	0.444444	0.888889	-0.111111	0	0	-0.037037
132	0.368655	0.846022	0.333333	0.851852	0	-0.037037	0.111111	0
183	0.438185	0.808902	0.444444	0.814815	-0.111111	0	0	-0.037037
270	0.397121	0.814773	0.444444	0.814815	-0.111111	0	0	-0.037037
209	0.342157	0.747933	0.333333	0.777778	0	-0.111111	0.037037	0
407	0.366779	0.700062	0.333333	0.777778	0	-0.111111	0.037037	0
158	0.378653	0.674313	0.37037	0.666667	0.037037	0	0	0.111111
356	0.407261	0.736178	0.37037	0.666667	0.037037	0	0	0.111111
305	0.424643	0.776172	0.407407	0.777778	0	-0.111111	0.037037	0
26	0.417552	0.707684	0.407407	0.777778	0	-0.111111	0.037037	0
67	0.467867	0.692113	0.444444	0.666667	0.111111	0	0	0.037037
343	0.531626	0.684381	0.444444	0.666667	0.111111	0	0	0.037037
178	0.512745	0.733558	0.555556	0.703704	0	0.037037	-0.111111	0
292	0.448411	0.714154	0.555556	0.703704	0	0.037037	-0.111111	0
118	0.546207	0.768592	0.444444	0.740741	0.111111	0	0	0.037037
44	0.533677	0.823741	0.555556	0.777778	0	0.111111	-0.037037	0
269	0.555167	0.851147	0.555556	0.777778	0	0.111111	-0.037037	0
401	0.497555	0.826521	0.518519	0.888889	-0.037037	0	0	-0.111111
95	0.493324	0.79619	0.518519	0.888889	-0.037037	0	0	-0.111111
452	0.475127	0.788972	0.481481	0.777778	0	0.111111	-0.037037	0
227	0.463131	0.869243	0.481481	0.777778	0	0.111111	-0.037037	0
315	0.481798	0.912999	0.444444	0.888889	0.111111	0	0	0.037037
201	0.517015	0.898989	0.444444	0.888889	0.111111	0	0	0.037037
426	0.542366	0.962258	0.555556	0.925926	0	0.037037	-0.111111	0
150	0.452256	0.947407	0.555556	0.925926	0	0.037037	-0.111111	0
375	0.522754	0.993432	0.444444	0.962963	0.111111	0	0	0.037037
9	0.501281	0.965385	0.444444	0.962963	0.111111	0	0	0.037037
164	0.584554	0.990624	0.555556	1	0	-0.111111	0.037037	0
113	0.605273	0.919076	0.592593	0.888889	0.037037	0	0	0.111111
338	0.596431	0.941237	0.592593	0.888889	0.037037	0	0	0.111111
287	0.663628	0.998628	0.62963	1	0	-0.111111	0.037037	0
62	0.630709	0.950133	0.62963	1	0	-0.111111	0.037037	0
136	0.639083	0.861102	0.666667	0.888889	-0.111111	0	0	-0.037037
421	0.574058	0.888005	0.666667	0.888889	-0.111111	0	0	-0.037037
310	0.588344	0.848666	0.555556	0.851852	0	-0.037037	0.111111	0
196	0.619424	0.820745	0.555556	0.851852	0	-0.037037	0.111111	0
361	0.65079	0.801548	0.666667	0.814815	-0.111111	0	0	-0.037037
4	0.565303	0.783305	0.666667	0.814815	-0.111111	0	0	-0.037037
393	0.590379	0.755859	0.555556	0.777778	0	-0.111111	0.037037	0
87	0.570088	0.726755	0.555556	0.777778	0	-0.111111	0.037037	0
252	0.61187	0.672167	0.592593	0.666667	0.037037	0	0	0.111111
27	0.621197	0.744998	0.592593	0.666667	0.037037	0	0	0.111111
444	0.665519	0.724288	0.62963	0.777778	0	-0.111111	0.037037	0
219	0.645873	0.689643	0.62963	0.777778	0	-0.111111	0.037037	0
1	0.693819	0.667121	0.666667	0.666667	0.111111	0	0	0.037037
367	0.758034	0.697003	0.666667	0.666667	0.111111	0	0	0.037037
193	0.715553	0.705516	0.777778	0.703704	0	0.037037	-0.111111	0
307	0.679901	0.716112	0.777778	0.703704	0	0.037037	-0.111111	0
418	0.700928	0.771195	0.666667	0.740741	0.111111	0	0	0.037037
142	0.744134	0.749772	0.666667	0.740741	0.111111	0	0	0.037037
327	0.777924	0.763624	0.777778	0.777778	0	-0.111111	0.037037	0
129	0.808658	0.731298	0.777778	0.777778	0	-0.111111	0.037037	0
276	0.817775	0.680362	0.814815	0.666667	0.037037	0	0	0.111111
78	0.848636	0.751468	0.814815	0.666667	0.037037	0	0	0.111111
180	0.884852	0.698672	0.851852	0.777778	0	-0.111111	0.037037	0
92	0.991169	0.675654	0.888889	0.666667	0.111111	0	0	0.037037
41	0.968413	0.720026	1	0.703704	0	0.037037	-0.111111	0
398	0.954764	0.709219	1	0.703704	0	0.037037	-0.111111	0
233	0.911816	0.740761	0.888889	0.740741	0.111111	0	0	0.037037
266	0.986616	0.759707	0.888889	0.740741	0.111111	0	0	0.037037
198	0.973129	0.81043	1	0.777778	0	0.111111	-0.037037	0
423	0.982547	0.883978	1	0.777778	0	0.111111	-0.037037	0
15	0.926841	0.855215	0.962963	0.888889	-0.037037	0	0	-0.111111
321	0.939647	0.795193	0.962963	0.888889	-0.037037	0	0	-0.111111
147	0.897591	0.781792	0.925926	0.777778	0	0.111111	-0.037037	0
372	0.907155	0.839362	0.925926	0.777778	0	0.111111	-0.037037	0
106	0.880979	0.875905	0.888889	0.888889	-0.111111	0	0	-0.037037
436	0.841699	0.859293	0.888889	0.888889	-0.111111	0	0	-0.037037
244	0.812917	0.830398	0.777778	0.851852	0	-0.037037	0.111111	0
238	0.86659	0.816134	0.777778	0.851852	0	-0.037037	0.111111	0
385	0.873646	0.777849	0.888889	0.814815	-0.111111	0	0	-0.037037
46	0.787649	0.791148	0.888889	0.814815	-0.111111	0	0	-0.037037
59	0.762577	0.84365	0.777778	0.777778	0	0.111111	-0.037037	0
284	0.748517	0.871099	0.777778	0.777778	0	0.111111	-0.037037	0
335	0.707914	0.835569	0.740741	0.888889	-0.037037	0	0	-0.111111
110	0.722714	0.804013	0.740741	0.888889	-0.037037	0	0	-0.111111
170	0.689071	0.87977	0.703704	0.777778	0	0.111111	-0.037037	0
258	0.731903	0.896985	0.666667	0.888889	0.111111	0	0	0.037037
216	0.673003	0.907473	0.666667	0.888889	0.111111	0	0	0.037037
441	0.773548	0.936698	0.777778	0.925926	0	0.037037	-0.111111	0
84	0.666861	0.929157	0.777778	0.925926	0	0.037037	-0.111111	0
390	0.71127	0.967504	0.666667	0.962963	0.111111	0	0	0.037037
33	0.738053	0.972472	0.666667	0.962963	0.111111	0	0	0.037037
215	0.793194	0.979935	0.777778	1	0	-0.111111	0.037037	0
413	0.799136	0.923685	0.777778	1	0	-0.111111	0.037037	0
155	0.829928	0.890082	0.814815	0.888889	0.037037	0	0	0.111111
353	0.826429	0.954877	0.814815	0.888889	0.037037	0	0	0.111111
302	0.888533	0.986186	0.851852	1	0	-0.111111	0.037037	0
23	0.85797	0.914612	0.851852	1	0	-0.111111	0.037037	0
64	0.935603	0.925473	0.888889	0.888889	0.111111	0	0	0.037037
349	0.961783	0.903312	0.888889	0.888889	0.111111	0	0	0.037037
175	0.951342	0.962865	1	0.925926	0	0.037037	-0.111111	0
289	0.915427	0.946072	1	0.925926	0	0.037037	-0.111111	0
124	0.994871	0.994764	0.888889	0.962963	0.111111	0	0	0.037037
