0	0.00226245	0.00483052	0	0	0.111111	0	0	0.037037
366	0.0924206	0.0235621	0	0	0.111111	0	0	0.037037
192	0.0482398	0.0373229	0.111111	0.037037	0	0.037037	-0.111111	0
306	0.0148072	0.062194	0.111111	0.037037	0	0.037037	-0.111111	0
531	0.0279185	0.0924025	0	0.0740741	0.111111	0	0	0.037037
417	0.0595816	0.106332	0	0.0740741	0.111111	0	0	0.037037
141	0.0799469	0.0781317	0	0.0740741	0.111111	0	0	0.037037
329	0.117064	0.0868236	0.111111	0.111111	0	-0.111111	0.037037	0
131	0.143712	0.0698548	0.111111	0.111111	0	-0.111111	0.037037	0
278	0.149847	0.014553	0.148148	0	0.037037	0	0	0.111111
503	0.163782	0.0450132	0.148148	0	0.037037	0	0	0.111111
80	0.173894	0.0988675	0.148148	0	0.037037	0	0	0.111111
461	0.193828	0.0589159	0.185185	0.111111	0	-0.111111	0.037037	0
182	0.207027	0.0538279	0.185185	0.111111	0	-0.111111	0.037037	0
457	0.255231	0.00760915	0.222222	0	0.111111	0	0	0.037037
91	0.245187	0.0203507	0.222222	0	0.111111	0	0	0.037037
544	0.29445	0.0339412	0.222222	0	0.111111	0	0	0.037037
40	0.311556	0.0517414	0.333333	0.037037	0	0.037037	-0.111111	0
397	0.288796	0.0405746	0.333333	0.037037	0	0.037037	-0.111111	0
232	0.230456	0.0824573	0.222222	0.0740741	0.111111	0	0	0.037037
265	0.323956	0.0901023	0.222222	0.0740741	0.111111	0	0	0.037037
200	0.306538	0.120919	0.333333	0.111111	0	0.111111	-0.037037	0
425	0.320541	0.15314	0.333333	0.111111	0	0.111111	-0.037037	0
17	0.2598	0.189747	0.296296	0.222222	-0.037037	0	0	-0.111111
521	0.283735	0.170882	0.296296	0.222222	-0.037037	0	0	-0.111111
323	0.273715	0.141501	0.296296	0.222222	-0.037037	0	0	-0.111111
572	0.242808	0.13031	0.259259	0.111111	0	0.111111	-0.037037	0
149	0.227493	0.161209	0.259259	0.111111	0	0.111111	-0.037037	0
374	0.2391	0.212534	0.259259	0.111111	0	0.111111	-0.037037	0
105	0.202503	0.206329	0.222222	0.222222	-0.111111	0	0	-0.037037
435	0.177957	0.196368	0.222222	0.222222	-0.111111	0	0	-0.037037
549	0.111773	0.187197	0.222222	0.222222	-0.111111	0	0	-0.037037
243	0.139028	0.157845	0.111111	0.185185	0	-0.037037	0.111111	0
237	0.160939	0.149586	0.111111	0.185185	0	-0.037037	0.111111	0
384	0.214848	0.113454	0.222222	0.148148	-0.111111	0	0	-0.037037
45	0.124767	0.123782	0.222222	0.148148	-0.111111	0	0	-0.037037
508	0.0860176	0.116142	0.111111	0.111111	0	0.111111	-0.037037	0
58	0.0988588	0.173087	0.111111	0.111111	0	0.111111	-0.037037	0
283	0.074348	0.202837	0.111111	0.111111	0	0.111111	-0.037037	0
334	0.0437904	0.179568	0.0740741	0.222222	-0.037037	0	0	-0.111111
109	0.0677665	0.14506	0.0740741	0.222222	-0.037037	0	0	-0.111111
475	0.0100491	0.1349	0.037037	0.111111	0	0.111111	-0.037037	0
169	0.0330005	0.215101	0.037037	0.111111	0	0.111111	-0.037037	0
260	0.0625079	0.228694	0	0.222222	0.111111	0	0	0.037037
218	0.0952612	0.238994	0	0.222222	0.111111	0	0	0.037037
443	0.108457	0.270777	0.111111	0.259259	0	0.037037	-0.111111	0
566	0.0380454	0.294071	0.111111	0.259259	0	0.037037	-0.111111	0
86	0.0169734	0.273729	0.111111	0.259259	0	0.037037	-0.111111	0
392	0.0246157	0.299667	0	0.296296	0.111111	0	0	0.037037
35	0.0514532	0.31127	0	0.296296	0.111111	0	0	0.037037
214	0.121192	0.290661	0.111111	0.333333	0	-0.111111	0.037037	0
412	0.133702	0.255505	0.111111	0.333333	0	-0.111111	0.037037	0
154	0.152643	0.224468	0.148148	0.222222	0.037037	0	0	0.111111
352	0.169161	0.284584	0.148148	0.222222	0.037037	0	0	0.111111
577	0.181606	0.31476	0.148148	0.222222	0.037037	0	0	0.111111
301	0.199002	0.329637	0.185185	0.333333	0	-0.111111	0.037037	0
22	0.185226	0.258439	0.185185	0.333333	0	-0.111111	0.037037	0
526	0.211837	0.244198	0.185185	0.333333	0	-0.111111	0.037037	0
63	0.263203	0.250166	0.222222	0.222222	0.111111	0	0	0.037037
348	0.30342	0.234582	0.222222	0.222222	0.111111	0	0	0.037037
174	0.297759	0.281061	0.333333	0.259259	0	0.037037	-0.111111	0
288	0.222723	0.266967	0.333333	0.259259	0	0.037037	-0.111111	0
486	0.233945	0.306116	0.222222	0.296296	0.111111	0	0	0.037037
480	0.269053	0.325973	0.222222	0.296296	0.111111	0	0	0.037037
123	0.329422	0.322425	0.222222	0.296296	0.111111	0	0	0.037037
229	0.349849	0.3166	0.333333	0.333333	0	-0.111111	0.037037	0
454	0.367737	0.232103	0.333333	0.333333	0	-0.111111	0.037037	0
97	0.382372	0.246671	0.37037	0.222222	0.037037	0	0	0.111111
403	0.398084	0.260983	0.37037	0.222222	0.037037	0	0	0.111111
262	0.432736	0.301442	0.407407	0.333333	0	-0.111111	0.037037	0
37	0.41971	0.278973	0.407407	0.333333	0	-0.111111	0.037037	0
541	0.410214	0.252913	0.407407	0.333333	0	-0.111111	0.037037	0
120	0.437331	0.218284	0.444444	0.222222	-0.111111	0	0	-0.037037
477	0.379575	0.209157	0.444444	0.222222	-0.111111	0	0	-0.037037
492	0.341339	0.192368	0.444444	0.222222	-0.111111	0	0	-0.037037
294	0.442633	0.163088	0.333333	0.185185	0	-0.037037	0.111111	0
171	0.390283	0.16548	0.333333	0.185185	0	-0.037037	0.111111	0
345	0.413595	0.126268	0.444444	0.148148	-0.111111	0	0	-0.037037
69	0.357428	0.137555	0.444444	0.148148	-0.111111	0	0	-0.037037
371	0.352063	0.102141	0.333333	0.111111	0	-0.111111	0.037037	0
146	0.337564	0.0433836	0.333333	0.111111	0	-0.111111	0.037037	0
569	0.364713	0.0180236	0.333333	0.111111	0	-0.111111	0.037037	0
320	0.387777	0.0288533	0.37037	0	0.037037	0	0	0.111111
518	0.404878	0.0671381	0.37037	0	0.037037	0	0	0.111111
14	0.371262	0.076612	0.37037	0	0.037037	0	0	0.111111
431	0.429966	0.0725663	0.407407	0.111111	0	-0.111111	0.037037	0
206	0.417766	0.00105292	0.407407	0.111111	0	-0.111111	0.037037	0
472	0.453219	0.0265997	0.444444	0	0.111111	0	0	0.037037
115	0.511421	0.0322465	0.444444	0	0.111111	0	0	0.037037
505	0.531147	0.0096196	0.444444	0	0.111111	0	0	0.037037
55	0.542243	0.0643795	0.555556	0.037037	0	0.037037	-0.111111	0
340	0.486711	0.0569174	0.555556	0.037037	0	0.037037	-0.111111	0
166	0.477249	0.103873	0.444444	0.0740741	0.111111	0	0	0.037037
280	0.517396	0.0957126	0.444444	0.0740741	0.111111	0	0	0.037037
224	0.53838	0.128148	0.555556	0.111111	0	0.111111	-0.037037	0
449	0.552718	0.155196	0.555556	0.111111	0	0.111111	-0.037037	0
32	0.498873	0.199364	0.518519	0.222222	-0.037037	0	0	-0.111111
563	0.481666	0.18317	0.518519	0.222222	-0.037037	0	0	-0.111111
257	0.507598	0.111696	0.518519	0.222222	-0.037037	0	0	-0.111111
83	0.461685	0.167912	0.481481	0.111111	0	0.111111	-0.037037	0
389	0.466066	0.177672	0.481481	0.111111	0	0.111111	-0.037037	0
6	0.446579	0.222646	0.444444	0.222222	0.111111	0	0	0.037037
363	0.525313	0.236544	0.444444	0.222222	0.111111	0	0	0.037037
588	0.544822	0.276356	0.555556	0.259259	0	0.037037	-0.111111	0
189	0.491197	0.264083	0.555556	0.259259	0	0.037037	-0.111111	0
312	0.458172	0.288476	0.555556	0.259259	0	0.037037	-0.111111	0
537	0.471625	0.32037	0.444444	0.296296	0.111111	0	0	0.037037
414	0.503715	0.332037	0.444444	0.296296	0.111111	0	0	0.037037
138	0.522327	0.304083	0.444444	0.296296	0.111111	0	0	0.037037
326	0.561267	0.308584	0.555556	0.333333	0	-0.111111	0.037037	0
128	0.573037	0.295707	0.555556	0.333333	0	-0.111111	0.037037	0
275	0.592766	0.240957	0.592593	0.222222	0.037037	0	0	0.111111
500	0.602747	0.268639	0.592593	0.222222	0.037037	0	0	0.111111
77	0.620738	0.318274	0.592593	0.222222	0.037037	0	0	0.111111
467	0.64472	0.286553	0.62963	0.333333	0	-0.111111	0.037037	0
188	0.665291	0.242951	0.62963	0.333333	0	-0.111111	0.037037	0
298	0.640982	0.220076	0.666667	0.222222	-0.111111	0	0	-0.037037
583	0.60558	0.200985	0.666667	0.222222	-0.111111	0	0	-0.037037
211	0.563905	0.194134	0.666667	0.222222	-0.111111	0	0	-0.037037
358	0.612538	0.175452	0.555556	0.185185	0	-0.037037	0.111111	0
19	0.631448	0.148228	0.555556	0.185185	0	-0.037037	0.111111	0
523	0.657375	0.132811	0.666667	0.148148	-0.111111	0	0	-0.037037
160	0.596649	0.118877	0.666667	0.148148	-0.111111	0	0	-0.037037
409	0.578416	0.13936	0.666667	0.148148	-0.111111	0	0	-0.037037
555	0.556559	0.109364	0.555556	0.111111	0	-0.111111	0.037037	0
249	0.584575	0.0469438	0.555556	0.111111	0	-0.111111	0.037037	0
51	0.570798	0.0132391	0.555556	0.111111	0	-0.111111	0.037037	0
234	0.617882	0.0500745	0.592593	0	0.037037	0	0	0.111111
432	0.628029	0.0851145	0.592593	0	0.037037	0	0	0.111111
102	0.647018	0.0939528	0.62963	0.111111	0	-0.111111	0.037037	0
381	0.660376	0.00296784	0.62963	0.111111	0	-0.111111	0.037037	0
406	0.688103	0.0364202	0.666667	0	0.111111	0	0	0.037037
157	0.706529	0.0112863	0.666667	0	0.111111	0	0	0.037037
529	0.776483	0.016708	0.666667	0	0.111111	0	0	0.037037
25	0.737637	0.0603584	0.777778	0.037037	0	0.037037	-0.111111	0
355	0.762302	0.0681499	0.777778	0.037037	0	0.037037	-0.111111	0
208	0.676598	0.0743124	0.666667	0.0740741	0.111111	0	0	0.037037
580	0.734054	0.0804434	0.666667	0.0740741	0.111111	0	0	0.037037
304	0.753982	0.10777	0.666667	0.0740741	0.111111	0	0	0.037037
489	0.792419	0.0839851	0.777778	0.111111	0	-0.111111	0.037037	0
291	0.786383	0.0310884	0.777778	0.111111	0	-0.111111	0.037037	0
66	0.80467	0.0253093	0.777778	0.111111	0	-0.111111	0.037037	0
177	0.849269	0.0486328	0.814815	0	0.037037	0	0	0.111111
483	0.825534	0.0972281	0.814815	0	0.037037	0	0	0.111111
117	0.881992	0.100553	0.851852	0.111111	0	-0.111111	0.037037	0
342	0.859748	0.0215721	0.851852	0.111111	0	-0.111111	0.037037	0
254	0.951728	0.00617577	0.888889	0	0.111111	0	0	0.037037
221	0.983603	0.0351952	0.888889	0	0.111111	0	0	0.037037
446	0.998526	0.0647718	1	0.037037	0	0.037037	-0.111111	0
560	0.927896	0.0550169	1	0.037037	0	0.037037	-0.111111	0
89	0.904181	0.0396776	1	0.037037	0	0.037037	-0.111111	0
395	0.918907	0.0741127	0.888889	0.0740741	0.111111	0	0	0.037037
29	0.941108	0.0883744	0.888889	0.0740741	0.111111	0	0	0.037037
360	0.971134	0.111209	1	0.111111	0	0.111111	-0.037037	0
585	0.994474	0.16651	1	0.111111	0	0.111111	-0.037037	0
135	0.96732	0.136364	1	0.111111	0	0.111111	-0.037037	0
420	0.948116	0.156651	0.962963	0.222222	-0.037037	0	0	-0.111111
195	0.935718	0.207536	0.962963	0.222222	-0.037037	0	0	-0.111111
3	0.890064	0.122544	0.925926	0.111111	0	0.111111	-0.037037	0
309	0.90148	0.17422	0.925926	0.111111	0	0.111111	-0.037037	0
534	0.909283	0.221413	0.925926	0.111111	0	0.111111	-0.037037	0
268	0.877798	0.197495	0.888889	0.222222	-0.111111	0	0	-0.037037
226	0.796934	0.204713	0.888889	0.222222	-0.111111	0	0	-0.037037
400	0.844217	0.169337	0.777778	0.185185	0	-0.037037	0.111111	0
43	0.867246	0.184699	0.777778	0.185185	0	-0.037037	0.111111	0
547	0.855604	0.146598	0.888889	0.148148	-0.111111	0	0	-0.037037
94	0.835642	0.131541	0.888889	0.148148	-0.111111	0	0	-0.037037
451	0.812996	0.117559	0.888889	0.148148	-0.111111	0	0	-0.037037
185	0.773492	0.143135	0.777778	0.111111	0	0.111111	-0.037037	0
464	0.747422	0.160095	0.777778	0.111111	0	0.111111	-0.037037	0
74	0.728162	0.210385	0.740741	0.222222	-0.037037	0	0	-0.111111
497	0.717589	0.151608	0.740741	0.222222	-0.037037	0	0	-0.111111
272	0.710213	0.216312	0.740741	0.222222	-0.037037	0	0	-0.111111
134	0.691518	0.18132	0.703704	0.111111	0	0.111111	-0.037037	0
332	0.672907	0.185875	0.703704	0.111111	0	0.111111	-0.037037	0
48	0.682478	0.226938	0.666667	0.222222	0.111111	0	0	0.037037
378	0.769351	0.230327	0.666667	0.222222	0.111111	0	0	0.037037
240	0.724665	0.282616	0.777778	0.259259	0	0.037037	-0.111111	0
246	0.697797	0.262	0.777778	0.259259	0	0.037037	-0.111111	0
552	0.668682	0.327661	0.666667	0.296296	0.111111	0	0	0.037037
438	0.741466	0.297405	0.666667	0.296296	0.111111	0	0	0.037037
99	0.757528	0.312738	0.666667	0.296296	0.111111	0	0	0.037037
377	0.800162	0.333172	0.777778	0.333333	0	-0.111111	0.037037	0
152	0.781706	0.248161	0.777778	0.333333	0	-0.111111	0.037037	0
575	0.809014	0.274666	0.777778	0.333333	0	-0.111111	0.037037	0
317	0.828197	0.25454	0.814815	0.222222	0.037037	0	0	0.111111
515	0.831756	0.292422	0.814815	0.222222	0.037037	0	0	0.111111
11	0.815568	0.324249	0.814815	0.222222	0.037037	0	0	0.111111
428	0.886698	0.303153	0.851852	0.333333	0	-0.111111	0.037037	0
203	0.86201	0.265538	0.851852	0.333333	0	-0.111111	0.037037	0
469	0.896202	0.251299	0.888889	0.222222	0.111111	0	0	0.037037
112	0.95579	0.23329	0.888889	0.222222	0.111111	0	0	0.037037
511	0.977728	0.238091	0.888889	0.222222	0.111111	0	0	0.037037
61	0.986496	0.271783	1	0.259259	0	0.037037	-0.111111	0
337	0.932729	0.278163	1	0.259259	0	0.037037	-0.111111	0
163	0.923063	0.309619	0.888889	0.296296	0.111111	0	0	0.037037
286	0.964575	0.321414	0.888889	0.296296	0.111111	0	0	0.037037
383	0.991406	0.418325	1	0.333333	0	0.111111	-0.037037	0
104	0.980194	0.346548	1	0.333333	0	0.111111	-0.037037	0
434	0.960245	0.412304	0.962963	0.444444	-0.037037	0	0	-0.111111
236	0.945589	0.374196	0.962963	0.444444	-0.037037	0	0	-0.111111
53	0.916428	0.349912	0.925926	0.333333	0	0.111111	-0.037037	0
251	0.912535	0.39169	0.925926	0.333333	0	0.111111	-0.037037	0
557	0.892232	0.429922	0.925926	0.333333	0	0.111111	-0.037037	0
408	0.90661	0.481315	0.888889	0.444444	0.111111	0	0	0.037037
159	0.930378	0.451004	0.888889	0.444444	0.111111	0	0	0.037037
522	0.989131	0.460594	0.888889	0.444444	0.111111	0	0	0.037037
18	0.962456	0.485544	1	0.481481	0	0.037037	-0.111111	0
357	0.943477	0.51139	1	0.481481	0	0.037037	-0.111111	0
210	0.898291	0.539248	0.888889	0.518519	0.111111	0	0	0.037037
582	0.957541	0.534424	0.888889	0.518519	0.111111	0	0	0.037037
297	0.976125	0.552823	0.888889	0.518519	0.111111	0	0	0.037037
187	0.996658	0.639683	1	0.555556	0	0.111111	-0.037037	0
466	0.973179	0.612747	1	0.555556	0	0.111111	-0.037037	0
76	0.953476	0.657206	0.962963	0.666667	-0.037037	0	0	-0.111111
499	0.937677	0.588768	0.962963	0.666667	-0.037037	0	0	-0.111111
274	0.926015	0.569529	0.962963	0.666667	-0.037037	0	0	-0.111111
127	0.914255	0.622524	0.925926	0.555556	0	0.111111	-0.037037	0
325	0.893912	0.646061	0.925926	0.555556	0	0.111111	-0.037037	0
140	0.851788	0.629669	0.888889	0.666667	-0.111111	0	0	-0.037037
416	0.833541	0.662603	0.888889	0.666667	-0.111111	0	0	-0.037037
539	0.802188	0.651069	0.888889	0.666667	-0.111111	0	0	-0.037037
314	0.784887	0.615713	0.777778	0.62963	0	-0.037037	0.111111	0
191	0.879756	0.595472	0.777778	0.62963	0	-0.037037	0.111111	0
365	0.868631	0.578149	0.888889	0.592593	-0.111111	0	0	-0.037037
8	0.779959	0.564708	0.888889	0.592593	-0.111111	0	0	-0.037037
388	0.807163	0.555408	0.777778	0.555556	0	-0.111111	0.037037	0
82	0.794512	0.492339	0.777778	0.555556	0	-0.111111	0.037037	0
256	0.837622	0.456134	0.814815	0.444444	0.037037	0	0	0.111111
562	0.817601	0.516493	0.814815	0.444444	0.037037	0	0	0.111111
31	0.847282	0.526049	0.814815	0.444444	0.037037	0	0	0.111111
448	0.88438	0.50184	0.851852	0.555556	0	-0.111111	0.037037	0
223	0.863894	0.470692	0.851852	0.555556	0	-0.111111	0.037037	0
279	0.853414	0.426478	0.888889	0.444444	-0.111111	0	0	-0.037037
165	0.822029	0.444299	0.888889	0.444444	-0.111111	0	0	-0.037037
339	0.819775	0.386934	0.777778	0.407407	0	-0.037037	0.111111	0
54	0.875507	0.398701	0.777778	0.407407	0	-0.037037	0.111111	0
504	0.870967	0.338873	0.888889	0.37037	-0.111111	0	0	-0.037037
114	0.842197	0.369407	0.888889	0.37037	-0.111111	0	0	-0.037037
471	0.788652	0.356715	0.888889	0.37037	-0.111111	0	0	-0.037037
205	0.752453	0.438688	0.777778	0.333333	0	0.111111	-0.037037	0
430	0.765963	0.419419	0.777778	0.333333	0	0.111111	-0.037037	0
13	0.703778	0.407555	0.740741	0.444444	-0.037037	0	0	-0.111111
517	0.732486	0.394899	0.740741	0.444444	-0.037037	0	0	-0.111111
319	0.720744	0.361954	0.740741	0.444444	-0.037037	0	0	-0.111111
568	0.695074	0.345861	0.703704	0.333333	0	0.111111	-0.037037	0
145	0.679942	0.381542	0.703704	0.333333	0	0.111111	-0.037037	0
370	0.701232	0.435314	0.703704	0.333333	0	0.111111	-0.037037	0
71	0.715672	0.465381	0.666667	0.444444	0.111111	0	0	0.037037
347	0.75036	0.478247	0.666667	0.444444	0.111111	0	0	0.037037
173	0.74335	0.506792	0.777778	0.481481	0	0.037037	-0.111111	0
296	0.670684	0.498198	0.777778	0.481481	0	0.037037	-0.111111	0
494	0.684189	0.531265	0.666667	0.518519	0.111111	0	0	0.037037
479	0.713306	0.541838	0.666667	0.518519	0.111111	0	0	0.037037
122	0.772122	0.547403	0.666667	0.518519	0.111111	0	0	0.037037
540	0.745475	0.583522	0.777778	0.555556	0	0.111111	-0.037037	0
36	0.759152	0.60807	0.777778	0.555556	0	0.111111	-0.037037	0
261	0.76786	0.633153	0.777778	0.555556	0	0.111111	-0.037037	0
402	0.730189	0.598728	0.740741	0.666667	-0.037037	0	0	-0.111111
96	0.722708	0.558896	0.740741	0.666667	-0.037037	0	0	-0.111111
453	0.699216	0.602347	0.703704	0.555556	0	0.111111	-0.037037	0
228	0.686021	0.644708	0.703704	0.555556	0	0.111111	-0.037037	0
125	0.653571	0.664028	0.666667	0.666667	-0.111111	0	0	-0.037037
482	0.588235	0.65459	0.666667	0.666667	-0.111111	0	0	-0.037037
488	0.663659	0.636414	0.666667	0.666667	-0.111111	0	0	-0.037037
290	0.568794	0.619458	0.555556	0.62963	0	-0.037037	0.111111	0
176	0.626491	0.61168	0.555556	0.62963	0	-0.037037	0.111111	0
350	0.635644	0.570749	0.666667	0.592593	-0.111111	0	0	-0.037037
65	0.581938	0.579712	0.666667	0.592593	-0.111111	0	0	-0.037037
525	0.551045	0.568142	0.555556	0.555556	0	0.111111	-0.037037	0
21	0.521051	0.589838	0.555556	0.555556	0	0.111111	-0.037037	0
300	0.546755	0.65904	0.555556	0.555556	0	0.111111	-0.037037	0
576	0.513289	0.647117	0.518519	0.666667	-0.037037	0	0	-0.111111
351	0.501736	0.623913	0.518519	0.666667	-0.037037	0	0	-0.111111
153	0.488942	0.594451	0.518519	0.666667	-0.037037	0	0	-0.111111
411	0.468112	0.574569	0.481481	0.555556	0	0.111111	-0.037037	0
213	0.463767	0.634742	0.481481	0.555556	0	0.111111	-0.037037	0
34	0.384095	0.643264	0.444444	0.666667	-0.111111	0	0	-0.037037
391	0.363176	0.638318	0.444444	0.666667	-0.111111	0	0	-0.037037
85	0.34791	0.613785	0.333333	0.62963	0	-0.037037	0.111111	0
565	0.372707	0.626051	0.333333	0.62963	0	-0.037037	0.111111	0
442	0.440694	0.603985	0.333333	0.62963	0	-0.037037	0.111111	0
217	0.427355	0.587498	0.444444	0.592593	-0.111111	0	0	-0.037037
259	0.391807	0.563107	0.444444	0.592593	-0.111111	0	0	-0.037037
168	0.355302	0.524531	0.333333	0.555556	0	-0.111111	0.037037	0
474	0.343417	0.469379	0.333333	0.555556	0	-0.111111	0.037037	0
108	0.400443	0.476235	0.37037	0.444444	0.037037	0	0	0.111111
333	0.374718	0.49641	0.37037	0.444444	0.037037	0	0	0.111111
282	0.408538	0.537633	0.407407	0.555556	0	-0.111111	0.037037	0
57	0.435005	0.510669	0.407407	0.555556	0	-0.111111	0.037037	0
507	0.422787	0.449807	0.407407	0.555556	0	-0.111111	0.037037	0
47	0.455964	0.45962	0.444444	0.444444	0.111111	0	0	0.037037
386	0.534495	0.447508	0.444444	0.444444	0.111111	0	0	0.037037
239	0.496495	0.502614	0.555556	0.481481	0	0.037037	-0.111111	0
245	0.46994	0.494029	0.555556	0.481481	0	0.037037	-0.111111	0
551	0.448609	0.551418	0.444444	0.518519	0.111111	0	0	0.037037
437	0.515356	0.529484	0.444444	0.518519	0.111111	0	0	0.037037
107	0.53708	0.535491	0.444444	0.518519	0.111111	0	0	0.037037
373	0.566842	0.546031	0.555556	0.555556	0	-0.111111	0.037037	0
148	0.558642	0.488926	0.555556	0.555556	0	-0.111111	0.037037	0
571	0.586241	0.452169	0.555556	0.555556	0	-0.111111	0.037037	0
322	0.600969	0.484523	0.592593	0.444444	0.037037	0	0	0.111111
520	0.615628	0.474255	0.592593	0.444444	0.037037	0	0	0.111111
16	0.59856	0.51314	0.592593	0.444444	0.037037	0	0	0.111111
424	0.65192	0.520456	0.62963	0.555556	0	-0.111111	0.037037	0
199	0.637889	0.46367	0.62963	0.555556	0	-0.111111	0.037037	0
264	0.655681	0.413918	0.666667	0.444444	-0.111111	0	0	-0.037037
231	0.575941	0.42322	0.666667	0.444444	-0.111111	0	0	-0.037037
396	0.623042	0.377513	0.555556	0.407407	0	-0.037037	0.111111	0
39	0.649417	0.401499	0.555556	0.407407	0	-0.037037	0.111111	0
543	0.633695	0.367836	0.666667	0.37037	-0.111111	0	0	-0.037037
90	0.60848	0.354792	0.666667	0.37037	-0.111111	0	0	-0.037037
456	0.589849	0.344307	0.666667	0.37037	-0.111111	0	0	-0.037037
181	0.548727	0.366135	0.555556	0.333333	0	0.111111	-0.037037	0
460	0.527643	0.388306	0.555556	0.333333	0	0.111111	-0.037037	0
79	0.506089	0.433055	0.518519	0.444444	-0.037037	0	0	-0.111111
502	0.494436	0.385283	0.518519	0.444444	-0.037037	0	0	-0.111111
277	0.483903	0.352969	0.518519	0.444444	-0.037037	0	0	-0.111111
130	0.475263	0.403257	0.481481	0.333333	0	0.111111	-0.037037	0
328	0.450879	0.415365	0.481481	0.333333	0	0.111111	-0.037037	0
143	0.402528	0.408797	0.444444	0.444444	-0.111111	0	0	-0.037037
419	0.393841	0.442396	0.444444	0.444444	-0.111111	0	0	-0.037037
533	0.361385	0.428073	0.444444	0.444444	-0.111111	0	0	-0.037037
308	0.345545	0.396463	0.333333	0.407407	0	-0.037037	0.111111	0
194	0.376663	0.37922	0.333333	0.407407	0	-0.037037	0.111111	0
368	0.425104	0.360335	0.444444	0.37037	-0.111111	0	0	-0.037037
2	0.334709	0.340405	0.444444	0.37037	-0.111111	0	0	-0.037037
220	0.316437	0.334753	0.333333	0.333333	0	0.111111	-0.037037	0
445	0.332214	0.372667	0.333333	0.333333	0	0.111111	-0.037037	0
28	0.271356	0.420828	0.296296	0.444444	-0.037037	0	0	-0.111111
559	0.27669	0.405169	0.296296	0.444444	-0.037037	0	0	-0.111111
253	0.286859	0.337549	0.296296	0.444444	-0.037037	0	0	-0.111111
88	0.248327	0.375504	0.259259	0.333333	0	0.111111	-0.037037	0
394	0.252375	0.41118	0.259259	0.333333	0	0.111111	-0.037037	0
5	0.280045	0.445698	0.222222	0.444444	0.111111	0	0	0.037037
362	0.308786	0.466844	0.222222	0.444444	0.111111	0	0	0.037037
587	0.32585	0.499993	0.333333	0.481481	0	0.037037	-0.111111	0
197	0.266521	0.482482	0.333333	0.481481	0	0.037037	-0.111111	0
311	0.225834	0.508419	0.333333	0.481481	0	0.037037	-0.111111	0
536	0.250232	0.540379	0.222222	0.518519	0.111111	0	0	0.037037
422	0.282062	0.553736	0.222222	0.518519	0.111111	0	0	0.037037
137	0.301374	0.527625	0.222222	0.518519	0.111111	0	0	0.037037
510	0.313545	0.566457	0.333333	0.555556	0	0.111111	-0.037037	0
60	0.318593	0.621323	0.333333	0.555556	0	0.111111	-0.037037	0
285	0.299453	0.652662	0.333333	0.555556	0	0.111111	-0.037037	0
336	0.264682	0.606239	0.296296	0.666667	-0.037037	0	0	-0.111111
111	0.292337	0.596822	0.296296	0.666667	-0.037037	0	0	-0.111111
468	0.236884	0.581706	0.259259	0.555556	0	0.111111	-0.037037	0
162	0.256522	0.660959	0.259259	0.555556	0	0.111111	-0.037037	0
10	0.147827	0.631609	0.222222	0.666667	-0.111111	0	0	-0.037037
376	0.130309	0.656262	0.222222	0.666667	-0.111111	0	0	-0.037037
151	0.118544	0.592656	0.111111	0.62963	0	-0.037037	0.111111	0
514	0.171004	0.6174	0.111111	0.62963	0	-0.037037	0.111111	0
427	0.21037	0.628211	0.111111	0.62963	0	-0.037037	0.111111	0
202	0.197261	0.560895	0.222222	0.592593	-0.111111	0	0	-0.037037
316	0.176129	0.585205	0.222222	0.592593	-0.111111	0	0	-0.037037
574	0.145931	0.577022	0.222222	0.592593	-0.111111	0	0	-0.037037
225	0.131787	0.548955	0.111111	0.555556	0	-0.111111	0.037037	0
450	0.14128	0.462055	0.111111	0.555556	0	-0.111111	0.037037	0
93	0.166044	0.457229	0.148148	0.444444	0.037037	0	0	0.111111
399	0.157948	0.522225	0.148148	0.444444	0.037037	0	0	0.111111
267	0.216892	0.518212	0.185185	0.555556	0	-0.111111	0.037037	0
42	0.186045	0.486892	0.185185	0.555556	0	-0.111111	0.037037	0
546	0.18849	0.479607	0.185185	0.555556	0	-0.111111	0.037037	0
119	0.205172	0.436514	0.222222	0.444444	-0.111111	0	0	-0.037037
485	0.155663	0.430892	0.222222	0.444444	-0.111111	0	0	-0.037037
491	0.126942	0.41716	0.222222	0.444444	-0.111111	0	0	-0.037037
293	0.11395	0.390121	0.111111	0.407407	0	-0.037037	0.111111	0
179	0.219278	0.393006	0.111111	0.407407	0	-0.037037	0.111111	0
344	0.191528	0.348226	0.222222	0.37037	-0.111111	0	0	-0.037037
68	0.13693	0.358155	0.222222	0.37037	-0.111111	0	0	-0.037037
528	0.101049	0.35124	0.111111	0.333333	0	0.111111	-0.037037	0
24	0.0778886	0.364115	0.111111	0.333333	0	0.111111	-0.037037	0
303	0.0886127	0.440299	0.111111	0.333333	0	0.111111	-0.037037	0
579	0.0704866	0.424944	0.0740741	0.444444	-0.037037	0	0	-0.111111
354	0.0572202	0.399816	0.0740741	0.444444	-0.037037	0	0	-0.111111
156	0.0417625	0.342494	0.0740741	0.444444	-0.037037	0	0	-0.111111
405	0.0206242	0.370439	0.037037	0.333333	0	0.111111	-0.037037	0
207	0.00416723	0.383389	0.037037	0.333333	0	0.111111	-0.037037	0
271	0.0354621	0.453908	0	0.444444	0.111111	0	0	0.037037
184	0.105862	0.472572	0	0.444444	0.111111	0	0	0.037037
463	0.0840902	0.504421	0.111111	0.481481	0	0.037037	-0.111111	0
496	0.0532944	0.491211	0.111111	0.481481	0	0.037037	-0.111111	0
133	0.0300651	0.514485	0.111111	0.481481	0	0.037037	-0.111111	0
331	0.00762501	0.532856	0	0.518519	0.111111	0	0	0.037037
73	0.064382	0.543701	0	0.518519	0.111111	0	0	0.037037
380	0.104077	0.557072	0.111111	0.555556	0	0.111111	-0.037037	0
101	0.0906966	0.648689	0.111111	0.555556	0	0.111111	-0.037037	0
440	0.0724364	0.640292	0.0740741	0.666667	-0.037037	0	0	-0.111111
242	0.0554887	0.609894	0.0740741	0.666667	-0.037037	0	0	-0.111111
50	0.0121498	0.572367	0.037037	0.555556	0	0.111111	-0.037037	0
248	0.0226057	0.600577	0.037037	0.555556	0	0.111111	-0.037037	0
554	0.00619139	0.665157	0.037037	0.555556	0	0.111111	-0.037037	0
567	0.0402735	0.685417	0	0.666667	0.111111	0	0	0.037037
318	0.046419	0.703489	0	0.666667	0.111111	0	0	0.037037
204	0.0819517	0.670881	0	0.666667	0.111111	0	0	0.037037
429	0.0966107	0.740642	0.111111	0.703704	0	0.037037	-0.111111	0
516	0.0658643	0.734671	0.111111	0.703704	0	0.037037	-0.111111	0
144	0.0186766	0.716076	0.111111	0.703704	0	0.037037	-0.111111	0
369	0.0315496	0.768008	0	0.740741	0.111111	0	0	0.037037
12	0.102469	0.748391	0	0.740741	0.111111	0	0	0.037037
167	0.122391	0.763255	0.111111	0.777778	0	-0.111111	0.037037	0
473	0.128446	0.693199	0.111111	0.777778	0	-0.111111	0.037037	0
116	0.180051	0.700587	0.148148	0.666667	0.037037	0	0	0.111111
341	0.159792	0.724651	0.148148	0.666667	0.037037	0	0	0.111111
281	0.190015	0.777403	0.185185	0.777778	0	-0.111111	0.037037	0
56	0.22046	0.727599	0.185185	0.777778	0	-0.111111	0.037037	0
506	0.201188	0.676166	0.185185	0.777778	0	-0.111111	0.037037	0
52	0.235403	0.678869	0.222222	0.666667	0.111111	0	0	0.037037
382	0.32792	0.668182	0.222222	0.666667	0.111111	0	0	0.037037
235	0.278288	0.71974	0.333333	0.703704	0	0.037037	-0.111111	0
250	0.24115	0.709375	0.333333	0.703704	0	0.037037	-0.111111	0
556	0.224286	0.770948	0.222222	0.740741	0.111111	0	0	0.037037
433	0.290381	0.751032	0.222222	0.740741	0.111111	0	0	0.037037
103	0.314916	0.760828	0.222222	0.740741	0.111111	0	0	0.037037
524	0.322582	0.798973	0.333333	0.777778	0	0.111111	-0.037037	0
20	0.296302	0.822037	0.333333	0.777778	0	0.111111	-0.037037	0
299	0.305233	0.836619	0.333333	0.777778	0	0.111111	-0.037037	0
584	0.274598	0.881746	0.296296	0.888889	-0.037037	0	0	-0.111111
359	0.259283	0.842153	0.296296	0.888889	-0.037037	0	0	-0.111111
161	0.261508	0.785058	0.296296	0.888889	-0.037037	0	0	-0.111111
410	0.246541	0.812567	0.259259	0.777778	0	0.111111	-0.037037	0
212	0.231724	0.856062	0.259259	0.777778	0	0.111111	-0.037037	0
30	0.208578	0.864364	0.222222	0.888889	-0.111111	0	0	-0.037037
387	0.172684	0.852636	0.222222	0.888889	-0.111111	0	0	-0.037037
81	0.135794	0.83174	0.111111	0.851852	0	-0.037037	0.111111	0
561	0.115227	0.844891	0.111111	0.851852	0	-0.037037	0.111111	0
447	0.195635	0.827306	0.111111	0.851852	0	-0.037037	0.111111	0
222	0.153849	0.805917	0.222222	0.814815	-0.111111	0	0	-0.037037
255	0.16717	0.782504	0.222222	0.814815	-0.111111	0	0	-0.037037
346	0.0764393	0.793264	0.111111	0.777778	0	0.111111	-0.037037	0
121	0.110338	0.872194	0.111111	0.777778	0	0.111111	-0.037037	0
478	0.0692188	0.877833	0.0740741	0.888889	-0.037037	0	0	-0.111111
172	0.0495474	0.818685	0.0740741	0.888889	-0.037037	0	0	-0.111111
70	0.0261038	0.801643	0.037037	0.777778	0	0.111111	-0.037037	0
295	0.0368203	0.888504	0.037037	0.777778	0	0.111111	-0.037037	0
493	0.000641628	0.859941	0.037037	0.777778	0	0.111111	-0.037037	0
455	0.0132133	0.902923	0	0.888889	0.111111	0	0	0.037037
98	0.0604571	0.908688	0	0.888889	0.111111	0	0	0.037037
542	0.0937304	0.924674	0	0.888889	0.111111	0	0	0.037037
38	0.107633	0.940228	0.111111	0.925926	0	0.037037	-0.111111	0
404	0.0829663	0.92868	0.111111	0.925926	0	0.037037	-0.111111	0
230	0.0193476	0.979243	0	0.962963	0.111111	0	0	0.037037
263	0.0445328	0.967485	0	0.962963	0.111111	0	0	0.037037
538	0.125783	0.984783	0.111111	1	0	-0.111111	0.037037	0
313	0.142042	0.955506	0.111111	1	0	-0.111111	0.037037	0
7	0.148085	0.892423	0.111111	1	0	-0.111111	0.037037	0
190	0.18315	0.931794	0.148148	0.888889	0.037037	0	0	0.111111
415	0.162402	0.994988	0.148148	0.888889	0.037037	0	0	0.111111
139	0.192886	0.970993	0.185185	1	0	-0.111111	0.037037	0
364	0.213906	0.916053	0.185185	1	0	-0.111111	0.037037	0
273	0.285585	0.911604	0.222222	0.888889	0.111111	0	0	0.037037
186	0.330993	0.918999	0.222222	0.888889	0.111111	0	0	0.037037
465	0.310714	0.948658	0.333333	0.925926	0	0.037037	-0.111111	0
498	0.268247	0.9517	0.333333	0.925926	0	0.037037	-0.111111	0
126	0.251059	0.959473	0.333333	0.925926	0	0.037037	-0.111111	0
324	0.228571	0.963943	0.222222	0.962963	0.111111	0	0	0.037037
75	0.300243	0.987666	0.222222	0.962963	0.111111	0	0	0.037037
553	0.350427	0.997719	0.333333	1	0	-0.111111	0.037037	0
247	0.36636	0.933747	0.333333	1	0	-0.111111	0.037037	0
49	0.346788	0.89813	0.333333	1	0	-0.111111	0.037037	0
241	0.403628	0.943829	0.37037	0.888889	0.037037	0	0	0.111111
439	0.381459	0.973496	0.37037	0.888889	0.037037	0	0	0.111111
100	0.436162	0.982198	0.407407	1	0	-0.111111	0.037037	0
379	0.426342	0.900792	0.407407	1	0	-0.111111	0.037037	0
72	0.394818	0.884375	0.444444	0.888889	-0.111111	0	0	-0.037037
330	0.336124	0.869786	0.444444	0.888889	-0.111111	0	0	-0.037037
132	0.369537	0.848769	0.333333	0.851852	0	-0.037037	0.111111	0
495	0.378403	0.824539	0.333333	0.851852	0	-0.037037	0.111111	0
462	0.411952	0.839415	0.333333	0.851852	0	-0.037037	0.111111	0
183	0.431455	0.81046	0.444444	0.814815	-0.111111	0	0	-0.037037
270	0.353764	0.789929	0.444444	0.814815	-0.111111	0	0	-0.037037
209	0.339308	0.744701	0.333333	0.777778	0	-0.111111	0.037037	0
407	0.359109	0.695743	0.333333	0.777778	0	-0.111111	0.037037	0
158	0.396355	0.687856	0.37037	0.666667	0.037037	0	0	0.111111
356	0.386091	0.731712	0.37037	0.666667	0.037037	0	0	0.111111
581	0.406612	0.758796	0.37037	0.666667	0.037037	0	0	0.111111
305	0.421114	0.773213	0.407407	0.777778	0	-0.111111	0.037037	0
26	0.415151	0.705758	0.407407	0.777778	0	-0.111111	0.037037	0
530	0.438899	0.682199	0.407407	0.777778	0	-0.111111	0.037037	0
67	0.480234	0.691173	0.444444	0.666667	0.111111	0	0	0.037037
343	0.529516	0.698563	0.444444	0.666667	0.111111	0	0	0.037037
178	0.519056	0.729163	0.555556	0.703704	0	0.037037	-0.111111	0
292	0.444888	0.712041	0.555556	0.703704	0	0.037037	-0.111111	0
490	0.459772	0.755406	0.444444	0.740741	0.111111	0	0	0.037037
484	0.492648	0.753219	0.444444	0.740741	0.111111	0	0	0.037037
118	0.554803	0.77519	0.444444	0.740741	0.111111	0	0	0.037037
548	0.532874	0.807805	0.555556	0.777778	0	0.111111	-0.037037	0
44	0.540489	0.829778	0.555556	0.777778	0	0.111111	-0.037037	0
269	0.54371	0.875392	0.555556	0.777778	0	0.111111	-0.037037	0
401	0.509565	0.81713	0.518519	0.888889	-0.037037	0	0	-0.111111
95	0.50005	0.79549	0.518519	0.888889	-0.037037	0	0	-0.111111
452	0.473573	0.787882	0.481481	0.777778	0	0.111111	-0.037037	0
227	0.454238	0.867402	0.481481	0.777778	0	0.111111	-0.037037	0
573	0.478489	0.906454	0.444444	0.888889	0.111111	0	0	0.037037
315	0.523756	0.921252	0.444444	0.888889	0.111111	0	0	0.037037
201	0.487839	0.894302	0.444444	0.888889	0.111111	0	0	0.037037
426	0.535951	0.961666	0.555556	0.925926	0	0.037037	-0.111111	0
513	0.464957	0.946629	0.555556	0.925926	0	0.037037	-0.111111	0
150	0.44929	0.935987	0.555556	0.925926	0	0.037037	-0.111111	0
375	0.484975	0.989684	0.444444	0.962963	0.111111	0	0	0.037037
9	0.508924	0.976987	0.444444	0.962963	0.111111	0	0	0.037037
164	0.572294	0.991608	0.555556	1	0	-0.111111	0.037037	0
470	0.583288	0.91374	0.555556	1	0	-0.111111	0.037037	0
113	0.619844	0.923189	0.592593	0.888889	0.037037	0	0	0.111111
338	0.603902	0.941802	0.592593	0.888889	0.037037	0	0	0.111111
287	0.658814	0.993466	0.62963	1	0	-0.111111	0.037037	0
62	0.636457	0.95376	0.62963	1	0	-0.111111	0.037037	0
512	0.650688	0.896509	0.62963	1	0	-0.111111	0.037037	0
136	0.629985	0.862134	0.666667	0.888889	-0.111111	0	0	-0.037037
421	0.559775	0.886625	0.666667	0.888889	-0.111111	0	0	-0.037037
535	0.593661	0.858127	0.666667	0.888889	-0.111111	0	0	-0.037037
310	0.574312	0.850697	0.555556	0.851852	0	-0.037037	0.111111	0
196	0.607194	0.814894	0.555556	0.851852	0	-0.037037	0.111111	0
586	0.666534	0.833187	0.555556	0.851852	0	-0.037037	0.111111	0
361	0.643553	0.803804	0.666667	0.814815	-0.111111	0	0	-0.037037
4	0.614597	0.780676	0.666667	0.814815	-0.111111	0	0	-0.037037
393	0.565117	0.742832	0.555556	0.777778	0	-0.111111	0.037037	0
87	0.579946	0.722726	0.555556	0.777778	0	-0.111111	0.037037	0
252	0.610658	0.674187	0.592593	0.666667	0.037037	0	0	0.111111
558	0.595439	0.737765	0.592593	0.666667	0.037037	0	0	0.111111
27	0.624551	0.717708	0.592593	0.666667	0.037037	0	0	0.111111
444	0.661772	0.71356	0.62963	0.777778	0	-0.111111	0.037037	0
219	0.639838	0.680412	0.62963	0.777778	0	-0.111111	0.037037	0
1	0.693158	0.672659	0.666667	0.666667	0.111111	0	0	0.037037
367	0.760775	0.689578	0.666667	0.666667	0.111111	0	0	0.037037
193	0.711913	0.706821	0.777778	0.703704	0	0.037037	-0.111111	0
307	0.678169	0.735857	0.777778	0.703704	0	0.037037	-0.111111	0
532	0.70818	0.766434	0.666667	0.740741	0.111111	0	0	0.037037
418	0.72658	0.757304	0.666667	0.740741	0.111111	0	0	0.037037
142	0.739457	0.746846	0.666667	0.740741	0.111111	0	0	0.037037
327	0.798146	0.739276	0.777778	0.777778	0	-0.111111	0.037037	0
129	0.811267	0.721466	0.777778	0.777778	0	-0.111111	0.037037	0
276	0.824017	0.696911	0.814815	0.666667	0.037037	0	0	0.111111
501	0.840818	0.683699	0.814815	0.666667	0.037037	0	0	0.111111
78	0.829697	0.764376	0.814815	0.666667	0.037037	0	0	0.111111
459	0.85791	0.769626	0.851852	0.777778	0	-0.111111	0.037037	0
180	0.872478	0.710411	0.851852	0.777778	0	-0.111111	0.037037	0
458	0.921026	0.669534	0.888889	0.666667	0.111111	0	0	0.037037
92	0.93953	0.70239	0.888889	0.666667	0.111111	0	0	0.037037
545	0.96906	0.687017	0.888889	0.666667	0.111111	0	0	0.037037
41	0.98194	0.726158	1	0.703704	0	0.037037	-0.111111	0
398	0.910444	0.730314	1	0.703704	0	0.037037	-0.111111	0
233	0.900015	0.74999	0.888889	0.740741	0.111111	0	0	0.037037
266	0.992963	0.76001	0.888889	0.740741	0.111111	0	0	0.037037
198	0.974483	0.813963	1	0.777778	0	0.111111	-0.037037	0
423	0.987684	0.868589	1	0.777778	0	0.111111	-0.037037	0
15	0.934164	0.838079	0.962963	0.888889	-0.037037	0	0	-0.111111
519	0.958609	0.857325	0.962963	0.888889	-0.037037	0	0	-0.111111
321	0.94968	0.778049	0.962963	0.888889	-0.037037	0	0	-0.111111
570	0.924793	0.800489	0.925926	0.777778	0	0.111111	-0.037037	0
147	0.889009	0.809213	0.925926	0.777778	0	0.111111	-0.037037	0
372	0.90538	0.883662	0.925926	0.777778	0	0.111111	-0.037037	0
106	0.865075	0.876595	0.888889	0.888889	-0.111111	0	0	-0.037037
436	0.846183	0.854185	0.888889	0.888889	-0.111111	0	0	-0.037037
550	0.783306	0.865762	0.888889	0.888889	-0.111111	0	0	-0.037037
244	0.805678	0.820317	0.777778	0.851852	0	-0.037037	0.111111	0
238	0.839025	0.825696	0.777778	0.851852	0	-0.037037	0.111111	0
385	0.874207	0.786843	0.888889	0.814815	-0.111111	0	0	-0.037037
46	0.790092	0.779334	0.888889	0.814815	-0.111111	0	0	-0.037037
509	0.777691	0.791806	0.777778	0.777778	0	0.111111	-0.037037	0
59	0.764243	0.834892	0.777778	0.777778	0	0.111111	-0.037037	0
284	0.755399	0.873403	0.777778	0.777778	0	0.111111	-0.037037	0
335	0.705131	0.84105	0.740741	0.888889	-0.037037	0	0	-0.111111
110	0.735735	0.846754	0.740741	0.888889	-0.037037	0	0	-0.111111
476	0.674591	0.797094	0.703704	0.777778	0	0.111111	-0.037037	0
170	0.689376	0.88004	0.703704	0.777778	0	0.111111	-0.037037	0
258	0.719149	0.89079	0.666667	0.888889	0.111111	0	0	0.037037
216	0.746659	0.904919	0.666667	0.888889	0.111111	0	0	0.037037
441	0.77463	0.926747	0.777778	0.925926	0	0.037037	-0.111111	0
564	0.681567	0.957746	0.777778	0.925926	0	0.037037	-0.111111	0
84	0.696791	0.937513	0.777778	0.925926	0	0.037037	-0.111111	0
390	0.731179	0.965602	0.666667	0.962963	0.111111	0	0	0.037037
33	0.667458	0.975391	0.666667	0.962963	0.111111	0	0	0.037037
215	0.791582	0.969182	0.777778	1	0	-0.111111	0.037037	0
413	0.77871	0.9994	0.777778	1	0	-0.111111	0.037037	0
155	0.814887	0.917265	0.814815	0.888889	0.037037	0	0	0.111111
353	0.820709	0.95051	0.814815	0.888889	0.037037	0	0	0.111111
578	0.830785	0.980963	0.814815	0.888889	0.037037	0	0	0.111111
302	0.869942	0.986291	0.851852	1	0	-0.111111	0.037037	0
23	0.854503	0.93031	0.851852	1	0	-0.111111	0.037037	0
527	0.88296	0.909987	0.851852	1	0	-0.111111	0.037037	0
64	0.917922	0.899445	0.888889	0.888889	0.111111	0	0	0.037037
349	0.96582	0.912815	0.888889	0.888889	0.111111	0	0	0.037037
175	0.946501	0.938874	1	0.925926	0	0.037037	-0.111111	0
289	0.895352	0.945457	1	0.925926	0	0.037037	-0.111111	0
487	0.931498	0.972158	0.888889	0.962963	0.111111	0	0	0.037037
481	0.96145	0.996581	0.888889	0.962963	0.111111	0	0	0.037037
124	0.984909	0.963319	0.888889	0.962963	0.111111	0	0	0.037037
