0	0.00486014	0.00612349	0	0	0.111111	0	0	0.037037
366	0.0931976	0.0321091	0	0	0.111111	0	0	0.037037
192	0.046581	0.0434178	0.111111	0.037037	0	0.037037	-0.111111	0
306	0.0160462	0.0624433	0.111111	0.037037	0	0.037037	-0.111111	0
417	0.0594938	0.107427	0	0.0740741	0.111111	0	0	0.037037
141	0.0844771	0.0802213	0	0.0740741	0.111111	0	0	0.037037
329	0.116146	0.0853733	0.111111	0.111111	0	-0.111111	0.037037	0
131	0.135794	0.069213	0.111111	0.111111	0	-0.111111	0.037037	0
278	0.150836	0.0160717	0.148148	0	0.037037	0	0	0.111111
80	0.17724	0.0970646	0.148148	0	0.037037	0	0	0.111111
182	0.215482	0.0257432	0.185185	0.111111	0	-0.111111	0.037037	0
457	0.256308	0.0103985	0.222222	0	0.111111	0	0	0.037037
91	0.27546	0.0222923	0.222222	0	0.111111	0	0	0.037037
40	0.307685	0.054932	0.333333	0.037037	0	0.037037	-0.111111	0
397	0.289357	0.0395258	0.333333	0.037037	0	0.037037	-0.111111	0
232	0.242798	0.090535	0.222222	0.0740741	0.111111	0	0	0.037037
265	0.328135	0.0774301	0.222222	0.0740741	0.111111	0	0	0.037037
200	0.302194	0.116917	0.333333	0.111111	0	0.111111	-0.037037	0
425	0.31798	0.182735	0.333333	0.111111	0	0.111111	-0.037037	0
17	0.260366	0.18593	0.296296	0.222222	-0.037037	0	0	-0.111111
323	0.269342	0.141603	0.296296	0.222222	-0.037037	0	0	-0.111111
149	0.230394	0.145216	0.259259	0.111111	0	0.111111	-0.037037	0
374	0.234762	0.210321	0.259259	0.111111	0	0.111111	-0.037037	0
105	0.203712	0.200483	0.222222	0.222222	-0.111111	0	0	-0.037037
435	0.181395	0.193765	0.222222	0.222222	-0.111111	0	0	-0.037037
243	0.145423	0.151631	0.111111	0.185185	0	-0.037037	0.111111	0
237	0.170192	0.156824	0.111111	0.185185	0	-0.037037	0.111111	0
384	0.210625	0.112185	0.222222	0.148148	-0.111111	0	0	-0.037037
45	0.127733	0.124411	0.222222	0.148148	-0.111111	0	0	-0.037037
58	0.0989228	0.173176	0.111111	0.111111	0	0.111111	-0.037037	0
283	0.0758085	0.203743	0.111111	0.111111	0	0.111111	-0.037037	0
334	0.037077	0.16302	0.0740741	0.222222	-0.037037	0	0	-0.111111
109	0.0658171	0.135093	0.0740741	0.222222	-0.037037	0	0	-0.111111
169	0.0323527	0.21358	0.037037	0.111111	0	0.111111	-0.037037	0
260	0.0696362	0.225038	0	0.222222	0.111111	0	0	0.037037
218	0.102892	0.241638	0	0.222222	0.111111	0	0	0.037037
443	0.109617	0.27463	0.111111	0.259259	0	0.037037	-0.111111	0
86	0.0108427	0.282216	0.111111	0.259259	0	0.037037	-0.111111	0
392	0.0287861	0.300226	0	0.296296	0.111111	0	0	0.037037
35	0.0518685	0.321638	0	0.296296	0.111111	0	0	0.037037
214	0.122795	0.316178	0.111111	0.333333	0	-0.111111	0.037037	0
412	0.132458	0.261431	0.111111	0.333333	0	-0.111111	0.037037	0
154	0.154489	0.229692	0.148148	0.222222	0.037037	0	0	0.111111
352	0.165349	0.288485	0.148148	0.222222	0.037037	0	0	0.111111
301	0.200251	0.329046	0.185185	0.333333	0	-0.111111	0.037037	0
22	0.188631	0.256295	0.185185	0.333333	0	-0.111111	0.037037	0
63	0.247501	0.247187	0.222222	0.222222	0.111111	0	0	0.037037
348	0.298481	0.238266	0.222222	0.222222	0.111111	0	0	0.037037
174	0.282294	0.296217	0.333333	0.259259	0	0.037037	-0.111111	0
288	0.225827	0.278849	0.333333	0.259259	0	0.037037	-0.111111	0
123	0.324668	0.324702	0.222222	0.296296	0.111111	0	0	0.037037
229	0.352718	0.309707	0.333333	0.333333	0	-0.111111	0.037037	0
454	0.369393	0.232508	0.333333	0.333333	0	-0.111111	0.037037	0
97	0.385557	0.253323	0.37037	0.222222	0.037037	0	0	0.111111
403	0.398202	0.26711	0.37037	0.222222	0.037037	0	0	0.111111
262	0.433987	0.302926	0.407407	0.333333	0	-0.111111	0.037037	0
37	0.42027	0.270356	0.407407	0.333333	0	-0.111111	0.037037	0
120	0.442676	0.21673	0.444444	0.222222	-0.111111	0	0	-0.037037
294	0.337285	0.166149	0.333333	0.185185	0	-0.037037	0.111111	0
171	0.404777	0.177978	0.333333	0.185185	0	-0.037037	0.111111	0
345	0.411071	0.127814	0.444444	0.148148	-0.111111	0	0	-0.037037
69	0.365702	0.13241	0.444444	0.148148	-0.111111	0	0	-0.037037
371	0.356742	0.104517	0.333333	0.111111	0	-0.111111	0.037037	0
146	0.342675	0.0463547	0.333333	0.111111	0	-0.111111	0.037037	0
320	0.390972	0.0347005	0.37037	0	0.037037	0	0	0.111111
14	0.381503	0.0739324	0.37037	0	0.037037	0	0	0.111111
431	0.431384	0.0578986	0.407407	0.111111	0	-0.111111	0.037037	0
206	0.417588	0.00151914	0.407407	0.111111	0	-0.111111	0.037037	0
115	0.509466	0.0189332	0.444444	0	0.111111	0	0	0.037037
55	0.544866	0.0656162	0.555556	0.037037	0	0.037037	-0.111111	0
340	0.484895	0.0509092	0.555556	0.037037	0	0.037037	-0.111111	0
166	0.467642	0.0939867	0.444444	0.0740741	0.111111	0	0	0.037037
280	0.520429	0.101833	0.444444	0.0740741	0.111111	0	0	0.037037
224	0.531144	0.137854	0.555556	0.111111	0	0.111111	-0.037037	0
449	0.551702	0.160532	0.555556	0.111111	0	0.111111	-0.037037	0
32	0.495485	0.198506	0.518519	0.222222	-0.037037	0	0	-0.111111
257	0.500597	0.121743	0.518519	0.222222	-0.037037	0	0	-0.111111
83	0.461242	0.168669	0.481481	0.111111	0	0.111111	-0.037037	0
389	0.473576	0.189163	0.481481	0.111111	0	0.111111	-0.037037	0
6	0.445987	0.222247	0.444444	0.222222	0.111111	0	0	0.037037
363	0.536724	0.248976	0.444444	0.222222	0.111111	0	0	0.037037
189	0.490894	0.263418	0.555556	0.259259	0	0.037037	-0.111111	0
312	0.454146	0.290545	0.555556	0.259259	0	0.037037	-0.111111	0
414	0.525681	0.331611	0.444444	0.296296	0.111111	0	0	0.037037
138	0.513457	0.305257	0.444444	0.296296	0.111111	0	0	0.037037
326	0.560669	0.312299	0.555556	0.333333	0	-0.111111	0.037037	0
128	0.580744	0.292998	0.555556	0.333333	0	-0.111111	0.037037	0
275	0.59261	0.244423	0.592593	0.222222	0.037037	0	0	0.111111
77	0.620816	0.319202	0.592593	0.222222	0.037037	0	0	0.111111
188	0.663854	0.284038	0.62963	0.333333	0	-0.111111	0.037037	0
298	0.641841	0.219576	0.666667	0.222222	-0.111111	0	0	-0.037037
211	0.601475	0.191863	0.666667	0.222222	-0.111111	0	0	-0.037037
358	0.61133	0.175267	0.555556	0.185185	0	-0.037037	0.111111	0
19	0.635506	0.154177	0.555556	0.185185	0	-0.037037	0.111111	0
160	0.597578	0.119102	0.666667	0.148148	-0.111111	0	0	-0.037037
409	0.577589	0.147598	0.666667	0.148148	-0.111111	0	0	-0.037037
249	0.571458	0.0481665	0.555556	0.111111	0	-0.111111	0.037037	0
51	0.566313	0.0132175	0.555556	0.111111	0	-0.111111	0.037037	0
234	0.617381	0.0599245	0.592593	0	0.037037	0	0	0.111111
432	0.629509	0.0881422	0.592593	0	0.037037	0	0	0.111111
102	0.652755	0.0993266	0.62963	0.111111	0	-0.111111	0.037037	0
381	0.660696	0.00399242	0.62963	0.111111	0	-0.111111	0.037037	0
406	0.686208	0.0297383	0.666667	0	0.111111	0	0	0.037037
157	0.751285	0.0275665	0.666667	0	0.111111	0	0	0.037037
25	0.741189	0.0377307	0.777778	0.037037	0	0.037037	-0.111111	0
355	0.721689	0.0673847	0.777778	0.037037	0	0.037037	-0.111111	0
208	0.709084	0.0829285	0.666667	0.0740741	0.111111	0	0	0.037037
304	0.75645	0.109537	0.666667	0.0740741	0.111111	0	0	0.037037
291	0.786541	0.0723987	0.777778	0.111111	0	-0.111111	0.037037	0
66	0.802379	0.00862225	0.777778	0.111111	0	-0.111111	0.037037	0
177	0.846713	0.0529179	0.814815	0	0.037037	0	0	0.111111
117	0.879108	0.0927045	0.851852	0.111111	0	-0.111111	0.037037	0
342	0.854607	0.0209144	0.851852	0.111111	0	-0.111111	0.037037	0
254	0.953214	0.0146343	0.888889	0	0.111111	0	0	0.037037
221	0.985791	0.0360492	0.888889	0	0.111111	0	0	0.037037
446	0.996033	0.0708596	1	0.037037	0	0.037037	-0.111111	0
89	0.905917	0.0415685	1	0.037037	0	0.037037	-0.111111	0
395	0.917755	0.0757803	0.888889	0.0740741	0.111111	0	0	0.037037
29	0.938297	0.0862162	0.888889	0.0740741	0.111111	0	0	0.037037
360	0.981329	0.126455	1	0.111111	0	0.111111	-0.037037	0
135	0.967875	0.172045	1	0.111111	0	0.111111	-0.037037	0
420	0.946014	0.220769	0.962963	0.222222	-0.037037	0	0	-0.111111
195	0.933681	0.143683	0.962963	0.222222	-0.037037	0	0	-0.111111
3	0.890749	0.113634	0.925926	0.111111	0	0.111111	-0.037037	0
309	0.90115	0.187525	0.925926	0.111111	0	0.111111	-0.037037	0
268	0.883773	0.214898	0.888889	0.222222	-0.111111	0	0	-0.037037
226	0.798344	0.196227	0.888889	0.222222	-0.111111	0	0	-0.037037
400	0.840005	0.170585	0.777778	0.185185	0	-0.037037	0.111111	0
43	0.864411	0.159041	0.777778	0.185185	0	-0.037037	0.111111	0
94	0.823964	0.139441	0.888889	0.148148	-0.111111	0	0	-0.037037
451	0.811695	0.115251	0.888889	0.148148	-0.111111	0	0	-0.037037
185	0.776396	0.150003	0.777778	0.111111	0	0.111111	-0.037037	0
74	0.731676	0.208377	0.740741	0.222222	-0.037037	0	0	-0.111111
272	0.704752	0.130043	0.740741	0.222222	-0.037037	0	0	-0.111111
134	0.694734	0.180269	0.703704	0.111111	0	0.111111	-0.037037	0
332	0.674347	0.206089	0.703704	0.111111	0	0.111111	-0.037037	0
48	0.678967	0.234654	0.666667	0.222222	0.111111	0	0	0.037037
378	0.7683	0.227138	0.666667	0.222222	0.111111	0	0	0.037037
240	0.725463	0.272705	0.777778	0.259259	0	0.037037	-0.111111	0
246	0.698311	0.259449	0.777778	0.259259	0	0.037037	-0.111111	0
438	0.737359	0.307448	0.666667	0.296296	0.111111	0	0	0.037037
99	0.759165	0.314691	0.666667	0.296296	0.111111	0	0	0.037037
377	0.795302	0.327217	0.777778	0.333333	0	-0.111111	0.037037	0
152	0.780959	0.251205	0.777778	0.333333	0	-0.111111	0.037037	0
317	0.829682	0.286408	0.814815	0.222222	0.037037	0	0	0.111111
11	0.82049	0.276951	0.814815	0.222222	0.037037	0	0	0.111111
428	0.868056	0.265355	0.851852	0.333333	0	-0.111111	0.037037	0
203	0.859599	0.236955	0.851852	0.333333	0	-0.111111	0.037037	0
112	0.958774	0.243026	0.888889	0.222222	0.111111	0	0	0.037037
61	0.989411	0.269035	1	0.259259	0	0.037037	-0.111111	0
337	0.92798	0.294684	1	0.259259	0	0.037037	-0.111111	0
163	0.92072	0.29901	0.888889	0.296296	0.111111	0	0	0.037037
286	0.972282	0.322905	0.888889	0.296296	0.111111	0	0	0.037037
383	0.998678	0.441267	1	0.333333	0	0.111111	-0.037037	0
104	0.979179	0.424502	1	0.333333	0	0.111111	-0.037037	0
434	0.961945	0.362523	0.962963	0.444444	-0.037037	0	0	-0.111111
236	0.942768	0.398008	0.962963	0.444444	-0.037037	0	0	-0.111111
53	0.896163	0.335758	0.925926	0.333333	0	0.111111	-0.037037	0
251	0.908754	0.369233	0.925926	0.333333	0	0.111111	-0.037037	0
408	0.913747	0.468574	0.888889	0.444444	0.111111	0	0	0.037037
159	0.931033	0.444505	0.888889	0.444444	0.111111	0	0	0.037037
18	0.96513	0.504144	1	0.481481	0	0.037037	-0.111111	0
357	0.948598	0.517015	1	0.481481	0	0.037037	-0.111111	0
210	0.893249	0.539033	0.888889	0.518519	0.111111	0	0	0.037037
297	0.97667	0.554525	0.888889	0.518519	0.111111	0	0	0.037037
187	0.991564	0.608556	1	0.555556	0	0.111111	-0.037037	0
76	0.956514	0.629877	0.962963	0.666667	-0.037037	0	0	-0.111111
274	0.925981	0.578102	0.962963	0.666667	-0.037037	0	0	-0.111111
127	0.910952	0.598602	0.925926	0.555556	0	0.111111	-0.037037	0
325	0.898313	0.663619	0.925926	0.555556	0	0.111111	-0.037037	0
140	0.857342	0.6479	0.888889	0.666667	-0.111111	0	0	-0.037037
416	0.832223	0.652664	0.888889	0.666667	-0.111111	0	0	-0.037037
314	0.793082	0.61198	0.777778	0.62963	0	-0.037037	0.111111	0
191	0.82649	0.604749	0.777778	0.62963	0	-0.037037	0.111111	0
365	0.870163	0.591792	0.888889	0.592593	-0.111111	0	0	-0.037037
8	0.783648	0.56476	0.888889	0.592593	-0.111111	0	0	-0.037037
388	0.804795	0.525283	0.777778	0.555556	0	-0.111111	0.037037	0
82	0.789267	0.486586	0.777778	0.555556	0	-0.111111	0.037037	0
256	0.837437	0.452754	0.814815	0.444444	0.037037	0	0	0.111111
31	0.843197	0.53222	0.814815	0.444444	0.037037	0	0	0.111111
448	0.886189	0.493617	0.851852	0.555556	0	-0.111111	0.037037	0
223	0.872807	0.46409	0.851852	0.555556	0	-0.111111	0.037037	0
279	0.850906	0.415788	0.888889	0.444444	-0.111111	0	0	-0.037037
165	0.807585	0.430358	0.888889	0.444444	-0.111111	0	0	-0.037037
339	0.817581	0.382594	0.777778	0.407407	0	-0.037037	0.111111	0
54	0.875841	0.39676	0.777778	0.407407	0	-0.037037	0.111111	0
114	0.834584	0.354712	0.888889	0.37037	-0.111111	0	0	-0.037037
205	0.747661	0.340593	0.777778	0.333333	0	0.111111	-0.037037	0
430	0.762714	0.404358	0.777778	0.333333	0	0.111111	-0.037037	0
13	0.712477	0.409034	0.740741	0.444444	-0.037037	0	0	-0.111111
319	0.715779	0.359324	0.740741	0.444444	-0.037037	0	0	-0.111111
145	0.671408	0.378272	0.703704	0.333333	0	0.111111	-0.037037	0
370	0.683697	0.435142	0.703704	0.333333	0	0.111111	-0.037037	0
71	0.6926	0.479267	0.666667	0.444444	0.111111	0	0	0.037037
347	0.772874	0.471875	0.666667	0.444444	0.111111	0	0	0.037037
173	0.734595	0.507816	0.777778	0.481481	0	0.037037	-0.111111	0
296	0.668823	0.497599	0.777778	0.481481	0	0.037037	-0.111111	0
122	0.76527	0.547469	0.666667	0.518519	0.111111	0	0	0.037037
36	0.743384	0.626381	0.777778	0.555556	0	0.111111	-0.037037	0
261	0.770287	0.6368	0.777778	0.555556	0	0.111111	-0.037037	0
402	0.727909	0.555557	0.740741	0.666667	-0.037037	0	0	-0.111111
96	0.717991	0.572436	0.740741	0.666667	-0.037037	0	0	-0.111111
453	0.702708	0.585433	0.703704	0.555556	0	0.111111	-0.037037	0
228	0.690121	0.64142	0.703704	0.555556	0	0.111111	-0.037037	0
125	0.658006	0.659227	0.666667	0.666667	-0.111111	0	0	-0.037037
290	0.556433	0.616661	0.555556	0.62963	0	-0.037037	0.111111	0
176	0.626681	0.619181	0.555556	0.62963	0	-0.037037	0.111111	0
350	0.632341	0.569717	0.666667	0.592593	-0.111111	0	0	-0.037037
65	0.58689	0.58316	0.666667	0.592593	-0.111111	0	0	-0.037037
21	0.523441	0.596607	0.555556	0.555556	0	0.111111	-0.037037	0
300	0.539824	0.657057	0.555556	0.555556	0	0.111111	-0.037037	0
351	0.498235	0.624567	0.518519	0.666667	-0.037037	0	0	-0.111111
153	0.487956	0.563247	0.518519	0.666667	-0.037037	0	0	-0.111111
411	0.470697	0.590295	0.481481	0.555556	0	0.111111	-0.037037	0
213	0.451304	0.635064	0.481481	0.555556	0	0.111111	-0.037037	0
34	0.376491	0.638726	0.444444	0.666667	-0.111111	0	0	-0.037037
391	0.427914	0.665495	0.444444	0.666667	-0.111111	0	0	-0.037037
85	0.33461	0.613828	0.333333	0.62963	0	-0.037037	0.111111	0
442	0.436197	0.602799	0.333333	0.62963	0	-0.037037	0.111111	0
217	0.422499	0.573677	0.444444	0.592593	-0.111111	0	0	-0.037037
259	0.395577	0.56741	0.444444	0.592593	-0.111111	0	0	-0.037037
168	0.361515	0.549623	0.333333	0.555556	0	-0.111111	0.037037	0
108	0.393142	0.462673	0.37037	0.444444	0.037037	0	0	0.111111
333	0.373612	0.499688	0.37037	0.444444	0.037037	0	0	0.111111
282	0.407988	0.537203	0.407407	0.555556	0	-0.111111	0.037037	0
57	0.438871	0.50987	0.407407	0.555556	0	-0.111111	0.037037	0
47	0.456717	0.457198	0.444444	0.444444	0.111111	0	0	0.037037
386	0.54795	0.447967	0.444444	0.444444	0.111111	0	0	0.037037
239	0.503317	0.502095	0.555556	0.481481	0	0.037037	-0.111111	0
245	0.464531	0.491195	0.555556	0.481481	0	0.037037	-0.111111	0
437	0.516254	0.527339	0.444444	0.518519	0.111111	0	0	0.037037
107	0.534295	0.540292	0.444444	0.518519	0.111111	0	0	0.037037
373	0.574201	0.545715	0.555556	0.555556	0	-0.111111	0.037037	0
148	0.558241	0.460303	0.555556	0.555556	0	-0.111111	0.037037	0
322	0.604472	0.477016	0.592593	0.444444	0.037037	0	0	0.111111
16	0.595307	0.518081	0.592593	0.444444	0.037037	0	0	0.111111
424	0.649029	0.512871	0.62963	0.555556	0	-0.111111	0.037037	0
199	0.637953	0.445991	0.62963	0.555556	0	-0.111111	0.037037	0
264	0.656115	0.425837	0.666667	0.444444	-0.111111	0	0	-0.037037
231	0.564153	0.42028	0.666667	0.444444	-0.111111	0	0	-0.037037
396	0.623716	0.373009	0.555556	0.407407	0	-0.037037	0.111111	0
39	0.646334	0.387398	0.555556	0.407407	0	-0.037037	0.111111	0
90	0.608147	0.350555	0.666667	0.37037	-0.111111	0	0	-0.037037
456	0.588762	0.344912	0.666667	0.37037	-0.111111	0	0	-0.037037
181	0.541421	0.370583	0.555556	0.333333	0	0.111111	-0.037037	0
79	0.506173	0.432099	0.518519	0.444444	-0.037037	0	0	-0.111111
277	0.481492	0.3525	0.518519	0.444444	-0.037037	0	0	-0.111111
130	0.477609	0.392468	0.481481	0.333333	0	0.111111	-0.037037	0
328	0.448885	0.410891	0.481481	0.333333	0	0.111111	-0.037037	0
143	0.401774	0.417699	0.444444	0.444444	-0.111111	0	0	-0.037037
419	0.359231	0.436428	0.444444	0.444444	-0.111111	0	0	-0.037037
308	0.347997	0.40219	0.333333	0.407407	0	-0.037037	0.111111	0
194	0.378543	0.384349	0.333333	0.407407	0	-0.037037	0.111111	0
368	0.425235	0.364293	0.444444	0.37037	-0.111111	0	0	-0.037037
2	0.345026	0.33457	0.444444	0.37037	-0.111111	0	0	-0.037037
220	0.31139	0.356616	0.333333	0.333333	0	0.111111	-0.037037	0
445	0.331105	0.380251	0.333333	0.333333	0	0.111111	-0.037037	0
28	0.272553	0.428181	0.296296	0.444444	-0.037037	0	0	-0.111111
253	0.285371	0.338418	0.296296	0.444444	-0.037037	0	0	-0.111111
88	0.237738	0.394728	0.259259	0.333333	0	0.111111	-0.037037	0
394	0.25375	0.414073	0.259259	0.333333	0	0.111111	-0.037037	0
5	0.223025	0.450273	0.222222	0.444444	0.111111	0	0	0.037037
362	0.314522	0.469798	0.222222	0.444444	0.111111	0	0	0.037037
197	0.266256	0.484457	0.333333	0.481481	0	0.037037	-0.111111	0
311	0.240672	0.514791	0.333333	0.481481	0	0.037037	-0.111111	0
422	0.296246	0.552698	0.222222	0.518519	0.111111	0	0	0.037037
137	0.293614	0.520025	0.222222	0.518519	0.111111	0	0	0.037037
60	0.322729	0.621075	0.333333	0.555556	0	0.111111	-0.037037	0
285	0.30448	0.646542	0.333333	0.555556	0	0.111111	-0.037037	0
336	0.263457	0.606427	0.296296	0.666667	-0.037037	0	0	-0.111111
111	0.277691	0.5801	0.296296	0.666667	-0.037037	0	0	-0.111111
162	0.2514	0.662078	0.259259	0.555556	0	0.111111	-0.037037	0
10	0.142989	0.631509	0.222222	0.666667	-0.111111	0	0	-0.037037
376	0.137746	0.655172	0.222222	0.666667	-0.111111	0	0	-0.037037
151	0.125578	0.593445	0.111111	0.62963	0	-0.037037	0.111111	0
427	0.206201	0.627803	0.111111	0.62963	0	-0.037037	0.111111	0
202	0.19346	0.561223	0.222222	0.592593	-0.111111	0	0	-0.037037
316	0.162515	0.586833	0.222222	0.592593	-0.111111	0	0	-0.037037
225	0.11917	0.523302	0.111111	0.555556	0	-0.111111	0.037037	0
450	0.140225	0.454308	0.111111	0.555556	0	-0.111111	0.037037	0
93	0.156799	0.489034	0.148148	0.444444	0.037037	0	0	0.111111
399	0.174273	0.480995	0.148148	0.444444	0.037037	0	0	0.111111
267	0.208597	0.530201	0.185185	0.555556	0	-0.111111	0.037037	0
42	0.196313	0.495483	0.185185	0.555556	0	-0.111111	0.037037	0
119	0.219739	0.44283	0.222222	0.444444	-0.111111	0	0	-0.037037
293	0.112822	0.389065	0.111111	0.407407	0	-0.037037	0.111111	0
179	0.183742	0.407052	0.111111	0.407407	0	-0.037037	0.111111	0
344	0.19149	0.348296	0.222222	0.37037	-0.111111	0	0	-0.037037
68	0.159796	0.361112	0.222222	0.37037	-0.111111	0	0	-0.037037
24	0.0792344	0.375457	0.111111	0.333333	0	0.111111	-0.037037	0
303	0.0880506	0.439062	0.111111	0.333333	0	0.111111	-0.037037	0
354	0.0572375	0.399439	0.0740741	0.444444	-0.037037	0	0	-0.111111
156	0.0412774	0.342921	0.0740741	0.444444	-0.037037	0	0	-0.111111
405	0.0211048	0.367429	0.037037	0.333333	0	0.111111	-0.037037	0
207	0.00808942	0.422911	0.037037	0.333333	0	0.111111	-0.037037	0
271	0.0442576	0.465693	0	0.444444	0.111111	0	0	0.037037
184	0.096409	0.474185	0	0.444444	0.111111	0	0	0.037037
133	0.0244104	0.505594	0.111111	0.481481	0	0.037037	-0.111111	0
331	0.00166199	0.534221	0	0.518519	0.111111	0	0	0.037037
73	0.0638737	0.543427	0	0.518519	0.111111	0	0	0.037037
380	0.10579	0.557692	0.111111	0.555556	0	0.111111	-0.037037	0
101	0.0917778	0.650622	0.111111	0.555556	0	0.111111	-0.037037	0
440	0.071529	0.642917	0.0740741	0.666667	-0.037037	0	0	-0.111111
242	0.0549043	0.610292	0.0740741	0.666667	-0.037037	0	0	-0.111111
50	0.0187176	0.57627	0.037037	0.555556	0	0.111111	-0.037037	0
248	0.0269052	0.599993	0.037037	0.555556	0	0.111111	-0.037037	0
318	0.0490302	0.695467	0	0.666667	0.111111	0	0	0.037037
204	0.0829208	0.670606	0	0.666667	0.111111	0	0	0.037037
429	0.0734894	0.739242	0.111111	0.703704	0	0.037037	-0.111111	0
144	0.0128804	0.706866	0.111111	0.703704	0	0.037037	-0.111111	0
369	0.039187	0.766735	0	0.740741	0.111111	0	0	0.037037
12	0.107634	0.748241	0	0.740741	0.111111	0	0	0.037037
167	0.130178	0.770311	0.111111	0.777778	0	-0.111111	0.037037	0
116	0.16799	0.68824	0.148148	0.666667	0.037037	0	0	0.111111
341	0.148212	0.716983	0.148148	0.666667	0.037037	0	0	0.111111
281	0.186184	0.762023	0.185185	0.777778	0	-0.111111	0.037037	0
56	0.213643	0.72845	0.185185	0.777778	0	-0.111111	0.037037	0
52	0.228186	0.677829	0.222222	0.666667	0.111111	0	0	0.037037
382	0.320439	0.673588	0.222222	0.666667	0.111111	0	0	0.037037
235	0.280046	0.720554	0.333333	0.703704	0	0.037037	-0.111111	0
250	0.248994	0.711457	0.333333	0.703704	0	0.037037	-0.111111	0
433	0.291576	0.753045	0.222222	0.740741	0.111111	0	0	0.037037
103	0.309773	0.758458	0.222222	0.740741	0.111111	0	0	0.037037
20	0.332802	0.8205	0.333333	0.777778	0	0.111111	-0.037037	0
299	0.315956	0.885462	0.333333	0.777778	0	0.111111	-0.037037	0
359	0.286836	0.845045	0.296296	0.888889	-0.037037	0	0	-0.111111
161	0.261847	0.786045	0.296296	0.888889	-0.037037	0	0	-0.111111
410	0.244778	0.814512	0.259259	0.777778	0	0.111111	-0.037037	0
212	0.232999	0.86166	0.259259	0.777778	0	0.111111	-0.037037	0
30	0.179147	0.872402	0.222222	0.888889	-0.111111	0	0	-0.037037
387	0.121293	0.854367	0.222222	0.888889	-0.111111	0	0	-0.037037
81	0.152731	0.835075	0.111111	0.851852	0	-0.037037	0.111111	0
447	0.218304	0.826022	0.111111	0.851852	0	-0.037037	0.111111	0
222	0.198075	0.795917	0.222222	0.814815	-0.111111	0	0	-0.037037
255	0.172309	0.782387	0.222222	0.814815	-0.111111	0	0	-0.037037
346	0.0807303	0.792352	0.111111	0.777778	0	0.111111	-0.037037	0
121	0.0894172	0.880256	0.111111	0.777778	0	0.111111	-0.037037	0
172	0.0617523	0.842056	0.0740741	0.888889	-0.037037	0	0	-0.111111
70	0.0309146	0.809697	0.037037	0.777778	0	0.111111	-0.037037	0
295	0.00342112	0.829704	0.037037	0.777778	0	0.111111	-0.037037	0
455	0.0347066	0.898753	0	0.888889	0.111111	0	0	0.037037
98	0.100874	0.909841	0	0.888889	0.111111	0	0	0.037037
38	0.0535841	0.947202	0.111111	0.925926	0	0.037037	-0.111111	0
404	0.0147348	0.928947	0.111111	0.925926	0	0.037037	-0.111111	0
230	0.0430605	0.975874	0	0.962963	0.111111	0	0	0.037037
263	0.110648	0.970641	0	0.962963	0.111111	0	0	0.037037
313	0.143853	0.956408	0.111111	1	0	-0.111111	0.037037	0
7	0.115047	0.889233	0.111111	1	0	-0.111111	0.037037	0
190	0.163979	0.938358	0.148148	0.888889	0.037037	0	0	0.111111
415	0.158743	0.998107	0.148148	0.888889	0.037037	0	0	0.111111
139	0.222159	0.952318	0.185185	1	0	-0.111111	0.037037	0
364	0.202079	0.916788	0.185185	1	0	-0.111111	0.037037	0
273	0.270375	0.905853	0.222222	0.888889	0.111111	0	0	0.037037
186	0.300091	0.92199	0.222222	0.888889	0.111111	0	0	0.037037
126	0.258593	0.962251	0.333333	0.925926	0	0.037037	-0.111111	0
324	0.32687	0.978584	0.222222	0.962963	0.111111	0	0	0.037037
75	0.231822	0.988334	0.222222	0.962963	0.111111	0	0	0.037037
247	0.341435	0.933972	0.333333	1	0	-0.111111	0.037037	0
49	0.368298	0.903344	0.333333	1	0	-0.111111	0.037037	0
241	0.400648	0.943654	0.37037	0.888889	0.037037	0	0	0.111111
439	0.38748	0.981606	0.37037	0.888889	0.037037	0	0	0.111111
100	0.443757	0.985337	0.407407	1	0	-0.111111	0.037037	0
379	0.429645	0.892289	0.407407	1	0	-0.111111	0.037037	0
72	0.406416	0.875671	0.444444	0.888889	-0.111111	0	0	-0.037037
330	0.354589	0.865548	0.444444	0.888889	-0.111111	0	0	-0.037037
132	0.363844	0.850101	0.333333	0.851852	0	-0.037037	0.111111	0
183	0.440817	0.806881	0.444444	0.814815	-0.111111	0	0	-0.037037
270	0.384228	0.802152	0.444444	0.814815	-0.111111	0	0	-0.037037
209	0.339829	0.743093	0.333333	0.777778	0	-0.111111	0.037037	0
407	0.350481	0.700714	0.333333	0.777778	0	-0.111111	0.037037	0
158	0.371626	0.681071	0.37037	0.666667	0.037037	0	0	0.111111
356	0.388837	0.732645	0.37037	0.666667	0.037037	0	0	0.111111
305	0.415464	0.772728	0.407407	0.777778	0	-0.111111	0.037037	0
26	0.413113	0.703647	0.407407	0.777778	0	-0.111111	0.037037	0
67	0.483032	0.693002	0.444444	0.666667	0.111111	0	0	0.037037
343	0.529412	0.683571	0.444444	0.666667	0.111111	0	0	0.037037
178	0.517919	0.735441	0.555556	0.703704	0	0.037037	-0.111111	0
292	0.459357	0.723177	0.555556	0.703704	0	0.037037	-0.111111	0
118	0.55437	0.774946	0.444444	0.740741	0.111111	0	0	0.037037
44	0.549819	0.837461	0.555556	0.777778	0	0.111111	-0.037037	0
269	0.527461	0.859019	0.555556	0.777778	0	0.111111	-0.037037	0
401	0.510753	0.823858	0.518519	0.888889	-0.037037	0	0	-0.111111
95	0.493822	0.797992	0.518519	0.888889	-0.037037	0	0	-0.111111
452	0.475616	0.788595	0.481481	0.777778	0	0.111111	-0.037037	0
227	0.465931	0.868291	0.481481	0.777778	0	0.111111	-0.037037	0
315	0.543288	0.913911	0.444444	0.888889	0.111111	0	0	0.037037
201	0.491936	0.896238	0.444444	0.888889	0.111111	0	0	0.037037
426	0.507801	0.958692	0.555556	0.925926	0	0.037037	-0.111111	0
150	0.452502	0.92612	0.555556	0.925926	0	0.037037	-0.111111	0
375	0.521668	0.996244	0.444444	0.962963	0.111111	0	0	0.037037
9	0.4723	0.966723	0.444444	0.962963	0.111111	0	0	0.037037
164	0.563265	0.990548	0.555556	1	0	-0.111111	0.037037	0
113	0.599725	0.919129	0.592593	0.888889	0.037037	0	0	0.111111
338	0.592652	0.941088	0.592593	0.888889	0.037037	0	0	0.111111
287	0.630694	0.949915	0.62963	1	0	-0.111111	0.037037	0
62	0.654923	0.994006	0.62963	1	0	-0.111111	0.037037	0
136	0.62508	0.856395	0.666667	0.888889	-0.111111	0	0	-0.037037
421	0.639632	0.878391	0.666667	0.888889	-0.111111	0	0	-0.037037
310	0.575688	0.847422	0.555556	0.851852	0	-0.037037	0.111111	0
196	0.606414	0.817981	0.555556	0.851852	0	-0.037037	0.111111	0
361	0.651312	0.804273	0.666667	0.814815	-0.111111	0	0	-0.037037
4	0.568908	0.779539	0.666667	0.814815	-0.111111	0	0	-0.037037
393	0.58304	0.7462	0.555556	0.777778	0	-0.111111	0.037037	0
87	0.585178	0.725436	0.555556	0.777778	0	-0.111111	0.037037	0
252	0.614979	0.667991	0.592593	0.666667	0.037037	0	0	0.111111
27	0.613378	0.756071	0.592593	0.666667	0.037037	0	0	0.111111
444	0.665605	0.713887	0.62963	0.777778	0	-0.111111	0.037037	0
219	0.643373	0.685917	0.62963	0.777778	0	-0.111111	0.037037	0
1	0.681697	0.698453	0.666667	0.666667	0.111111	0	0	0.037037
367	0.75387	0.690511	0.666667	0.666667	0.111111	0	0	0.037037
193	0.700663	0.708922	0.777778	0.703704	0	0.037037	-0.111111	0
307	0.676786	0.737777	0.777778	0.703704	0	0.037037	-0.111111	0
418	0.71989	0.777073	0.666667	0.740741	0.111111	0	0	0.037037
142	0.745843	0.750893	0.666667	0.740741	0.111111	0	0	0.037037
327	0.778917	0.760533	0.777778	0.777778	0	-0.111111	0.037037	0
129	0.81345	0.730403	0.777778	0.777778	0	-0.111111	0.037037	0
276	0.815714	0.675368	0.814815	0.666667	0.037037	0	0	0.111111
78	0.844284	0.765137	0.814815	0.666667	0.037037	0	0	0.111111
180	0.862176	0.715721	0.851852	0.777778	0	-0.111111	0.037037	0
458	0.923483	0.679261	0.888889	0.666667	0.111111	0	0	0.037037
92	0.940278	0.696876	0.888889	0.666667	0.111111	0	0	0.037037
41	0.974672	0.704844	1	0.703704	0	0.037037	-0.111111	0
398	0.950666	0.726822	1	0.703704	0	0.037037	-0.111111	0
233	0.90356	0.744641	0.888889	0.740741	0.111111	0	0	0.037037
266	0.993811	0.754777	0.888889	0.740741	0.111111	0	0	0.037037
198	0.969971	0.784885	1	0.777778	0	0.111111	-0.037037	0
423	0.984257	0.846332	1	0.777778	0	0.111111	-0.037037	0
15	0.935783	0.822356	0.962963	0.888889	-0.037037	0	0	-0.111111
321	0.954997	0.874311	0.962963	0.888889	-0.037037	0	0	-0.111111
147	0.888892	0.790649	0.925926	0.777778	0	0.111111	-0.037037	0
372	0.915392	0.833627	0.925926	0.777778	0	0.111111	-0.037037	0
106	0.877194	0.887413	0.888889	0.888889	-0.111111	0	0	-0.037037
436	0.853309	0.863521	0.888889	0.888889	-0.111111	0	0	-0.037037
244	0.808911	0.816313	0.777778	0.851852	0	-0.037037	0.111111	0
238	0.848747	0.851605	0.777778	0.851852	0	-0.037037	0.111111	0
385	0.881119	0.781049	0.888889	0.814815	-0.111111	0	0	-0.037037
46	0.791271	0.799277	0.888889	0.814815	-0.111111	0	0	-0.037037
59	0.761021	0.840034	0.777778	0.777778	0	0.111111	-0.037037	0
284	0.740768	0.87	0.777778	0.777778	0	0.111111	-0.037037	0
335	0.710326	0.831658	0.740741	0.888889	-0.037037	0	0	-0.111111
110	0.729773	0.811772	0.740741	0.888889	-0.037037	0	0	-0.111111
170	0.688185	0.883226	0.703704	0.777778	0	0.111111	-0.037037	0
258	0.706653	0.911532	0.666667	0.888889	0.111111	0	0	0.037037
216	0.774844	0.894111	0.666667	0.888889	0.111111	0	0	0.037037
441	0.749836	0.93629	0.777778	0.925926	0	0.037037	-0.111111	0
84	0.666736	0.931338	0.777778	0.925926	0	0.037037	-0.111111	0
390	0.672942	0.964266	0.666667	0.962963	0.111111	0	0	0.037037
33	0.724257	0.973545	0.666667	0.962963	0.111111	0	0	0.037037
215	0.785267	0.968905	0.777778	1	0	-0.111111	0.037037	0
413	0.800331	0.923786	0.777778	1	0	-0.111111	0.037037	0
155	0.827985	0.901317	0.814815	0.888889	0.037037	0	0	0.111111
353	0.821937	0.983353	0.814815	0.888889	0.037037	0	0	0.111111
302	0.888124	0.992585	0.851852	1	0	-0.111111	0.037037	0
23	0.866192	0.94531	0.851852	1	0	-0.111111	0.037037	0
64	0.922033	0.907902	0.888889	0.888889	0.111111	0	0	0.037037
349	0.963448	0.925507	0.888889	0.888889	0.111111	0	0	0.037037
175	0.944237	0.960498	1	0.925926	0	0.037037	-0.111111	0
289	0.899734	0.954155	1	0.925926	0	0.037037	-0.111111	0
124	0.988233	0.97926	0.888889	0.962963	0.111111	0	0	0.037037
