0	0.00154892	0.010561	0	0	0.111111	0	0	0.037037
366	0.0884474	0.0268045	0	0	0.111111	0	0	0.037037
591	0.103828	0.052811	0.111111	0.037037	0	0.037037	-0.111111	0
192	0.0453078	0.069284	0.111111	0.037037	0	0.037037	-0.111111	0
306	0.0199573	0.0634658	0.111111	0.037037	0	0.037037	-0.111111	0
531	0.0275411	0.0957786	0	0.0740741	0.111111	0	0	0.037037
417	0.0585326	0.106716	0	0.0740741	0.111111	0	0	0.037037
141	0.0726526	0.077808	0	0.0740741	0.111111	0	0	0.037037
329	0.117884	0.0856084	0.111111	0.111111	0	-0.111111	0.037037	0
131	0.129798	0.00449284	0.111111	0.111111	0	-0.111111	0.037037	0
278	0.14889	0.0188434	0.148148	0	0.037037	0	0	0.111111
503	0.161134	0.0467665	0.148148	0	0.037037	0	0	0.111111
80	0.175739	0.0985142	0.148148	0	0.037037	0	0	0.111111
461	0.194581	0.060285	0.185185	0.111111	0	-0.111111	0.037037	0
182	0.215381	0.0349399	0.185185	0.111111	0	-0.111111	0.037037	0
457	0.252583	0.00817991	0.222222	0	0.111111	0	0	0.037037
91	0.275358	0.0221019	0.222222	0	0.111111	0	0	0.037037
544	0.29751	0.0297041	0.222222	0	0.111111	0	0	0.037037
40	0.311674	0.0512697	0.333333	0.037037	0	0.037037	-0.111111	0
397	0.289117	0.0397835	0.333333	0.037037	0	0.037037	-0.111111	0
232	0.231662	0.0894671	0.222222	0.0740741	0.111111	0	0	0.037037
595	0.265169	0.103518	0.222222	0.0740741	0.111111	0	0	0.037037
265	0.325094	0.0812181	0.222222	0.0740741	0.111111	0	0	0.037037
200	0.305848	0.118712	0.333333	0.111111	0	0.111111	-0.037037	0
425	0.322629	0.188207	0.333333	0.111111	0	0.111111	-0.037037	0
17	0.259476	0.18371	0.296296	0.222222	-0.037037	0	0	-0.111111
521	0.286985	0.17231	0.296296	0.222222	-0.037037	0	0	-0.111111
323	0.27289	0.144833	0.296296	0.222222	-0.037037	0	0	-0.111111
572	0.245693	0.127767	0.259259	0.111111	0	0.111111	-0.037037	0
149	0.226729	0.156959	0.259259	0.111111	0	0.111111	-0.037037	0
374	0.236161	0.2133	0.259259	0.111111	0	0.111111	-0.037037	0
105	0.20136	0.206761	0.222222	0.222222	-0.111111	0	0	-0.037037
435	0.182712	0.196228	0.222222	0.222222	-0.111111	0	0	-0.037037
549	0.113315	0.218661	0.222222	0.222222	-0.111111	0	0	-0.037037
243	0.139277	0.154212	0.111111	0.185185	0	-0.037037	0.111111	0
237	0.168804	0.163644	0.111111	0.185185	0	-0.037037	0.111111	0
609	0.157142	0.178659	0.111111	0.185185	0	-0.037037	0.111111	0
384	0.205508	0.112954	0.222222	0.148148	-0.111111	0	0	-0.037037
45	0.123875	0.124089	0.222222	0.148148	-0.111111	0	0	-0.037037
508	0.0823862	0.115591	0.111111	0.111111	0	0.111111	-0.037037	0
58	0.0968008	0.142581	0.111111	0.111111	0	0.111111	-0.037037	0
283	0.0782081	0.19146	0.111111	0.111111	0	0.111111	-0.037037	0
334	0.0416974	0.169554	0.0740741	0.222222	-0.037037	0	0	-0.111111
109	0.0657669	0.149677	0.0740741	0.222222	-0.037037	0	0	-0.111111
475	0.00974979	0.13332	0.037037	0.111111	0	0.111111	-0.037037	0
169	0.0337602	0.2042	0.037037	0.111111	0	0.111111	-0.037037	0
617	0.00714542	0.252777	0	0.222222	0.111111	0	0	0.037037
260	0.0632898	0.228683	0	0.222222	0.111111	0	0	0.037037
218	0.0923392	0.238787	0	0.222222	0.111111	0	0	0.037037
443	0.107536	0.269411	0.111111	0.259259	0	0.037037	-0.111111	0
566	0.0523404	0.293344	0.111111	0.259259	0	0.037037	-0.111111	0
86	0.0142627	0.280965	0.111111	0.259259	0	0.037037	-0.111111	0
392	0.024948	0.32292	0	0.296296	0.111111	0	0	0.037037
35	0.047908	0.311099	0	0.296296	0.111111	0	0	0.037037
214	0.120215	0.299569	0.111111	0.333333	0	-0.111111	0.037037	0
412	0.134009	0.257052	0.111111	0.333333	0	-0.111111	0.037037	0
154	0.151586	0.225754	0.148148	0.222222	0.037037	0	0	0.111111
352	0.166146	0.285435	0.148148	0.222222	0.037037	0	0	0.111111
577	0.171463	0.313796	0.148148	0.222222	0.037037	0	0	0.111111
301	0.197272	0.329662	0.185185	0.333333	0	-0.111111	0.037037	0
22	0.185523	0.259425	0.185185	0.333333	0	-0.111111	0.037037	0
526	0.21138	0.244244	0.185185	0.333333	0	-0.111111	0.037037	0
63	0.250531	0.247997	0.222222	0.222222	0.111111	0	0	0.037037
348	0.300744	0.236435	0.222222	0.222222	0.111111	0	0	0.037037
627	0.315279	0.26511	0.333333	0.259259	0	0.037037	-0.111111	0
174	0.292421	0.288698	0.333333	0.259259	0	0.037037	-0.111111	0
288	0.222279	0.278325	0.333333	0.259259	0	0.037037	-0.111111	0
486	0.239647	0.307214	0.222222	0.296296	0.111111	0	0	0.037037
480	0.268624	0.319126	0.222222	0.296296	0.111111	0	0	0.037037
123	0.327986	0.325438	0.222222	0.296296	0.111111	0	0	0.037037
229	0.351706	0.302622	0.333333	0.333333	0	-0.111111	0.037037	0
454	0.367627	0.233196	0.333333	0.333333	0	-0.111111	0.037037	0
97	0.385483	0.242367	0.37037	0.222222	0.037037	0	0	0.111111
403	0.393512	0.27163	0.37037	0.222222	0.037037	0	0	0.111111
601	0.381768	0.332548	0.37037	0.222222	0.037037	0	0	0.111111
262	0.431165	0.297044	0.407407	0.333333	0	-0.111111	0.037037	0
37	0.416629	0.273722	0.407407	0.333333	0	-0.111111	0.037037	0
541	0.419843	0.222262	0.407407	0.333333	0	-0.111111	0.037037	0
120	0.438006	0.216813	0.444444	0.222222	-0.111111	0	0	-0.037037
477	0.379037	0.20955	0.444444	0.222222	-0.111111	0	0	-0.037037
492	0.347292	0.193865	0.444444	0.222222	-0.111111	0	0	-0.037037
294	0.334836	0.16706	0.333333	0.185185	0	-0.037037	0.111111	0
171	0.403303	0.175794	0.333333	0.185185	0	-0.037037	0.111111	0
624	0.428684	0.15158	0.333333	0.185185	0	-0.037037	0.111111	0
345	0.410591	0.129803	0.444444	0.148148	-0.111111	0	0	-0.037037
69	0.358582	0.136257	0.444444	0.148148	-0.111111	0	0	-0.037037
371	0.353964	0.0840513	0.333333	0.111111	0	-0.111111	0.037037	0
146	0.339774	0.0449622	0.333333	0.111111	0	-0.111111	0.037037	0
569	0.364761	0.0166128	0.333333	0.111111	0	-0.111111	0.037037	0
320	0.388776	0.0374088	0.37037	0	0.037037	0	0	0.111111
518	0.3983	0.0585042	0.37037	0	0.037037	0	0	0.111111
14	0.373929	0.0748407	0.37037	0	0.037037	0	0	0.111111
431	0.442032	0.0724208	0.407407	0.111111	0	-0.111111	0.037037	0
206	0.414021	0.0012897	0.407407	0.111111	0	-0.111111	0.037037	0
472	0.455116	0.0244514	0.444444	0	0.111111	0	0	0.037037
115	0.511494	0.0331571	0.444444	0	0.111111	0	0	0.037037
505	0.529701	0.0140935	0.444444	0	0.111111	0	0	0.037037
55	0.543685	0.066352	0.555556	0.037037	0	0.037037	-0.111111	0
340	0.488028	0.0554883	0.555556	0.037037	0	0.037037	-0.111111	0
166	0.478052	0.100539	0.444444	0.0740741	0.111111	0	0	0.037037
280	0.519451	0.094143	0.444444	0.0740741	0.111111	0	0	0.037037
224	0.538689	0.122384	0.555556	0.111111	0	0.111111	-0.037037	0
449	0.552659	0.15979	0.555556	0.111111	0	0.111111	-0.037037	0
32	0.503668	0.201727	0.518519	0.222222	-0.037037	0	0	-0.111111
563	0.485154	0.18162	0.518519	0.222222	-0.037037	0	0	-0.111111
257	0.508463	0.111218	0.518519	0.222222	-0.037037	0	0	-0.111111
614	0.449163	0.138294	0.481481	0.111111	0	0.111111	-0.037037	0
83	0.462719	0.16152	0.481481	0.111111	0	0.111111	-0.037037	0
389	0.475706	0.198213	0.481481	0.111111	0	0.111111	-0.037037	0
6	0.467655	0.224226	0.444444	0.222222	0.111111	0	0	0.037037
363	0.533606	0.24993	0.444444	0.222222	0.111111	0	0	0.037037
588	0.527348	0.260514	0.555556	0.259259	0	0.037037	-0.111111	0
189	0.49123	0.262979	0.555556	0.259259	0	0.037037	-0.111111	0
312	0.460205	0.290669	0.555556	0.259259	0	0.037037	-0.111111	0
537	0.472194	0.315923	0.444444	0.296296	0.111111	0	0	0.037037
414	0.498756	0.327475	0.444444	0.296296	0.111111	0	0	0.037037
138	0.522634	0.304527	0.444444	0.296296	0.111111	0	0	0.037037
326	0.560782	0.295375	0.555556	0.333333	0	-0.111111	0.037037	0
128	0.570985	0.276377	0.555556	0.333333	0	-0.111111	0.037037	0
275	0.592648	0.230186	0.592593	0.222222	0.037037	0	0	0.111111
500	0.594306	0.24595	0.592593	0.222222	0.037037	0	0	0.111111
77	0.602643	0.309767	0.592593	0.222222	0.037037	0	0	0.111111
467	0.63879	0.28359	0.62963	0.333333	0	-0.111111	0.037037	0
188	0.664431	0.254433	0.62963	0.333333	0	-0.111111	0.037037	0
298	0.641755	0.215355	0.666667	0.222222	-0.111111	0	0	-0.037037
583	0.622934	0.211406	0.666667	0.222222	-0.111111	0	0	-0.037037
211	0.564984	0.18658	0.666667	0.222222	-0.111111	0	0	-0.037037
358	0.609848	0.173727	0.555556	0.185185	0	-0.037037	0.111111	0
19	0.62963	0.148148	0.555556	0.185185	0	-0.037037	0.111111	0
523	0.657249	0.125934	0.666667	0.148148	-0.111111	0	0	-0.037037
160	0.596943	0.120306	0.666667	0.148148	-0.111111	0	0	-0.037037
409	0.57804	0.140286	0.666667	0.148148	-0.111111	0	0	-0.037037
555	0.556043	0.108649	0.555556	0.111111	0	-0.111111	0.037037	0
249	0.58236	0.0429624	0.555556	0.111111	0	-0.111111	0.037037	0
51	0.567913	0.0121522	0.555556	0.111111	0	-0.111111	0.037037	0
234	0.613097	0.0488532	0.592593	0	0.037037	0	0	0.111111
432	0.618335	0.0763366	0.592593	0	0.037037	0	0	0.111111
102	0.647657	0.0925311	0.62963	0.111111	0	-0.111111	0.037037	0
606	0.635732	0.068026	0.62963	0.111111	0	-0.111111	0.037037	0
381	0.661291	0.00275495	0.62963	0.111111	0	-0.111111	0.037037	0
406	0.687993	0.0315838	0.666667	0	0.111111	0	0	0.037037
157	0.706946	0.00705606	0.666667	0	0.111111	0	0	0.037037
529	0.76541	0.0202992	0.666667	0	0.111111	0	0	0.037037
25	0.741713	0.0405627	0.777778	0.037037	0	0.037037	-0.111111	0
355	0.714665	0.0619474	0.777778	0.037037	0	0.037037	-0.111111	0
208	0.676218	0.0875354	0.666667	0.0740741	0.111111	0	0	0.037037
580	0.733207	0.0912224	0.666667	0.0740741	0.111111	0	0	0.037037
304	0.754435	0.105511	0.666667	0.0740741	0.111111	0	0	0.037037
489	0.788694	0.07972	0.777778	0.111111	0	-0.111111	0.037037	0
291	0.779208	0.0566626	0.777778	0.111111	0	-0.111111	0.037037	0
66	0.802052	0.028187	0.777778	0.111111	0	-0.111111	0.037037	0
177	0.848293	0.0712079	0.814815	0	0.037037	0	0	0.111111
483	0.82475	0.101758	0.814815	0	0.037037	0	0	0.111111
117	0.878383	0.110178	0.851852	0.111111	0	-0.111111	0.037037	0
621	0.871264	0.0420893	0.851852	0.111111	0	-0.111111	0.037037	0
342	0.857339	0.0150892	0.851852	0.111111	0	-0.111111	0.037037	0
620	0.896333	0.0233513	0.888889	0	0.111111	0	0	0.037037
254	0.952022	0.0052519	0.888889	0	0.111111	0	0	0.037037
221	0.9833	0.0362968	0.888889	0	0.111111	0	0	0.037037
446	0.997607	0.0739036	1	0.037037	0	0.037037	-0.111111	0
560	0.929757	0.0648082	1	0.037037	0	0.037037	-0.111111	0
89	0.90914	0.0501205	1	0.037037	0	0.037037	-0.111111	0
395	0.92003	0.0830515	0.888889	0.0740741	0.111111	0	0	0.037037
29	0.94054	0.0973175	0.888889	0.0740741	0.111111	0	0	0.037037
360	0.97635	0.114083	1	0.111111	0	0.111111	-0.037037	0
585	0.994687	0.155537	1	0.111111	0	0.111111	-0.037037	0
135	0.966992	0.128704	1	0.111111	0	0.111111	-0.037037	0
420	0.945636	0.195233	0.962963	0.222222	-0.037037	0	0	-0.111111
195	0.935828	0.164782	0.962963	0.222222	-0.037037	0	0	-0.111111
3	0.889805	0.153083	0.925926	0.111111	0	0.111111	-0.037037	0
309	0.903525	0.177558	0.925926	0.111111	0	0.111111	-0.037037	0
534	0.913784	0.219778	0.925926	0.111111	0	0.111111	-0.037037	0
268	0.881722	0.221827	0.888889	0.222222	-0.111111	0	0	-0.037037
598	0.820843	0.208151	0.888889	0.222222	-0.111111	0	0	-0.037037
226	0.798099	0.203048	0.888889	0.222222	-0.111111	0	0	-0.037037
400	0.84322	0.171443	0.777778	0.185185	0	-0.037037	0.111111	0
43	0.864625	0.185087	0.777778	0.185185	0	-0.037037	0.111111	0
547	0.852157	0.141624	0.888889	0.148148	-0.111111	0	0	-0.037037
94	0.832212	0.131359	0.888889	0.148148	-0.111111	0	0	-0.037037
451	0.811928	0.117129	0.888889	0.148148	-0.111111	0	0	-0.037037
185	0.771751	0.14663	0.777778	0.111111	0	0.111111	-0.037037	0
464	0.750004	0.165945	0.777778	0.111111	0	0.111111	-0.037037	0
74	0.727723	0.190323	0.740741	0.222222	-0.037037	0	0	-0.111111
497	0.71884	0.158369	0.740741	0.222222	-0.037037	0	0	-0.111111
272	0.703815	0.134615	0.740741	0.222222	-0.037037	0	0	-0.111111
134	0.696737	0.180197	0.703704	0.111111	0	0.111111	-0.037037	0
332	0.672288	0.199976	0.703704	0.111111	0	0.111111	-0.037037	0
48	0.679541	0.235077	0.666667	0.222222	0.111111	0	0	0.037037
378	0.762	0.231329	0.666667	0.222222	0.111111	0	0	0.037037
603	0.775788	0.28718	0.777778	0.259259	0	0.037037	-0.111111	0
240	0.724322	0.27488	0.777778	0.259259	0	0.037037	-0.111111	0
246	0.692973	0.266205	0.777778	0.259259	0	0.037037	-0.111111	0
552	0.667735	0.321205	0.666667	0.296296	0.111111	0	0	0.037037
438	0.736808	0.305969	0.666667	0.296296	0.111111	0	0	0.037037
99	0.757958	0.316863	0.666667	0.296296	0.111111	0	0	0.037037
377	0.794979	0.330802	0.777778	0.333333	0	-0.111111	0.037037	0
152	0.781862	0.267754	0.777778	0.333333	0	-0.111111	0.037037	0
575	0.804973	0.240539	0.777778	0.333333	0	-0.111111	0.037037	0
317	0.829361	0.251008	0.814815	0.222222	0.037037	0	0	0.111111
515	0.840961	0.292459	0.814815	0.222222	0.037037	0	0	0.111111
11	0.815019	0.301134	0.814815	0.222222	0.037037	0	0	0.111111
428	0.887498	0.318301	0.851852	0.333333	0	-0.111111	0.037037	0
203	0.86122	0.282494	0.851852	0.333333	0	-0.111111	0.037037	0
469	0.898752	0.256066	0.888889	0.222222	0.111111	0	0	0.037037
112	0.955151	0.2413	0.888889	0.222222	0.111111	0	0	0.037037
511	0.971824	0.226788	0.888889	0.222222	0.111111	0	0	0.037037
61	0.986476	0.262089	1	0.259259	0	0.037037	-0.111111	0
337	0.933033	0.280035	1	0.259259	0	0.037037	-0.111111	0
163	0.923358	0.324188	0.888889	0.296296	0.111111	0	0	0.037037
286	0.964564	0.298507	0.888889	0.296296	0.111111	0	0	0.037037
383	0.991831	0.401545	1	0.333333	0	0.111111	-0.037037	0
608	0.969594	0.414154	1	0.333333	0	0.111111	-0.037037	0
104	0.981222	0.354207	1	0.333333	0	0.111111	-0.037037	0
434	0.959468	0.338498	0.962963	0.444444	-0.037037	0	0	-0.111111
236	0.947897	0.381276	0.962963	0.444444	-0.037037	0	0	-0.111111
53	0.905841	0.39277	0.925926	0.333333	0	0.111111	-0.037037	0
251	0.915889	0.375188	0.925926	0.333333	0	0.111111	-0.037037	0
557	0.892119	0.4398	0.925926	0.333333	0	0.111111	-0.037037	0
408	0.910812	0.479611	0.888889	0.444444	0.111111	0	0	0.037037
159	0.927824	0.4479	0.888889	0.444444	0.111111	0	0	0.037037
522	0.989789	0.462227	0.888889	0.444444	0.111111	0	0	0.037037
18	0.961621	0.485347	1	0.481481	0	0.037037	-0.111111	0
357	0.942126	0.499796	1	0.481481	0	0.037037	-0.111111	0
210	0.900562	0.545483	0.888889	0.518519	0.111111	0	0	0.037037
582	0.957591	0.536133	0.888889	0.518519	0.111111	0	0	0.037037
297	0.9794	0.522459	0.888889	0.518519	0.111111	0	0	0.037037
187	0.988049	0.651594	1	0.555556	0	0.111111	-0.037037	0
466	0.974809	0.62824	1	0.555556	0	0.111111	-0.037037	0
76	0.94996	0.563399	0.962963	0.666667	-0.037037	0	0	-0.111111
499	0.938182	0.607476	0.962963	0.666667	-0.037037	0	0	-0.111111
274	0.925928	0.572046	0.962963	0.666667	-0.037037	0	0	-0.111111
127	0.917384	0.616673	0.925926	0.555556	0	0.111111	-0.037037	0
325	0.893523	0.645652	0.925926	0.555556	0	0.111111	-0.037037	0
140	0.85922	0.63354	0.888889	0.666667	-0.111111	0	0	-0.037037
416	0.83583	0.665679	0.888889	0.666667	-0.111111	0	0	-0.037037
539	0.816825	0.65428	0.888889	0.666667	-0.111111	0	0	-0.037037
314	0.80026	0.625353	0.777778	0.62963	0	-0.037037	0.111111	0
191	0.823073	0.592957	0.777778	0.62963	0	-0.037037	0.111111	0
590	0.883329	0.598004	0.777778	0.62963	0	-0.037037	0.111111	0
365	0.868935	0.579257	0.888889	0.592593	-0.111111	0	0	-0.037037
8	0.785952	0.560996	0.888889	0.592593	-0.111111	0	0	-0.037037
388	0.806883	0.524643	0.777778	0.555556	0	-0.111111	0.037037	0
82	0.793194	0.504135	0.777778	0.555556	0	-0.111111	0.037037	0
613	0.783789	0.47452	0.777778	0.555556	0	-0.111111	0.037037	0
256	0.846552	0.457959	0.814815	0.444444	0.037037	0	0	0.111111
562	0.834266	0.4934	0.814815	0.444444	0.037037	0	0	0.111111
31	0.82749	0.531728	0.814815	0.444444	0.037037	0	0	0.111111
448	0.885138	0.514609	0.851852	0.555556	0	-0.111111	0.037037	0
223	0.873018	0.46652	0.851852	0.555556	0	-0.111111	0.037037	0
279	0.85448	0.430201	0.888889	0.444444	-0.111111	0	0	-0.037037
165	0.808884	0.420126	0.888889	0.444444	-0.111111	0	0	-0.037037
339	0.818683	0.397383	0.777778	0.407407	0	-0.037037	0.111111	0
54	0.875851	0.407317	0.777778	0.407407	0	-0.037037	0.111111	0
504	0.866645	0.350297	0.888889	0.37037	-0.111111	0	0	-0.037037
114	0.838639	0.362398	0.888889	0.37037	-0.111111	0	0	-0.037037
471	0.790876	0.369188	0.888889	0.37037	-0.111111	0	0	-0.037037
205	0.748032	0.343639	0.777778	0.333333	0	0.111111	-0.037037	0
430	0.768089	0.423476	0.777778	0.333333	0	0.111111	-0.037037	0
13	0.708894	0.402898	0.740741	0.444444	-0.037037	0	0	-0.111111
517	0.730812	0.386262	0.740741	0.444444	-0.037037	0	0	-0.111111
319	0.712501	0.337875	0.740741	0.444444	-0.037037	0	0	-0.111111
568	0.700026	0.355335	0.703704	0.333333	0	0.111111	-0.037037	0
145	0.682928	0.372306	0.703704	0.333333	0	0.111111	-0.037037	0
370	0.68622	0.433412	0.703704	0.333333	0	0.111111	-0.037037	0
71	0.690942	0.47178	0.666667	0.444444	0.111111	0	0	0.037037
347	0.746068	0.445172	0.666667	0.444444	0.111111	0	0	0.037037
626	0.759965	0.484401	0.777778	0.481481	0	0.037037	-0.111111	0
173	0.739738	0.507598	0.777778	0.481481	0	0.037037	-0.111111	0
296	0.669715	0.496773	0.777778	0.481481	0	0.037037	-0.111111	0
494	0.674287	0.534911	0.666667	0.518519	0.111111	0	0	0.037037
479	0.720437	0.540414	0.666667	0.518519	0.111111	0	0	0.037037
122	0.773899	0.550364	0.666667	0.518519	0.111111	0	0	0.037037
540	0.744461	0.586061	0.777778	0.555556	0	0.111111	-0.037037	0
36	0.752757	0.610514	0.777778	0.555556	0	0.111111	-0.037037	0
261	0.770179	0.640703	0.777778	0.555556	0	0.111111	-0.037037	0
600	0.71644	0.657071	0.740741	0.666667	-0.037037	0	0	-0.111111
402	0.734736	0.602905	0.740741	0.666667	-0.037037	0	0	-0.111111
96	0.722575	0.555783	0.740741	0.666667	-0.037037	0	0	-0.111111
453	0.701839	0.566517	0.703704	0.555556	0	0.111111	-0.037037	0
228	0.694621	0.630709	0.703704	0.555556	0	0.111111	-0.037037	0
125	0.659311	0.662585	0.666667	0.666667	-0.111111	0	0	-0.037037
482	0.600584	0.652838	0.666667	0.666667	-0.111111	0	0	-0.037037
488	0.580527	0.636946	0.666667	0.666667	-0.111111	0	0	-0.037037
290	0.557985	0.611763	0.555556	0.62963	0	-0.037037	0.111111	0
176	0.626922	0.621854	0.555556	0.62963	0	-0.037037	0.111111	0
629	0.645249	0.604509	0.555556	0.62963	0	-0.037037	0.111111	0
350	0.634207	0.567807	0.666667	0.592593	-0.111111	0	0	-0.037037
65	0.614715	0.582507	0.666667	0.592593	-0.111111	0	0	-0.037037
525	0.545626	0.577789	0.555556	0.555556	0	0.111111	-0.037037	0
21	0.525829	0.596615	0.555556	0.555556	0	0.111111	-0.037037	0
300	0.531494	0.660729	0.555556	0.555556	0	0.111111	-0.037037	0
576	0.512994	0.642012	0.518519	0.666667	-0.037037	0	0	-0.111111
351	0.494835	0.620196	0.518519	0.666667	-0.037037	0	0	-0.111111
153	0.483156	0.574047	0.518519	0.666667	-0.037037	0	0	-0.111111
411	0.464448	0.589746	0.481481	0.555556	0	0.111111	-0.037037	0
213	0.45295	0.644327	0.481481	0.555556	0	0.111111	-0.037037	0
34	0.383572	0.646687	0.444444	0.666667	-0.111111	0	0	-0.037037
391	0.355796	0.632698	0.444444	0.666667	-0.111111	0	0	-0.037037
85	0.349633	0.613235	0.333333	0.62963	0	-0.037037	0.111111	0
565	0.369429	0.626781	0.333333	0.62963	0	-0.037037	0.111111	0
442	0.439883	0.599453	0.333333	0.62963	0	-0.037037	0.111111	0
217	0.426637	0.571812	0.444444	0.592593	-0.111111	0	0	-0.037037
259	0.395613	0.562354	0.444444	0.592593	-0.111111	0	0	-0.037037
616	0.33784	0.584258	0.444444	0.592593	-0.111111	0	0	-0.037037
168	0.360571	0.544214	0.333333	0.555556	0	-0.111111	0.037037	0
474	0.345118	0.467599	0.333333	0.555556	0	-0.111111	0.037037	0
108	0.399992	0.480509	0.37037	0.444444	0.037037	0	0	0.111111
333	0.371356	0.498396	0.37037	0.444444	0.037037	0	0	0.111111
282	0.408762	0.537009	0.407407	0.555556	0	-0.111111	0.037037	0
57	0.432944	0.509	0.407407	0.555556	0	-0.111111	0.037037	0
507	0.421725	0.451138	0.407407	0.555556	0	-0.111111	0.037037	0
47	0.457345	0.456851	0.444444	0.444444	0.111111	0	0	0.037037
386	0.548304	0.446888	0.444444	0.444444	0.111111	0	0	0.037037
611	0.492969	0.513315	0.555556	0.481481	0	0.037037	-0.111111	0
239	0.502028	0.502844	0.555556	0.481481	0	0.037037	-0.111111	0
245	0.470485	0.488042	0.555556	0.481481	0	0.037037	-0.111111	0
551	0.446783	0.551581	0.444444	0.518519	0.111111	0	0	0.037037
437	0.517516	0.528262	0.444444	0.518519	0.111111	0	0	0.037037
107	0.54025	0.538903	0.444444	0.518519	0.111111	0	0	0.037037
373	0.574209	0.546905	0.555556	0.555556	0	-0.111111	0.037037	0
148	0.562971	0.492226	0.555556	0.555556	0	-0.111111	0.037037	0
571	0.586295	0.459365	0.555556	0.555556	0	-0.111111	0.037037	0
322	0.607534	0.476541	0.592593	0.444444	0.037037	0	0	0.111111
520	0.62044	0.463599	0.592593	0.444444	0.037037	0	0	0.111111
16	0.592613	0.517449	0.592593	0.444444	0.037037	0	0	0.111111
424	0.653734	0.521297	0.62963	0.555556	0	-0.111111	0.037037	0
199	0.643561	0.45304	0.62963	0.555556	0	-0.111111	0.037037	0
264	0.655691	0.412806	0.666667	0.444444	-0.111111	0	0	-0.037037
594	0.598974	0.436934	0.666667	0.444444	-0.111111	0	0	-0.037037
231	0.575612	0.416867	0.666667	0.444444	-0.111111	0	0	-0.037037
396	0.62499	0.376603	0.555556	0.407407	0	-0.037037	0.111111	0
39	0.650879	0.388124	0.555556	0.407407	0	-0.037037	0.111111	0
543	0.632084	0.365523	0.666667	0.37037	-0.111111	0	0	-0.037037
90	0.605536	0.345016	0.666667	0.37037	-0.111111	0	0	-0.037037
456	0.584317	0.334266	0.666667	0.37037	-0.111111	0	0	-0.037037
181	0.550383	0.361112	0.555556	0.333333	0	0.111111	-0.037037	0
460	0.536283	0.398748	0.555556	0.333333	0	0.111111	-0.037037	0
79	0.506986	0.42896	0.518519	0.444444	-0.037037	0	0	-0.111111
502	0.49667	0.380206	0.518519	0.444444	-0.037037	0	0	-0.111111
277	0.515136	0.348799	0.518519	0.444444	-0.037037	0	0	-0.111111
130	0.480321	0.391544	0.481481	0.333333	0	0.111111	-0.037037	0
328	0.451328	0.421484	0.481481	0.333333	0	0.111111	-0.037037	0
143	0.405385	0.415007	0.444444	0.444444	-0.111111	0	0	-0.037037
419	0.391338	0.441613	0.444444	0.444444	-0.111111	0	0	-0.037037
533	0.362448	0.435025	0.444444	0.444444	-0.111111	0	0	-0.037037
308	0.444246	0.40622	0.333333	0.407407	0	-0.037037	0.111111	0
194	0.375671	0.374077	0.333333	0.407407	0	-0.037037	0.111111	0
593	0.435667	0.393647	0.333333	0.407407	0	-0.037037	0.111111	0
368	0.423956	0.359467	0.444444	0.37037	-0.111111	0	0	-0.037037
2	0.343052	0.336347	0.444444	0.37037	-0.111111	0	0	-0.037037
220	0.317599	0.351564	0.333333	0.333333	0	0.111111	-0.037037	0
445	0.330252	0.382406	0.333333	0.333333	0	0.111111	-0.037037	0
28	0.280241	0.427319	0.296296	0.444444	-0.037037	0	0	-0.111111
559	0.262022	0.404188	0.296296	0.444444	-0.037037	0	0	-0.111111
253	0.285039	0.339784	0.296296	0.444444	-0.037037	0	0	-0.111111
619	0.22944	0.36394	0.259259	0.333333	0	0.111111	-0.037037	0
88	0.244242	0.38493	0.259259	0.333333	0	0.111111	-0.037037	0
394	0.256926	0.408918	0.259259	0.333333	0	0.111111	-0.037037	0
5	0.224116	0.44879	0.222222	0.444444	0.111111	0	0	0.037037
362	0.307955	0.469721	0.222222	0.444444	0.111111	0	0	0.037037
587	0.332132	0.494828	0.333333	0.481481	0	0.037037	-0.111111	0
197	0.27077	0.482772	0.333333	0.481481	0	0.037037	-0.111111	0
311	0.242259	0.515988	0.333333	0.481481	0	0.037037	-0.111111	0
536	0.277276	0.52326	0.222222	0.518519	0.111111	0	0	0.037037
422	0.281683	0.553607	0.222222	0.518519	0.111111	0	0	0.037037
137	0.302708	0.519549	0.222222	0.518519	0.111111	0	0	0.037037
510	0.30974	0.56462	0.333333	0.555556	0	0.111111	-0.037037	0
60	0.319379	0.617965	0.333333	0.555556	0	0.111111	-0.037037	0
285	0.296412	0.648848	0.333333	0.555556	0	0.111111	-0.037037	0
336	0.263762	0.605928	0.296296	0.666667	-0.037037	0	0	-0.111111
111	0.293764	0.591798	0.296296	0.666667	-0.037037	0	0	-0.111111
468	0.233967	0.575914	0.259259	0.555556	0	0.111111	-0.037037	0
162	0.254504	0.658955	0.259259	0.555556	0	0.111111	-0.037037	0
10	0.147691	0.635226	0.222222	0.666667	-0.111111	0	0	-0.037037
376	0.127906	0.655561	0.222222	0.666667	-0.111111	0	0	-0.037037
151	0.114853	0.601224	0.111111	0.62963	0	-0.037037	0.111111	0
514	0.173374	0.615646	0.111111	0.62963	0	-0.037037	0.111111	0
427	0.220322	0.629166	0.111111	0.62963	0	-0.037037	0.111111	0
202	0.193058	0.559556	0.222222	0.592593	-0.111111	0	0	-0.037037
316	0.159591	0.587538	0.222222	0.592593	-0.111111	0	0	-0.037037
574	0.141497	0.580483	0.222222	0.592593	-0.111111	0	0	-0.037037
225	0.131355	0.530291	0.111111	0.555556	0	-0.111111	0.037037	0
450	0.135789	0.454679	0.111111	0.555556	0	-0.111111	0.037037	0
93	0.163416	0.465167	0.148148	0.444444	0.037037	0	0	0.111111
399	0.17705	0.486364	0.148148	0.444444	0.037037	0	0	0.111111
597	0.154844	0.548225	0.148148	0.444444	0.037037	0	0	0.111111
267	0.218443	0.526333	0.185185	0.555556	0	-0.111111	0.037037	0
42	0.199364	0.500851	0.185185	0.555556	0	-0.111111	0.037037	0
546	0.188319	0.477986	0.185185	0.555556	0	-0.111111	0.037037	0
119	0.213738	0.443886	0.222222	0.444444	-0.111111	0	0	-0.037037
485	0.145556	0.431994	0.222222	0.444444	-0.111111	0	0	-0.037037
491	0.125882	0.418817	0.222222	0.444444	-0.111111	0	0	-0.037037
293	0.111257	0.389495	0.111111	0.407407	0	-0.037037	0.111111	0
179	0.179315	0.400746	0.111111	0.407407	0	-0.037037	0.111111	0
623	0.207924	0.378365	0.111111	0.407407	0	-0.037037	0.111111	0
344	0.190216	0.346776	0.222222	0.37037	-0.111111	0	0	-0.037037
68	0.14339	0.35732	0.222222	0.37037	-0.111111	0	0	-0.037037
528	0.100957	0.353551	0.111111	0.333333	0	0.111111	-0.037037	0
24	0.0754574	0.371395	0.111111	0.333333	0	0.111111	-0.037037	0
303	0.0862441	0.43909	0.111111	0.333333	0	0.111111	-0.037037	0
579	0.0686417	0.424796	0.0740741	0.444444	-0.037037	0	0	-0.111111
354	0.0570373	0.39604	0.0740741	0.444444	-0.037037	0	0	-0.111111
156	0.0373057	0.341612	0.0740741	0.444444	-0.037037	0	0	-0.111111
405	0.0218323	0.36773	0.037037	0.333333	0	0.111111	-0.037037	0
207	0.0117191	0.411626	0.037037	0.333333	0	0.111111	-0.037037	0
271	0.0396494	0.461013	0	0.444444	0.111111	0	0	0.037037
184	0.0988327	0.473524	0	0.444444	0.111111	0	0	0.037037
463	0.0841699	0.505807	0.111111	0.481481	0	0.037037	-0.111111	0
496	0.0500222	0.490678	0.111111	0.481481	0	0.037037	-0.111111	0
133	0.0305126	0.511317	0.111111	0.481481	0	0.037037	-0.111111	0
331	0.00534223	0.533606	0	0.518519	0.111111	0	0	0.037037
73	0.0614495	0.541973	0	0.518519	0.111111	0	0	0.037037
380	0.105631	0.556966	0.111111	0.555556	0	0.111111	-0.037037	0
605	0.0905408	0.623538	0.111111	0.555556	0	0.111111	-0.037037	0
101	0.0955472	0.650611	0.111111	0.555556	0	0.111111	-0.037037	0
440	0.0713983	0.639062	0.0740741	0.666667	-0.037037	0	0	-0.111111
242	0.05398	0.608498	0.0740741	0.666667	-0.037037	0	0	-0.111111
50	0.0170873	0.569592	0.037037	0.555556	0	0.111111	-0.037037	0
248	0.0286334	0.594394	0.037037	0.555556	0	0.111111	-0.037037	0
554	0.0038846	0.664054	0.037037	0.555556	0	0.111111	-0.037037	0
567	0.0325017	0.684213	0	0.666667	0.111111	0	0	0.037037
318	0.0440525	0.696813	0	0.666667	0.111111	0	0	0.037037
204	0.0807584	0.669751	0	0.666667	0.111111	0	0	0.037037
429	0.109477	0.739641	0.111111	0.703704	0	0.037037	-0.111111	0
516	0.067152	0.725474	0.111111	0.703704	0	0.037037	-0.111111	0
144	0.0153027	0.712222	0.111111	0.703704	0	0.037037	-0.111111	0
369	0.0553251	0.765588	0	0.740741	0.111111	0	0	0.037037
12	0.0385313	0.743537	0	0.740741	0.111111	0	0	0.037037
167	0.137083	0.768811	0.111111	0.777778	0	-0.111111	0.037037	0
473	0.121638	0.690318	0.111111	0.777778	0	-0.111111	0.037037	0
116	0.180818	0.700013	0.148148	0.666667	0.037037	0	0	0.111111
341	0.153145	0.718162	0.148148	0.666667	0.037037	0	0	0.111111
281	0.186722	0.760223	0.185185	0.777778	0	-0.111111	0.037037	0
56	0.209775	0.728809	0.185185	0.777778	0	-0.111111	0.037037	0
506	0.202692	0.677008	0.185185	0.777778	0	-0.111111	0.037037	0
52	0.237813	0.679912	0.222222	0.666667	0.111111	0	0	0.037037
382	0.321508	0.667195	0.222222	0.666667	0.111111	0	0	0.037037
607	0.304052	0.735946	0.333333	0.703704	0	0.037037	-0.111111	0
235	0.283411	0.720963	0.333333	0.703704	0	0.037037	-0.111111	0
250	0.247409	0.705449	0.333333	0.703704	0	0.037037	-0.111111	0
556	0.225477	0.774688	0.222222	0.740741	0.111111	0	0	0.037037
433	0.249061	0.748605	0.222222	0.740741	0.111111	0	0	0.037037
103	0.314179	0.75655	0.222222	0.740741	0.111111	0	0	0.037037
524	0.326682	0.798564	0.333333	0.777778	0	0.111111	-0.037037	0
20	0.299138	0.81461	0.333333	0.777778	0	0.111111	-0.037037	0
299	0.312712	0.882445	0.333333	0.777778	0	0.111111	-0.037037	0
584	0.278586	0.870897	0.296296	0.888889	-0.037037	0	0	-0.111111
359	0.29037	0.839284	0.296296	0.888889	-0.037037	0	0	-0.111111
161	0.267621	0.78742	0.296296	0.888889	-0.037037	0	0	-0.111111
410	0.258778	0.81102	0.259259	0.777778	0	0.111111	-0.037037	0
212	0.230543	0.855883	0.259259	0.777778	0	0.111111	-0.037037	0
30	0.170528	0.862135	0.222222	0.888889	-0.111111	0	0	-0.037037
387	0.155739	0.852124	0.222222	0.888889	-0.111111	0	0	-0.037037
81	0.140639	0.833648	0.111111	0.851852	0	-0.037037	0.111111	0
561	0.191859	0.848779	0.111111	0.851852	0	-0.037037	0.111111	0
447	0.216957	0.82533	0.111111	0.851852	0	-0.037037	0.111111	0
222	0.203694	0.794687	0.222222	0.814815	-0.111111	0	0	-0.037037
255	0.165237	0.780588	0.222222	0.814815	-0.111111	0	0	-0.037037
612	0.116546	0.806494	0.222222	0.814815	-0.111111	0	0	-0.037037
346	0.077031	0.789671	0.111111	0.777778	0	0.111111	-0.037037	0
625	0.0940856	0.8199	0.111111	0.777778	0	0.111111	-0.037037	0
121	0.102881	0.884774	0.111111	0.777778	0	0.111111	-0.037037	0
478	0.0468572	0.874947	0.0740741	0.888889	-0.037037	0	0	-0.111111
172	0.070074	0.843344	0.0740741	0.888889	-0.037037	0	0	-0.111111
70	0.0186424	0.801056	0.037037	0.777778	0	0.111111	-0.037037	0
295	0.00268162	0.827728	0.037037	0.777778	0	0.111111	-0.037037	0
493	0.0235671	0.86576	0.037037	0.777778	0	0.111111	-0.037037	0
455	0.0349399	0.898535	0	0.888889	0.111111	0	0	0.037037
98	0.0601223	0.90932	0	0.888889	0.111111	0	0	0.037037
542	0.0895456	0.924404	0	0.888889	0.111111	0	0	0.037037
38	0.00919083	0.960965	0.111111	0.925926	0	0.037037	-0.111111	0
404	0.0795159	0.932895	0.111111	0.925926	0	0.037037	-0.111111	0
230	0.0296634	0.978688	0	0.962963	0.111111	0	0	0.037037
602	0.064635	0.99286	0	0.962963	0.111111	0	0	0.037037
263	0.108599	0.967455	0	0.962963	0.111111	0	0	0.037037
538	0.14684	0.982612	0.111111	1	0	-0.111111	0.037037	0
313	0.132602	0.950142	0.111111	1	0	-0.111111	0.037037	0
7	0.124693	0.890715	0.111111	1	0	-0.111111	0.037037	0
190	0.162475	0.92937	0.148148	0.888889	0.037037	0	0	0.111111
415	0.178075	0.998021	0.148148	0.888889	0.037037	0	0	0.111111
139	0.196648	0.970664	0.185185	1	0	-0.111111	0.037037	0
589	0.208708	0.944117	0.185185	1	0	-0.111111	0.037037	0
364	0.1853	0.915295	0.185185	1	0	-0.111111	0.037037	0
630	0.241067	0.893219	0.222222	0.888889	0.111111	0	0	0.037037
273	0.255943	0.903541	0.222222	0.888889	0.111111	0	0	0.037037
186	0.333115	0.917839	0.222222	0.888889	0.111111	0	0	0.037037
465	0.320041	0.947589	0.333333	0.925926	0	0.037037	-0.111111	0
498	0.274059	0.935066	0.333333	0.925926	0	0.037037	-0.111111	0
126	0.233199	0.958808	0.333333	0.925926	0	0.037037	-0.111111	0
324	0.294964	0.976067	0.222222	0.962963	0.111111	0	0	0.037037
75	0.270191	0.987645	0.222222	0.962963	0.111111	0	0	0.037037
553	0.363696	0.995647	0.333333	1	0	-0.111111	0.037037	0
247	0.352552	0.941624	0.333333	1	0	-0.111111	0.037037	0
49	0.370253	0.900551	0.333333	1	0	-0.111111	0.037037	0
241	0.380639	0.938422	0.37037	0.888889	0.037037	0	0	0.111111
439	0.404581	0.972959	0.37037	0.888889	0.037037	0	0	0.111111
100	0.440747	0.985323	0.407407	1	0	-0.111111	0.037037	0
604	0.429892	0.95582	0.407407	1	0	-0.111111	0.037037	0
379	0.412263	0.911167	0.407407	1	0	-0.111111	0.037037	0
72	0.397034	0.876903	0.444444	0.888889	-0.111111	0	0	-0.037037
330	0.348476	0.868014	0.444444	0.888889	-0.111111	0	0	-0.037037
132	0.366025	0.846576	0.333333	0.851852	0	-0.037037	0.111111	0
495	0.386639	0.823286	0.333333	0.851852	0	-0.037037	0.111111	0
462	0.418746	0.837246	0.333333	0.851852	0	-0.037037	0.111111	0
183	0.434712	0.809165	0.444444	0.814815	-0.111111	0	0	-0.037037
270	0.357664	0.778064	0.444444	0.814815	-0.111111	0	0	-0.037037
209	0.33613	0.745246	0.333333	0.777778	0	-0.111111	0.037037	0
407	0.341669	0.707767	0.333333	0.777778	0	-0.111111	0.037037	0
158	0.377499	0.674398	0.37037	0.666667	0.037037	0	0	0.111111
356	0.390047	0.730549	0.37037	0.666667	0.037037	0	0	0.111111
581	0.401681	0.754107	0.37037	0.666667	0.037037	0	0	0.111111
305	0.425415	0.770835	0.407407	0.777778	0	-0.111111	0.037037	0
26	0.407477	0.703193	0.407407	0.777778	0	-0.111111	0.037037	0
530	0.415339	0.687702	0.407407	0.777778	0	-0.111111	0.037037	0
67	0.474364	0.692919	0.444444	0.666667	0.111111	0	0	0.037037
343	0.523739	0.681914	0.444444	0.666667	0.111111	0	0	0.037037
622	0.541876	0.709947	0.555556	0.703704	0	0.037037	-0.111111	0
178	0.500379	0.733073	0.555556	0.703704	0	0.037037	-0.111111	0
292	0.465931	0.715266	0.555556	0.703704	0	0.037037	-0.111111	0
490	0.458648	0.750362	0.444444	0.740741	0.111111	0	0	0.037037
484	0.489427	0.763906	0.444444	0.740741	0.111111	0	0	0.037037
118	0.54705	0.773108	0.444444	0.740741	0.111111	0	0	0.037037
548	0.554495	0.804661	0.555556	0.777778	0	0.111111	-0.037037	0
44	0.534768	0.831947	0.555556	0.777778	0	0.111111	-0.037037	0
269	0.520901	0.858229	0.555556	0.777778	0	0.111111	-0.037037	0
599	0.486731	0.880262	0.518519	0.888889	-0.037037	0	0	-0.111111
401	0.505709	0.816815	0.518519	0.888889	-0.037037	0	0	-0.111111
95	0.481975	0.793032	0.518519	0.888889	-0.037037	0	0	-0.111111
452	0.445272	0.785772	0.481481	0.777778	0	0.111111	-0.037037	0
227	0.469057	0.860225	0.481481	0.777778	0	0.111111	-0.037037	0
573	0.456032	0.905779	0.444444	0.888889	0.111111	0	0	0.037037
315	0.50985	0.919653	0.444444	0.888889	0.111111	0	0	0.037037
201	0.516415	0.894861	0.444444	0.888889	0.111111	0	0	0.037037
426	0.532813	0.96296	0.555556	0.925926	0	0.037037	-0.111111	0
513	0.479252	0.953498	0.555556	0.925926	0	0.037037	-0.111111	0
150	0.448499	0.927594	0.555556	0.925926	0	0.037037	-0.111111	0
375	0.542561	0.999676	0.444444	0.962963	0.111111	0	0	0.037037
9	0.551804	0.966143	0.444444	0.962963	0.111111	0	0	0.037037
164	0.56236	0.991027	0.555556	1	0	-0.111111	0.037037	0
470	0.565953	0.913139	0.555556	1	0	-0.111111	0.037037	0
113	0.595625	0.921647	0.592593	0.888889	0.037037	0	0	0.111111
338	0.608623	0.936691	0.592593	0.888889	0.037037	0	0	0.111111
287	0.630329	0.980453	0.62963	1	0	-0.111111	0.037037	0
62	0.646374	0.951878	0.62963	1	0	-0.111111	0.037037	0
512	0.636999	0.889257	0.62963	1	0	-0.111111	0.037037	0
136	0.640038	0.85375	0.666667	0.888889	-0.111111	0	0	-0.037037
421	0.621626	0.887363	0.666667	0.888889	-0.111111	0	0	-0.037037
535	0.579099	0.872268	0.666667	0.888889	-0.111111	0	0	-0.037037
310	0.587944	0.842013	0.555556	0.851852	0	-0.037037	0.111111	0
196	0.604092	0.818511	0.555556	0.851852	0	-0.037037	0.111111	0
586	0.652547	0.835956	0.555556	0.851852	0	-0.037037	0.111111	0
361	0.662698	0.796519	0.666667	0.814815	-0.111111	0	0	-0.037037
4	0.569255	0.783954	0.666667	0.814815	-0.111111	0	0	-0.037037
393	0.589315	0.752208	0.555556	0.777778	0	-0.111111	0.037037	0
87	0.572737	0.722967	0.555556	0.777778	0	-0.111111	0.037037	0
618	0.559603	0.694959	0.555556	0.777778	0	-0.111111	0.037037	0
252	0.616714	0.672908	0.592593	0.666667	0.037037	0	0	0.111111
558	0.628513	0.737853	0.592593	0.666667	0.037037	0	0	0.111111
27	0.611642	0.75875	0.592593	0.666667	0.037037	0	0	0.111111
444	0.666179	0.701588	0.62963	0.777778	0	-0.111111	0.037037	0
219	0.649058	0.686057	0.62963	0.777778	0	-0.111111	0.037037	0
1	0.681038	0.671123	0.666667	0.666667	0.111111	0	0	0.037037
367	0.756173	0.691467	0.666667	0.666667	0.111111	0	0	0.037037
592	0.777655	0.716633	0.777778	0.703704	0	0.037037	-0.111111	0
193	0.710872	0.713373	0.777778	0.703704	0	0.037037	-0.111111	0
307	0.684661	0.726734	0.777778	0.703704	0	0.037037	-0.111111	0
532	0.698649	0.762394	0.666667	0.740741	0.111111	0	0	0.037037
418	0.726067	0.776541	0.666667	0.740741	0.111111	0	0	0.037037
142	0.729412	0.741938	0.666667	0.740741	0.111111	0	0	0.037037
327	0.796492	0.747305	0.777778	0.777778	0	-0.111111	0.037037	0
129	0.810153	0.734748	0.777778	0.777778	0	-0.111111	0.037037	0
276	0.850492	0.678724	0.814815	0.666667	0.037037	0	0	0.111111
501	0.83759	0.698115	0.814815	0.666667	0.037037	0	0	0.111111
78	0.844833	0.767301	0.814815	0.666667	0.037037	0	0	0.111111
459	0.862874	0.719754	0.851852	0.777778	0	-0.111111	0.037037	0
180	0.879579	0.731709	0.851852	0.777778	0	-0.111111	0.037037	0
458	0.921284	0.675408	0.888889	0.666667	0.111111	0	0	0.037037
92	0.94402	0.684959	0.888889	0.666667	0.111111	0	0	0.037037
545	0.963458	0.703696	0.888889	0.666667	0.111111	0	0	0.037037
41	0.973051	0.740248	1	0.703704	0	0.037037	-0.111111	0
398	0.9317	0.708733	1	0.703704	0	0.037037	-0.111111	0
233	0.902095	0.755535	0.888889	0.740741	0.111111	0	0	0.037037
596	0.953361	0.771805	0.888889	0.740741	0.111111	0	0	0.037037
266	0.993425	0.760629	0.888889	0.740741	0.111111	0	0	0.037037
198	0.978126	0.826621	1	0.777778	0	0.111111	-0.037037	0
423	0.985005	0.861483	1	0.777778	0	0.111111	-0.037037	0
15	0.926808	0.840986	0.962963	0.888889	-0.037037	0	0	-0.111111
519	0.956617	0.873512	0.962963	0.888889	-0.037037	0	0	-0.111111
321	0.93716	0.815495	0.962963	0.888889	-0.037037	0	0	-0.111111
570	0.907444	0.779473	0.925926	0.777778	0	0.111111	-0.037037	0
147	0.895084	0.80773	0.925926	0.777778	0	0.111111	-0.037037	0
372	0.912136	0.881487	0.925926	0.777778	0	0.111111	-0.037037	0
106	0.867459	0.869205	0.888889	0.888889	-0.111111	0	0	-0.037037
436	0.856144	0.857188	0.888889	0.888889	-0.111111	0	0	-0.037037
550	0.780706	0.886128	0.888889	0.888889	-0.111111	0	0	-0.037037
244	0.813635	0.822043	0.777778	0.851852	0	-0.037037	0.111111	0
238	0.83084	0.830849	0.777778	0.851852	0	-0.037037	0.111111	0
610	0.80323	0.850592	0.777778	0.851852	0	-0.037037	0.111111	0
385	0.874341	0.799546	0.888889	0.814815	-0.111111	0	0	-0.037037
46	0.787315	0.791412	0.888889	0.814815	-0.111111	0	0	-0.037037
509	0.763317	0.78255	0.777778	0.777778	0	0.111111	-0.037037	0
59	0.766514	0.845415	0.777778	0.777778	0	0.111111	-0.037037	0
284	0.743346	0.864346	0.777778	0.777778	0	0.111111	-0.037037	0
335	0.705394	0.829147	0.740741	0.888889	-0.037037	0	0	-0.111111
110	0.738301	0.812805	0.740741	0.888889	-0.037037	0	0	-0.111111
476	0.677585	0.802957	0.703704	0.777778	0	0.111111	-0.037037	0
170	0.689655	0.878036	0.703704	0.777778	0	0.111111	-0.037037	0
615	0.671249	0.923072	0.666667	0.888889	0.111111	0	0	0.037037
258	0.717681	0.896679	0.666667	0.888889	0.111111	0	0	0.037037
216	0.75144	0.907698	0.666667	0.888889	0.111111	0	0	0.037037
441	0.769505	0.939954	0.777778	0.925926	0	0.037037	-0.111111	0
564	0.709588	0.957441	0.777778	0.925926	0	0.037037	-0.111111	0
84	0.69566	0.945645	0.777778	0.925926	0	0.037037	-0.111111	0
390	0.668686	0.989263	0.666667	0.962963	0.111111	0	0	0.037037
33	0.732176	0.974481	0.666667	0.962963	0.111111	0	0	0.037037
215	0.790154	0.964231	0.777778	1	0	-0.111111	0.037037	0
413	0.799352	0.983931	0.777778	1	0	-0.111111	0.037037	0
155	0.82593	0.901659	0.814815	0.888889	0.037037	0	0	0.111111
353	0.842537	0.969494	0.814815	0.888889	0.037037	0	0	0.111111
578	0.819622	0.931321	0.814815	0.888889	0.037037	0	0	0.111111
302	0.870726	0.99434	0.851852	1	0	-0.111111	0.037037	0
23	0.85308	0.926313	0.851852	1	0	-0.111111	0.037037	0
527	0.886261	0.904384	0.851852	1	0	-0.111111	0.037037	0
64	0.918681	0.916623	0.888889	0.888889	0.111111	0	0	0.037037
349	0.96837	0.912544	0.888889	0.888889	0.111111	0	0	0.037037
628	0.996124	0.933717	1	0.925926	0	0.037037	-0.111111	0
175	0.946675	0.942792	1	0.925926	0	0.037037	-0.111111	0
289	0.890826	0.949167	1	0.925926	0	0.037037	-0.111111	0
487	0.933811	0.977145	0.888889	0.962963	0.111111	0	0	0.037037
481	0.965989	0.986654	0.888889	0.962963	0.111111	0	0	0.037037
124	0.998988	0.963024	0.888889	0.962963	0.111111	0	0	0.037037
