0	0.00192399	0.00242599	0	0	0.111111	0	0	0.037037
366	0.0787449	0.0248494	0	0	0.111111	0	0	0.037037
591	0.104888	0.0545876	0.111111	0.037037	0	0.037037	-0.111111	0
192	0.0453405	0.0402947	0.111111	0.037037	0	0.037037	-0.111111	0
306	0.0124444	0.0663747	0.111111	0.037037	0	0.037037	-0.111111	0
531	0.0283147	0.0936237	0	0.0740741	0.111111	0	0	0.037037
417	0.0542069	0.106395	0	0.0740741	0.111111	0	0	0.037037
141	0.0727357	0.0778108	0	0.0740741	0.111111	0	0	0.037037
329	0.116598	0.0891632	0.111111	0.111111	0	-0.111111	0.037037	0
131	0.142774	0.0709107	0.111111	0.111111	0	-0.111111	0.037037	0
635	0.128092	0.00702506	0.111111	0.111111	0	-0.111111	0.037037	0
278	0.148183	0.0205318	0.148148	0	0.037037	0	0	0.111111
503	0.16522	0.0447289	0.148148	0	0.037037	0	0	0.111111
80	0.172611	0.0989314	0.148148	0	0.037037	0	0	0.111111
461	0.195642	0.0583603	0.185185	0.111111	0	-0.111111	0.037037	0
182	0.207916	0.0290501	0.185185	0.111111	0	-0.111111	0.037037	0
457	0.256544	0.0115331	0.222222	0	0.111111	0	0	0.037037
91	0.278278	0.0175707	0.222222	0	0.111111	0	0	0.037037
544	0.298823	0.034208	0.222222	0	0.111111	0	0	0.037037
40	0.313511	0.0497943	0.333333	0.037037	0	0.037037	-0.111111	0
397	0.288034	0.0380403	0.333333	0.037037	0	0.037037	-0.111111	0
655	0.229019	0.0639889	0.333333	0.037037	0	0.037037	-0.111111	0
232	0.240061	0.085683	0.222222	0.0740741	0.111111	0	0	0.037037
595	0.266118	0.104252	0.222222	0.0740741	0.111111	0	0	0.037037
265	0.322712	0.0811866	0.222222	0.0740741	0.111111	0	0	0.037037
200	0.306172	0.115904	0.333333	0.111111	0	0.111111	-0.037037	0
425	0.318974	0.183425	0.333333	0.111111	0	0.111111	-0.037037	0
17	0.259678	0.18586	0.296296	0.222222	-0.037037	0	0	-0.111111
521	0.294856	0.1737	0.296296	0.222222	-0.037037	0	0	-0.111111
323	0.27378	0.141935	0.296296	0.222222	-0.037037	0	0	-0.111111
572	0.253123	0.12894	0.259259	0.111111	0	0.111111	-0.037037	0
149	0.22538	0.151675	0.259259	0.111111	0	0.111111	-0.037037	0
374	0.235305	0.216779	0.259259	0.111111	0	0.111111	-0.037037	0
105	0.201646	0.205761	0.222222	0.222222	-0.111111	0	0	-0.037037
435	0.182003	0.196641	0.222222	0.222222	-0.111111	0	0	-0.037037
549	0.111273	0.220062	0.222222	0.222222	-0.111111	0	0	-0.037037
243	0.137312	0.156113	0.111111	0.185185	0	-0.037037	0.111111	0
237	0.161104	0.159949	0.111111	0.185185	0	-0.037037	0.111111	0
609	0.191977	0.178962	0.111111	0.185185	0	-0.037037	0.111111	0
384	0.215154	0.113196	0.222222	0.148148	-0.111111	0	0	-0.037037
660	0.153959	0.13741	0.222222	0.148148	-0.111111	0	0	-0.037037
45	0.124319	0.1229	0.222222	0.148148	-0.111111	0	0	-0.037037
508	0.0900294	0.119669	0.111111	0.111111	0	0.111111	-0.037037	0
58	0.0967318	0.170627	0.111111	0.111111	0	0.111111	-0.037037	0
283	0.0855825	0.201518	0.111111	0.111111	0	0.111111	-0.037037	0
640	0.0508638	0.190899	0.0740741	0.222222	-0.037037	0	0	-0.111111
334	0.042432	0.163318	0.0740741	0.222222	-0.037037	0	0	-0.111111
109	0.06564	0.146785	0.0740741	0.222222	-0.037037	0	0	-0.111111
475	0.00876326	0.135109	0.037037	0.111111	0	0.111111	-0.037037	0
169	0.0328711	0.208066	0.037037	0.111111	0	0.111111	-0.037037	0
617	0.0201871	0.248293	0	0.222222	0.111111	0	0	0.037037
260	0.0631368	0.228549	0	0.222222	0.111111	0	0	0.037037
218	0.0934554	0.239616	0	0.222222	0.111111	0	0	0.037037
443	0.10813	0.27171	0.111111	0.259259	0	0.037037	-0.111111	0
566	0.0366824	0.292142	0.111111	0.259259	0	0.037037	-0.111111	0
86	0.0152825	0.280562	0.111111	0.259259	0	0.037037	-0.111111	0
392	0.0248346	0.298463	0	0.296296	0.111111	0	0	0.037037
35	0.0562633	0.3333	0	0.296296	0.111111	0	0	0.037037
668	0.0817188	0.321615	0	0.296296	0.111111	0	0	0.037037
214	0.1198	0.301517	0.111111	0.333333	0	-0.111111	0.037037	0
412	0.132828	0.258037	0.111111	0.333333	0	-0.111111	0.037037	0
154	0.150418	0.231242	0.148148	0.222222	0.037037	0	0	0.111111
352	0.167376	0.286686	0.148148	0.222222	0.037037	0	0	0.111111
577	0.174252	0.311637	0.148148	0.222222	0.037037	0	0	0.111111
301	0.198467	0.327877	0.185185	0.333333	0	-0.111111	0.037037	0
22	0.185358	0.26117	0.185185	0.333333	0	-0.111111	0.037037	0
526	0.211782	0.245614	0.185185	0.333333	0	-0.111111	0.037037	0
63	0.244706	0.25347	0.222222	0.222222	0.111111	0	0	0.037037
678	0.283268	0.225073	0.222222	0.222222	0.111111	0	0	0.037037
348	0.302721	0.236793	0.222222	0.222222	0.111111	0	0	0.037037
627	0.332118	0.269046	0.333333	0.259259	0	0.037037	-0.111111	0
174	0.291057	0.295282	0.333333	0.259259	0	0.037037	-0.111111	0
288	0.223075	0.27826	0.333333	0.259259	0	0.037037	-0.111111	0
486	0.247066	0.306665	0.222222	0.296296	0.111111	0	0	0.037037
480	0.270643	0.313563	0.222222	0.296296	0.111111	0	0	0.037037
123	0.324945	0.330263	0.222222	0.296296	0.111111	0	0	0.037037
229	0.357171	0.316236	0.333333	0.333333	0	-0.111111	0.037037	0
652	0.343302	0.28423	0.333333	0.333333	0	-0.111111	0.037037	0
454	0.369565	0.23371	0.333333	0.333333	0	-0.111111	0.037037	0
97	0.385843	0.242664	0.37037	0.222222	0.037037	0	0	0.111111
403	0.392094	0.276572	0.37037	0.222222	0.037037	0	0	0.111111
601	0.380225	0.323917	0.37037	0.222222	0.037037	0	0	0.111111
262	0.434008	0.302806	0.407407	0.333333	0	-0.111111	0.037037	0
37	0.423192	0.262791	0.407407	0.333333	0	-0.111111	0.037037	0
541	0.41101	0.255802	0.407407	0.333333	0	-0.111111	0.037037	0
120	0.437243	0.214862	0.444444	0.222222	-0.111111	0	0	-0.037037
477	0.394381	0.210512	0.444444	0.222222	-0.111111	0	0	-0.037037
492	0.349225	0.194724	0.444444	0.222222	-0.111111	0	0	-0.037037
294	0.335118	0.167321	0.333333	0.185185	0	-0.037037	0.111111	0
171	0.402407	0.176616	0.333333	0.185185	0	-0.037037	0.111111	0
624	0.429038	0.149406	0.333333	0.185185	0	-0.037037	0.111111	0
345	0.418454	0.125876	0.444444	0.148148	-0.111111	0	0	-0.037037
675	0.408494	0.111164	0.444444	0.148148	-0.111111	0	0	-0.037037
69	0.361253	0.131884	0.444444	0.148148	-0.111111	0	0	-0.037037
371	0.352302	0.101319	0.333333	0.111111	0	-0.111111	0.037037	0
146	0.339085	0.0470819	0.333333	0.111111	0	-0.111111	0.037037	0
569	0.365889	0.0149946	0.333333	0.111111	0	-0.111111	0.037037	0
320	0.383737	0.030876	0.37037	0	0.037037	0	0	0.111111
518	0.397718	0.0604948	0.37037	0	0.037037	0	0	0.111111
14	0.372208	0.0756903	0.37037	0	0.037037	0	0	0.111111
431	0.442048	0.0725873	0.407407	0.111111	0	-0.111111	0.037037	0
206	0.415638	0.00411523	0.407407	0.111111	0	-0.111111	0.037037	0
472	0.455428	0.0223672	0.444444	0	0.111111	0	0	0.037037
115	0.513171	0.0361428	0.444444	0	0.111111	0	0	0.037037
505	0.532541	0.0085553	0.444444	0	0.111111	0	0	0.037037
55	0.543022	0.0624383	0.555556	0.037037	0	0.037037	-0.111111	0
340	0.487459	0.051532	0.555556	0.037037	0	0.037037	-0.111111	0
166	0.477828	0.0957534	0.444444	0.0740741	0.111111	0	0	0.037037
646	0.501339	0.0828291	0.444444	0.0740741	0.111111	0	0	0.037037
280	0.518473	0.0918305	0.444444	0.0740741	0.111111	0	0	0.037037
224	0.539896	0.138933	0.555556	0.111111	0	0.111111	-0.037037	0
449	0.553583	0.158225	0.555556	0.111111	0	0.111111	-0.037037	0
674	0.529269	0.212365	0.555556	0.111111	0	0.111111	-0.037037	0
32	0.497605	0.199982	0.518519	0.222222	-0.037037	0	0	-0.111111
563	0.483989	0.180712	0.518519	0.222222	-0.037037	0	0	-0.111111
257	0.508167	0.118167	0.518519	0.222222	-0.037037	0	0	-0.111111
614	0.450804	0.145008	0.481481	0.111111	0	0.111111	-0.037037	0
83	0.461787	0.164832	0.481481	0.111111	0	0.111111	-0.037037	0
389	0.474846	0.188012	0.481481	0.111111	0	0.111111	-0.037037	0
6	0.446269	0.222648	0.444444	0.222222	0.111111	0	0	0.037037
363	0.536812	0.249757	0.444444	0.222222	0.111111	0	0	0.037037
588	0.547095	0.273669	0.555556	0.259259	0	0.037037	-0.111111	0
189	0.493551	0.265745	0.555556	0.259259	0	0.037037	-0.111111	0
312	0.458358	0.290101	0.555556	0.259259	0	0.037037	-0.111111	0
537	0.469083	0.318046	0.444444	0.296296	0.111111	0	0	0.037037
414	0.503707	0.331731	0.444444	0.296296	0.111111	0	0	0.037037
138	0.522526	0.304458	0.444444	0.296296	0.111111	0	0	0.037037
326	0.557323	0.309466	0.555556	0.333333	0	-0.111111	0.037037	0
128	0.582629	0.288701	0.555556	0.333333	0	-0.111111	0.037037	0
632	0.574598	0.227068	0.555556	0.333333	0	-0.111111	0.037037	0
275	0.593881	0.251762	0.592593	0.222222	0.037037	0	0	0.111111
500	0.60519	0.26408	0.592593	0.222222	0.037037	0	0	0.111111
77	0.618342	0.319666	0.592593	0.222222	0.037037	0	0	0.111111
467	0.645078	0.282562	0.62963	0.333333	0	-0.111111	0.037037	0
188	0.661988	0.240803	0.62963	0.333333	0	-0.111111	0.037037	0
298	0.652335	0.218428	0.666667	0.222222	-0.111111	0	0	-0.037037
583	0.624757	0.20361	0.666667	0.222222	-0.111111	0	0	-0.037037
211	0.563735	0.189492	0.666667	0.222222	-0.111111	0	0	-0.037037
358	0.609753	0.175383	0.555556	0.185185	0	-0.037037	0.111111	0
19	0.631567	0.153395	0.555556	0.185185	0	-0.037037	0.111111	0
523	0.656954	0.133888	0.666667	0.148148	-0.111111	0	0	-0.037037
160	0.597008	0.124326	0.666667	0.148148	-0.111111	0	0	-0.037037
409	0.570972	0.143302	0.666667	0.148148	-0.111111	0	0	-0.037037
555	0.559651	0.108564	0.555556	0.111111	0	-0.111111	0.037037	0
249	0.590507	0.0433759	0.555556	0.111111	0	-0.111111	0.037037	0
51	0.578565	0.0135188	0.555556	0.111111	0	-0.111111	0.037037	0
657	0.601827	0.0264955	0.592593	0	0.037037	0	0	0.111111
234	0.614612	0.0530897	0.592593	0	0.037037	0	0	0.111111
432	0.628638	0.0876312	0.592593	0	0.037037	0	0	0.111111
102	0.647277	0.0978295	0.62963	0.111111	0	-0.111111	0.037037	0
606	0.639305	0.0676851	0.62963	0.111111	0	-0.111111	0.037037	0
381	0.66498	0.00101221	0.62963	0.111111	0	-0.111111	0.037037	0
406	0.687475	0.0327859	0.666667	0	0.111111	0	0	0.037037
157	0.707652	0.0101328	0.666667	0	0.111111	0	0	0.037037
529	0.768843	0.0192717	0.666667	0	0.111111	0	0	0.037037
25	0.740661	0.0416588	0.777778	0.037037	0	0.037037	-0.111111	0
355	0.721194	0.0691674	0.777778	0.037037	0	0.037037	-0.111111	0
208	0.675353	0.0792967	0.666667	0.0740741	0.111111	0	0	0.037037
580	0.76458	0.0743347	0.666667	0.0740741	0.111111	0	0	0.037037
304	0.755822	0.103207	0.666667	0.0740741	0.111111	0	0	0.037037
489	0.792113	0.0847411	0.777778	0.111111	0	-0.111111	0.037037	0
291	0.778901	0.056978	0.777778	0.111111	0	-0.111111	0.037037	0
66	0.801138	0.0275102	0.777778	0.111111	0	-0.111111	0.037037	0
177	0.848666	0.0555963	0.814815	0	0.037037	0	0	0.111111
483	0.818412	0.0908201	0.814815	0	0.037037	0	0	0.111111
117	0.881889	0.107348	0.851852	0.111111	0	-0.111111	0.037037	0
621	0.871389	0.0480114	0.851852	0.111111	0	-0.111111	0.037037	0
342	0.857718	0.0159707	0.851852	0.111111	0	-0.111111	0.037037	0
620	0.895404	0.00576177	0.888889	0	0.111111	0	0	0.037037
254	0.952789	0.0234487	0.888889	0	0.111111	0	0	0.037037
221	0.984442	0.033118	0.888889	0	0.111111	0	0	0.037037
446	0.998443	0.0696653	1	0.037037	0	0.037037	-0.111111	0
560	0.928034	0.0615807	1	0.037037	0	0.037037	-0.111111	0
89	0.909148	0.0389974	1	0.037037	0	0.037037	-0.111111	0
395	0.920686	0.0818778	0.888889	0.0740741	0.111111	0	0	0.037037
29	0.941469	0.099811	0.888889	0.0740741	0.111111	0	0	0.037037
671	0.973305	0.074225	0.888889	0.0740741	0.111111	0	0	0.037037
360	0.982027	0.17732	1	0.111111	0	0.111111	-0.037037	0
585	0.994659	0.15754	1	0.111111	0	0.111111	-0.037037	0
135	0.966029	0.132919	1	0.111111	0	0.111111	-0.037037	0
420	0.949401	0.192182	0.962963	0.222222	-0.037037	0	0	-0.111111
195	0.93332	0.147904	0.962963	0.222222	-0.037037	0	0	-0.111111
3	0.889965	0.121271	0.925926	0.111111	0	0.111111	-0.037037	0
309	0.906273	0.166476	0.925926	0.111111	0	0.111111	-0.037037	0
534	0.916718	0.221065	0.925926	0.111111	0	0.111111	-0.037037	0
268	0.885251	0.208941	0.888889	0.222222	-0.111111	0	0	-0.037037
598	0.823072	0.213749	0.888889	0.222222	-0.111111	0	0	-0.037037
226	0.797394	0.204742	0.888889	0.222222	-0.111111	0	0	-0.037037
649	0.836893	0.182302	0.777778	0.185185	0	-0.037037	0.111111	0
400	0.845866	0.150548	0.777778	0.185185	0	-0.037037	0.111111	0
43	0.865184	0.184804	0.777778	0.185185	0	-0.037037	0.111111	0
547	0.854257	0.140457	0.888889	0.148148	-0.111111	0	0	-0.037037
94	0.831043	0.130514	0.888889	0.148148	-0.111111	0	0	-0.037037
451	0.810277	0.116915	0.888889	0.148148	-0.111111	0	0	-0.037037
185	0.776117	0.155126	0.777778	0.111111	0	0.111111	-0.037037	0
464	0.749606	0.172282	0.777778	0.111111	0	0.111111	-0.037037	0
74	0.728067	0.193404	0.740741	0.222222	-0.037037	0	0	-0.111111
497	0.735878	0.168932	0.740741	0.222222	-0.037037	0	0	-0.111111
272	0.711103	0.127726	0.740741	0.222222	-0.037037	0	0	-0.111111
638	0.692078	0.112022	0.703704	0.111111	0	0.111111	-0.037037	0
134	0.70182	0.161572	0.703704	0.111111	0	0.111111	-0.037037	0
332	0.67216	0.19785	0.703704	0.111111	0	0.111111	-0.037037	0
48	0.678411	0.235271	0.666667	0.222222	0.111111	0	0	0.037037
663	0.717147	0.243889	0.666667	0.222222	0.111111	0	0	0.037037
378	0.771462	0.223867	0.666667	0.222222	0.111111	0	0	0.037037
603	0.746903	0.293345	0.777778	0.259259	0	0.037037	-0.111111	0
240	0.724155	0.275181	0.777778	0.259259	0	0.037037	-0.111111	0
246	0.694864	0.267539	0.777778	0.259259	0	0.037037	-0.111111	0
552	0.681918	0.326387	0.666667	0.296296	0.111111	0	0	0.037037
438	0.738215	0.307762	0.666667	0.296296	0.111111	0	0	0.037037
99	0.759197	0.314661	0.666667	0.296296	0.111111	0	0	0.037037
377	0.795385	0.325416	0.777778	0.333333	0	-0.111111	0.037037	0
152	0.783065	0.270731	0.777778	0.333333	0	-0.111111	0.037037	0
575	0.804111	0.232288	0.777778	0.333333	0	-0.111111	0.037037	0
317	0.827153	0.259261	0.814815	0.222222	0.037037	0	0	0.111111
515	0.843919	0.300385	0.814815	0.222222	0.037037	0	0	0.111111
11	0.814815	0.296296	0.814815	0.222222	0.037037	0	0	0.111111
428	0.877621	0.285287	0.851852	0.333333	0	-0.111111	0.037037	0
203	0.86087	0.254711	0.851852	0.333333	0	-0.111111	0.037037	0
469	0.899111	0.246795	0.888889	0.222222	0.111111	0	0	0.037037
112	0.956184	0.238205	0.888889	0.222222	0.111111	0	0	0.037037
511	0.976085	0.229677	0.888889	0.222222	0.111111	0	0	0.037037
61	0.987677	0.264878	1	0.259259	0	0.037037	-0.111111	0
337	0.930238	0.279474	1	0.259259	0	0.037037	-0.111111	0
163	0.922979	0.322557	0.888889	0.296296	0.111111	0	0	0.037037
643	0.944541	0.297183	0.888889	0.296296	0.111111	0	0	0.037037
286	0.96394	0.310467	0.888889	0.296296	0.111111	0	0	0.037037
383	0.992293	0.379821	1	0.333333	0	0.111111	-0.037037	0
608	0.970247	0.343386	1	0.333333	0	0.111111	-0.037037	0
104	0.97967	0.440357	1	0.333333	0	0.111111	-0.037037	0
434	0.959806	0.417197	0.962963	0.444444	-0.037037	0	0	-0.111111
236	0.94712	0.396086	0.962963	0.444444	-0.037037	0	0	-0.111111
659	0.939299	0.362254	0.962963	0.444444	-0.037037	0	0	-0.111111
53	0.901779	0.347285	0.925926	0.333333	0	0.111111	-0.037037	0
251	0.91435	0.377662	0.925926	0.333333	0	0.111111	-0.037037	0
557	0.892073	0.420779	0.925926	0.333333	0	0.111111	-0.037037	0
408	0.912686	0.474596	0.888889	0.444444	0.111111	0	0	0.037037
159	0.935685	0.450717	0.888889	0.444444	0.111111	0	0	0.037037
522	0.990331	0.480392	0.888889	0.444444	0.111111	0	0	0.037037
18	0.961841	0.493169	1	0.481481	0	0.037037	-0.111111	0
357	0.910811	0.504741	1	0.481481	0	0.037037	-0.111111	0
210	0.897045	0.536413	0.888889	0.518519	0.111111	0	0	0.037037
582	0.957734	0.522708	0.888889	0.518519	0.111111	0	0	0.037037
297	0.97796	0.549694	0.888889	0.518519	0.111111	0	0	0.037037
187	0.996432	0.59623	1	0.555556	0	0.111111	-0.037037	0
466	0.972247	0.611974	1	0.555556	0	0.111111	-0.037037	0
76	0.954412	0.638965	0.962963	0.666667	-0.037037	0	0	-0.111111
499	0.937789	0.57018	0.962963	0.666667	-0.037037	0	0	-0.111111
274	0.92655	0.580688	0.962963	0.666667	-0.037037	0	0	-0.111111
631	0.90357	0.562848	0.925926	0.555556	0	0.111111	-0.037037	0
127	0.924516	0.617873	0.925926	0.555556	0	0.111111	-0.037037	0
325	0.893803	0.644854	0.925926	0.555556	0	0.111111	-0.037037	0
140	0.855832	0.629705	0.888889	0.666667	-0.111111	0	0	-0.037037
416	0.835853	0.650664	0.888889	0.666667	-0.111111	0	0	-0.037037
539	0.811837	0.656791	0.888889	0.666667	-0.111111	0	0	-0.037037
314	0.790627	0.625392	0.777778	0.62963	0	-0.037037	0.111111	0
191	0.825948	0.592614	0.777778	0.62963	0	-0.037037	0.111111	0
590	0.878939	0.605278	0.777778	0.62963	0	-0.037037	0.111111	0
365	0.86682	0.584801	0.888889	0.592593	-0.111111	0	0	-0.037037
8	0.780036	0.558535	0.888889	0.592593	-0.111111	0	0	-0.037037
388	0.805979	0.518642	0.777778	0.555556	0	-0.111111	0.037037	0
82	0.789223	0.498641	0.777778	0.555556	0	-0.111111	0.037037	0
613	0.785229	0.471833	0.777778	0.555556	0	-0.111111	0.037037	0
256	0.839939	0.444644	0.814815	0.444444	0.037037	0	0	0.111111
562	0.816792	0.510635	0.814815	0.444444	0.037037	0	0	0.111111
31	0.829651	0.528653	0.814815	0.444444	0.037037	0	0	0.111111
673	0.862501	0.545661	0.851852	0.555556	0	-0.111111	0.037037	0
448	0.886773	0.483981	0.851852	0.555556	0	-0.111111	0.037037	0
223	0.872951	0.461049	0.851852	0.555556	0	-0.111111	0.037037	0
279	0.852011	0.427097	0.888889	0.444444	-0.111111	0	0	-0.037037
645	0.833272	0.413054	0.888889	0.444444	-0.111111	0	0	-0.037037
165	0.807823	0.437919	0.888889	0.444444	-0.111111	0	0	-0.037037
339	0.821039	0.388292	0.777778	0.407407	0	-0.037037	0.111111	0
54	0.87499	0.383573	0.777778	0.407407	0	-0.037037	0.111111	0
504	0.868641	0.334352	0.888889	0.37037	-0.111111	0	0	-0.037037
114	0.842033	0.370061	0.888889	0.37037	-0.111111	0	0	-0.037037
471	0.787241	0.355123	0.888889	0.37037	-0.111111	0	0	-0.037037
205	0.751867	0.337484	0.777778	0.333333	0	0.111111	-0.037037	0
430	0.76326	0.404989	0.777778	0.333333	0	0.111111	-0.037037	0
13	0.703971	0.409858	0.740741	0.444444	-0.037037	0	0	-0.111111
517	0.730869	0.399905	0.740741	0.444444	-0.037037	0	0	-0.111111
319	0.71495	0.360037	0.740741	0.444444	-0.037037	0	0	-0.111111
568	0.698166	0.350048	0.703704	0.333333	0	0.111111	-0.037037	0
145	0.67003	0.39126	0.703704	0.333333	0	0.111111	-0.037037	0
370	0.685398	0.433382	0.703704	0.333333	0	0.111111	-0.037037	0
71	0.68975	0.467283	0.666667	0.444444	0.111111	0	0	0.037037
677	0.73265	0.453008	0.666667	0.444444	0.111111	0	0	0.037037
347	0.744384	0.458063	0.666667	0.444444	0.111111	0	0	0.037037
626	0.761338	0.490301	0.777778	0.481481	0	0.037037	-0.111111	0
173	0.726248	0.517256	0.777778	0.481481	0	0.037037	-0.111111	0
296	0.667865	0.501911	0.777778	0.481481	0	0.037037	-0.111111	0
494	0.679777	0.535136	0.666667	0.518519	0.111111	0	0	0.037037
479	0.713169	0.540748	0.666667	0.518519	0.111111	0	0	0.037037
122	0.774435	0.553675	0.666667	0.518519	0.111111	0	0	0.037037
540	0.742319	0.58595	0.777778	0.555556	0	0.111111	-0.037037	0
36	0.75326	0.608171	0.777778	0.555556	0	0.111111	-0.037037	0
261	0.766976	0.63311	0.777778	0.555556	0	0.111111	-0.037037	0
600	0.709805	0.659849	0.740741	0.666667	-0.037037	0	0	-0.111111
402	0.734336	0.600811	0.740741	0.666667	-0.037037	0	0	-0.111111
96	0.719654	0.572773	0.740741	0.666667	-0.037037	0	0	-0.111111
453	0.699864	0.567321	0.703704	0.555556	0	0.111111	-0.037037	0
651	0.683533	0.62219	0.703704	0.555556	0	0.111111	-0.037037	0
228	0.696212	0.641561	0.703704	0.555556	0	0.111111	-0.037037	0
125	0.658362	0.662928	0.666667	0.666667	-0.111111	0	0	-0.037037
482	0.603244	0.653338	0.666667	0.666667	-0.111111	0	0	-0.037037
488	0.569786	0.637788	0.666667	0.666667	-0.111111	0	0	-0.037037
290	0.556035	0.613057	0.555556	0.62963	0	-0.037037	0.111111	0
176	0.620836	0.614738	0.555556	0.62963	0	-0.037037	0.111111	0
629	0.648254	0.598831	0.555556	0.62963	0	-0.037037	0.111111	0
350	0.65005	0.561673	0.666667	0.592593	-0.111111	0	0	-0.037037
65	0.626876	0.579709	0.666667	0.592593	-0.111111	0	0	-0.037037
525	0.548843	0.576023	0.555556	0.555556	0	0.111111	-0.037037	0
21	0.519956	0.591151	0.555556	0.555556	0	0.111111	-0.037037	0
300	0.531188	0.66108	0.555556	0.555556	0	0.111111	-0.037037	0
576	0.51101	0.64751	0.518519	0.666667	-0.037037	0	0	-0.111111
351	0.498738	0.620671	0.518519	0.666667	-0.037037	0	0	-0.111111
153	0.485632	0.563876	0.518519	0.666667	-0.037037	0	0	-0.111111
411	0.479804	0.595637	0.481481	0.555556	0	0.111111	-0.037037	0
213	0.457033	0.634101	0.481481	0.555556	0	0.111111	-0.037037	0
667	0.412058	0.664236	0.444444	0.666667	-0.111111	0	0	-0.037037
34	0.382831	0.64549	0.444444	0.666667	-0.111111	0	0	-0.037037
391	0.367151	0.642922	0.444444	0.666667	-0.111111	0	0	-0.037037
85	0.336764	0.611375	0.333333	0.62963	0	-0.037037	0.111111	0
565	0.373348	0.626444	0.333333	0.62963	0	-0.037037	0.111111	0
442	0.4321	0.603965	0.333333	0.62963	0	-0.037037	0.111111	0
217	0.426229	0.571293	0.444444	0.592593	-0.111111	0	0	-0.037037
259	0.443946	0.58925	0.444444	0.592593	-0.111111	0	0	-0.037037
616	0.345228	0.583794	0.444444	0.592593	-0.111111	0	0	-0.037037
168	0.363845	0.544193	0.333333	0.555556	0	-0.111111	0.037037	0
474	0.355017	0.550521	0.333333	0.555556	0	-0.111111	0.037037	0
108	0.399358	0.477232	0.37037	0.444444	0.037037	0	0	0.111111
333	0.374949	0.497458	0.37037	0.444444	0.037037	0	0	0.111111
639	0.388575	0.521769	0.37037	0.444444	0.037037	0	0	0.111111
282	0.407469	0.527361	0.407407	0.555556	0	-0.111111	0.037037	0
57	0.430445	0.505878	0.407407	0.555556	0	-0.111111	0.037037	0
507	0.424675	0.454589	0.407407	0.555556	0	-0.111111	0.037037	0
47	0.452907	0.459592	0.444444	0.444444	0.111111	0	0	0.037037
662	0.495261	0.468857	0.444444	0.444444	0.111111	0	0	0.037037
386	0.544823	0.449478	0.444444	0.444444	0.111111	0	0	0.037037
611	0.524367	0.512051	0.555556	0.481481	0	0.037037	-0.111111	0
239	0.509765	0.495676	0.555556	0.481481	0	0.037037	-0.111111	0
245	0.470744	0.48874	0.555556	0.481481	0	0.037037	-0.111111	0
551	0.448243	0.552418	0.444444	0.518519	0.111111	0	0	0.037037
437	0.505103	0.529915	0.444444	0.518519	0.111111	0	0	0.037037
107	0.535554	0.539572	0.444444	0.518519	0.111111	0	0	0.037037
373	0.5731	0.547016	0.555556	0.555556	0	-0.111111	0.037037	0
148	0.567527	0.487287	0.555556	0.555556	0	-0.111111	0.037037	0
571	0.586978	0.462012	0.555556	0.555556	0	-0.111111	0.037037	0
322	0.606987	0.475886	0.592593	0.444444	0.037037	0	0	0.111111
520	0.616195	0.507825	0.592593	0.444444	0.037037	0	0	0.111111
16	0.599056	0.523831	0.592593	0.444444	0.037037	0	0	0.111111
424	0.659811	0.481206	0.62963	0.555556	0	-0.111111	0.037037	0
199	0.636248	0.445933	0.62963	0.555556	0	-0.111111	0.037037	0
264	0.655012	0.414102	0.666667	0.444444	-0.111111	0	0	-0.037037
594	0.584428	0.432	0.666667	0.444444	-0.111111	0	0	-0.037037
231	0.576659	0.423692	0.666667	0.444444	-0.111111	0	0	-0.037037
654	0.565484	0.396991	0.555556	0.407407	0	-0.037037	0.111111	0
396	0.622838	0.373172	0.555556	0.407407	0	-0.037037	0.111111	0
39	0.641372	0.382622	0.555556	0.407407	0	-0.037037	0.111111	0
543	0.634649	0.367093	0.666667	0.37037	-0.111111	0	0	-0.037037
90	0.611927	0.338927	0.666667	0.37037	-0.111111	0	0	-0.037037
456	0.588687	0.344513	0.666667	0.37037	-0.111111	0	0	-0.037037
181	0.551229	0.361777	0.555556	0.333333	0	0.111111	-0.037037	0
460	0.527595	0.392998	0.555556	0.333333	0	0.111111	-0.037037	0
79	0.516104	0.436884	0.518519	0.444444	-0.037037	0	0	-0.111111
502	0.491317	0.368896	0.518519	0.444444	-0.037037	0	0	-0.111111
277	0.481857	0.353796	0.518519	0.444444	-0.037037	0	0	-0.111111
634	0.463999	0.336161	0.481481	0.333333	0	0.111111	-0.037037	0
130	0.473269	0.403655	0.481481	0.333333	0	0.111111	-0.037037	0
328	0.465858	0.419789	0.481481	0.333333	0	0.111111	-0.037037	0
143	0.404789	0.415491	0.444444	0.444444	-0.111111	0	0	-0.037037
419	0.390204	0.44391	0.444444	0.444444	-0.111111	0	0	-0.037037
533	0.359131	0.42817	0.444444	0.444444	-0.111111	0	0	-0.037037
308	0.347312	0.401752	0.333333	0.407407	0	-0.037037	0.111111	0
194	0.378042	0.374796	0.333333	0.407407	0	-0.037037	0.111111	0
593	0.439965	0.384926	0.333333	0.407407	0	-0.037037	0.111111	0
368	0.420045	0.365769	0.444444	0.37037	-0.111111	0	0	-0.037037
2	0.341299	0.346349	0.444444	0.37037	-0.111111	0	0	-0.037037
220	0.315327	0.356649	0.333333	0.333333	0	0.111111	-0.037037	0
445	0.329918	0.381449	0.333333	0.333333	0	0.111111	-0.037037	0
670	0.307578	0.435182	0.333333	0.333333	0	0.111111	-0.037037	0
28	0.276511	0.422129	0.296296	0.444444	-0.037037	0	0	-0.111111
559	0.264237	0.406146	0.296296	0.444444	-0.037037	0	0	-0.111111
253	0.285515	0.340449	0.296296	0.444444	-0.037037	0	0	-0.111111
619	0.231265	0.363584	0.259259	0.333333	0	0.111111	-0.037037	0
88	0.238309	0.389897	0.259259	0.333333	0	0.111111	-0.037037	0
394	0.251694	0.408506	0.259259	0.333333	0	0.111111	-0.037037	0
5	0.222294	0.447939	0.222222	0.444444	0.111111	0	0	0.037037
362	0.309735	0.473474	0.222222	0.444444	0.111111	0	0	0.037037
587	0.328387	0.500282	0.333333	0.481481	0	0.037037	-0.111111	0
197	0.26904	0.482675	0.333333	0.481481	0	0.037037	-0.111111	0
311	0.243094	0.509112	0.333333	0.481481	0	0.037037	-0.111111	0
536	0.249953	0.542282	0.222222	0.518519	0.111111	0	0	0.037037
422	0.281566	0.555227	0.222222	0.518519	0.111111	0	0	0.037037
137	0.30095	0.531391	0.222222	0.518519	0.111111	0	0	0.037037
510	0.311749	0.565711	0.333333	0.555556	0	0.111111	-0.037037	0
60	0.320452	0.618949	0.333333	0.555556	0	0.111111	-0.037037	0
285	0.296304	0.652073	0.333333	0.555556	0	0.111111	-0.037037	0
642	0.279782	0.636184	0.296296	0.666667	-0.037037	0	0	-0.111111
336	0.261131	0.606401	0.296296	0.666667	-0.037037	0	0	-0.111111
111	0.292696	0.593688	0.296296	0.666667	-0.037037	0	0	-0.111111
468	0.233086	0.578082	0.259259	0.555556	0	0.111111	-0.037037	0
162	0.255094	0.658445	0.259259	0.555556	0	0.111111	-0.037037	0
10	0.151596	0.631778	0.222222	0.666667	-0.111111	0	0	-0.037037
376	0.129533	0.655694	0.222222	0.666667	-0.111111	0	0	-0.037037
151	0.115256	0.601983	0.111111	0.62963	0	-0.037037	0.111111	0
514	0.175953	0.616682	0.111111	0.62963	0	-0.037037	0.111111	0
427	0.210047	0.628776	0.111111	0.62963	0	-0.037037	0.111111	0
202	0.194168	0.560694	0.222222	0.592593	-0.111111	0	0	-0.037037
316	0.162702	0.587511	0.222222	0.592593	-0.111111	0	0	-0.037037
574	0.140897	0.574449	0.222222	0.592593	-0.111111	0	0	-0.037037
225	0.126045	0.525407	0.111111	0.555556	0	-0.111111	0.037037	0
648	0.138998	0.513588	0.111111	0.555556	0	-0.111111	0.037037	0
450	0.145327	0.456755	0.111111	0.555556	0	-0.111111	0.037037	0
93	0.169082	0.465666	0.148148	0.444444	0.037037	0	0	0.111111
399	0.177532	0.485394	0.148148	0.444444	0.037037	0	0	0.111111
597	0.15541	0.548646	0.148148	0.444444	0.037037	0	0	0.111111
267	0.219683	0.519983	0.185185	0.555556	0	-0.111111	0.037037	0
42	0.204069	0.49383	0.185185	0.555556	0	-0.111111	0.037037	0
546	0.188378	0.479213	0.185185	0.555556	0	-0.111111	0.037037	0
119	0.217581	0.439462	0.222222	0.444444	-0.111111	0	0	-0.037037
485	0.158214	0.43051	0.222222	0.444444	-0.111111	0	0	-0.037037
491	0.121649	0.417675	0.222222	0.444444	-0.111111	0	0	-0.037037
293	0.113471	0.386862	0.111111	0.407407	0	-0.037037	0.111111	0
179	0.179894	0.398591	0.111111	0.407407	0	-0.037037	0.111111	0
623	0.206168	0.376635	0.111111	0.407407	0	-0.037037	0.111111	0
344	0.189799	0.348612	0.222222	0.37037	-0.111111	0	0	-0.037037
68	0.135058	0.358884	0.222222	0.37037	-0.111111	0	0	-0.037037
528	0.099114	0.351932	0.111111	0.333333	0	0.111111	-0.037037	0
24	0.0754063	0.370936	0.111111	0.333333	0	0.111111	-0.037037	0
303	0.0885081	0.441473	0.111111	0.333333	0	0.111111	-0.037037	0
579	0.0696773	0.425556	0.0740741	0.444444	-0.037037	0	0	-0.111111
354	0.0611514	0.394646	0.0740741	0.444444	-0.037037	0	0	-0.111111
156	0.0405111	0.342412	0.0740741	0.444444	-0.037037	0	0	-0.111111
405	0.0181388	0.379112	0.037037	0.333333	0	0.111111	-0.037037	0
207	0.00651169	0.411662	0.037037	0.333333	0	0.111111	-0.037037	0
637	0.0221973	0.451622	0	0.444444	0.111111	0	0	0.037037
271	0.0387395	0.463224	0	0.444444	0.111111	0	0	0.037037
184	0.103652	0.470791	0	0.444444	0.111111	0	0	0.037037
463	0.0837144	0.503605	0.111111	0.481481	0	0.037037	-0.111111	0
496	0.058666	0.49143	0.111111	0.481481	0	0.037037	-0.111111	0
133	0.0316063	0.515946	0.111111	0.481481	0	0.037037	-0.111111	0
331	0.00503276	0.533798	0	0.518519	0.111111	0	0	0.037037
73	0.0677512	0.537855	0	0.518519	0.111111	0	0	0.037037
380	0.10186	0.557611	0.111111	0.555556	0	0.111111	-0.037037	0
605	0.0774269	0.623871	0.111111	0.555556	0	0.111111	-0.037037	0
101	0.0919846	0.649284	0.111111	0.555556	0	0.111111	-0.037037	0
440	0.0710829	0.640329	0.0740741	0.666667	-0.037037	0	0	-0.111111
242	0.0493529	0.609648	0.0740741	0.666667	-0.037037	0	0	-0.111111
665	0.0476684	0.581961	0.0740741	0.666667	-0.037037	0	0	-0.111111
50	0.014082	0.569035	0.037037	0.555556	0	0.111111	-0.037037	0
248	0.0266162	0.597445	0.037037	0.555556	0	0.111111	-0.037037	0
554	0.00363424	0.665798	0.037037	0.555556	0	0.111111	-0.037037	0
567	0.0352146	0.685295	0	0.666667	0.111111	0	0	0.037037
318	0.0532623	0.696123	0	0.666667	0.111111	0	0	0.037037
204	0.100573	0.698719	0	0.666667	0.111111	0	0	0.037037
429	0.0952978	0.738888	0.111111	0.703704	0	0.037037	-0.111111	0
516	0.109409	0.724992	0.111111	0.703704	0	0.037037	-0.111111	0
144	0.0104601	0.713011	0.111111	0.703704	0	0.037037	-0.111111	0
369	0.0299446	0.764002	0	0.740741	0.111111	0	0	0.037037
12	0.0463595	0.741615	0	0.740741	0.111111	0	0	0.037037
167	0.143942	0.76958	0.111111	0.777778	0	-0.111111	0.037037	0
473	0.131339	0.681607	0.111111	0.777778	0	-0.111111	0.037037	0
116	0.183411	0.705406	0.148148	0.666667	0.037037	0	0	0.111111
341	0.15659	0.717012	0.148148	0.666667	0.037037	0	0	0.111111
647	0.170425	0.74829	0.148148	0.666667	0.037037	0	0	0.111111
281	0.187081	0.756722	0.185185	0.777778	0	-0.111111	0.037037	0
56	0.213252	0.730868	0.185185	0.777778	0	-0.111111	0.037037	0
506	0.199934	0.676454	0.185185	0.777778	0	-0.111111	0.037037	0
52	0.226849	0.671729	0.222222	0.666667	0.111111	0	0	0.037037
658	0.262761	0.690038	0.222222	0.666667	0.111111	0	0	0.037037
382	0.326939	0.668489	0.222222	0.666667	0.111111	0	0	0.037037
607	0.304658	0.735231	0.333333	0.703704	0	0.037037	-0.111111	0
235	0.27229	0.719418	0.333333	0.703704	0	0.037037	-0.111111	0
250	0.247864	0.710471	0.333333	0.703704	0	0.037037	-0.111111	0
556	0.237015	0.77442	0.222222	0.740741	0.111111	0	0	0.037037
433	0.289038	0.754345	0.222222	0.740741	0.111111	0	0	0.037037
103	0.317175	0.761391	0.222222	0.740741	0.111111	0	0	0.037037
524	0.323754	0.800157	0.333333	0.777778	0	0.111111	-0.037037	0
20	0.297228	0.818336	0.333333	0.777778	0	0.111111	-0.037037	0
299	0.316376	0.882312	0.333333	0.777778	0	0.111111	-0.037037	0
584	0.286203	0.868026	0.296296	0.888889	-0.037037	0	0	-0.111111
359	0.275302	0.888641	0.296296	0.888889	-0.037037	0	0	-0.111111
161	0.267468	0.789807	0.296296	0.888889	-0.037037	0	0	-0.111111
410	0.24211	0.813731	0.259259	0.777778	0	0.111111	-0.037037	0
212	0.234331	0.856009	0.259259	0.777778	0	0.111111	-0.037037	0
672	0.197094	0.87445	0.222222	0.888889	-0.111111	0	0	-0.037037
30	0.146929	0.86594	0.222222	0.888889	-0.111111	0	0	-0.037037
387	0.178897	0.85285	0.222222	0.888889	-0.111111	0	0	-0.037037
81	0.123019	0.835289	0.111111	0.851852	0	-0.037037	0.111111	0
561	0.159784	0.848784	0.111111	0.851852	0	-0.037037	0.111111	0
447	0.204832	0.82793	0.111111	0.851852	0	-0.037037	0.111111	0
222	0.216502	0.794625	0.222222	0.814815	-0.111111	0	0	-0.037037
255	0.164026	0.785241	0.222222	0.814815	-0.111111	0	0	-0.037037
612	0.118227	0.809629	0.222222	0.814815	-0.111111	0	0	-0.037037
346	0.080265	0.792097	0.111111	0.777778	0	0.111111	-0.037037	0
625	0.0873819	0.820366	0.111111	0.777778	0	0.111111	-0.037037	0
121	0.106337	0.884762	0.111111	0.777778	0	0.111111	-0.037037	0
478	0.0740479	0.878788	0.0740741	0.888889	-0.037037	0	0	-0.111111
172	0.0648544	0.842718	0.0740741	0.888889	-0.037037	0	0	-0.111111
676	0.0602852	0.778327	0.0740741	0.888889	-0.037037	0	0	-0.111111
70	0.0231975	0.803291	0.037037	0.777778	0	0.111111	-0.037037	0
295	0.000920328	0.830174	0.037037	0.777778	0	0.111111	-0.037037	0
493	0.017265	0.860266	0.037037	0.777778	0	0.111111	-0.037037	0
455	0.034359	0.900006	0	0.888889	0.111111	0	0	0.037037
98	0.0435443	0.911525	0	0.888889	0.111111	0	0	0.037037
542	0.0570527	0.922012	0	0.888889	0.111111	0	0	0.037037
38	0.0844954	0.938637	0.111111	0.925926	0	0.037037	-0.111111	0
404	0.111004	0.926135	0.111111	0.925926	0	0.037037	-0.111111	0
653	0.0114074	0.951828	0.111111	0.925926	0	0.037037	-0.111111	0
230	0.037778	0.977638	0	0.962963	0.111111	0	0	0.037037
602	0.0691814	0.990734	0	0.962963	0.111111	0	0	0.037037
263	0.0982068	0.966621	0	0.962963	0.111111	0	0	0.037037
538	0.147724	0.983997	0.111111	1	0	-0.111111	0.037037	0
313	0.133946	0.95735	0.111111	1	0	-0.111111	0.037037	0
7	0.136248	0.892044	0.111111	1	0	-0.111111	0.037037	0
190	0.171559	0.997662	0.148148	0.888889	0.037037	0	0	0.111111
415	0.171812	0.999999	0.148148	0.888889	0.037037	0	0	0.111111
139	0.193104	0.970591	0.185185	1	0	-0.111111	0.037037	0
589	0.208736	0.945447	0.185185	1	0	-0.111111	0.037037	0
364	0.185598	0.931293	0.185185	1	0	-0.111111	0.037037	0
630	0.228459	0.895827	0.222222	0.888889	0.111111	0	0	0.037037
273	0.258072	0.906841	0.222222	0.888889	0.111111	0	0	0.037037
186	0.299836	0.917367	0.222222	0.888889	0.111111	0	0	0.037037
465	0.310449	0.949091	0.333333	0.925926	0	0.037037	-0.111111	0
498	0.224323	0.936188	0.333333	0.925926	0	0.037037	-0.111111	0
126	0.254157	0.960388	0.333333	0.925926	0	0.037037	-0.111111	0
324	0.280357	0.975475	0.222222	0.962963	0.111111	0	0	0.037037
75	0.330785	0.986539	0.222222	0.962963	0.111111	0	0	0.037037
553	0.337581	0.995164	0.333333	1	0	-0.111111	0.037037	0
247	0.356468	0.928433	0.333333	1	0	-0.111111	0.037037	0
49	0.34455	0.90174	0.333333	1	0	-0.111111	0.037037	0
664	0.381164	0.914944	0.37037	0.888889	0.037037	0	0	0.111111
241	0.393425	0.942879	0.37037	0.888889	0.037037	0	0	0.111111
439	0.371282	0.972689	0.37037	0.888889	0.037037	0	0	0.111111
100	0.441196	0.980717	0.407407	1	0	-0.111111	0.037037	0
604	0.409705	0.955151	0.407407	1	0	-0.111111	0.037037	0
379	0.427678	0.908947	0.407407	1	0	-0.111111	0.037037	0
72	0.40382	0.87688	0.444444	0.888889	-0.111111	0	0	-0.037037
330	0.339796	0.863559	0.444444	0.888889	-0.111111	0	0	-0.037037
132	0.368697	0.846952	0.333333	0.851852	0	-0.037037	0.111111	0
495	0.387212	0.825078	0.333333	0.851852	0	-0.037037	0.111111	0
462	0.416577	0.837976	0.333333	0.851852	0	-0.037037	0.111111	0
183	0.438462	0.807703	0.444444	0.814815	-0.111111	0	0	-0.037037
270	0.362402	0.797945	0.444444	0.814815	-0.111111	0	0	-0.037037
636	0.350425	0.78228	0.444444	0.814815	-0.111111	0	0	-0.037037
209	0.333682	0.74551	0.333333	0.777778	0	-0.111111	0.037037	0
407	0.353734	0.701149	0.333333	0.777778	0	-0.111111	0.037037	0
158	0.377014	0.674627	0.37037	0.666667	0.037037	0	0	0.111111
356	0.395837	0.728809	0.37037	0.666667	0.037037	0	0	0.111111
581	0.400828	0.758568	0.37037	0.666667	0.037037	0	0	0.111111
305	0.421502	0.771569	0.407407	0.777778	0	-0.111111	0.037037	0
26	0.413802	0.707294	0.407407	0.777778	0	-0.111111	0.037037	0
530	0.435605	0.688034	0.407407	0.777778	0	-0.111111	0.037037	0
67	0.467528	0.691923	0.444444	0.666667	0.111111	0	0	0.037037
343	0.526278	0.680251	0.444444	0.666667	0.111111	0	0	0.037037
622	0.53871	0.70392	0.555556	0.703704	0	0.037037	-0.111111	0
178	0.514491	0.732705	0.555556	0.703704	0	0.037037	-0.111111	0
292	0.44981	0.721158	0.555556	0.703704	0	0.037037	-0.111111	0
490	0.460096	0.750168	0.444444	0.740741	0.111111	0	0	0.037037
484	0.489655	0.766053	0.444444	0.740741	0.111111	0	0	0.037037
118	0.549913	0.776542	0.444444	0.740741	0.111111	0	0	0.037037
548	0.521458	0.811653	0.555556	0.777778	0	0.111111	-0.037037	0
44	0.541579	0.832193	0.555556	0.777778	0	0.111111	-0.037037	0
269	0.554849	0.858	0.555556	0.777778	0	0.111111	-0.037037	0
599	0.500085	0.851368	0.518519	0.888889	-0.037037	0	0	-0.111111
401	0.506373	0.822446	0.518519	0.888889	-0.037037	0	0	-0.111111
95	0.488277	0.805546	0.518519	0.888889	-0.037037	0	0	-0.111111
452	0.476641	0.788163	0.481481	0.777778	0	0.111111	-0.037037	0
650	0.44499	0.84102	0.481481	0.777778	0	0.111111	-0.037037	0
227	0.472298	0.871034	0.481481	0.777778	0	0.111111	-0.037037	0
573	0.463012	0.904889	0.444444	0.888889	0.111111	0	0	0.037037
315	0.494169	0.920522	0.444444	0.888889	0.111111	0	0	0.037037
201	0.533918	0.89371	0.444444	0.888889	0.111111	0	0	0.037037
426	0.545579	0.961972	0.555556	0.925926	0	0.037037	-0.111111	0
513	0.51713	0.947173	0.555556	0.925926	0	0.037037	-0.111111	0
150	0.454095	0.933163	0.555556	0.925926	0	0.037037	-0.111111	0
375	0.503383	0.98872	0.444444	0.962963	0.111111	0	0	0.037037
9	0.480842	0.963831	0.444444	0.962963	0.111111	0	0	0.037037
164	0.558554	0.993656	0.555556	1	0	-0.111111	0.037037	0
470	0.568532	0.913073	0.555556	1	0	-0.111111	0.037037	0
113	0.62404	0.924115	0.592593	0.888889	0.037037	0	0	0.111111
338	0.592786	0.939875	0.592593	0.888889	0.037037	0	0	0.111111
644	0.598234	0.969079	0.592593	0.888889	0.037037	0	0	0.111111
287	0.62969	0.982356	0.62963	1	0	-0.111111	0.037037	0
62	0.651009	0.953371	0.62963	1	0	-0.111111	0.037037	0
512	0.643992	0.897193	0.62963	1	0	-0.111111	0.037037	0
136	0.630065	0.862085	0.666667	0.888889	-0.111111	0	0	-0.037037
421	0.613367	0.886948	0.666667	0.888889	-0.111111	0	0	-0.037037
535	0.585583	0.873256	0.666667	0.888889	-0.111111	0	0	-0.037037
310	0.581104	0.844877	0.555556	0.851852	0	-0.037037	0.111111	0
196	0.600858	0.816349	0.555556	0.851852	0	-0.037037	0.111111	0
586	0.653717	0.833775	0.555556	0.851852	0	-0.037037	0.111111	0
361	0.66332	0.796237	0.666667	0.814815	-0.111111	0	0	-0.037037
4	0.562836	0.780767	0.666667	0.814815	-0.111111	0	0	-0.037037
393	0.591815	0.742951	0.555556	0.777778	0	-0.111111	0.037037	0
87	0.580108	0.726738	0.555556	0.777778	0	-0.111111	0.037037	0
618	0.561222	0.694909	0.555556	0.777778	0	-0.111111	0.037037	0
252	0.619408	0.678596	0.592593	0.666667	0.037037	0	0	0.111111
558	0.595796	0.73694	0.592593	0.666667	0.037037	0	0	0.111111
27	0.608689	0.753132	0.592593	0.666667	0.037037	0	0	0.111111
669	0.637731	0.767737	0.62963	0.777778	0	-0.111111	0.037037	0
444	0.632737	0.714425	0.62963	0.777778	0	-0.111111	0.037037	0
219	0.642853	0.683949	0.62963	0.777778	0	-0.111111	0.037037	0
1	0.666674	0.670327	0.666667	0.666667	0.111111	0	0	0.037037
367	0.757577	0.69357	0.666667	0.666667	0.111111	0	0	0.037037
592	0.772938	0.715824	0.777778	0.703704	0	0.037037	-0.111111	0
193	0.706206	0.709182	0.777778	0.703704	0	0.037037	-0.111111	0
307	0.673834	0.723775	0.777778	0.703704	0	0.037037	-0.111111	0
532	0.693105	0.751449	0.666667	0.740741	0.111111	0	0	0.037037
418	0.722996	0.773193	0.666667	0.740741	0.111111	0	0	0.037037
142	0.74553	0.744429	0.666667	0.740741	0.111111	0	0	0.037037
327	0.781203	0.762845	0.777778	0.777778	0	-0.111111	0.037037	0
129	0.802312	0.722424	0.777778	0.777778	0	-0.111111	0.037037	0
633	0.798953	0.673387	0.777778	0.777778	0	-0.111111	0.037037	0
276	0.815503	0.702782	0.814815	0.666667	0.037037	0	0	0.111111
501	0.850251	0.686739	0.814815	0.666667	0.037037	0	0	0.111111
78	0.839209	0.759724	0.814815	0.666667	0.037037	0	0	0.111111
459	0.859135	0.733617	0.851852	0.777778	0	-0.111111	0.037037	0
180	0.883372	0.699934	0.851852	0.777778	0	-0.111111	0.037037	0
458	0.919283	0.677524	0.888889	0.666667	0.111111	0	0	0.037037
92	0.942862	0.692575	0.888889	0.666667	0.111111	0	0	0.037037
545	0.968828	0.667208	0.888889	0.666667	0.111111	0	0	0.037037
41	0.985669	0.711632	1	0.703704	0	0.037037	-0.111111	0
398	0.951159	0.727733	1	0.703704	0	0.037037	-0.111111	0
656	0.888902	0.738126	1	0.703704	0	0.037037	-0.111111	0
233	0.905082	0.747261	0.888889	0.740741	0.111111	0	0	0.037037
596	0.934524	0.76859	0.888889	0.740741	0.111111	0	0	0.037037
266	0.989023	0.755994	0.888889	0.740741	0.111111	0	0	0.037037
198	0.967457	0.790848	1	0.777778	0	0.111111	-0.037037	0
423	0.981025	0.831291	1	0.777778	0	0.111111	-0.037037	0
15	0.945737	0.850071	0.962963	0.888889	-0.037037	0	0	-0.111111
519	0.962729	0.864914	0.962963	0.888889	-0.037037	0	0	-0.111111
321	0.931218	0.810499	0.962963	0.888889	-0.037037	0	0	-0.111111
570	0.917876	0.793341	0.925926	0.777778	0	0.111111	-0.037037	0
147	0.900105	0.819312	0.925926	0.777778	0	0.111111	-0.037037	0
372	0.907743	0.879931	0.925926	0.777778	0	0.111111	-0.037037	0
106	0.869973	0.872156	0.888889	0.888889	-0.111111	0	0	-0.037037
436	0.846957	0.859169	0.888889	0.888889	-0.111111	0	0	-0.037037
550	0.784213	0.885686	0.888889	0.888889	-0.111111	0	0	-0.037037
244	0.808924	0.823746	0.777778	0.851852	0	-0.037037	0.111111	0
238	0.834426	0.836632	0.777778	0.851852	0	-0.037037	0.111111	0
610	0.863726	0.845941	0.777778	0.851852	0	-0.037037	0.111111	0
385	0.879915	0.77923	0.888889	0.814815	-0.111111	0	0	-0.037037
661	0.82446	0.804383	0.888889	0.814815	-0.111111	0	0	-0.037037
46	0.794221	0.783822	0.888889	0.814815	-0.111111	0	0	-0.037037
509	0.754512	0.78723	0.777778	0.777778	0	0.111111	-0.037037	0
59	0.770026	0.854504	0.777778	0.777778	0	0.111111	-0.037037	0
284	0.748355	0.869092	0.777778	0.777778	0	0.111111	-0.037037	0
641	0.718437	0.839731	0.740741	0.888889	-0.037037	0	0	-0.111111
335	0.704405	0.826713	0.740741	0.888889	-0.037037	0	0	-0.111111
110	0.72984	0.81475	0.740741	0.888889	-0.037037	0	0	-0.111111
476	0.677095	0.801398	0.703704	0.777778	0	0.111111	-0.037037	0
170	0.688679	0.880678	0.703704	0.777778	0	0.111111	-0.037037	0
615	0.671099	0.918808	0.666667	0.888889	0.111111	0	0	0.037037
258	0.739347	0.890564	0.666667	0.888889	0.111111	0	0	0.037037
216	0.712246	0.903786	0.666667	0.888889	0.111111	0	0	0.037037
441	0.76577	0.934478	0.777778	0.925926	0	0.037037	-0.111111	0
564	0.760045	0.958701	0.777778	0.925926	0	0.037037	-0.111111	0
84	0.684596	0.941271	0.777778	0.925926	0	0.037037	-0.111111	0
390	0.727217	0.965338	0.666667	0.962963	0.111111	0	0	0.037037
33	0.699029	0.978851	0.666667	0.962963	0.111111	0	0	0.037037
666	0.73707	0.992127	0.666667	0.962963	0.111111	0	0	0.037037
215	0.804893	0.973915	0.777778	1	0	-0.111111	0.037037	0
413	0.793124	0.929648	0.777778	1	0	-0.111111	0.037037	0
155	0.819833	0.898635	0.814815	0.888889	0.037037	0	0	0.111111
353	0.828818	0.950213	0.814815	0.888889	0.037037	0	0	0.111111
578	0.845077	0.985079	0.814815	0.888889	0.037037	0	0	0.111111
302	0.884042	0.996671	0.851852	1	0	-0.111111	0.037037	0
23	0.853137	0.925087	0.851852	1	0	-0.111111	0.037037	0
527	0.875811	0.910182	0.851852	1	0	-0.111111	0.037037	0
64	0.915315	0.916149	0.888889	0.888889	0.111111	0	0	0.037037
679	0.948505	0.902785	0.888889	0.888889	0.111111	0	0	0.037037
349	0.993401	0.893009	0.888889	0.888889	0.111111	0	0	0.037037
628	0.974988	0.935365	1	0.925926	0	0.037037	-0.111111	0
175	0.958688	0.956121	1	0.925926	0	0.037037	-0.111111	0
289	0.89096	0.944388	1	0.925926	0	0.037037	-0.111111	0
487	0.925041	0.967868	0.888889	0.962963	0.111111	0	0	0.037037
481	0.936982	0.987703	0.888889	0.962963	0.111111	0	0	0.037037
124	0.997398	0.976528	0.888889	0.962963	0.111111	0	0	0.037037
