0	0.00330407	0.00719352	0	0	0.111111	0	0	0.037037
192	0.0467866	0.0414676	0.111111	0.037037	0	0.037037	-0.111111	0
306	0.0159135	0.0653483	0.111111	0.037037	0	0.037037	-0.111111	0
141	0.0902713	0.0865046	0	0.0740741	0.111111	0	0	0.037037
131	0.138136	0.0706338	0.111111	0.111111	0	-0.111111	0.037037	0
278	0.151579	0.0141124	0.148148	0	0.037037	0	0	0.111111
80	0.174942	0.105902	0.148148	0	0.037037	0	0	0.111111
182	0.220788	0.0341401	0.185185	0.111111	0	-0.111111	0.037037	0
91	0.274868	0.0229025	0.222222	0	0.111111	0	0	0.037037
40	0.309612	0.0509178	0.333333	0.037037	0	0.037037	-0.111111	0
232	0.244462	0.0910362	0.222222	0.0740741	0.111111	0	0	0.037037
265	0.32624	0.0805979	0.222222	0.0740741	0.111111	0	0	0.037037
200	0.303764	0.11245	0.333333	0.111111	0	0.111111	-0.037037	0
17	0.261098	0.185114	0.296296	0.222222	-0.037037	0	0	-0.111111
149	0.232946	0.152954	0.259259	0.111111	0	0.111111	-0.037037	0
105	0.208609	0.20092	0.222222	0.222222	-0.111111	0	0	-0.037037
243	0.12825	0.148236	0.111111	0.185185	0	-0.037037	0.111111	0
237	0.168502	0.162786	0.111111	0.185185	0	-0.037037	0.111111	0
45	0.201457	0.121073	0.222222	0.148148	-0.111111	0	0	-0.037037
58	0.10626	0.173947	0.111111	0.111111	0	0.111111	-0.037037	0
283	0.0804763	0.192101	0.111111	0.111111	0	0.111111	-0.037037	0
109	0.0684166	0.126287	0.0740741	0.222222	-0.037037	0	0	-0.111111
169	0.0312772	0.211409	0.037037	0.111111	0	0.111111	-0.037037	0
260	0.059284	0.251071	0	0.222222	0.111111	0	0	0.037037
218	0.0977902	0.242765	0	0.222222	0.111111	0	0	0.037037
86	0.0228418	0.28483	0.111111	0.259259	0	0.037037	-0.111111	0
35	0.0517362	0.313484	0	0.296296	0.111111	0	0	0.037037
214	0.146191	0.302501	0.111111	0.333333	0	-0.111111	0.037037	0
154	0.158775	0.226465	0.148148	0.222222	0.037037	0	0	0.111111
301	0.187068	0.330151	0.185185	0.333333	0	-0.111111	0.037037	0
22	0.193442	0.260044	0.185185	0.333333	0	-0.111111	0.037037	0
63	0.253459	0.231403	0.222222	0.222222	0.111111	0	0	0.037037
174	0.295302	0.277844	0.333333	0.259259	0	0.037037	-0.111111	0
288	0.288698	0.271813	0.333333	0.259259	0	0.037037	-0.111111	0
123	0.330596	0.319722	0.222222	0.296296	0.111111	0	0	0.037037
229	0.353843	0.307248	0.333333	0.333333	0	-0.111111	0.037037	0
97	0.387608	0.238061	0.37037	0.222222	0.037037	0	0	0.111111
262	0.436227	0.299083	0.407407	0.333333	0	-0.111111	0.037037	0
37	0.419975	0.267501	0.407407	0.333333	0	-0.111111	0.037037	0
120	0.430097	0.215293	0.444444	0.222222	-0.111111	0	0	-0.037037
294	0.337265	0.16792	0.333333	0.185185	0	-0.037037	0.111111	0
171	0.400669	0.17814	0.333333	0.185185	0	-0.037037	0.111111	0
69	0.361948	0.137862	0.444444	0.148148	-0.111111	0	0	-0.037037
146	0.369921	0.0461479	0.333333	0.111111	0	-0.111111	0.037037	0
14	0.378973	0.0597838	0.37037	0	0.037037	0	0	0.111111
206	0.415331	0.00227058	0.407407	0.111111	0	-0.111111	0.037037	0
115	0.511545	0.0270085	0.444444	0	0.111111	0	0	0.037037
55	0.532773	0.0738965	0.555556	0.037037	0	0.037037	-0.111111	0
166	0.467635	0.0974034	0.444444	0.0740741	0.111111	0	0	0.037037
280	0.52189	0.102134	0.444444	0.0740741	0.111111	0	0	0.037037
224	0.543404	0.116592	0.555556	0.111111	0	0.111111	-0.037037	0
32	0.484093	0.204517	0.518519	0.222222	-0.037037	0	0	-0.111111
257	0.505186	0.159573	0.518519	0.222222	-0.037037	0	0	-0.111111
83	0.450803	0.132244	0.481481	0.111111	0	0.111111	-0.037037	0
6	0.444501	0.222415	0.444444	0.222222	0.111111	0	0	0.037037
189	0.489282	0.263529	0.555556	0.259259	0	0.037037	-0.111111	0
312	0.463204	0.288695	0.555556	0.259259	0	0.037037	-0.111111	0
138	0.549095	0.323753	0.444444	0.296296	0.111111	0	0	0.037037
128	0.583695	0.294949	0.555556	0.333333	0	-0.111111	0.037037	0
275	0.595693	0.24616	0.592593	0.222222	0.037037	0	0	0.111111
77	0.617526	0.327845	0.592593	0.222222	0.037037	0	0	0.111111
188	0.664411	0.256812	0.62963	0.333333	0	-0.111111	0.037037	0
298	0.653481	0.188624	0.666667	0.222222	-0.111111	0	0	-0.037037
211	0.604277	0.197423	0.666667	0.222222	-0.111111	0	0	-0.037037
19	0.628439	0.149679	0.555556	0.185185	0	-0.037037	0.111111	0
160	0.588615	0.142181	0.666667	0.148148	-0.111111	0	0	-0.037037
249	0.572675	0.0311342	0.555556	0.111111	0	-0.111111	0.037037	0
51	0.561834	0.0175089	0.555556	0.111111	0	-0.111111	0.037037	0
234	0.621823	0.0543696	0.592593	0	0.037037	0	0	0.111111
102	0.645777	0.093618	0.62963	0.111111	0	-0.111111	0.037037	0
157	0.712593	0.00961435	0.666667	0	0.111111	0	0	0.037037
25	0.743108	0.0381417	0.777778	0.037037	0	0.037037	-0.111111	0
208	0.676073	0.077136	0.666667	0.0740741	0.111111	0	0	0.037037
304	0.755479	0.108868	0.666667	0.0740741	0.111111	0	0	0.037037
291	0.78257	0.0574065	0.777778	0.111111	0	-0.111111	0.037037	0
66	0.8073	0.020162	0.777778	0.111111	0	-0.111111	0.037037	0
177	0.850306	0.0636361	0.814815	0	0.037037	0	0	0.111111
117	0.880573	0.0836744	0.851852	0.111111	0	-0.111111	0.037037	0
254	0.958668	0.00493058	0.888889	0	0.111111	0	0	0.037037
221	0.984112	0.0363565	0.888889	0	0.111111	0	0	0.037037
89	0.904247	0.0437577	1	0.037037	0	0.037037	-0.111111	0
29	0.939907	0.0996627	0.888889	0.0740741	0.111111	0	0	0.037037
135	0.968607	0.206394	1	0.111111	0	0.111111	-0.037037	0
195	0.934194	0.164773	0.962963	0.222222	-0.037037	0	0	-0.111111
3	0.889172	0.119007	0.925926	0.111111	0	0.111111	-0.037037	0
309	0.909222	0.194526	0.925926	0.111111	0	0.111111	-0.037037	0
268	0.87277	0.221826	0.888889	0.222222	-0.111111	0	0	-0.037037
226	0.800219	0.219147	0.888889	0.222222	-0.111111	0	0	-0.037037
43	0.836174	0.171367	0.777778	0.185185	0	-0.037037	0.111111	0
94	0.829285	0.135338	0.888889	0.148148	-0.111111	0	0	-0.037037
185	0.771199	0.156372	0.777778	0.111111	0	0.111111	-0.037037	0
74	0.72844	0.208493	0.740741	0.222222	-0.037037	0	0	-0.111111
272	0.705059	0.128892	0.740741	0.222222	-0.037037	0	0	-0.111111
134	0.697263	0.181345	0.703704	0.111111	0	0.111111	-0.037037	0
48	0.683048	0.23516	0.666667	0.222222	0.111111	0	0	0.037037
240	0.738182	0.291841	0.777778	0.259259	0	0.037037	-0.111111	0
246	0.687998	0.281012	0.777778	0.259259	0	0.037037	-0.111111	0
99	0.762697	0.317513	0.666667	0.296296	0.111111	0	0	0.037037
152	0.787671	0.253712	0.777778	0.333333	0	-0.111111	0.037037	0
11	0.816345	0.310221	0.814815	0.222222	0.037037	0	0	0.111111
203	0.855674	0.274176	0.851852	0.333333	0	-0.111111	0.037037	0
112	0.95292	0.248163	0.888889	0.222222	0.111111	0	0	0.037037
61	0.994661	0.265778	1	0.259259	0	0.037037	-0.111111	0
163	0.922477	0.297157	0.888889	0.296296	0.111111	0	0	0.037037
286	0.973043	0.332152	0.888889	0.296296	0.111111	0	0	0.037037
104	0.979365	0.402545	1	0.333333	0	0.111111	-0.037037	0
236	0.946311	0.440309	0.962963	0.444444	-0.037037	0	0	-0.111111
53	0.897664	0.344762	0.925926	0.333333	0	0.111111	-0.037037	0
251	0.914968	0.360921	0.925926	0.333333	0	0.111111	-0.037037	0
159	0.930652	0.475935	0.888889	0.444444	0.111111	0	0	0.037037
18	0.962811	0.515098	1	0.481481	0	0.037037	-0.111111	0
210	0.893409	0.52706	0.888889	0.518519	0.111111	0	0	0.037037
297	0.987579	0.552386	0.888889	0.518519	0.111111	0	0	0.037037
187	0.991334	0.628193	1	0.555556	0	0.111111	-0.037037	0
76	0.950069	0.665575	0.962963	0.666667	-0.037037	0	0	-0.111111
274	0.925961	0.57376	0.962963	0.666667	-0.037037	0	0	-0.111111
127	0.918243	0.616694	0.925926	0.555556	0	0.111111	-0.037037	0
140	0.862755	0.650257	0.888889	0.666667	-0.111111	0	0	-0.037037
314	0.790812	0.622995	0.777778	0.62963	0	-0.037037	0.111111	0
191	0.822833	0.596919	0.777778	0.62963	0	-0.037037	0.111111	0
8	0.778721	0.556785	0.888889	0.592593	-0.111111	0	0	-0.037037
82	0.794364	0.462919	0.777778	0.555556	0	-0.111111	0.037037	0
256	0.840507	0.453146	0.814815	0.444444	0.037037	0	0	0.111111
31	0.825954	0.492514	0.814815	0.444444	0.037037	0	0	0.111111
223	0.876857	0.547301	0.851852	0.555556	0	-0.111111	0.037037	0
279	0.86007	0.414653	0.888889	0.444444	-0.111111	0	0	-0.037037
165	0.810682	0.421006	0.888889	0.444444	-0.111111	0	0	-0.037037
54	0.868586	0.380149	0.777778	0.407407	0	-0.037037	0.111111	0
114	0.844322	0.369824	0.888889	0.37037	-0.111111	0	0	-0.037037
205	0.749357	0.33944	0.777778	0.333333	0	0.111111	-0.037037	0
13	0.716204	0.389527	0.740741	0.444444	-0.037037	0	0	-0.111111
145	0.672482	0.43122	0.703704	0.333333	0	0.111111	-0.037037	0
71	0.692746	0.470057	0.666667	0.444444	0.111111	0	0	0.037037
173	0.734313	0.502538	0.777778	0.481481	0	0.037037	-0.111111	0
296	0.719294	0.509832	0.777778	0.481481	0	0.037037	-0.111111	0
122	0.774574	0.536455	0.666667	0.518519	0.111111	0	0	0.037037
36	0.7578	0.603673	0.777778	0.555556	0	0.111111	-0.037037	0
261	0.76556	0.63683	0.777778	0.555556	0	0.111111	-0.037037	0
96	0.723107	0.563488	0.740741	0.666667	-0.037037	0	0	-0.111111
228	0.699906	0.652469	0.703704	0.555556	0	0.111111	-0.037037	0
125	0.648906	0.639589	0.666667	0.666667	-0.111111	0	0	-0.037037
290	0.575822	0.610972	0.555556	0.62963	0	-0.037037	0.111111	0
176	0.632213	0.594476	0.555556	0.62963	0	-0.037037	0.111111	0
65	0.58156	0.583255	0.666667	0.592593	-0.111111	0	0	-0.037037
21	0.518602	0.591724	0.555556	0.555556	0	0.111111	-0.037037	0
300	0.530139	0.663879	0.555556	0.555556	0	0.111111	-0.037037	0
153	0.493621	0.560364	0.518519	0.666667	-0.037037	0	0	-0.111111
213	0.455254	0.634437	0.481481	0.555556	0	0.111111	-0.037037	0
34	0.340785	0.643201	0.444444	0.666667	-0.111111	0	0	-0.037037
85	0.366062	0.625649	0.333333	0.62963	0	-0.037037	0.111111	0
217	0.440551	0.571045	0.444444	0.592593	-0.111111	0	0	-0.037037
259	0.390826	0.575852	0.444444	0.592593	-0.111111	0	0	-0.037037
168	0.35756	0.549717	0.333333	0.555556	0	-0.111111	0.037037	0
108	0.39625	0.473146	0.37037	0.444444	0.037037	0	0	0.111111
282	0.40939	0.539861	0.407407	0.555556	0	-0.111111	0.037037	0
57	0.426189	0.495756	0.407407	0.555556	0	-0.111111	0.037037	0
47	0.458174	0.450379	0.444444	0.444444	0.111111	0	0	0.037037
239	0.526615	0.499886	0.555556	0.481481	0	0.037037	-0.111111	0
245	0.474701	0.482157	0.555556	0.481481	0	0.037037	-0.111111	0
107	0.539799	0.530037	0.444444	0.518519	0.111111	0	0	0.037037
148	0.55824	0.490088	0.555556	0.555556	0	-0.111111	0.037037	0
16	0.600655	0.517382	0.592593	0.444444	0.037037	0	0	0.111111
199	0.635818	0.447049	0.62963	0.555556	0	-0.111111	0.037037	0
264	0.660066	0.408502	0.666667	0.444444	-0.111111	0	0	-0.037037
231	0.568273	0.434606	0.666667	0.444444	-0.111111	0	0	-0.037037
39	0.641327	0.382375	0.555556	0.407407	0	-0.037037	0.111111	0
90	0.610666	0.355165	0.666667	0.37037	-0.111111	0	0	-0.037037
181	0.553715	0.367785	0.555556	0.333333	0	0.111111	-0.037037	0
79	0.501943	0.42773	0.518519	0.444444	-0.037037	0	0	-0.111111
277	0.497468	0.351304	0.518519	0.444444	-0.037037	0	0	-0.111111
130	0.478707	0.396455	0.481481	0.333333	0	0.111111	-0.037037	0
143	0.405135	0.412504	0.444444	0.444444	-0.111111	0	0	-0.037037
308	0.343988	0.405856	0.333333	0.407407	0	-0.037037	0.111111	0
194	0.382837	0.377368	0.333333	0.407407	0	-0.037037	0.111111	0
2	0.348646	0.3638	0.444444	0.37037	-0.111111	0	0	-0.037037
220	0.317239	0.347679	0.333333	0.333333	0	0.111111	-0.037037	0
28	0.266586	0.424064	0.296296	0.444444	-0.037037	0	0	-0.111111
253	0.281063	0.335348	0.296296	0.444444	-0.037037	0	0	-0.111111
88	0.239625	0.392319	0.259259	0.333333	0	0.111111	-0.037037	0
5	0.225059	0.455291	0.222222	0.444444	0.111111	0	0	0.037037
197	0.270737	0.487109	0.333333	0.481481	0	0.037037	-0.111111	0
311	0.248306	0.512278	0.333333	0.481481	0	0.037037	-0.111111	0
137	0.300797	0.524931	0.222222	0.518519	0.111111	0	0	0.037037
60	0.312202	0.614205	0.333333	0.555556	0	0.111111	-0.037037	0
285	0.320693	0.647792	0.333333	0.555556	0	0.111111	-0.037037	0
111	0.28508	0.587742	0.296296	0.666667	-0.037037	0	0	-0.111111
162	0.256553	0.66039	0.259259	0.555556	0	0.111111	-0.037037	0
10	0.143099	0.631035	0.222222	0.666667	-0.111111	0	0	-0.037037
151	0.125255	0.599688	0.111111	0.62963	0	-0.037037	0.111111	0
202	0.182356	0.56682	0.222222	0.592593	-0.111111	0	0	-0.037037
225	0.132972	0.533619	0.111111	0.555556	0	-0.111111	0.037037	0
93	0.162763	0.467255	0.148148	0.444444	0.037037	0	0	0.111111
267	0.212393	0.520107	0.185185	0.555556	0	-0.111111	0.037037	0
42	0.197388	0.554731	0.185185	0.555556	0	-0.111111	0.037037	0
119	0.216234	0.443036	0.222222	0.444444	-0.111111	0	0	-0.037037
293	0.121738	0.385429	0.111111	0.407407	0	-0.037037	0.111111	0
179	0.178851	0.400982	0.111111	0.407407	0	-0.037037	0.111111	0
68	0.115971	0.358183	0.222222	0.37037	-0.111111	0	0	-0.037037
24	0.0741348	0.372528	0.111111	0.333333	0	0.111111	-0.037037	0
303	0.084654	0.437588	0.111111	0.333333	0	0.111111	-0.037037	0
156	0.0414789	0.342045	0.0740741	0.444444	-0.037037	0	0	-0.111111
207	0.00891506	0.417702	0.037037	0.333333	0	0.111111	-0.037037	0
271	0.035511	0.460703	0	0.444444	0.111111	0	0	0.037037
184	0.101125	0.479121	0	0.444444	0.111111	0	0	0.037037
133	0.109705	0.505342	0.111111	0.481481	0	0.037037	-0.111111	0
73	0.0629083	0.544481	0	0.518519	0.111111	0	0	0.037037
101	0.0934783	0.655658	0.111111	0.555556	0	0.111111	-0.037037	0
242	0.0550667	0.620403	0.0740741	0.666667	-0.037037	0	0	-0.111111
50	0.026584	0.57963	0.037037	0.555556	0	0.111111	-0.037037	0
248	0.01864	0.606729	0.037037	0.555556	0	0.111111	-0.037037	0
204	0.0772632	0.67147	0	0.666667	0.111111	0	0	0.037037
144	0.00556352	0.705698	0.111111	0.703704	0	0.037037	-0.111111	0
12	0.039672	0.74081	0	0.740741	0.111111	0	0	0.037037
167	0.135643	0.768489	0.111111	0.777778	0	-0.111111	0.037037	0
116	0.155094	0.694853	0.148148	0.666667	0.037037	0	0	0.111111
281	0.189965	0.7513	0.185185	0.777778	0	-0.111111	0.037037	0
56	0.204414	0.729144	0.185185	0.777778	0	-0.111111	0.037037	0
52	0.227004	0.68138	0.222222	0.666667	0.111111	0	0	0.037037
235	0.277886	0.717529	0.333333	0.703704	0	0.037037	-0.111111	0
250	0.236219	0.712785	0.333333	0.703704	0	0.037037	-0.111111	0
103	0.292143	0.758145	0.222222	0.740741	0.111111	0	0	0.037037
20	0.323448	0.825882	0.333333	0.777778	0	0.111111	-0.037037	0
299	0.298152	0.882251	0.333333	0.777778	0	0.111111	-0.037037	0
161	0.26358	0.788012	0.296296	0.888889	-0.037037	0	0	-0.111111
212	0.229723	0.856927	0.259259	0.777778	0	0.111111	-0.037037	0
30	0.165545	0.851982	0.222222	0.888889	-0.111111	0	0	-0.037037
81	0.118514	0.834884	0.111111	0.851852	0	-0.037037	0.111111	0
222	0.171984	0.794434	0.222222	0.814815	-0.111111	0	0	-0.037037
255	0.111579	0.781686	0.222222	0.814815	-0.111111	0	0	-0.037037
121	0.0878539	0.886992	0.111111	0.777778	0	0.111111	-0.037037	0
172	0.065585	0.818552	0.0740741	0.888889	-0.037037	0	0	-0.111111
70	0.0123175	0.804242	0.037037	0.777778	0	0.111111	-0.037037	0
295	0.0292051	0.874398	0.037037	0.777778	0	0.111111	-0.037037	0
98	0.0490761	0.910476	0	0.888889	0.111111	0	0	0.037037
38	0.0725082	0.925992	0.111111	0.925926	0	0.037037	-0.111111	0
230	0.0204895	0.979804	0	0.962963	0.111111	0	0	0.037037
263	0.103592	0.96915	0	0.962963	0.111111	0	0	0.037037
313	0.147607	0.995399	0.111111	1	0	-0.111111	0.037037	0
7	0.148128	0.894181	0.111111	1	0	-0.111111	0.037037	0
190	0.184876	0.930488	0.148148	0.888889	0.037037	0	0	0.111111
139	0.210098	0.964148	0.185185	1	0	-0.111111	0.037037	0
273	0.251139	0.902912	0.222222	0.888889	0.111111	0	0	0.037037
186	0.31472	0.916207	0.222222	0.888889	0.111111	0	0	0.037037
126	0.242149	0.956453	0.333333	0.925926	0	0.037037	-0.111111	0
75	0.30646	0.98633	0.222222	0.962963	0.111111	0	0	0.037037
247	0.360035	0.938588	0.333333	1	0	-0.111111	0.037037	0
49	0.370343	0.952332	0.333333	1	0	-0.111111	0.037037	0
241	0.407323	0.94293	0.37037	0.888889	0.037037	0	0	0.111111
100	0.443636	0.974886	0.407407	1	0	-0.111111	0.037037	0
72	0.351072	0.865095	0.444444	0.888889	-0.111111	0	0	-0.037037
132	0.373325	0.844725	0.333333	0.851852	0	-0.037037	0.111111	0
183	0.433423	0.808234	0.444444	0.814815	-0.111111	0	0	-0.037037
270	0.393904	0.798898	0.444444	0.814815	-0.111111	0	0	-0.037037
209	0.333925	0.746604	0.333333	0.777778	0	-0.111111	0.037037	0
158	0.375759	0.676011	0.37037	0.666667	0.037037	0	0	0.111111
305	0.423202	0.774552	0.407407	0.777778	0	-0.111111	0.037037	0
26	0.412627	0.700283	0.407407	0.777778	0	-0.111111	0.037037	0
67	0.471874	0.691172	0.444444	0.666667	0.111111	0	0	0.037037
178	0.50796	0.733212	0.555556	0.703704	0	0.037037	-0.111111	0
292	0.447763	0.721461	0.555556	0.703704	0	0.037037	-0.111111	0
118	0.536988	0.764846	0.444444	0.740741	0.111111	0	0	0.037037
44	0.547234	0.829563	0.555556	0.777778	0	0.111111	-0.037037	0
269	0.519608	0.839203	0.555556	0.777778	0	0.111111	-0.037037	0
95	0.481983	0.812426	0.518519	0.888889	-0.037037	0	0	-0.111111
227	0.461462	0.869788	0.481481	0.777778	0	0.111111	-0.037037	0
201	0.513516	0.899032	0.444444	0.888889	0.111111	0	0	0.037037
150	0.491316	0.933382	0.555556	0.925926	0	0.037037	-0.111111	0
9	0.535101	0.998998	0.444444	0.962963	0.111111	0	0	0.037037
164	0.555767	0.989535	0.555556	1	0	-0.111111	0.037037	0
113	0.59347	0.919998	0.592593	0.888889	0.037037	0	0	0.111111
287	0.651541	0.961352	0.62963	1	0	-0.111111	0.037037	0
62	0.629696	0.949228	0.62963	1	0	-0.111111	0.037037	0
136	0.639109	0.86155	0.666667	0.888889	-0.111111	0	0	-0.037037
310	0.578397	0.849259	0.555556	0.851852	0	-0.037037	0.111111	0
196	0.625224	0.821448	0.555556	0.851852	0	-0.037037	0.111111	0
4	0.564985	0.778673	0.666667	0.814815	-0.111111	0	0	-0.037037
87	0.591968	0.724566	0.555556	0.777778	0	-0.111111	0.037037	0
252	0.614347	0.68796	0.592593	0.666667	0.037037	0	0	0.111111
27	0.60779	0.761184	0.592593	0.666667	0.037037	0	0	0.111111
219	0.656968	0.684394	0.62963	0.777778	0	-0.111111	0.037037	0
1	0.669209	0.66798	0.666667	0.666667	0.111111	0	0	0.037037
193	0.708288	0.709708	0.777778	0.703704	0	0.037037	-0.111111	0
307	0.680145	0.736305	0.777778	0.703704	0	0.037037	-0.111111	0
142	0.745711	0.754487	0.666667	0.740741	0.111111	0	0	0.037037
129	0.803655	0.738653	0.777778	0.777778	0	-0.111111	0.037037	0
276	0.819408	0.703347	0.814815	0.666667	0.037037	0	0	0.111111
78	0.833521	0.771697	0.814815	0.666667	0.037037	0	0	0.111111
180	0.88418	0.678403	0.851852	0.777778	0	-0.111111	0.037037	0
92	0.942544	0.697843	0.888889	0.666667	0.111111	0	0	0.037037
41	0.975976	0.726782	1	0.703704	0	0.037037	-0.111111	0
233	0.998046	0.776893	0.888889	0.740741	0.111111	0	0	0.037037
266	0.901508	0.744691	0.888889	0.740741	0.111111	0	0	0.037037
198	0.965823	0.809844	1	0.777778	0	0.111111	-0.037037	0
15	0.956381	0.884294	0.962963	0.888889	-0.037037	0	0	-0.111111
147	0.911868	0.801175	0.925926	0.777778	0	0.111111	-0.037037	0
106	0.886575	0.859062	0.888889	0.888889	-0.111111	0	0	-0.037037
244	0.796527	0.814909	0.777778	0.851852	0	-0.037037	0.111111	0
238	0.847262	0.832221	0.777778	0.851852	0	-0.037037	0.111111	0
46	0.866054	0.784943	0.888889	0.814815	-0.111111	0	0	-0.037037
59	0.768787	0.842015	0.777778	0.777778	0	0.111111	-0.037037	0
284	0.75232	0.872289	0.777778	0.777778	0	0.111111	-0.037037	0
110	0.73129	0.791506	0.740741	0.888889	-0.037037	0	0	-0.111111
170	0.689934	0.879322	0.703704	0.777778	0	0.111111	-0.037037	0
258	0.724982	0.891036	0.666667	0.888889	0.111111	0	0	0.037037
216	0.666747	0.906556	0.666667	0.888889	0.111111	0	0	0.037037
84	0.703151	0.945511	0.777778	0.925926	0	0.037037	-0.111111	0
33	0.740596	0.98263	0.666667	0.962963	0.111111	0	0	0.037037
215	0.784928	0.971765	0.777778	1	0	-0.111111	0.037037	0
155	0.814817	0.913149	0.814815	0.888889	0.037037	0	0	0.111111
302	0.857859	0.992631	0.851852	1	0	-0.111111	0.037037	0
23	0.852634	0.923153	0.851852	1	0	-0.111111	0.037037	0
64	0.928397	0.896838	0.888889	0.888889	0.111111	0	0	0.037037
175	0.937235	0.959229	1	0.925926	0	0.037037	-0.111111	0
289	0.895634	0.936237	1	0.925926	0	0.037037	-0.111111	0
124	0.981895	0.977018	0.888889	0.962963	0.111111	0	0	0.037037
