0	0.018262756361344636	0.38677386178888096	0.	0.3333333333333333	0.3333333333333333	0.	0.	0.3333333333333333
1	0.8304253874055345	0.7015015993815099	0.6666666666666666	0.6666666666666666	0.3333333333333333	0.	0.	0.3333333333333333
2	0.5231768747952477	0.2797221401817325	0.3333333333333333	0.	0.3333333333333333	0.	0.	0.3333333333333333
3	0.5639964496904377	0.5261006936574281	0.3333333333333333	0.3333333333333333	0.3333333333333333	0.	0.	0.3333333333333333
4	0.21189491004608857	0.8745109950375736	0.	0.6666666666666666	0.3333333333333333	0.	0.	0.3333333333333333
5	0.9785791014269253	0.002871178383478147	0.6666666666666666	0.	0.3333333333333333	0.	0.	0.3333333333333333
6	0.7096810609483968	0.632705308469114	0.6666666666666666	0.3333333333333333	0.3333333333333333	0.	0.	0.3333333333333333
7	0.3675519787321659	0.9980383570610105	0.3333333333333333	0.6666666666666666	0.3333333333333333	0.	0.	0.3333333333333333
8	0.2620771974710919	0.19685520641974438	0.	0.	0.3333333333333333	0.	0.	0.3333333333333333
9	0.7667151405269809	0.9615311431468113	0.6666666666666666	0.6666666666666666	0.3333333333333333	0.	0.	0.3333333333333333
10	0.3977395518352843	0.1716068687322317	0.3333333333333333	0.	0.3333333333333333	0.	0.	0.3333333333333333
11	0.3112001888297997	0.59830744522136	0.	0.3333333333333333	0.3333333333333333	0.	0.	0.3333333333333333
12	0.06574808609739446	0.7663530361193674	0.	0.6666666666666666	0.3333333333333333	0.	0.	0.3333333333333333